年月,西暦（年）,月,総合,持家の帰属家賃を除く総合,食料,食料／穀類,食料／魚介類,食料／魚介類／生鮮魚介,食料／肉類,食料／乳卵類,食料／野菜・海藻,食料／野菜・海藻／生鮮野菜,食料／果物,食料／果物／生鮮果物,食料／油脂・調味料,食料／菓子類,食料／調理食品,食料／飲料,食料／酒類,食料／外食,住居,住居／持家の帰属家賃を除く住居,住居／家賃,住居／家賃／持家の帰属家賃を除く家賃,住居／設備修繕・維持,光熱・水道,光熱・水道／電気代,光熱・水道／ガス代,光熱・水道／他の光熱,光熱・水道／上下水道料,家具・家事用品,家具・家事用品／家庭用耐久財,家具・家事用品／室内装備品,家具・家事用品／寝具類,家具・家事用品／家事雑貨,家具・家事用品／家事用消耗品,家具・家事用品／家事サービス,被服及び履物,被服及び履物／衣料,被服及び履物／衣料／和服,被服及び履物／衣料／洋服,被服及び履物／シャツ・セーター・下着類,被服及び履物／シャツ・セーター・下着類／シャツ・セーター類,被服及び履物／シャツ・セーター・下着類／下着類,被服及び履物／履物類,被服及び履物／他の被服,被服及び履物／被服関連サービス,保健医療,保健医療／医薬品・健康保持用摂取品,保健医療／保健医療用品・器具,保健医療／保健医療サービス,交通・通信,交通・通信／交通,交通・通信／自動車等関係費,交通・通信／通信,教育,教育／授業料等,教育／教科書・学習参考教材,教育／補習教育,教養娯楽,教養娯楽／教養娯楽用耐久財,教養娯楽／教養娯楽用品,教養娯楽／書籍・他の印刷物,教養娯楽／教養娯楽サービス,諸雑費,諸雑費／理美容サービス,諸雑費／理美容用品,諸雑費／身の回り用品,諸雑費／たばこ,諸雑費／他の諸雑費,生鮮食品,生鮮食品を除く総合,生鮮食品を除く食料,教育関係費,教養娯楽関係費,エネルギー,生鮮食品及びエネルギーを除く総合,食料（酒類を除く）及びエネルギーを除く総合,情報通信関係費,総合（季節調整値）,生鮮食品を除く総合（季節調整値）,生鮮食品及びエネルギーを除く総合（季節調整値）
ウエイト,,,10000,8146,2496,177,191,114,203,112,294,204,103,94,97,212,298,130,110,570,2595,741,2348,494,247,625,290,188,5,142,302,93,24,23,66,71,25,463,215,7,208,123,89,34,60,36,29,420,108,60,252,1038,293,402,342,494,385,7,102,1045,60,182,122,681,522,119,139,84,31,149,412,9588,2085,565,1198,550,9038,7063,397,- ,- ,- 
品目数,,,585,584,235,14,30,15,9,8,45,30,18,17,20,17,24,15,9,26,20,19,4,3,16,6,1,2,1,2,48,13,4,5,11,11,4,65,28,2,26,20,13,7,6,7,4,29,13,11,5,43,14,22,7,16,11,2,3,79,11,31,7,30,44,6,21,8,2,7,62,523,173,27,82,5,518,354,7,- ,- ,- 
年・年度平均指数／平成27年平均,2015,,100,100,100,100,100,100,100,100,100,100,100,100,100,100,100,100,100,100,100,100,100,100,100,100,100,100,100,100,100,100,100,100,100,100,100,100,100,100,100,100,100,100,100,100,100,100,100,100,100,100,100,100,100,100,100,100,100,100,100,100,100,100,100,100,100,100,100,100,100,100,100,100,100,100,100,100,100,- ,- ,- 
年・年度平均指数／平成28年平均,2016,,99.8,99.9,101.5,101.7,101.7,101.7,101.5,100.1,102.6,103.4,106,106.5,101.1,101.9,101.3,100.3,99.9,100.9,99.7,99.4,99.8,99.8,98.8,89.8,88.6,84,84.2,100,100,99.4,98.9,99.9,102.9,98.5,99.6,100.7,100,101.2,100,100.4,100,101.6,104.2,100.6,100.5,100.9,99.6,101.6,101.4,98.8,99.7,98,99,100.9,100.8,100.4,101,101.5,101.3,101.7,100.3,101.7,100.7,100.9,99.5,100,101.2,101.8,103.7,99.7,101.1,101,101.2,86.8,100.5,100.3,99.2,- ,- ,- 
年・年度平均指数／平成29年平均,2017,,100,100.1,101.9,102.6,106.2,107.5,103.1,99.1,101.1,100.2,104.5,104.6,100.3,102.4,101.6,100.2,101.9,101.1,99.3,99.2,99.3,99.4,98.9,91.1,91.3,83.8,95.9,100,99.9,99.7,99.8,102.8,103.6,95.9,99.4,101.2,100.2,101.3,100.1,100.9,100.4,102.3,104.9,101.8,100.9,101.6,98.3,102,103,98.3,99.5,100.1,95.3,101.2,101,101,101.8,102,97.9,101.2,100.8,102.7,100.6,100.9,98.3,99.1,102.3,103,103.2,99.8,101.7,101.4,101.5,89.6,100.5,100.1,97.4,- ,- ,- 
年・年度平均指数／平成30年平均,2018,,100.9,101.3,103.4,103.9,110.8,111.8,104.3,99.8,104.7,104.1,108.4,108.6,99.9,102.5,102.7,99.7,101.7,101.9,99.4,99.2,99.4,99.5,98.6,94.9,96.8,87.6,108.3,100,99.4,98.6,98.7,102.3,104.3,95.3,99.4,101.7,100.3,98.5,100.4,104,103.6,105,102.2,101.5,101.9,103.4,98.5,102.6,105.8,98.8,99.6,102.5,93.9,101.7,101.6,101.1,102.1,103.2,96.4,101.7,101.8,104.5,101.1,101.1,98.7,99,105.4,103.8,107.2,100.6,102.6,101.9,102.5,95.3,101,100.5,95.5,- ,- ,- 
年・年度平均指数／令和元年平均,2019,,101.7,102.2,104.1,105.1,113.2,114.1,104.8,101.7,100.9,98.5,111.2,111.3,99.6,105.5,103.5,99.9,101.2,103.6,99.9,100.1,99.8,99.8,100.5,97.9,100.8,91.5,112.3,100.2,102,105.9,96.7,103.9,103.1,97.2,101.3,102.9,100.6,98.8,100.7,105.6,105.1,107.1,105.5,101.7,104.5,104.3,98.8,103.2,106.9,98.3,100.2,103,91.1,100.7,99.9,101.4,103.6,105.1,97.1,102.2,105.1,106.6,101.6,102.2,98.5,101.7,112.1,101.8,105.8,101.5,103.8,101.3,104.2,98.4,101.7,101.1,93.8,- ,- ,- 
年・年度平均指数／令和2年平均,2020,,101.8,102.2,105.5,105.1,112,111.7,105.1,102.4,103.6,102,117.2,118.3,100.1,107.5,104,100.3,101.6,106,100.4,101.7,100,100,105,95,96.2,87.7,108.5,101.9,103.9,105.4,97.3,107,107.2,99.9,103.8,104.9,103.5,101.3,103.5,107.3,107,108.1,105.9,101.7,106.8,105.1,99.9,107.4,106.8,98.7,101.4,103,91.3,94.2,90.8,102.7,106.2,104.3,99.4,104.6,106.2,104.3,101.1,104.7,100,105.7,116.2,93.5,108.4,101.5,104.9,95.9,103.5,94,102,101.1,94.5,- ,- ,- 
年・年度平均指数／平成29年度平均,2017,,100.3,100.5,102.6,103,107.5,109,103.5,98.7,104.5,104.7,105.9,106.2,100.1,102.7,101.8,100,102.3,101.2,99.2,99.2,99.3,99.4,98.7,92.1,92.8,84.9,98,100,100.1,100.2,100.1,102.8,104,95.6,99.4,101.2,100.1,100.8,100.1,101.5,100.9,103.1,104,101.9,101,102.2,98.6,102.1,103.7,98.6,99.5,100.6,95.4,101.2,101,101.1,102,102.3,97.9,101.2,101.1,103.1,100.7,101,98.5,98.7,102.6,103.3,106.2,100,101.9,101.4,101.7,91,100.6,100.2,97,- ,- ,- 
年・年度平均指数／平成30年度平均,2018,,101.1,101.4,103.1,104.1,111.5,112.4,104.4,100.3,101,98.7,108.4,108.5,99.9,102.8,102.8,99.6,101.5,102.2,99.5,99.3,99.6,99.5,98.8,96.6,99.1,89.7,109.8,100,99.7,99.9,97.8,102.2,104.1,95.2,99.4,101.9,100.2,98.1,100.2,104.8,104.5,105.5,102.4,101.6,102.4,103.8,98.5,102.8,106.2,98.7,99.6,102.7,93.2,101.9,101.8,101.1,102.3,103.7,96.5,101.7,102.5,105.1,101.3,101.1,98.5,99.1,107.6,104.1,104.7,100.9,102.8,102.2,103,97.3,101.1,100.7,95.1,- ,- ,- 
年・年度平均指数／令和元年度平均,2019,,101.8,102.3,104.5,105.4,112.9,113.4,104.8,102.2,100.8,98.2,111.5,111.8,99.7,106.3,104,100,101.4,104.4,100,100.5,99.8,99.9,101.7,97.3,99.8,90.5,113.6,100.6,102.4,105.7,96.4,104.8,103.6,98.2,102.4,103.5,101.6,99.9,101.6,105.8,105.2,107.5,106.1,101.5,105.4,104.6,99.1,104.3,107.1,98.5,100.7,103.7,90.6,99.1,97.7,101.7,104.3,105.5,97.4,103.1,105.5,106.8,101.4,103.1,99,103.2,112.6,99,105.5,101.7,104.3,100.1,104.6,97.8,101.9,101.2,93.7,- ,- ,- 
年・年度平均指数／令和2年度平均,2020,,101.7,102.1,105.4,104.7,111.4,110.7,105.4,102.5,104,102.6,115.9,117,100.1,107.6,103.7,100.3,101.5,106,100.6,102.1,100,100.1,106.2,93.1,93.7,85.2,106.9,101.9,104.7,106.6,97.8,107.1,108.1,100.7,103.8,105,103.6,100.5,103.7,107.7,107.6,108,105.3,102.5,106.8,105.1,100,107.4,106.7,98.5,101.3,102.6,91.4,93.7,90,102.9,107.1,104.4,99.1,104.5,106.3,104.4,101.4,104.7,99.9,105.7,119,93.9,108.1,101.5,104.9,95.5,103.6,91.6,102.1,101.2,94.7,- ,- ,- 
前年(度)比(％)／平成27年平均,2015,,0.7,1,2.5,-0.5,2.5,2.4,4.9,2.5,4.5,6.7,6.5,6.4,0.5,3.8,2.2,0.6,-0.4,2.2,-0.3,0.1,-0.4,-0.4,1.3,-2.7,-3,-4,-17.4,0.9,0.5,0.4,1.7,0.6,0.5,0.6,-0.3,0.9,0.8,0.6,0.8,0.5,-0.9,4.7,0.6,3.4,0.9,1.2,1.7,1.4,0.9,-0.5,2.1,-3.2,0.3,1.2,1.2,1.3,1.1,1.8,4.5,1.5,1.4,1.7,1.1,1,2.2,2.6,1,-0.5,5.3,0.6,2,1.2,1.9,-5.5,1,0.7,0,- ,- ,- 
前年(度)比(％)／平成28年平均,2016,,-0.2,-0.1,1.5,1.7,1.7,1.7,1.5,0.1,2.6,3.4,6,6.5,1.1,1.9,1.3,0.3,-0.1,0.9,-0.3,-0.6,-0.2,-0.2,-1.2,-10.2,-11.4,-16,-15.8,0,0,-0.6,-1.1,-0.1,2.9,-1.5,-0.4,0.7,0,1.2,0,0.4,0,1.6,4.2,0.6,0.5,0.9,-0.4,1.6,1.4,-1.2,-0.3,-2,-1,0.9,0.8,0.4,1,1.5,1.3,1.7,0.3,1.7,0.7,0.9,-0.5,0,1.2,1.8,3.7,-0.3,1.1,1,1.2,-13.2,0.5,0.3,-0.8,- ,- ,- 
前年(度)比(％)／平成29年平均,2017,,0.1,0.3,0.4,0.9,4.4,5.7,1.6,-1,-1.5,-3.1,-1.4,-1.8,-0.8,0.6,0.2,-0.1,1.9,0.2,-0.4,-0.2,-0.4,-0.4,0.1,1.4,3.1,-0.2,14,0,-0.1,0.3,0.9,2.9,0.7,-2.6,-0.2,0.4,0.2,0.1,0.2,0.5,0.4,0.7,0.7,1.2,0.4,0.7,-1.3,0.3,1.6,-0.5,-0.3,2.1,-3.8,0.3,0.2,0.6,0.7,0.5,-3.3,-0.5,0.5,1,-0.1,0.1,-1.2,-0.9,1,1.1,-0.4,0.2,0.6,0.4,0.3,3.1,0,-0.1,-1.8,- ,- ,- 
前年(度)比(％)／平成30年平均,2018,,0.9,1.1,1.4,1.2,4.3,4,1.1,0.8,3.6,3.9,3.7,3.9,-0.4,0,1.1,-0.5,-0.2,0.8,0.1,0,0.1,0.1,-0.2,4.1,6,4.5,12.9,0,-0.4,-1.1,-1,-0.5,0.7,-0.7,0,0.5,0.1,-2.8,0.2,3,3.2,2.6,-2.6,-0.3,1,1.8,0.2,0.7,2.7,0.5,0.1,2.4,-1.5,0.5,0.5,0.1,0.4,1.3,-1.6,0.5,1,1.7,0.5,0.2,0.4,-0.1,3,0.8,3.9,0.8,0.9,0.5,1.1,6.4,0.5,0.4,-2,- ,- ,- 
前年(度)比(％)／令和元年平均,2019,,0.8,0.9,0.7,1.1,2.1,2.1,0.5,1.9,-3.6,-5.3,2.5,2.5,-0.3,2.9,0.9,0.2,-0.5,1.6,0.5,0.9,0.4,0.4,1.9,3.2,4.1,4.4,3.7,0.2,2.6,7.4,-2.1,1.6,-1.1,1.9,1.9,1.2,0.3,0.3,0.3,1.6,1.4,2,3.3,0.2,2.5,0.8,0.3,0.5,1.1,-0.6,0.6,0.5,-3,-1,-1.6,0.3,1.5,1.8,0.7,0.5,3.3,2,0.5,1.1,-0.1,2.8,6.4,-1.9,-1.4,0.9,1.2,-0.6,1.6,3.3,0.8,0.6,-1.7,- ,- ,- 
前年(度)比(％)／令和2年平均,2020,,0.1,0.1,1.3,0,-1,-2.1,0.3,0.6,2.7,3.5,5.4,6.3,0.5,1.9,0.5,0.4,0.4,2.3,0.6,1.6,0.2,0.2,4.5,-3,-4.5,-4.1,-3.4,1.7,1.8,-0.5,0.7,3,4,2.9,2.5,1.9,2.8,2.5,2.9,1.6,1.9,0.9,0.3,0,2.2,0.8,1.1,4.1,-0.1,0.4,1.2,-0.1,0.2,-6.5,-9.1,1.3,2.5,-0.8,2.4,2.3,1,-2.2,-0.5,2.5,1.5,4,3.7,-8.1,2.5,0,1.1,-5.4,-0.6,-4.5,0.2,0,0.7,- ,- ,- 
前年(度)比(％)／平成29年度平均,2017,,0.5,0.7,0.9,1.1,4.7,5.7,1.6,-1,1.2,0.4,0.6,0.6,-1,1,0.4,-0.3,2.1,0.2,-0.3,-0.2,-0.3,-0.3,-0.1,4.1,6.3,4.1,12.1,0,0.2,1,1.6,1.9,0.9,-2.3,0,0,-0.4,-0.9,-0.4,1.2,1,1.8,-1.4,0.6,0.4,1.2,-0.3,0.4,2,0,-0.2,2,-2.3,0.2,-0.1,0.6,1,0.6,-2.2,-0.4,0.7,1.1,-0.1,0.1,-0.5,-1.8,0.9,0.9,1.9,0.4,0.7,0.3,0.4,6.1,0.1,0,-1.8,- ,- ,- 
前年(度)比(％)／平成30年度平均,2018,,0.8,0.9,0.5,1,3.7,3.1,0.9,1.6,-3.3,-5.7,2.3,2.2,-0.2,0,0.9,-0.4,-0.8,0.9,0.3,0.1,0.3,0.2,0.1,4.9,6.9,5.6,12.1,0,-0.4,-0.3,-2.3,-0.6,0.1,-0.4,0,0.7,0.1,-2.7,0.2,3.2,3.5,2.3,-1.6,-0.3,1.3,1.6,0,0.7,2.4,0.1,0.1,2,-2.3,0.7,0.8,0,0.3,1.4,-1.4,0.5,1.4,1.9,0.6,0.1,0,0.5,4.9,0.8,-1.4,0.9,0.9,0.7,1.2,6.9,0.6,0.4,-2,- ,- ,- 
前年(度)比(％)／令和元年度平均,2019,,0.8,0.9,1.3,1.2,1.3,0.9,0.4,1.9,-0.3,-0.4,2.8,3.1,-0.2,3.5,1.2,0.4,-0.1,2.2,0.5,1.2,0.3,0.4,3,0.8,0.7,1,3.4,0.6,2.8,5.9,-1.3,2.6,-0.4,3.2,2.9,1.6,1.4,1.8,1.4,1,0.7,1.9,3.7,-0.1,2.9,0.8,0.6,1.5,0.8,-0.2,1.1,1,-2.8,-2.7,-4,0.6,2,1.7,0.9,1.4,3,1.6,0.1,2,0.6,4.1,4.6,-4.9,0.8,0.7,1.5,-2.1,1.6,0.5,0.8,0.5,-1.5,- ,- ,- 
前年(度)比(％)／令和2年度平均,2020,,-0.1,-0.2,0.9,-0.6,-1.4,-2.4,0.6,0.2,3.2,4.4,4,4.7,0.4,1.2,-0.3,0.3,0.1,1.5,0.6,1.6,0.2,0.2,4.4,-4.3,-6.1,-5.9,-5.9,1.2,2.2,0.8,1.4,2.2,4.3,2.5,1.4,1.4,2,0.6,2,1.8,2.3,0.5,-0.8,1,1.4,0.4,0.9,3,-0.4,0,0.6,-1,0.8,-5.5,-7.9,1.2,2.7,-1.1,1.7,1.3,0.7,-2.2,-0.1,1.6,0.9,2.4,5.7,-5.1,2.4,-0.2,0.6,-4.6,-1,-6.3,0.1,0,1.1,- ,- ,- 
月別指数／令和2年5月,2020,5,102,102.5,105.6,104.9,111.1,110.1,105.4,102.6,104.6,103.3,115.7,116.9,100.5,107.7,104.6,100.1,101.7,106,100.5,101.8,100,100.1,105.2,97,99.3,89.6,105.8,101.9,103.7,106,97.3,108,106.4,99,103.8,105.4,103.9,102.9,104,108.5,108.8,107.5,105.7,101.7,106.8,105.1,100,107.5,106.6,98,101.9,101.7,90.5,93.5,90.3,102.9,104.8,105.7,99.6,105.3,106.2,106.2,101.1,104.8,100.1,106.4,113.5,93.5,108.2,101.8,105.1,95.4,104.8,95.3,102.2,101.3,94.4,102.1,101.7,102.2
月別指数／令和2年6月,2020,6,101.9,102.3,105.4,105.4,110.5,108.7,104.9,102.4,102.3,100.1,119,120.4,101.5,107.3,104.3,101,101.8,105.9,100.5,101.8,100,100.1,105.2,96.9,99,89.5,105.5,101.9,103.5,105.5,98.1,107,107,98.3,103.8,105.2,103.5,100.2,103.6,108.5,108.6,108.2,105.8,102.3,106.8,105.2,100.5,107.5,106.6,98.1,101.2,102.2,90.5,92.2,90.3,102.9,98.7,105.3,100,104,106.2,106,100.8,104.6,99.6,105.6,113.5,93.5,107.1,101.6,105.1,94.2,104.3,95.6,102,101.1,94.4,102,101.7,102.2
月別指数／令和2年7月,2020,7,102.1,102.5,105.7,105.7,110.7,109.6,105.2,102.2,106.2,105.7,116.1,117.2,100.4,107.8,103.9,101.1,101.4,105.9,100.5,101.8,100,100.1,105.2,96.3,97.9,89.4,105.7,101.9,104.2,106.3,98.5,108.1,107.5,99,103.8,103.2,101,100.2,101.1,105.9,104.9,108.5,105.2,100.4,106.8,105.3,100.7,107.9,106.6,99,102.3,102.3,92.3,93.8,90.1,102.9,107.2,105.8,100.1,103.1,106,107.1,100.8,104.7,100,105,113.5,93.5,109.4,101.8,105,95.5,105.1,95,102.2,101.3,95.1,102.2,101.9,102.4
月別指数／令和2年8月,2020,8,102.1,102.6,107,105.2,110.7,109.6,105,102.4,115,118.5,124.7,126.7,100.4,107.5,103.2,101.2,101.2,105.9,100.5,101.8,99.9,100,105.4,95.6,96.5,89.2,106,101.9,104.1,105.5,99.5,108.4,107.6,99.2,103.8,102.7,101.3,101.4,101.3,103.1,101.1,108.5,105.7,101.6,106.8,105.1,100.2,107.5,106.6,99.4,103.3,102.7,92.2,93.4,89.9,102.9,106.3,103.8,99.3,103.6,106.2,103.8,100.9,104.7,100.1,105.1,113.5,93.5,117.9,101.4,104.8,95.2,103.6,94.4,101.9,101,95.1,101.9,101.2,101.7
月別指数／令和2年9月,2020,9,101.9,102.4,106.8,105,119,123.1,104.6,103.2,106.9,106.6,129.9,132.2,99.7,107.1,103.3,101.4,101.3,105.9,100.5,101.9,100,100.1,105.5,94.2,94.2,87.9,107.4,101.9,104.5,105.9,97.6,107.2,108.9,100.2,103.8,106.6,104.9,100,105.1,110.6,111.5,108.1,107.3,101.9,106.8,105,100.2,107.1,106.6,98.4,100.4,102.6,91.8,93.6,89.9,102.9,107.2,102,99.8,104.2,106.4,100.9,101.1,104.7,100.4,105.8,113.5,93.5,117,101.3,104.8,95.4,101.3,92.9,101.8,100.9,95.1,101.8,101.2,101.7
月別指数／令和2年10月,2020,10,101.9,102.3,106.3,104.6,115.9,118.1,105.2,103,106.6,106.2,121.2,122.9,99.9,107.8,103.7,100.2,101.6,106,100.6,102.1,100,100.1,106,92.5,92,85.8,107.3,101.9,105.2,107.6,96.9,107.9,108.7,101,103.8,107.6,106.4,100,106.6,111.3,112.5,108,106.6,104,106.8,105.1,99.8,107.8,106.7,98.5,100.8,102.5,91.8,93.9,89.9,102.9,108.8,102.3,100.1,105,106.4,101.1,101.6,104.7,100.3,105.7,124.4,93.5,113.3,101.4,104.9,95.7,101.7,90.9,102,101.1,94.8,101.5,101.1,101.7
月別指数／令和2年11月,2020,11,101.4,101.7,104.7,104.1,110.9,110.7,105.9,102.8,101.1,98.4,107.7,107.9,99.8,108.2,103.2,99.6,101.3,106.1,100.6,102.1,100.1,100.2,105.9,90.9,90.5,82.7,104.5,101.9,105.9,108.1,98.1,106.9,109.3,102.8,103.8,107.9,107,100,107.2,111.2,112.7,107.1,106.7,105,106.8,105.1,100.1,107.6,106.7,98.4,100.7,102.3,91.8,93.9,89.9,102.9,108.8,102.1,98.9,104.9,106.4,100.8,101.9,104.7,100.2,107.2,124.4,93.5,103.9,101.3,104.8,95.7,101.5,88.8,102,101.2,94.8,101.2,101,101.8
月別指数／令和2年12月,2020,12,101,101.2,103.8,104.1,109.1,107.1,105.9,101.9,94.8,89.4,111.2,112,99.2,107.7,103.5,98,101,106,100.7,102.1,100.1,100.2,105.9,89.5,89.2,80.1,104.8,101.9,104.8,105.7,98.7,105.5,109,101.8,103.8,105.8,104,100.1,104.1,110.1,110.6,108.8,103.9,104.7,106.8,105,99.8,107.5,106.7,98.5,100.8,102.6,91.8,93.9,89.9,102.9,108.8,102.9,98.2,104.4,106.2,102.3,101.5,104.7,99.2,106.2,124.4,93.5,99.4,101.1,104.6,95.7,102.1,87.5,101.9,101.1,94.8,101,101,101.7
月別指数／令和3年1月,2021,1,101.4,101.7,104.9,104,109.1,106.9,106.2,102.3,103.6,102.2,110.1,110.8,99.7,108.1,103.4,99.3,101.7,106,100.8,102.7,100.1,100.1,108,88.8,88.6,78.8,107.4,101.9,104.6,104.7,96.8,106.1,108.6,103.1,103.8,102.5,99.8,99.6,99.8,106.1,105.2,108.5,103.8,101.4,106.7,104.9,99.7,106.9,106.7,98.4,100.5,102.7,91.6,93.9,89.9,102.9,108.8,105.6,97.7,104.4,106.4,106.4,101.4,104.8,99.4,102.2,124.4,95.2,105.5,101.2,104.8,95.8,104.4,86.9,102.1,101.3,94.8,101.6,101.6,102.4
月別指数／令和3年2月,2021,2,101.5,101.8,104.8,104.1,108.9,106.5,106.2,102.6,101.5,98.8,113.2,113.7,100.3,107.5,103.3,100.6,101.6,105.9,100.9,103,100.1,100.1,108.9,89,88.7,79.1,109,101.9,106,108.5,97.5,106.8,109.2,103.2,103.8,103,101.6,99,101.7,104.7,103.9,106.8,103.6,101.3,106.7,105,99.9,107.4,106.7,98.5,100.4,103.2,91.3,93.9,89.9,102.9,108.6,105.2,98.2,104.8,106.4,105.7,102.2,104.8,100,106.5,124.4,95.2,104.3,101.4,104.9,95.7,104.1,87.5,102.2,101.4,94.8,101.7,101.6,102.4
月別指数／令和3年3月,2021,3,101.6,102,104.4,103.8,109,106.6,106.2,102.4,98.5,94.5,110.3,110.9,99.9,107.8,103.2,101.4,101.5,106.1,100.9,103.2,100,100,109.4,90,89.8,80.8,111.6,101.9,106.5,111,97.3,106.2,109.3,102.1,103.8,104.7,105.4,99.6,105.6,104.2,102.7,108.1,102.9,104.4,106.7,104.9,99.8,106.7,106.7,98.9,101.8,104,90.4,93.9,89.9,102.9,108.6,105.9,97.8,105.3,106.7,106.6,102.1,104.8,99.8,106.3,124.4,95.2,101.6,101.6,104.9,95.7,105.1,89.2,102.4,101.6,94.5,101.8,101.7,102.5
月別指数／令和3年4月,2021,4,101.4,101.8,104.1,103.8,110.3,108,106.4,102.9,99.4,95.5,103.2,103,100.1,107.7,103.2,99.7,100.8,105.7,100.8,103,99.9,100,108.9,91.6,91.6,83.3,112.1,101.9,107.4,111.7,97.6,110.2,109.6,103.5,103.8,106.2,104.6,99.7,104.8,110.7,111.9,107.8,103.7,104.6,106.5,104.8,100.1,106.1,106.4,94.1,101.1,104,76.7,94.9,90.8,102.9,109.9,106.9,97.5,104.4,106.9,108.4,102.4,104.9,100.5,106.9,124.4,95.2,100.7,101.4,104.8,96.5,105.7,91.3,102.1,101.2,83.3,101.4,101.3,101.9
月別指数／令和3年5月,2021,5,101.7,102,104.5,103.5,110.5,108.2,105.7,102.7,99.6,96,110.1,110.6,99.4,107.8,103.8,100.8,100.9,106,100.8,103,100,100.1,108.9,94,95.2,85.8,112.2,101.9,107.1,111,96.7,109,109.6,103.7,103.8,106,104,99.7,104.1,110.9,111.9,108.3,103.2,105.1,106.5,104.9,100.4,106.5,106.4,94.5,101.6,104.1,77,95.2,91.1,102.9,109.9,106.5,98.3,104.7,107,107.7,102.3,104.9,100,106.6,124.4,95.2,102.7,101.6,104.9,97,105.4,94.1,102.1,101.2,83,101.7,101.6,102.1
前月比(％)／令和2年5月,2020,5,0.1,0,0,-0.4,-0.4,-0.9,1.3,0.9,-2.4,-3.6,3.6,4,0.7,0.7,0.1,0,-0.1,0,0.2,0.4,0.1,0.1,1,0.1,0.3,0,-1.8,0,0.8,1.8,0.4,0.7,0.9,-0.1,0,-0.1,-0.1,0,-0.1,0,0,-0.2,-0.3,0.1,0,0.1,0.4,0,0,0,0.9,-0.8,0.3,-1,-0.1,0,-3.7,0,0.5,0.4,0,-0.2,0.2,0,0.4,0.3,0,0,-1,0.1,0.3,-0.8,0.1,-0.5,0.2,0.1,0.3,0.1,0.2,0.3
前月比(％)／令和2年6月,2020,6,-0.2,-0.2,-0.2,0.5,-0.5,-1.3,-0.5,-0.1,-2.2,-3.1,2.8,3,1,-0.4,-0.3,0.9,0.1,-0.1,0,0,0,0,0,-0.1,-0.2,-0.1,-0.3,0,-0.2,-0.5,0.8,-0.8,0.5,-0.7,0,-0.2,-0.4,-2.6,-0.4,0,-0.2,0.6,0,0.6,0,0.1,0.5,-0.1,0,0,-0.7,0.5,0,-1.4,-0.1,0,-5.8,-0.3,0.5,-1.2,0,-0.2,-0.3,-0.2,-0.5,-0.7,0,0,-1.1,-0.1,0,-1.3,-0.5,0.2,-0.2,-0.2,0,-0.1,0,0
前月比(％)／令和2年7月,2020,7,0.2,0.2,0.3,0.2,0.2,0.8,0.2,-0.2,3.7,5.6,-2.5,-2.7,-1.1,0.4,-0.3,0.1,-0.4,0,0,0,0,0,0.1,-0.6,-1.1,-0.2,0.1,0,0.6,0.8,0.4,1,0.5,0.7,0,-1.9,-2.4,0,-2.4,-2.4,-3.4,0.3,-0.6,-1.9,0,0.1,0.2,0.4,0,1,1.1,0.1,2,1.8,-0.2,0,8.6,0.5,0.1,-0.9,-0.2,1,0,0,0.4,-0.6,0,0,2.2,0.1,-0.1,1.4,0.8,-0.6,0.1,0.2,0.7,0.2,0.2,0.2
前月比(％)／令和2年8月,2020,8,0,0.1,1.2,-0.4,-0.1,0,-0.2,0.1,8.3,12,7.5,8.1,0,-0.2,-0.7,0,-0.2,0,0,0,-0.1,0,0.1,-0.7,-1.4,-0.2,0.4,0,-0.1,-0.8,1,0.3,0.1,0.2,0,-0.5,0.2,1.1,0.2,-2.6,-3.6,0,0.5,1.2,0,-0.2,-0.6,-0.4,0,0.4,1,0.3,-0.1,-0.4,-0.3,0,-0.8,-2,-0.8,0.5,0.2,-3.1,0.1,0,0.1,0.2,0,0,7.8,-0.3,-0.2,-0.3,-1.5,-0.6,-0.3,-0.3,0,-0.3,-0.7,-0.7
前月比(％)／令和2年9月,2020,9,-0.2,-0.2,-0.1,-0.2,7.5,12.3,-0.4,0.9,-7.1,-10,4.1,4.3,-0.7,-0.4,0.1,0.3,0.1,0,0,0.1,0,0,0.1,-1.5,-2.4,-1.4,1.3,0,0.4,0.4,-1.9,-1.1,1.3,1,0,3.8,3.6,-1.4,3.8,7.2,10.3,-0.4,1.5,0.3,0,-0.1,0,-0.4,0,-1,-2.9,0,-0.4,0.2,0,0,0.8,-1.7,0.5,0.5,0.2,-2.8,0.2,0,0.3,0.6,0,0,-0.7,-0.2,0,0.2,-2.2,-1.6,-0.1,-0.1,0,-0.1,0,0.1
前月比(％)／令和2年10月,2020,10,-0.1,-0.1,-0.5,-0.4,-2.5,-4.1,0.6,-0.2,-0.2,-0.3,-6.7,-7,0.2,0.7,0.3,-1.2,0.2,0.1,0.1,0.2,0,0,0.5,-1.8,-2.3,-2.5,-0.2,0,0.7,1.7,-0.7,0.7,-0.2,0.8,0,0.9,1.4,0,1.4,0.6,0.9,0,-0.6,2,0,0,-0.4,0.7,0,0,0.4,-0.2,0,0.4,0,0,1.5,0.3,0.3,0.8,0,0.2,0.6,0,-0.1,-0.1,9.6,0,-3.2,0.1,0.1,0.3,0.3,-2.2,0.2,0.3,-0.3,-0.3,-0.1,0
前月比(％)／令和2年11月,2020,11,-0.5,-0.6,-1.5,-0.5,-4.3,-6.2,0.7,-0.2,-5.2,-7.4,-11.1,-12.2,-0.1,0.3,-0.5,-0.6,-0.3,0,0.1,0,0.1,0.1,-0.1,-1.8,-1.7,-3.5,-2.5,0,0.7,0.4,1.2,-0.9,0.5,1.8,0,0.3,0.6,0,0.6,-0.1,0.2,-0.8,0.1,1,0,0,0.3,-0.2,0,-0.1,0,-0.2,0,0,0,0,0,-0.3,-1.2,-0.1,0,-0.3,0.2,0,-0.1,1.5,0,0,-8.3,-0.1,-0.1,0,-0.2,-2.3,0,0,0,-0.3,-0.1,0
前月比(％)／令和2年12月,2020,12,-0.4,-0.4,-0.9,0,-1.6,-3.3,0,-0.9,-6.2,-9.1,3.3,3.8,-0.6,-0.5,0.3,-1.6,-0.3,-0.1,0,0,0,0,0.1,-1.5,-1.4,-3.2,0.3,0,-1.1,-2.2,0.6,-1.3,-0.3,-1,0,-1.9,-2.8,0.1,-2.9,-1,-1.9,1.5,-2.6,-0.3,0,-0.1,-0.3,-0.1,0,0.1,0,0.4,0,0,0,0,0,0.8,-0.7,-0.5,-0.2,1.5,-0.4,0,-1,-0.9,0,0,-4.3,-0.2,-0.2,0.1,0.7,-1.5,-0.1,-0.1,0,-0.2,-0.1,0
前月比(％)／令和3年1月,2021,1,0.4,0.5,1.1,-0.1,0,-0.1,0.3,0.5,9.3,14.3,-1,-1.1,0.5,0.4,-0.1,1.4,0.7,0,0.2,0.6,0,-0.1,2,-0.8,-0.7,-1.7,2.4,0,-0.2,-0.9,-1.9,0.5,-0.4,1.3,0,-3.1,-4,-0.5,-4.1,-3.6,-4.9,-0.3,-0.1,-3.1,-0.1,-0.1,-0.1,-0.6,0,-0.1,-0.2,0.1,-0.2,0,0,0,0,2.6,-0.5,0,0.2,4,-0.1,0.1,0.2,-3.8,0,1.8,6.1,0.2,0.2,0,2.2,-0.6,0.2,0.2,0,0.6,0.6,0.6
前月比(％)／令和3年2月,2021,2,0.1,0.1,-0.1,0.1,-0.2,-0.4,0,0.2,-2.1,-3.3,2.8,2.6,0.6,-0.5,-0.1,1.3,-0.1,-0.1,0.1,0.3,0,0,0.8,0.2,0.1,0.5,1.5,0,1.4,3.6,0.7,0.6,0.5,0.1,0,0.4,1.8,-0.6,1.9,-1.3,-1.2,-1.5,-0.1,-0.1,0,0.1,0.2,0.5,0,0.1,-0.1,0.5,-0.3,-0.1,0,0,-0.2,-0.3,0.5,0.4,0.1,-0.6,0.8,0,0.5,4.2,0,0,-1.1,0.1,0.1,0,-0.3,0.7,0.1,0.1,0,0.1,0,0
前月比(％)／令和3年3月,2021,3,0.1,0.2,-0.4,-0.3,0.1,0.1,0,-0.2,-2.9,-4.4,-2.6,-2.5,-0.4,0.3,-0.1,0.8,-0.1,0.1,-0.1,0.1,-0.1,0,0.4,1.1,1.2,2.1,2.4,0,0.4,2.3,-0.2,-0.5,0.1,-1.1,0,1.7,3.7,0.6,3.8,-0.5,-1.2,1.2,-0.7,3.1,0,-0.1,-0.1,-0.7,0,0.4,1.4,0.7,-1,0,0,0,0,0.6,-0.3,0.4,0.2,0.8,-0.1,0,-0.2,-0.1,0,0,-2.7,0.3,0,0,0.9,2,0.2,0.2,-0.4,0.2,0.2,0.1
前月比(％)／令和3年4月,2021,4,-0.2,-0.2,-0.2,0,1.1,1.3,0.2,0.6,0.8,1.1,-6.4,-7.1,0.2,-0.1,0.1,-1.7,-0.7,-0.3,-0.1,-0.2,0,0,-0.5,1.8,2,3.1,0.4,0,0.9,0.6,0.4,3.7,0.3,1.4,0,1.4,-0.7,0.1,-0.8,6.3,8.9,-0.3,0.7,0.2,-0.2,-0.1,0.3,-0.6,-0.2,-4.8,-0.8,0,-15.2,1.1,1,0,1.2,1,-0.4,-0.9,0.3,1.7,0.3,0.1,0.8,0.5,0,0,-0.9,-0.2,-0.1,0.8,0.6,2.4,-0.3,-0.4,-11.8,-0.4,-0.4,-0.6
前月比(％)／令和3年5月,2021,5,0.2,0.3,0.4,-0.3,0.2,0.2,-0.7,-0.2,0.3,0.5,6.7,7.4,-0.7,0.1,0.5,1.1,0.1,0.3,0.1,0.1,0.1,0.1,0,2.6,3.9,3,0.1,0,-0.3,-0.7,-0.9,-1,0,0.2,0,-0.2,-0.6,0,-0.6,0.2,0,0.5,-0.5,0.5,0,0.1,0.3,0.4,0,0.3,0.6,0.1,0.5,0.3,0.4,0,0,-0.3,0.8,0.4,0,-0.7,-0.2,0,-0.5,-0.2,0,0,2,0.2,0.1,0.5,-0.3,3.1,0,0,-0.4,0.3,0.3,0.2
前月比寄与度,,,0.3,0.24,0.1,-0.01,0,0,-0.01,0,0.01,0.01,0.07,0.07,-0.01,0,0.02,0.01,0,0.02,0.01,0,0.01,0,0,0.15,0.1,0.05,0,0,-0.01,-0.01,0,0,0,0,0,-0.01,-0.01,0,-0.01,0,0,0,0,0,0,0.01,0,0,0,0.03,0.02,0,0.01,0.01,0.01,0,0,-0.04,0,0.01,0,-0.05,-0.01,0,-0.01,0,0,0,0.08,0.16,0.02,0.03,-0.03,0.15,0.01,-0.01,-0.01,- ,- ,- 
前年同月比(％)／令和2年5月,2020,5,0.4,0.5,2.2,-0.1,-1,-1.9,0.3,0.3,7.3,10.5,4.4,5.3,1.4,2.9,1.7,0.5,1,2.9,0.7,2.1,0.1,0.1,6,-1.9,-2.4,-4,-6.7,1.9,1.7,-1.7,1.8,4.9,4.4,2.7,2.7,1.7,2.9,4.6,2.9,1.1,1.3,0.6,-0.7,-0.6,2.6,0.8,1.1,4.1,-0.1,-0.1,2.8,-1.7,-0.7,-8.9,-11.8,1.7,1.1,1.2,2,3,1.2,0.7,-0.8,3.2,2.3,5.5,1.7,-10.6,5.5,0.2,1.5,-7.2,1.3,-4.7,0.5,0.2,-0.4,- ,- ,- 
前年同月比(％)／令和2年6月,2020,6,0.3,0.3,1.5,0.1,-1.5,-3.3,0.2,0.3,3.7,5.1,2.9,3.6,2.4,1.9,0.8,1.3,1,2.8,0.6,1.9,0.1,0.1,5.7,-1.4,-1.8,-3.3,-6,1.9,1.5,-1.8,2.8,3.5,4.2,2.3,2.7,2.2,3.1,1.9,3.2,2.1,2,2.3,0.2,0.8,2.6,1.1,2.5,4.2,-0.1,0.9,2.4,-0.7,1.8,-10.2,-11.8,1.7,-4.7,0.8,4.5,2.6,1.1,-0.1,-1.1,3,1.6,4.9,1.7,-10.6,2.2,0.2,1.4,-8.4,0.8,-3.5,0.4,0.1,1.8,- ,- ,- 
前年同月比(％)／令和2年7月,2020,7,0.6,0.7,1.8,0.3,-1.2,-2.2,-0.1,-0.6,6.6,9.5,4.3,4.8,0.5,1.3,1,0.9,0.7,2.7,0.6,2,0.1,0.1,5.7,-1.5,-2.5,-2.3,-5.9,1.9,2.2,-0.1,1.8,4.4,4.8,2.1,2.7,2.4,3.5,1.9,3.6,2.5,3.1,1.2,-0.1,-0.7,2.6,1.1,2.1,4.8,-0.1,0.9,1.5,-0.4,1.9,-8.6,-12,1.7,3.5,2.1,5.2,1.6,0.9,2.2,-1.1,3,2.1,3.8,1.7,-10.6,4.9,0.4,1.1,-7.1,1.9,-3.2,0.6,0.4,2.6,- ,- ,- 
前年同月比(％)／令和2年8月,2020,8,0.3,0.3,2.9,0.7,-1.8,-3.7,-0.5,0.1,15.6,22.8,11.7,13,0.7,0.7,-0.2,1.4,0.7,2.7,0.6,2,0.1,0.1,5.9,-1.4,-3.2,-1.1,-4.4,1.9,2.4,-0.8,6.3,5.3,5.3,1.9,2.7,2.2,3.1,2.5,3.1,1.9,1.9,1.7,0.4,1.8,2.6,0.9,1.5,4.7,-0.1,0.7,0.7,-0.2,1.9,-8.9,-12.2,1.7,2.7,-3.1,5.9,1.7,0.8,-5.6,-1.3,3,2.3,2.6,1.7,-10.6,12.4,-0.3,1,-7.6,-2.7,-2.9,-0.1,-0.5,2.5,- ,- ,- 
前年同月比(％)／令和2年9月,2020,9,0.2,0.2,1.9,-0.3,2.2,3.1,0.7,0.4,1.2,1.4,21.6,24,-0.9,0.9,-0.9,0.8,1.1,2.6,0.7,2,0.1,0.1,5.9,-2,-4.6,-0.8,-3.7,1.9,2.6,-0.6,1.9,3.4,7.3,2.6,2.7,2.8,3.3,1.9,3.4,2.1,2.5,1.1,2.9,1.5,2.5,0.8,1.3,4.1,-0.1,0.9,0.7,0.2,1.9,-8.8,-12.2,1.7,3.5,-2.1,6,2.6,1.1,-4.4,-1.2,2.8,2.3,3.1,1.7,-10.6,6.9,-0.2,0.9,-7.5,-1.8,-3.3,0,-0.2,2.3,- ,- ,- 
前年同月比(％)／令和2年10月,2020,10,-0.3,-0.4,0.9,-1.1,-0.6,-1.4,0.4,0.7,2.7,3.5,11,12.5,0.2,1.7,-1.2,0.3,-0.9,0.7,0.4,0.8,0.3,0.3,1.8,-3.4,-6.3,-2.8,-7.5,1.9,1.5,1.7,-2.4,0.9,4.3,0.5,0.4,1.6,2.7,0.1,2.8,1.7,2.3,0,-0.9,-0.5,0.5,-0.1,-0.6,2.9,-0.6,0,-0.6,-1.5,2.5,-1.8,-3.5,0.7,3.8,-4.4,0.7,2,0.3,-7.2,1,0.4,0.2,1.4,9.6,0,4.1,-0.5,0.2,-1.6,-4,-5.6,-0.2,-0.3,1.2,- ,- ,- 
前年同月比(％)／令和2年11月,2020,11,-0.8,-1,-0.6,-1.6,-2.6,-3.5,1.4,0.9,-3.2,-5,2.1,2.6,0.1,0.9,-1.1,-0.9,-0.9,0.2,0.5,0.9,0.3,0.4,1.9,-6.3,-9.3,-8,-8.3,1.9,2.2,2.2,-1.2,-0.4,4.3,2.9,0.4,1.1,1.1,-0.3,1.1,2.6,4.2,-1.4,-0.9,-0.4,0.4,0.2,0.3,3.7,-0.6,-0.4,-0.5,-1.7,1.5,-1.8,-3.5,0.7,3.8,-4.1,-0.9,1.7,0.4,-6.6,1.1,0.1,-0.2,2.9,9.6,0,-2.9,-0.7,-0.1,-1.5,-3.7,-8.9,-0.2,-0.3,0.9,- ,- ,- 
前年同月比(％)／令和2年12月,2020,12,-1.2,-1.5,-1.3,-1.5,-2.4,-4.2,1.4,-0.2,-7.2,-10.9,-1.4,-1,0,0.7,-1.1,-1.9,-1.2,0.1,0.6,1,0.5,0.5,1.9,-7.9,-10.1,-10.9,-8.4,0,1.8,1,-0.4,-0.3,3.9,2.8,0.4,-0.1,-0.5,-0.3,-0.5,1.5,1.9,0.6,-2.9,1.6,0.3,0.2,0.4,3.1,-0.6,-0.6,-0.6,-1.5,0.6,-1.8,-3.5,0.7,3.8,-4.4,0.7,-0.8,0.3,-6.5,0.9,-0.1,-0.2,1.8,9.6,0,-6.6,-0.9,-0.2,-1.5,-4,-10.2,-0.4,-0.5,0.9,- ,- ,- 
前年同月比(％)／令和3年1月,2021,1,-0.5,-0.7,-0.5,-1.6,-2.8,-4.5,0.7,0.4,1.9,2.6,-7.1,-7.2,-0.6,1,-1.3,-0.5,-0.5,0,0.6,1.5,0.3,0.3,4,-8.5,-10.6,-12.2,-7.8,0,2.8,3.2,3.6,-0.2,3.2,3.4,0.4,0.3,0.5,-1.9,0.5,0.5,0.4,1,-2.2,2.9,0,-0.3,0,0.3,-0.6,-1,-0.5,-2.4,0.4,-1.8,-3.5,0.7,3.8,0.2,-0.1,-0.4,0.4,0.4,0.7,0,-0.4,-2,9.6,1.8,-1.9,-0.5,-0.2,-1.4,0,-10.9,0.2,0.3,0.9,- ,- ,- 
前年同月比(％)／令和3年2月,2021,2,-0.3,-0.4,-0.1,-1.3,-2.3,-3.8,0.8,0.2,3.4,4.9,-3.5,-3.7,0.3,0.6,-1.2,0,-0.4,0,0.7,1.7,0.3,0.2,4.6,-8,-10.1,-11.3,-6,0,2.9,4,1.3,1.1,3.2,3.2,0,0.5,-0.2,-3.8,0,1.6,2.9,-1.6,-1.5,4.9,-0.1,-0.1,0.8,0.6,-0.6,-0.6,-0.5,-1.6,0.7,-1.9,-3.5,0.7,3.1,0.1,-1.7,-0.6,0.4,0.3,1.2,0,-0.2,0.8,9.6,1.8,0.1,-0.3,-0.1,-1.5,-0.1,-9.8,0.2,0.3,0.9,- ,- ,- 
前年同月比(％)／令和3年3月,2021,3,-0.2,-0.2,-0.3,-1.5,-1.7,-2.6,1.9,0.5,0,-0.3,-2.5,-2.4,0.6,0.1,-1.2,1,-0.5,0,0.6,1.8,0.1,0,5.1,-7.1,-9.2,-9.7,-2.4,0,3.6,7,0.4,0.3,3.4,2.7,0,0.9,1,-3.2,1.1,2.6,3.9,-0.4,-3.1,2.4,-0.1,-0.3,0.6,-0.3,-0.6,-0.2,-0.3,-0.3,-0.1,-1.9,-3.5,0.7,3,0.8,-2.3,-0.4,0.5,1.5,1.2,0,-0.1,0.3,9.6,1.8,-1.5,-0.1,0,-1.6,0.6,-7.8,0.3,0.4,0.6,- ,- ,- 
前年同月比(％)／令和3年4月,2021,4,-0.6,-0.7,-1.4,-1.5,-1.2,-2.8,2.2,1.2,-7.3,-10.8,-7.6,-8.4,0.2,0.7,-1.2,-0.4,-1,-0.2,0.5,1.6,0.1,0,4.5,-5.5,-7.5,-7.1,4,0,4.4,7.2,0.8,2.8,3.9,4.5,0,0.7,0.5,-3,0.7,2.1,2.8,0,-2.2,3,-0.3,-0.2,0.5,-1.4,-0.2,-3.9,0.1,1.5,-15,0.5,0.4,0,1,1.1,-1.6,-0.5,0.7,1.9,1.5,0.1,0.8,0.8,9.6,1.8,-8,-0.2,0,0.3,1,-4.7,0,0,-11.5,- ,- ,- 
前年同月比(％)／令和3年5月,2021,5,-0.4,-0.5,-1,-1.4,-0.6,-1.7,0.3,0.2,-4.7,-7.1,-4.9,-5.4,-1.2,0.1,-0.8,0.7,-0.7,0,0.3,1.2,0,0,3.5,-3.1,-4.2,-4.2,6,0,3.3,4.7,-0.6,1,3,4.8,0,0.6,0.1,-3,0.2,2.3,2.9,0.8,-2.4,3.3,-0.3,-0.2,0.4,-1,-0.2,-3.6,-0.2,2.4,-14.9,1.8,0.8,0,4.9,0.8,-1.3,-0.5,0.7,1.3,1.2,0.1,-0.1,0.3,9.6,1.8,-5.1,-0.2,-0.2,1.6,0.6,-1.3,-0.1,-0.1,-12.1,- ,- ,- 
前年同月比寄与度,,,-0.4,-0.37,-0.26,-0.03,-0.01,-0.02,0.01,0,-0.14,-0.15,-0.06,-0.06,-0.01,0,-0.03,0.01,-0.01,0,0.09,0.09,0,0,0.09,-0.18,-0.12,-0.07,0,0,0.1,0.05,0,0,0.02,0.03,0,0.03,0,0,0,0.03,0.03,0,-0.01,0.01,0,-0.01,0,-0.01,-0.01,-0.36,-0.01,0.09,-0.45,0.08,0.03,0,0.05,0.09,-0.01,-0.01,0.01,0.09,0.06,0,0,0,0.03,0.03,-0.22,-0.15,-0.04,0.09,0.08,-0.07,-0.09,-0.06,-0.44,- ,- ,- 
,,,,,,,,,,,,,,,,,,,,,,,,,,,,,,,,,,,,,,,,,,,,,,,,,,,,,,,,,,,,,,,,,,,,,,,,,,,,,,,,,,
東京の物価／令和３年５月,,,,,,,,,,,,,,,,,,,,,,,,,,,,,,,,,,,,,,,,,,,,,,,,,,,,,,,,,,,,,,,,,,,,,,,,,,,,,,,,,,
４．東京都区部消費者物価中分類指数,,,,,,,,,,,,,,,,,,,,,,,,,,,,,,,,,,,,,,,,,,,,,,,,,,,,,,,,,,,,,,,,,,,,,,,,,,,,,,,,,,
２０１５年＝１００／（平成２７年＝１００）,,,,,,,,,,,,,,,,,,,,,,,,,,,,,,,,,,,,,,,,,,,,,,,,,,,,,,,,,,,,,,,,,,,,,,,,,,,,,,,,,,
