罪名,手口,管轄警察署（発生地）,管轄交番・駐在所（発生地）,市区町村コード（発生地）,都道府県（発生地）,市区町村（発生地）,町丁目（発生地）,発生年月日（始期）,発生時（始期）,発生場所,発生場所の詳細,被害者の年齢,被害者の職業,施錠関係
窃盗,自転車盗,中央,本町交番,131024,東京都,中央区,日本橋大伝馬町,2020-08-21,12,道路上,その他,65-69歳,その他,施錠した
窃盗,自転車盗,中央,本町交番,131024,東京都,中央区,日本橋小伝馬町,2020-09-07,08,道路上,その他,法人・団体、被害者なし,法人・団体、被害者なし,施錠した
窃盗,自転車盗,中央,本町交番,131024,東京都,中央区,日本橋本石町３丁目,2019-12-09,10,道路上,その他,20歳代,その他,施錠した
窃盗,自転車盗,中央,本町交番,131024,東京都,中央区,日本橋本石町３丁目,2019-12-11,09,道路上,その他,30歳代,その他,施錠した
窃盗,自転車盗,中央,本町交番,131024,東京都,中央区,日本橋本町４丁目,2019-12-16,08,道路上,その他,50歳代,その他,施錠した
窃盗,自転車盗,中央,日本橋交番,131024,東京都,中央区,日本橋２丁目,2020-11-05,08,道路上,その他,30歳代,その他,施錠した
窃盗,自転車盗,中央,日本橋交番,131024,東京都,中央区,日本橋３丁目,2020-11-13,20,道路上,その他,30歳代,その他,施錠した
窃盗,自転車盗,中央,日本橋交番,131024,東京都,中央区,日本橋堀留町１丁目,2020-01-10,18,道路上,その他,30歳代,その他,施錠した
窃盗,自転車盗,中央,日本橋交番,131024,東京都,中央区,日本橋堀留町１丁目,2020-04-19,16,４階建て以上共同住宅,駐車（輪）場,40歳代,その他,施錠した
窃盗,自転車盗,中央,日本橋交番,131024,東京都,中央区,日本橋堀留町１丁目,2020-08-17,19,４階建て以上共同住宅,駐車（輪）場,50歳代,その他,施錠した
窃盗,自転車盗,中央,日本橋交番,131024,東京都,中央区,日本橋本町２丁目,2020-08-14,08,駐車（輪）場,駐車（輪）場,40歳代,その他,施錠した
窃盗,自転車盗,中央,日本橋交番,131024,東京都,中央区,八重洲１丁目,2020-01-30,08,道路上,その他,40歳代,その他,施錠した
窃盗,自転車盗,中央,日本橋交番,131024,東京都,中央区,八重洲１丁目,2020-10-24,19,道路上,その他,50歳代,その他,施錠した
窃盗,自転車盗,中央,日本橋交番,131024,東京都,中央区,八重洲１丁目,2020-11-23,05,駐車（輪）場,駐車（輪）場,20歳代,その他,施錠した
窃盗,自転車盗,中央,八重洲通交番,131024,東京都,中央区,京橋２丁目,2020-01-20,15,その他,駐車（輪）場,法人・団体、被害者なし,法人・団体、被害者なし,施錠した
窃盗,自転車盗,中央,八重洲通交番,131024,東京都,中央区,京橋２丁目,2020-05-13,09,道路上,その他,70歳以上,その他,施錠した
窃盗,自転車盗,中央,八重洲通交番,131024,東京都,中央区,日本橋３丁目,2020-08-05,15,道路上,その他,40歳代,その他,施錠した
窃盗,自転車盗,中央,茅場町交番,131024,東京都,中央区,日本橋兜町,2019-12-20,08,道路上,その他,50歳代,その他,施錠した
窃盗,自転車盗,中央,茅場町交番,131024,東京都,中央区,日本橋兜町,2020-07-25,15,４階建て以上共同住宅,駐車（輪）場,20歳代,その他,施錠した
窃盗,自転車盗,中央,茅場町交番,131024,東京都,中央区,日本橋茅場町１丁目,2020-03-01,00,駐車（輪）場,駐車（輪）場,法人・団体、被害者なし,法人・団体、被害者なし,施錠した
窃盗,自転車盗,中央,茅場町交番,131024,東京都,中央区,日本橋茅場町２丁目,2020-03-31,16,駐車（輪）場,駐車（輪）場,50歳代,その他,施錠した
窃盗,自転車盗,中央,茅場町交番,131024,東京都,中央区,日本橋茅場町２丁目,2020-04-01,18,駐車（輪）場,駐車（輪）場,50歳代,その他,施錠した
窃盗,自転車盗,中央,八丁堀交番,131024,東京都,中央区,京橋１丁目,2020-02-09,09,道路上,その他,30歳代,その他,施錠した
窃盗,自転車盗,中央,八丁堀交番,131024,東京都,中央区,日本橋茅場町２丁目,2020-05-24,14,４階建て以上共同住宅,駐車（輪）場,20歳代,その他,施錠した
窃盗,自転車盗,中央,八丁堀交番,131024,東京都,中央区,日本橋茅場町２丁目,2020-10-13,23,道路上,その他,40歳代,その他,施錠した
窃盗,自転車盗,中央,八丁堀交番,131024,東京都,中央区,八丁堀３丁目,2020-03-10,18,道路上,その他,30歳代,その他,施錠した
窃盗,自転車盗,中央,八丁堀交番,131024,東京都,中央区,八丁堀３丁目,2020-08-27,11,その他,その他,法人・団体、被害者なし,法人・団体、被害者なし,施錠した
窃盗,自転車盗,中央,八丁堀交番,131024,東京都,中央区,八丁堀４丁目,2020-06-15,07,駐車（輪）場,駐車（輪）場,10歳代,中学生,施錠した
窃盗,自転車盗,中央,高橋交番,131024,東京都,中央区,新川１丁目,2020-03-27,17,４階建て以上共同住宅,駐車（輪）場,60-64歳,その他,施錠した
窃盗,自転車盗,中央,高橋交番,131024,東京都,中央区,新川２丁目,2020-01-09,02,４階建て以上共同住宅,駐車（輪）場,50歳代,その他,施錠した
窃盗,自転車盗,中央,高橋交番,131024,東京都,中央区,新川２丁目,2020-01-15,17,４階建て以上共同住宅,その他,30歳代,その他,施錠した
窃盗,自転車盗,中央,高橋交番,131024,東京都,中央区,新川２丁目,2020-03-10,03,道路上,その他,30歳代,その他,施錠した
窃盗,自転車盗,中央,高橋交番,131024,東京都,中央区,新川２丁目,2020-09-30,18,４階建て以上共同住宅,駐車（輪）場,50歳代,その他,施錠した
窃盗,自転車盗,中央,高橋交番,131024,東京都,中央区,八丁堀２丁目,2020-01-01,不明,４階建て以上共同住宅,駐車（輪）場,20歳代,その他,施錠した
窃盗,自転車盗,深川,森下交番,131083,東京都,江東区,白河１丁目,2020-04-08,07,道路上,その他,50歳代,その他,施錠した
窃盗,自転車盗,深川,森下交番,131083,東京都,江東区,新大橋１丁目,2020-09-06,20,４階建て以上共同住宅,駐車（輪）場,40歳代,その他,施錠した
窃盗,自転車盗,深川,森下交番,131083,東京都,江東区,高橋,2020-05-01,11,道路上,その他,65-69歳,その他,施錠した
窃盗,自転車盗,深川,森下交番,131083,東京都,江東区,森下１丁目,2020-03-31,14,４階建て以上共同住宅,駐車（輪）場,50歳代,その他,施錠した
窃盗,自転車盗,深川,森下交番,131083,東京都,江東区,森下３丁目,2018-09-11,不明,４階建て以上共同住宅,駐車（輪）場,30歳代,その他,施錠した
窃盗,自転車盗,深川,森下交番,131083,東京都,江東区,森下３丁目,2020-10-20,17,４階建て以上共同住宅,駐車（輪）場,20歳代,その他,施錠した
窃盗,自転車盗,深川,森下交番,131083,東京都,江東区,森下５丁目,2020-10-05,12,道路上,その他,50歳代,その他,施錠した
窃盗,自転車盗,深川,住吉交番,131083,東京都,江東区,住吉２丁目,2019-12-28,17,道路上,その他,40歳代,その他,施錠した
窃盗,自転車盗,深川,住吉交番,131083,東京都,江東区,住吉２丁目,2020-01-23,18,４階建て以上共同住宅,駐車（輪）場,50歳代,その他,施錠した
窃盗,自転車盗,深川,住吉交番,131083,東京都,江東区,住吉２丁目,2020-02-01,17,道路上,その他,50歳代,その他,施錠した
窃盗,自転車盗,深川,住吉交番,131083,東京都,江東区,住吉２丁目,2020-03-19,16,４階建て以上共同住宅,駐車（輪）場,30歳代,その他,施錠した
窃盗,自転車盗,深川,住吉交番,131083,東京都,江東区,毛利１丁目,2019-03-01,08,４階建て以上共同住宅,駐車（輪）場,30歳代,その他,施錠した
窃盗,自転車盗,深川,住吉交番,131083,東京都,江東区,毛利１丁目,2020-01-22,02,道路上,その他,50歳代,その他,施錠した
窃盗,自転車盗,深川,住吉交番,131083,東京都,江東区,毛利１丁目,2020-04-18,16,４階建て以上共同住宅,駐車（輪）場,30歳代,その他,施錠した
窃盗,自転車盗,深川,住吉交番,131083,東京都,江東区,毛利１丁目,2020-11-18,13,一戸建住宅,その他,30歳代,その他,施錠した
窃盗,自転車盗,深川,住吉交番,131083,東京都,江東区,毛利２丁目,2020-07-24,18,その他,その他,20歳代,その他,施錠した
窃盗,自転車盗,深川,住吉交番,131083,東京都,江東区,毛利２丁目,2020-11-18,16,その他,駐車（輪）場,60-64歳,その他,施錠した
窃盗,自転車盗,深川,東陽交番,131083,東京都,江東区,木場５丁目,2020-04-29,11,道路上,その他,20歳代,大学生,施錠した
窃盗,自転車盗,深川,東陽交番,131083,東京都,江東区,木場５丁目,2020-10-21,08,その他,駐車（輪）場,50歳代,その他,施錠した
窃盗,自転車盗,深川,東陽交番,131083,東京都,江東区,木場６丁目,2020-06-19,20,その他の住宅（３階建て以下共同住宅等）,駐車（輪）場,20歳代,その他,施錠した
窃盗,自転車盗,深川,東陽交番,131083,東京都,江東区,塩浜２丁目,2019-11-26,22,４階建て以上共同住宅,駐車（輪）場,10歳代,中学生,施錠した
窃盗,自転車盗,深川,東陽交番,131083,東京都,江東区,塩浜２丁目,2020-06-14,00,４階建て以上共同住宅,駐車（輪）場,20歳代,その他,施錠した
窃盗,自転車盗,深川,東陽交番,131083,東京都,江東区,塩浜２丁目,2020-09-21,02,４階建て以上共同住宅,駐車（輪）場,40歳代,その他,施錠した
窃盗,自転車盗,深川,東陽交番,131083,東京都,江東区,塩浜２丁目,2020-09-24,19,その他の住宅（３階建て以下共同住宅等）,駐車（輪）場,50歳代,その他,施錠した
窃盗,自転車盗,深川,東陽交番,131083,東京都,江東区,東陽１丁目,2020-03-20,18,４階建て以上共同住宅,駐車（輪）場,20歳代,その他,施錠した
窃盗,自転車盗,深川,東陽交番,131083,東京都,江東区,東陽１丁目,2020-04-28,13,その他,駐車（輪）場,法人・団体、被害者なし,法人・団体、被害者なし,施錠した
窃盗,自転車盗,深川,東陽交番,131083,東京都,江東区,東陽１丁目,2020-05-23,07,道路上,その他,20歳代,その他,施錠した
窃盗,自転車盗,深川,東陽交番,131083,東京都,江東区,東陽１丁目,2020-05-23,07,道路上,その他,50歳代,その他,施錠した
窃盗,自転車盗,深川,東陽交番,131083,東京都,江東区,東陽２丁目,2020-04-02,12,駐車（輪）場,駐車（輪）場,70歳以上,その他,施錠した
窃盗,自転車盗,深川,東陽交番,131083,東京都,江東区,東陽３丁目,2019-12-15,10,道路上,その他,70歳以上,その他,施錠した
窃盗,自転車盗,深川,東陽交番,131083,東京都,江東区,東陽３丁目,2020-08-04,13,道路上,その他,70歳以上,その他,施錠した
窃盗,自転車盗,深川,東陽交番,131083,東京都,江東区,東陽３丁目,2020-09-04,18,道路上,その他,50歳代,その他,施錠した
窃盗,自転車盗,深川,東陽交番,131083,東京都,江東区,東陽３丁目,2020-10-01,10,道路上,その他,50歳代,その他,施錠した
窃盗,自転車盗,深川,東陽交番,131083,東京都,江東区,東陽４丁目,2019-12-26,06,４階建て以上共同住宅,駐車（輪）場,40歳代,その他,施錠した
窃盗,自転車盗,深川,東陽交番,131083,東京都,江東区,東陽４丁目,2020-06-01,19,４階建て以上共同住宅,駐車（輪）場,10歳代,中学生,施錠した
窃盗,自転車盗,深川,東陽交番,131083,東京都,江東区,東陽４丁目,2020-09-18,09,４階建て以上共同住宅,駐車（輪）場,30歳代,その他,施錠した
窃盗,自転車盗,深川,東陽交番,131083,東京都,江東区,東陽４丁目,2020-11-07,13,４階建て以上共同住宅,駐車（輪）場,10歳代,その他,施錠した
窃盗,自転車盗,深川,東陽交番,131083,東京都,江東区,東陽４丁目,2020-11-23,17,その他の住宅（３階建て以下共同住宅等）,駐車（輪）場,10歳代,小学生,施錠した
窃盗,自転車盗,深川,東陽交番,131083,東京都,江東区,東陽５丁目,2020-09-18,21,一戸建住宅,駐車（輪）場,40歳代,その他,施錠した
窃盗,自転車盗,深川,門前仲町交番,131083,東京都,江東区,永代２丁目,2020-02-29,17,４階建て以上共同住宅,駐車（輪）場,40歳代,その他,施錠した
窃盗,自転車盗,深川,門前仲町交番,131083,東京都,江東区,永代２丁目,2020-06-19,16,４階建て以上共同住宅,駐車（輪）場,20歳代,大学生,施錠した
窃盗,自転車盗,深川,門前仲町交番,131083,東京都,江東区,永代２丁目,2020-07-11,04,道路上,その他,30歳代,その他,施錠した
窃盗,自転車盗,深川,門前仲町交番,131083,東京都,江東区,越中島１丁目,2020-03-01,08,道路上,その他,20歳代,大学生,施錠した
窃盗,自転車盗,深川,門前仲町交番,131083,東京都,江東区,越中島１丁目,2020-06-15,12,その他,駐車（輪）場,30歳代,その他,施錠した
窃盗,自転車盗,深川,門前仲町交番,131083,東京都,江東区,越中島２丁目,2019-12-13,07,駐車（輪）場,駐車（輪）場,20歳代,その他,施錠した
窃盗,自転車盗,深川,門前仲町交番,131083,東京都,江東区,越中島２丁目,2019-12-23,07,駐車（輪）場,駐車（輪）場,20歳代,その他,施錠した
窃盗,自転車盗,深川,門前仲町交番,131083,東京都,江東区,越中島２丁目,2020-01-09,06,道路上,その他,10歳代,高校生,施錠した
窃盗,自転車盗,深川,門前仲町交番,131083,東京都,江東区,越中島２丁目,2020-04-29,13,道路上,その他,20歳代,その他,施錠した
窃盗,自転車盗,深川,門前仲町交番,131083,東京都,江東区,越中島２丁目,2020-08-18,08,駐車（輪）場,駐車（輪）場,30歳代,その他,施錠した
窃盗,自転車盗,深川,門前仲町交番,131083,東京都,江東区,越中島２丁目,2020-10-28,11,その他の住宅（３階建て以下共同住宅等）,駐車（輪）場,50歳代,その他,施錠した
窃盗,自転車盗,深川,門前仲町交番,131083,東京都,江東区,越中島２丁目,2020-11-18,11,駐車（輪）場,駐車（輪）場,50歳代,その他,施錠した
窃盗,自転車盗,深川,門前仲町交番,131083,東京都,江東区,越中島３丁目,2020-06-08,11,４階建て以上共同住宅,駐車（輪）場,10歳代,小学生,施錠した
窃盗,自転車盗,深川,門前仲町交番,131083,東京都,江東区,木場１丁目,2020-06-24,16,その他,駐車（輪）場,70歳以上,その他,施錠した
窃盗,自転車盗,深川,門前仲町交番,131083,東京都,江東区,木場１丁目,2020-06-26,21,道路上,その他,20歳代,その他,施錠した
窃盗,自転車盗,深川,門前仲町交番,131083,東京都,江東区,木場２丁目,2020-06-10,18,駐車（輪）場,駐車（輪）場,20歳代,その他,施錠した
窃盗,自転車盗,深川,門前仲町交番,131083,東京都,江東区,木場２丁目,2020-07-30,18,４階建て以上共同住宅,駐車（輪）場,40歳代,その他,施錠した
窃盗,自転車盗,深川,門前仲町交番,131083,東京都,江東区,清澄１丁目,2019-12-13,21,４階建て以上共同住宅,駐車（輪）場,20歳代,その他,施錠した
窃盗,自転車盗,深川,門前仲町交番,131083,東京都,江東区,富岡１丁目,2020-01-29,14,道路上,その他,40歳代,その他,施錠した
窃盗,自転車盗,深川,門前仲町交番,131083,東京都,江東区,富岡１丁目,2020-07-10,12,４階建て以上共同住宅,駐車（輪）場,50歳代,その他,施錠した
窃盗,自転車盗,深川,門前仲町交番,131083,東京都,江東区,富岡１丁目,2020-10-14,16,道路上,その他,40歳代,その他,施錠した
窃盗,自転車盗,深川,門前仲町交番,131083,東京都,江東区,牡丹１丁目,2020-01-25,00,道路上,その他,65-69歳,その他,施錠した
窃盗,自転車盗,深川,門前仲町交番,131083,東京都,江東区,門前仲町１丁目,2020-08-11,22,４階建て以上共同住宅,駐車（輪）場,40歳代,その他,施錠した
窃盗,自転車盗,深川,門前仲町交番,131083,東京都,江東区,門前仲町１丁目,2020-10-30,21,道路上,その他,50歳代,その他,施錠した
窃盗,自転車盗,深川,門前仲町交番,131083,東京都,江東区,門前仲町２丁目,2019-07-01,13,４階建て以上共同住宅,駐車（輪）場,30歳代,その他,施錠した
窃盗,自転車盗,深川,門前仲町交番,131083,東京都,江東区,門前仲町２丁目,2019-12-13,17,その他,駐車（輪）場,10歳代,小学生,施錠した
窃盗,自転車盗,深川,門前仲町交番,131083,東京都,江東区,門前仲町２丁目,2019-12-27,07,道路上,その他,10歳代,高校生,施錠した
窃盗,自転車盗,深川,門前仲町交番,131083,東京都,江東区,門前仲町２丁目,2020-02-03,07,駐車（輪）場,駐車（輪）場,40歳代,その他,施錠した
窃盗,自転車盗,深川,門前仲町交番,131083,東京都,江東区,門前仲町２丁目,2020-04-07,10,その他,駐車（輪）場,20歳代,大学生,施錠した
窃盗,自転車盗,深川,門前仲町交番,131083,東京都,江東区,門前仲町２丁目,2020-04-17,11,道路上,その他,50歳代,その他,施錠した
窃盗,自転車盗,深川,門前仲町交番,131083,東京都,江東区,門前仲町２丁目,2020-06-21,20,４階建て以上共同住宅,駐車（輪）場,20歳代,その他,施錠した
窃盗,自転車盗,深川,門前仲町交番,131083,東京都,江東区,門前仲町２丁目,2020-06-24,20,その他,駐車（輪）場,20歳代,大学生,施錠した
窃盗,自転車盗,深川,門前仲町交番,131083,東京都,江東区,門前仲町２丁目,2020-08-31,10,道路上,その他,30歳代,その他,施錠した
窃盗,自転車盗,深川,門前仲町交番,131083,東京都,江東区,門前仲町２丁目,2020-11-07,00,道路上,その他,40歳代,その他,施錠した
窃盗,自転車盗,深川,千田交番,131083,東京都,江東区,石島,2020-04-21,13,その他の住宅（３階建て以下共同住宅等）,駐車（輪）場,20歳代,その他,施錠した
窃盗,自転車盗,深川,千田交番,131083,東京都,江東区,石島,2020-05-30,13,道路上,その他,40歳代,その他,施錠した
窃盗,自転車盗,深川,千田交番,131083,東京都,江東区,石島,2020-08-15,08,道路上,その他,50歳代,その他,施錠した
窃盗,自転車盗,深川,千田交番,131083,東京都,江東区,扇橋２丁目,2020-05-31,18,道路上,その他,20歳代,その他,施錠した
窃盗,自転車盗,深川,千田交番,131083,東京都,江東区,扇橋２丁目,2020-06-11,19,道路上,その他,20歳代,その他,施錠した
窃盗,自転車盗,深川,千田交番,131083,東京都,江東区,扇橋２丁目,2020-11-06,21,４階建て以上共同住宅,駐車（輪）場,20歳代,その他,施錠した
窃盗,自転車盗,深川,千田交番,131083,東京都,江東区,扇橋３丁目,2020-08-30,13,４階建て以上共同住宅,駐車（輪）場,20歳代,大学生,施錠した
窃盗,自転車盗,深川,千田交番,131083,東京都,江東区,千石１丁目,2019-12-01,16,その他の住宅（３階建て以下共同住宅等）,駐車（輪）場,30歳代,その他,施錠した
窃盗,自転車盗,深川,千田交番,131083,東京都,江東区,千石１丁目,2019-12-30,14,４階建て以上共同住宅,駐車（輪）場,20歳代,その他,施錠した
窃盗,自転車盗,深川,千田交番,131083,東京都,江東区,千石１丁目,2020-05-19,19,４階建て以上共同住宅,駐車（輪）場,20歳代,その他,施錠した
窃盗,自転車盗,深川,千田交番,131083,東京都,江東区,千石１丁目,2020-10-31,18,その他の住宅（３階建て以下共同住宅等）,駐車（輪）場,20歳代,その他,施錠した
窃盗,自転車盗,深川,千田交番,131083,東京都,江東区,千田,2020-03-23,16,その他,駐車（輪）場,10歳代,小学生,施錠した
窃盗,自転車盗,深川,千田交番,131083,東京都,江東区,東陽６丁目,2020-02-29,15,その他の住宅（３階建て以下共同住宅等）,駐車（輪）場,40歳代,その他,施錠した
窃盗,自転車盗,深川,千田交番,131083,東京都,江東区,平野４丁目,2020-05-08,09,その他の住宅（３階建て以下共同住宅等）,駐車（輪）場,30歳代,その他,施錠した
窃盗,自転車盗,深川,豊洲交番,131083,東京都,江東区,豊洲２丁目,2019-12-18,17,その他,駐車（輪）場,50歳代,その他,施錠した
窃盗,自転車盗,深川,豊洲交番,131083,東京都,江東区,豊洲２丁目,2020-03-08,09,その他,駐車（輪）場,10歳代,大学生,施錠した
窃盗,自転車盗,深川,豊洲交番,131083,東京都,江東区,豊洲３丁目,2020-03-07,18,道路上,その他,20歳代,その他,施錠した
窃盗,自転車盗,深川,豊洲交番,131083,東京都,江東区,豊洲４丁目,2020-02-26,21,道路上,その他,20歳代,大学生,施錠した
窃盗,自転車盗,深川,豊洲交番,131083,東京都,江東区,豊洲５丁目,2019-12-08,09,道路上,その他,50歳代,その他,施錠した
窃盗,自転車盗,深川,豊洲交番,131083,東京都,江東区,豊洲５丁目,2019-12-08,11,道路上,その他,40歳代,その他,施錠した
窃盗,自転車盗,深川,豊洲交番,131083,東京都,江東区,豊洲５丁目,2019-12-27,19,その他,駐車（輪）場,30歳代,その他,施錠した
窃盗,自転車盗,深川,豊洲交番,131083,東京都,江東区,豊洲５丁目,2020-01-10,21,道路上,その他,20歳代,その他,施錠した
窃盗,自転車盗,深川,豊洲交番,131083,東京都,江東区,豊洲５丁目,2020-02-13,07,道路上,その他,10歳代,中学生,施錠した
窃盗,自転車盗,深川,豊洲交番,131083,東京都,江東区,豊洲５丁目,2020-03-01,16,道路上,その他,30歳代,その他,施錠した
窃盗,自転車盗,深川,豊洲交番,131083,東京都,江東区,豊洲５丁目,2020-07-30,03,４階建て以上共同住宅,駐車（輪）場,40歳代,その他,施錠した
窃盗,自転車盗,深川,豊洲交番,131083,東京都,江東区,豊洲５丁目,2020-09-23,05,道路上,その他,50歳代,その他,施錠した
窃盗,自転車盗,深川,豊洲交番,131083,東京都,江東区,豊洲５丁目,2020-11-25,06,４階建て以上共同住宅,駐車（輪）場,10歳代,高校生,施錠した
窃盗,自転車盗,深川,豊洲交番,131083,東京都,江東区,豊洲６丁目,2019-12-26,19,道路上,その他,40歳代,その他,施錠した
窃盗,自転車盗,深川,豊洲交番,131083,東京都,江東区,豊洲６丁目,2020-01-14,17,４階建て以上共同住宅,駐車（輪）場,40歳代,その他,施錠した
窃盗,自転車盗,深川,現代美術館前交番,131083,東京都,江東区,木場４丁目,2020-01-24,16,その他,その他,10歳未満,小学生,施錠した
窃盗,自転車盗,深川,現代美術館前交番,131083,東京都,江東区,白河２丁目,2020-04-29,00,道路上,その他,20歳代,その他,施錠した
窃盗,自転車盗,深川,現代美術館前交番,131083,東京都,江東区,白河２丁目,2020-07-05,12,その他の住宅（３階建て以下共同住宅等）,駐車（輪）場,40歳代,その他,施錠した
窃盗,自転車盗,深川,現代美術館前交番,131083,東京都,江東区,白河２丁目,2020-09-04,22,一戸建住宅,駐車（輪）場,10歳代,中学生,施錠した
窃盗,自転車盗,深川,現代美術館前交番,131083,東京都,江東区,白河３丁目,2020-04-14,18,その他,駐車（輪）場,10歳代,その他,施錠した
窃盗,自転車盗,深川,現代美術館前交番,131083,東京都,江東区,白河４丁目,2020-04-24,21,道路上,その他,40歳代,その他,施錠した
窃盗,自転車盗,深川,現代美術館前交番,131083,東京都,江東区,白河４丁目,2020-08-16,14,４階建て以上共同住宅,駐車（輪）場,10歳未満,小学生,施錠した
窃盗,自転車盗,深川,現代美術館前交番,131083,東京都,江東区,白河４丁目,2020-10-02,18,道路上,その他,10歳代,中学生,施錠した
窃盗,自転車盗,深川,現代美術館前交番,131083,東京都,江東区,平野３丁目,2020-08-17,20,４階建て以上共同住宅,駐車（輪）場,30歳代,その他,施錠した
窃盗,自転車盗,深川,現代美術館前交番,131083,東京都,江東区,平野４丁目,2020-02-27,08,その他,駐車（輪）場,30歳代,その他,施錠した
窃盗,自転車盗,深川,現代美術館前交番,131083,東京都,江東区,三好２丁目,2020-04-29,19,４階建て以上共同住宅,駐車（輪）場,30歳代,その他,施錠した
窃盗,自転車盗,深川,現代美術館前交番,131083,東京都,江東区,三好４丁目,2019-12-20,18,４階建て以上共同住宅,駐車（輪）場,65-69歳,その他,施錠した
窃盗,自転車盗,深川,枝川交番,131083,東京都,江東区,枝川１丁目,2020-02-25,10,道路上,その他,40歳代,その他,施錠した
窃盗,自転車盗,深川,枝川交番,131083,東京都,江東区,枝川３丁目,2019-12-09,17,４階建て以上共同住宅,駐車（輪）場,40歳代,その他,施錠した
窃盗,自転車盗,深川,枝川交番,131083,東京都,江東区,越中島２丁目,2020-04-06,18,４階建て以上共同住宅,駐車（輪）場,20歳代,その他,施錠した
窃盗,自転車盗,深川,枝川交番,131083,東京都,江東区,越中島３丁目,2020-06-12,19,４階建て以上共同住宅,駐車（輪）場,30歳代,その他,施錠した
窃盗,自転車盗,深川,枝川交番,131083,東京都,江東区,越中島３丁目,2020-07-16,19,その他,駐車（輪）場,30歳代,その他,施錠した
窃盗,自転車盗,深川,枝川交番,131083,東京都,江東区,塩浜２丁目,2020-09-15,07,道路上,その他,50歳代,その他,施錠した
窃盗,自転車盗,深川,枝川交番,131083,東京都,江東区,潮見２丁目,2020-03-15,08,４階建て以上共同住宅,駐車（輪）場,30歳代,その他,施錠した
窃盗,自転車盗,深川,清澄庭園前交番,131083,東京都,江東区,清澄３丁目,2020-02-05,21,その他,駐車（輪）場,20歳代,その他,施錠した
窃盗,自転車盗,深川,清澄庭園前交番,131083,東京都,江東区,清澄３丁目,2020-05-05,16,一戸建住宅,その他,40歳代,その他,施錠した
窃盗,自転車盗,深川,清澄庭園前交番,131083,東京都,江東区,佐賀２丁目,2020-03-15,10,４階建て以上共同住宅,駐車（輪）場,30歳代,その他,施錠した
窃盗,自転車盗,深川,清澄庭園前交番,131083,東京都,江東区,白河１丁目,2020-08-31,13,道路上,その他,40歳代,その他,施錠した
窃盗,自転車盗,深川,清澄庭園前交番,131083,東京都,江東区,深川１丁目,2020-01-21,17,その他,駐車（輪）場,40歳代,その他,施錠した
窃盗,自転車盗,深川,清澄庭園前交番,131083,東京都,江東区,深川２丁目,2020-06-19,13,４階建て以上共同住宅,駐車（輪）場,10歳代,高校生,施錠した
窃盗,自転車盗,深川,清澄庭園前交番,131083,東京都,江東区,冬木,2020-01-07,20,４階建て以上共同住宅,駐車（輪）場,20歳代,その他,施錠した
窃盗,自転車盗,深川,清澄庭園前交番,131083,東京都,江東区,冬木,2020-08-10,21,４階建て以上共同住宅,駐車（輪）場,20歳代,その他,施錠した
窃盗,自転車盗,麹町,麹町四丁目交番,131016,東京都,千代田区,紀尾井町,2020-03-18,09,その他,駐車（輪）場,30歳代,その他,施錠した
窃盗,自転車盗,麹町,五味坂交番,131016,東京都,千代田区,一番町,2020-10-29,11,一戸建住宅,駐車（輪）場,40歳代,その他,施錠した
窃盗,自転車盗,麹町,五味坂交番,131016,東京都,千代田区,麹町２丁目,2019-12-19,20,道路上,その他,30歳代,その他,施錠した
窃盗,自転車盗,麹町,五味坂交番,131016,東京都,千代田区,麹町２丁目,2020-10-12,09,道路上,その他,40歳代,その他,施錠した
窃盗,自転車盗,麹町,市ケ谷見付交番,131016,東京都,千代田区,五番町,2020-02-12,08,道路上,その他,20歳代,その他,施錠した
窃盗,自転車盗,麹町,市ケ谷見付交番,131016,東京都,千代田区,五番町,2020-03-17,12,道路上,その他,20歳代,その他,施錠した
窃盗,自転車盗,麹町,飯田橋駅前交番,131016,東京都,千代田区,飯田橋４丁目,2020-01-05,20,駐車（輪）場,駐車（輪）場,50歳代,その他,施錠した
窃盗,自転車盗,麹町,飯田橋駅前交番,131016,東京都,千代田区,飯田橋４丁目,2020-01-20,17,道路上,その他,40歳代,その他,施錠した
窃盗,自転車盗,麹町,飯田橋駅前交番,131016,東京都,千代田区,飯田橋４丁目,2020-09-09,07,駐車（輪）場,駐車（輪）場,50歳代,その他,施錠した
窃盗,自転車盗,麹町,飯田橋駅前交番,131016,東京都,千代田区,富士見１丁目,2020-02-01,11,４階建て以上共同住宅,駐車（輪）場,40歳代,その他,施錠した
窃盗,自転車盗,麹町,飯田橋駅前交番,131016,東京都,千代田区,富士見２丁目,2020-09-11,18,その他,駐車（輪）場,30歳代,その他,施錠した
窃盗,自転車盗,麹町,九段下交番,131016,東京都,千代田区,九段北１丁目,2020-03-24,20,道路上,その他,30歳代,その他,施錠した
窃盗,自転車盗,麹町,九段下交番,131016,東京都,千代田区,九段北１丁目,2020-03-29,16,道路上,その他,50歳代,その他,施錠した
窃盗,自転車盗,麹町,九段下交番,131016,東京都,千代田区,九段北１丁目,2020-09-08,16,道路上,その他,20歳代,大学生,施錠した
窃盗,自転車盗,麹町,九段下交番,131016,東京都,千代田区,九段南１丁目,2020-02-18,19,その他,駐車（輪）場,20歳代,その他,施錠した
窃盗,自転車盗,麹町,九段下交番,131016,東京都,千代田区,九段南１丁目,2020-08-14,12,道路上,その他,10歳代,高校生,施錠した
窃盗,自転車盗,麹町,九段下交番,131016,東京都,千代田区,九段南２丁目,2020-02-04,17,４階建て以上共同住宅,駐車（輪）場,50歳代,その他,施錠した
窃盗,自転車盗,麹町,九段下交番,131016,東京都,千代田区,一ツ橋１丁目,2020-11-22,16,道路上,その他,50歳代,その他,施錠した
窃盗,自転車盗,丸の内,内幸町交番,131016,東京都,千代田区,内幸町１丁目,2020-02-29,19,道路上,その他,40歳代,その他,施錠した
窃盗,自転車盗,丸の内,内幸町交番,131016,東京都,千代田区,内幸町１丁目,2020-03-26,22,道路上,その他,法人・団体、被害者なし,法人・団体、被害者なし,施錠した
窃盗,自転車盗,丸の内,日比谷公園前交番,131016,東京都,千代田区,日比谷公園,2020-01-21,13,その他,駐車（輪）場,10歳代,高校生,施錠した
窃盗,自転車盗,丸の内,有楽町駅前交番,131016,東京都,千代田区,有楽町２丁目,2020-03-28,16,駐車（輪）場,駐車（輪）場,60-64歳,その他,施錠した
窃盗,自転車盗,丸の内,有楽町駅前交番,131016,東京都,千代田区,有楽町２丁目,2020-12-10,19,道路上,その他,30歳代,その他,施錠した
窃盗,自転車盗,丸の内,東京駅前交番,131016,東京都,千代田区,丸の内１丁目,2020-04-10,07,駐車（輪）場,駐車（輪）場,30歳代,その他,施錠した
窃盗,自転車盗,丸の内,東京駅前交番,131016,東京都,千代田区,丸の内１丁目,2020-07-06,11,道路上,その他,70歳以上,その他,施錠した
窃盗,自転車盗,丸の内,東京駅前交番,131016,東京都,千代田区,丸の内１丁目,2020-07-16,07,駐車（輪）場,駐車（輪）場,30歳代,その他,施錠した
窃盗,自転車盗,丸の内,東京駅前交番,131016,東京都,千代田区,丸の内１丁目,2020-10-20,07,道路上,その他,10歳代,中学生,施錠した
窃盗,自転車盗,丸の内,東京駅前交番,131016,東京都,千代田区,丸の内２丁目,2019-12-04,14,道路上,その他,65-69歳,その他,施錠した
窃盗,自転車盗,丸の内,東京駅前交番,131016,東京都,千代田区,丸の内２丁目,2020-01-16,18,道路上,その他,40歳代,その他,施錠した
窃盗,自転車盗,丸の内,八重洲口交番,131016,東京都,千代田区,丸の内１丁目,2020-02-21,22,道路上,その他,50歳代,その他,施錠した
窃盗,自転車盗,丸の内,和田倉門外交番,131016,東京都,千代田区,大手町１丁目,2019-12-06,10,道路上,その他,30歳代,その他,施錠した
窃盗,自転車盗,丸の内,和田倉門外交番,131016,東京都,千代田区,丸の内１丁目,2020-12-17,13,その他,駐車（輪）場,30歳代,その他,施錠した
窃盗,自転車盗,神田,司町交番,131016,東京都,千代田区,内神田１丁目,2020-04-27,22,道路上,その他,30歳代,その他,施錠した
窃盗,自転車盗,神田,司町交番,131016,東京都,千代田区,内神田２丁目,2020-02-07,17,４階建て以上共同住宅,駐車（輪）場,40歳代,その他,施錠した
窃盗,自転車盗,神田,司町交番,131016,東京都,千代田区,神田多町２丁目,2020-04-08,15,駐車（輪）場,駐車（輪）場,20歳代,その他,施錠した
窃盗,自転車盗,神田,司町交番,131016,東京都,千代田区,神田錦町３丁目,2020-01-15,17,４階建て以上共同住宅,その他,法人・団体、被害者なし,法人・団体、被害者なし,施錠した
窃盗,自転車盗,神田,司町交番,131016,東京都,千代田区,神田錦町３丁目,2020-04-21,16,駐車（輪）場,駐車（輪）場,20歳代,その他,施錠した
窃盗,自転車盗,神田,お茶の水交番,131016,東京都,千代田区,神田淡路町２丁目,2020-07-07,00,その他,駐車（輪）場,30歳代,その他,施錠した
窃盗,自転車盗,神田,お茶の水交番,131016,東京都,千代田区,神田小川町１丁目,2019-12-23,18,道路上,その他,法人・団体、被害者なし,法人・団体、被害者なし,施錠した
窃盗,自転車盗,神田,お茶の水交番,131016,東京都,千代田区,神田小川町２丁目,2020-06-08,14,４階建て以上共同住宅,その他,10歳代,高校生,施錠した
窃盗,自転車盗,神田,お茶の水交番,131016,東京都,千代田区,神田小川町３丁目,2020-01-11,11,道路上,その他,20歳代,その他,施錠した
窃盗,自転車盗,神田,お茶の水交番,131016,東京都,千代田区,神田小川町３丁目,2020-07-02,00,道路上,その他,50歳代,その他,施錠した
窃盗,自転車盗,神田,お茶の水交番,131016,東京都,千代田区,神田錦町１丁目,2020-02-18,15,駐車（輪）場,駐車（輪）場,30歳代,その他,施錠した
窃盗,自転車盗,神田,お茶の水交番,131016,東京都,千代田区,神田錦町１丁目,2020-08-18,09,その他,駐車（輪）場,50歳代,その他,施錠した
窃盗,自転車盗,神田,神保町交番,131016,東京都,千代田区,神田神保町１丁目,2020-03-12,11,道路上,その他,20歳代,大学生,施錠した
窃盗,自転車盗,神田,神保町交番,131016,東京都,千代田区,神田神保町１丁目,2020-04-22,16,一戸建住宅,駐車（輪）場,40歳代,その他,施錠した
窃盗,自転車盗,神田,神保町交番,131016,東京都,千代田区,神田神保町２丁目,2020-10-01,18,道路上,その他,40歳代,その他,施錠した
窃盗,自転車盗,神田,神保町交番,131016,東京都,千代田区,神田錦町３丁目,2020-06-09,19,道路上,その他,70歳以上,その他,施錠した
窃盗,自転車盗,神田,水道橋駅前交番,131016,東京都,千代田区,神田神保町２丁目,2020-09-12,09,４階建て以上共同住宅,駐車（輪）場,30歳代,その他,施錠した
窃盗,自転車盗,神田,水道橋駅前交番,131016,東京都,千代田区,西神田１丁目,2020-08-27,09,道路上,その他,70歳以上,その他,施錠した
窃盗,自転車盗,神田,水道橋駅前交番,131016,東京都,千代田区,神田三崎町１丁目,2020-10-09,22,道路上,その他,40歳代,その他,施錠した
窃盗,自転車盗,神田,水道橋駅前交番,131016,東京都,千代田区,神田三崎町２丁目,2020-03-27,15,道路上,その他,40歳代,その他,施錠した
窃盗,自転車盗,神田,水道橋駅前交番,131016,東京都,千代田区,神田三崎町２丁目,2020-06-15,10,駐車（輪）場,駐車（輪）場,20歳代,その他,施錠した
窃盗,自転車盗,神田,水道橋駅前交番,131016,東京都,千代田区,神田三崎町３丁目,2020-09-15,11,４階建て以上共同住宅,駐車（輪）場,20歳代,大学生,施錠した
窃盗,自転車盗,万世橋,神田駅交番,131016,東京都,千代田区,鍛冶町２丁目,2020-03-12,19,駐車（輪）場,駐車（輪）場,30歳代,その他,施錠した
窃盗,自転車盗,万世橋,神田駅交番,131016,東京都,千代田区,鍛冶町２丁目,2020-03-20,14,道路上,その他,50歳代,その他,施錠した
窃盗,自転車盗,万世橋,神田駅交番,131016,東京都,千代田区,鍛冶町２丁目,2020-04-10,17,駐車（輪）場,駐車（輪）場,40歳代,その他,施錠した
窃盗,自転車盗,万世橋,神田駅交番,131016,東京都,千代田区,鍛冶町２丁目,2020-04-28,18,駐車（輪）場,駐車（輪）場,40歳代,その他,施錠した
窃盗,自転車盗,万世橋,神田駅交番,131016,東京都,千代田区,鍛冶町２丁目,2020-07-21,09,駐車（輪）場,駐車（輪）場,40歳代,その他,施錠した
窃盗,自転車盗,万世橋,神田駅交番,131016,東京都,千代田区,鍛冶町２丁目,2020-09-22,19,駐車（輪）場,駐車（輪）場,40歳代,その他,施錠した
窃盗,自転車盗,万世橋,神田駅交番,131016,東京都,千代田区,鍛冶町２丁目,2020-10-27,13,駐車（輪）場,駐車（輪）場,40歳代,その他,施錠した
窃盗,自転車盗,万世橋,神田駅交番,131016,東京都,千代田区,神田紺屋町,2020-08-11,23,道路上,その他,30歳代,その他,施錠した
窃盗,自転車盗,万世橋,神田駅交番,131016,東京都,千代田区,神田須田町１丁目,2020-01-10,17,道路上,その他,40歳代,その他,施錠した
窃盗,自転車盗,万世橋,神田駅交番,131016,東京都,千代田区,神田西福田町,2020-11-15,15,道路上,その他,40歳代,その他,施錠した
窃盗,自転車盗,万世橋,神田駅交番,131016,東京都,千代田区,神田東松下町,2020-11-18,23,その他,その他,40歳代,その他,施錠した
窃盗,自転車盗,万世橋,岩本町交番,131016,東京都,千代田区,岩本町１丁目,2020-10-17,09,駐車（輪）場,駐車（輪）場,30歳代,その他,施錠した
窃盗,自転車盗,万世橋,岩本町交番,131016,東京都,千代田区,岩本町２丁目,2020-08-26,08,道路上,その他,30歳代,その他,施錠した
窃盗,自転車盗,万世橋,岩本町交番,131016,東京都,千代田区,岩本町３丁目,2020-05-10,14,道路上,その他,40歳代,その他,施錠した
窃盗,自転車盗,万世橋,岩本町交番,131016,東京都,千代田区,岩本町３丁目,2020-06-02,13,道路上,その他,30歳代,その他,施錠した
窃盗,自転車盗,万世橋,岩本町交番,131016,東京都,千代田区,神田岩本町,2020-03-11,22,道路上,その他,20歳代,その他,施錠した
窃盗,自転車盗,万世橋,岩本町交番,131016,東京都,千代田区,神田須田町１丁目,2020-05-15,21,駐車（輪）場,駐車（輪）場,30歳代,その他,施錠した
窃盗,自転車盗,万世橋,岩本町交番,131016,東京都,千代田区,東神田１丁目,2020-03-21,07,駐車（輪）場,駐車（輪）場,50歳代,その他,施錠した
窃盗,自転車盗,万世橋,美倉橋交番,131016,東京都,千代田区,神田和泉町,2020-04-03,20,駐車（輪）場,駐車（輪）場,30歳代,その他,施錠した
窃盗,自転車盗,万世橋,美倉橋交番,131016,東京都,千代田区,神田和泉町,2020-04-07,18,道路上,その他,30歳代,その他,施錠した
窃盗,自転車盗,万世橋,美倉橋交番,131016,東京都,千代田区,神田和泉町,2020-04-19,11,その他,駐車（輪）場,50歳代,その他,施錠した
窃盗,自転車盗,万世橋,美倉橋交番,131016,東京都,千代田区,神田和泉町,2020-04-30,21,道路上,その他,20歳代,その他,施錠した
窃盗,自転車盗,万世橋,美倉橋交番,131016,東京都,千代田区,神田和泉町,2020-11-01,14,その他,駐車（輪）場,30歳代,その他,施錠した
窃盗,自転車盗,万世橋,美倉橋交番,131016,東京都,千代田区,神田佐久間町３丁目,2020-03-18,20,４階建て以上共同住宅,その他,50歳代,その他,施錠した
窃盗,自転車盗,万世橋,美倉橋交番,131016,東京都,千代田区,神田佐久間町４丁目,2020-04-19,08,駐車（輪）場,駐車（輪）場,30歳代,その他,施錠した
窃盗,自転車盗,万世橋,美倉橋交番,131016,東京都,千代田区,東神田１丁目,2019-12-14,18,駐車（輪）場,駐車（輪）場,70歳以上,その他,施錠した
窃盗,自転車盗,万世橋,美倉橋交番,131016,東京都,千代田区,東神田１丁目,2020-05-26,14,その他,駐車（輪）場,40歳代,その他,施錠した
窃盗,自転車盗,万世橋,美倉橋交番,131016,東京都,千代田区,東神田１丁目,2020-09-13,01,その他,駐車（輪）場,40歳代,その他,施錠した
窃盗,自転車盗,万世橋,秋葉原交番,131016,東京都,千代田区,神田相生町,2020-01-03,14,駐車（輪）場,駐車（輪）場,20歳代,その他,施錠した
窃盗,自転車盗,万世橋,秋葉原交番,131016,東京都,千代田区,神田相生町,2020-05-01,13,駐車（輪）場,駐車（輪）場,30歳代,その他,施錠した
窃盗,自転車盗,万世橋,秋葉原交番,131016,東京都,千代田区,神田佐久間町１丁目,2020-03-15,09,駐車（輪）場,駐車（輪）場,60-64歳,その他,施錠した
窃盗,自転車盗,万世橋,秋葉原交番,131016,東京都,千代田区,神田佐久間町１丁目,2020-06-22,07,駐車（輪）場,駐車（輪）場,20歳代,その他,施錠した
窃盗,自転車盗,万世橋,秋葉原交番,131016,東京都,千代田区,神田佐久間町１丁目,2020-07-21,17,駐車（輪）場,駐車（輪）場,40歳代,その他,施錠した
窃盗,自転車盗,万世橋,秋葉原交番,131016,東京都,千代田区,神田練塀町,2020-07-25,05,道路上,その他,10歳代,大学生,施錠した
窃盗,自転車盗,万世橋,秋葉原交番,131016,東京都,千代田区,神田花岡町,2020-01-01,11,駐車（輪）場,駐車（輪）場,40歳代,その他,施錠した
窃盗,自転車盗,万世橋,秋葉原交番,131016,東京都,千代田区,神田花岡町,2020-07-24,11,道路上,その他,70歳以上,その他,施錠した
窃盗,自転車盗,万世橋,秋葉原交番,131016,東京都,千代田区,神田花岡町,2020-07-28,19,駐車（輪）場,駐車（輪）場,20歳代,その他,施錠した
窃盗,自転車盗,万世橋,秋葉原交番,131016,東京都,千代田区,神田平河町,2020-03-03,18,駐車（輪）場,駐車（輪）場,20歳代,その他,施錠した
窃盗,自転車盗,万世橋,秋葉原交番,131016,東京都,千代田区,神田平河町,2020-03-27,20,駐車（輪）場,駐車（輪）場,40歳代,その他,施錠した
窃盗,自転車盗,万世橋,秋葉原交番,131016,東京都,千代田区,神田松永町,2020-01-19,17,道路上,その他,40歳代,その他,施錠した
窃盗,自転車盗,万世橋,秋葉原交番,131016,東京都,千代田区,外神田１丁目,2020-02-16,11,道路上,その他,10歳代,高校生,施錠した
窃盗,自転車盗,万世橋,秋葉原交番,131016,東京都,千代田区,外神田２丁目,2020-04-26,22,その他,その他,30歳代,その他,施錠した
窃盗,自転車盗,万世橋,秋葉原交番,131016,東京都,千代田区,外神田３丁目,2019-12-14,14,駐車（輪）場,駐車（輪）場,40歳代,その他,施錠した
窃盗,自転車盗,万世橋,秋葉原交番,131016,東京都,千代田区,外神田３丁目,2019-12-29,02,道路上,その他,30歳代,その他,施錠した
窃盗,自転車盗,万世橋,秋葉原交番,131016,東京都,千代田区,外神田４丁目,2020-03-09,07,道路上,その他,50歳代,その他,施錠した
窃盗,自転車盗,万世橋,秋葉原交番,131016,東京都,千代田区,外神田４丁目,2020-05-05,18,その他,その他,20歳代,大学生,施錠した
窃盗,自転車盗,万世橋,秋葉原交番,131016,東京都,千代田区,外神田５丁目,2020-04-16,08,道路上,その他,30歳代,その他,施錠した
窃盗,自転車盗,万世橋,秋葉原交番,131016,東京都,千代田区,外神田５丁目,2020-10-07,20,その他,駐車（輪）場,50歳代,その他,施錠した
窃盗,自転車盗,万世橋,秋葉原交番,131016,東京都,千代田区,外神田６丁目,2020-02-24,18,道路上,その他,10歳代,高校生,施錠した
窃盗,自転車盗,万世橋,秋葉原交番,131016,東京都,千代田区,外神田６丁目,2020-10-24,10,道路上,その他,20歳代,その他,施錠した
窃盗,自転車盗,久松,水天宮前交番,131024,東京都,中央区,日本橋蛎殻町１丁目,2020-02-28,22,駐車（輪）場,駐車（輪）場,40歳代,その他,施錠した
窃盗,自転車盗,久松,水天宮前交番,131024,東京都,中央区,日本橋蛎殻町１丁目,2020-04-04,14,道路上,その他,30歳代,その他,施錠した
窃盗,自転車盗,久松,水天宮前交番,131024,東京都,中央区,日本橋蛎殻町１丁目,2020-09-10,18,４階建て以上共同住宅,駐車（輪）場,50歳代,その他,施錠した
窃盗,自転車盗,久松,水天宮前交番,131024,東京都,中央区,日本橋蛎殻町２丁目,2020-02-08,22,駐車（輪）場,駐車（輪）場,30歳代,その他,施錠した
窃盗,自転車盗,久松,水天宮前交番,131024,東京都,中央区,日本橋小網町,2020-08-25,18,４階建て以上共同住宅,駐車（輪）場,30歳代,その他,施錠した
窃盗,自転車盗,久松,水天宮前交番,131024,東京都,中央区,日本橋浜町１丁目,2020-02-23,18,４階建て以上共同住宅,駐車（輪）場,20歳代,その他,施錠した
窃盗,自転車盗,久松,箱崎交番,131024,東京都,中央区,日本橋箱崎町,2019-12-14,14,駐車（輪）場,駐車（輪）場,30歳代,その他,施錠した
窃盗,自転車盗,久松,箱崎交番,131024,東京都,中央区,日本橋箱崎町,2020-05-29,15,道路上,その他,50歳代,その他,施錠した
窃盗,自転車盗,久松,浜町交番,131024,東京都,中央区,日本橋浜町２丁目,2020-02-20,12,その他,その他,法人・団体、被害者なし,法人・団体、被害者なし,施錠した
窃盗,自転車盗,久松,東日本橋交番,131024,東京都,中央区,日本橋馬喰町１丁目,2020-02-12,17,道路上,その他,40歳代,その他,施錠した
窃盗,自転車盗,久松,東日本橋交番,131024,東京都,中央区,日本橋馬喰町１丁目,2020-04-05,02,４階建て以上共同住宅,駐車（輪）場,50歳代,その他,施錠した
窃盗,自転車盗,久松,東日本橋交番,131024,東京都,中央区,日本橋馬喰町２丁目,2020-01-08,19,駐車（輪）場,駐車（輪）場,20歳代,その他,施錠した
窃盗,自転車盗,久松,東日本橋交番,131024,東京都,中央区,東日本橋２丁目,2019-12-13,11,道路上,その他,50歳代,その他,施錠した
窃盗,自転車盗,久松,東日本橋交番,131024,東京都,中央区,東日本橋２丁目,2019-12-28,14,駐車（輪）場,駐車（輪）場,30歳代,その他,施錠した
窃盗,自転車盗,久松,問屋橋交番,131024,東京都,中央区,日本橋人形町１丁目,2020-02-28,17,道路上,その他,70歳以上,その他,施錠した
窃盗,自転車盗,久松,問屋橋交番,131024,東京都,中央区,日本橋人形町１丁目,2020-10-11,18,道路上,その他,30歳代,その他,施錠した
窃盗,自転車盗,久松,問屋橋交番,131024,東京都,中央区,日本橋人形町２丁目,2020-01-26,17,駐車（輪）場,駐車（輪）場,60-64歳,その他,施錠した
窃盗,自転車盗,久松,問屋橋交番,131024,東京都,中央区,日本橋人形町２丁目,2020-03-21,11,駐車（輪）場,駐車（輪）場,30歳代,その他,施錠した
窃盗,自転車盗,久松,問屋橋交番,131024,東京都,中央区,日本橋人形町２丁目,2020-10-27,09,道路上,その他,30歳代,その他,施錠した
窃盗,自転車盗,久松,問屋橋交番,131024,東京都,中央区,日本橋人形町２丁目,2020-11-14,17,道路上,その他,50歳代,その他,施錠した
窃盗,自転車盗,築地,銀座一丁目交番,131024,東京都,中央区,銀座１丁目,2020-01-17,20,４階建て以上共同住宅,駐車（輪）場,10歳代,その他,施錠した
窃盗,自転車盗,築地,銀座一丁目交番,131024,東京都,中央区,銀座１丁目,2020-05-19,20,駐車（輪）場,駐車（輪）場,20歳代,その他,施錠した
窃盗,自転車盗,築地,銀座一丁目交番,131024,東京都,中央区,銀座１丁目,2020-10-14,09,道路上,その他,20歳代,大学生,施錠した
窃盗,自転車盗,築地,銀座一丁目交番,131024,東京都,中央区,銀座１丁目,2020-10-23,14,４階建て以上共同住宅,駐車（輪）場,30歳代,その他,施錠した
窃盗,自転車盗,築地,銀座一丁目交番,131024,東京都,中央区,銀座２丁目,2020-01-21,12,道路上,その他,30歳代,その他,施錠した
窃盗,自転車盗,築地,銀座一丁目交番,131024,東京都,中央区,築地１丁目,2020-01-31,19,道路上,その他,30歳代,その他,施錠した
窃盗,自転車盗,築地,銀座四丁目交番,131024,東京都,中央区,銀座４丁目,2019-11-15,15,道路上,その他,30歳代,その他,施錠した
窃盗,自転車盗,築地,数寄屋橋交番,131024,東京都,中央区,銀座３丁目,2020-07-24,12,道路上,その他,40歳代,その他,施錠した
窃盗,自転車盗,築地,数寄屋橋交番,131024,東京都,中央区,銀座３丁目,2020-09-09,09,道路上,その他,40歳代,その他,施錠した
窃盗,自転車盗,築地,数寄屋橋交番,131024,東京都,中央区,銀座５丁目,2019-12-30,19,道路上,その他,40歳代,その他,施錠した
窃盗,自転車盗,築地,数寄屋橋交番,131024,東京都,中央区,銀座６丁目,2020-08-14,14,道路上,その他,30歳代,その他,施錠した
窃盗,自転車盗,築地,数寄屋橋交番,131024,東京都,中央区,築地４丁目,2020-09-16,12,道路上,その他,20歳代,その他,施錠した
窃盗,自転車盗,築地,銀座八丁目交番,131024,東京都,中央区,銀座７丁目,2020-11-02,13,道路上,その他,40歳代,その他,施錠した
窃盗,自転車盗,築地,銀座八丁目交番,131024,東京都,中央区,銀座８丁目,2020-01-13,20,道路上,その他,40歳代,その他,施錠した
窃盗,自転車盗,築地,銀座八丁目交番,131024,東京都,中央区,銀座８丁目,2020-02-28,10,道路上,その他,40歳代,その他,施錠した
窃盗,自転車盗,築地,銀座八丁目交番,131024,東京都,中央区,銀座８丁目,2020-10-14,00,道路上,その他,法人・団体、被害者なし,法人・団体、被害者なし,施錠した
窃盗,自転車盗,築地,銀座八丁目交番,131024,東京都,中央区,銀座８丁目,2020-11-14,23,道路上,その他,40歳代,その他,施錠した
窃盗,自転車盗,築地,小田原町交番,131024,東京都,中央区,銀座７丁目,2020-02-01,20,４階建て以上共同住宅,駐車（輪）場,40歳代,その他,施錠した
窃盗,自転車盗,築地,小田原町交番,131024,東京都,中央区,築地２丁目,2020-01-18,00,４階建て以上共同住宅,駐車（輪）場,法人・団体、被害者なし,法人・団体、被害者なし,施錠した
窃盗,自転車盗,築地,小田原町交番,131024,東京都,中央区,築地２丁目,2020-06-04,17,４階建て以上共同住宅,駐車（輪）場,30歳代,その他,施錠した
窃盗,自転車盗,築地,小田原町交番,131024,東京都,中央区,築地２丁目,2020-07-07,12,４階建て以上共同住宅,駐車（輪）場,30歳代,その他,施錠した
窃盗,自転車盗,築地,小田原町交番,131024,東京都,中央区,築地３丁目,2019-12-18,18,道路上,その他,10歳代,中学生,施錠した
窃盗,自転車盗,築地,小田原町交番,131024,東京都,中央区,築地３丁目,2020-09-03,19,道路上,その他,20歳代,その他,施錠した
窃盗,自転車盗,築地,小田原町交番,131024,東京都,中央区,築地３丁目,2020-10-22,18,道路上,その他,30歳代,その他,施錠した
窃盗,自転車盗,築地,小田原町交番,131024,東京都,中央区,築地６丁目,2020-03-15,00,道路上,その他,30歳代,その他,施錠した
窃盗,自転車盗,築地,小田原町交番,131024,東京都,中央区,築地６丁目,2020-06-30,11,道路上,その他,50歳代,その他,施錠した
窃盗,自転車盗,築地,小田原町交番,131024,東京都,中央区,築地７丁目,2020-05-14,09,４階建て以上共同住宅,駐車（輪）場,30歳代,その他,施錠した
窃盗,自転車盗,築地,小田原町交番,131024,東京都,中央区,築地７丁目,2020-10-29,10,道路上,その他,30歳代,その他,施錠した
窃盗,自転車盗,築地,小田原町交番,131024,東京都,中央区,築地７丁目,2020-12-01,09,駐車（輪）場,駐車（輪）場,50歳代,その他,施錠した
窃盗,自転車盗,築地,新富町交番,131024,東京都,中央区,明石町,2020-04-11,15,その他,駐車（輪）場,30歳代,その他,施錠した
窃盗,自転車盗,築地,新富町交番,131024,東京都,中央区,明石町,2020-08-06,08,道路上,その他,50歳代,その他,施錠した
窃盗,自転車盗,築地,新富町交番,131024,東京都,中央区,明石町,2020-12-13,12,４階建て以上共同住宅,駐車（輪）場,30歳代,その他,施錠した
窃盗,自転車盗,築地,新富町交番,131024,東京都,中央区,入船３丁目,2020-05-08,19,道路上,その他,20歳代,その他,施錠した
窃盗,自転車盗,築地,新富町交番,131024,東京都,中央区,入船３丁目,2020-06-22,21,一戸建住宅,駐車（輪）場,40歳代,その他,施錠した
窃盗,自転車盗,築地,新富町交番,131024,東京都,中央区,銀座４丁目,2020-07-01,19,道路上,その他,20歳代,その他,施錠した
窃盗,自転車盗,築地,新富町交番,131024,東京都,中央区,新富１丁目,2020-03-01,17,４階建て以上共同住宅,駐車（輪）場,40歳代,その他,施錠した
窃盗,自転車盗,築地,新富町交番,131024,東京都,中央区,新富２丁目,2020-01-27,10,道路上,その他,40歳代,その他,施錠した
窃盗,自転車盗,築地,湊交番,131024,東京都,中央区,湊１丁目,2020-02-14,10,道路上,その他,50歳代,その他,施錠した
窃盗,自転車盗,築地,湊交番,131024,東京都,中央区,湊３丁目,2020-01-06,21,道路上,その他,40歳代,その他,施錠した
窃盗,自転車盗,築地,湊交番,131024,東京都,中央区,湊３丁目,2020-05-05,14,４階建て以上共同住宅,駐車（輪）場,40歳代,その他,施錠した
窃盗,自転車盗,月島,佃交番,131024,東京都,中央区,月島１丁目,2019-12-26,19,道路上,その他,40歳代,その他,施錠した
窃盗,自転車盗,月島,佃交番,131024,東京都,中央区,月島１丁目,2020-01-07,09,道路上,その他,10歳代,中学生,施錠した
窃盗,自転車盗,月島,佃交番,131024,東京都,中央区,月島１丁目,2020-01-17,16,道路上,その他,10歳代,小学生,施錠した
窃盗,自転車盗,月島,佃交番,131024,東京都,中央区,月島１丁目,2020-05-07,12,その他,駐車（輪）場,40歳代,その他,施錠した
窃盗,自転車盗,月島,佃交番,131024,東京都,中央区,月島２丁目,2019-11-01,不明,４階建て以上共同住宅,駐車（輪）場,20歳代,その他,施錠した
窃盗,自転車盗,月島,佃交番,131024,東京都,中央区,月島２丁目,2019-11-29,21,４階建て以上共同住宅,駐車（輪）場,50歳代,その他,施錠した
窃盗,自転車盗,月島,佃交番,131024,東京都,中央区,月島２丁目,2020-02-05,23,４階建て以上共同住宅,駐車（輪）場,30歳代,その他,施錠した
窃盗,自転車盗,月島,佃交番,131024,東京都,中央区,月島２丁目,2020-09-21,12,道路上,その他,30歳代,その他,施錠した
窃盗,自転車盗,月島,佃交番,131024,東京都,中央区,月島４丁目,2020-01-23,17,４階建て以上共同住宅,駐車（輪）場,40歳代,その他,施錠した
窃盗,自転車盗,月島,佃交番,131024,東京都,中央区,月島４丁目,2020-08-01,12,４階建て以上共同住宅,駐車（輪）場,20歳代,その他,施錠した
窃盗,自転車盗,月島,佃交番,131024,東京都,中央区,佃２丁目,2019-12-17,12,４階建て以上共同住宅,駐車（輪）場,70歳以上,その他,施錠した
窃盗,自転車盗,月島,佃交番,131024,東京都,中央区,佃２丁目,2020-01-21,23,道路上,その他,20歳代,その他,施錠した
窃盗,自転車盗,月島,佃交番,131024,東京都,中央区,佃２丁目,2020-03-07,01,４階建て以上共同住宅,駐車（輪）場,30歳代,その他,施錠した
窃盗,自転車盗,月島,佃交番,131024,東京都,中央区,佃２丁目,2020-08-02,20,４階建て以上共同住宅,駐車（輪）場,30歳代,その他,施錠した
窃盗,自転車盗,月島,佃交番,131024,東京都,中央区,佃２丁目,2020-10-07,12,４階建て以上共同住宅,駐車（輪）場,40歳代,その他,施錠した
窃盗,自転車盗,月島,佃交番,131024,東京都,中央区,佃２丁目,2020-10-11,16,４階建て以上共同住宅,駐車（輪）場,10歳代,小学生,施錠した
窃盗,自転車盗,月島,佃交番,131024,東京都,中央区,佃３丁目,2020-01-31,21,４階建て以上共同住宅,駐車（輪）場,30歳代,その他,施錠した
窃盗,自転車盗,月島,勝どき橋交番,131024,東京都,中央区,勝どき１丁目,2019-07-15,不明,４階建て以上共同住宅,駐車（輪）場,30歳代,その他,施錠した
窃盗,自転車盗,月島,勝どき橋交番,131024,東京都,中央区,勝どき１丁目,2019-11-17,12,その他,その他,30歳代,その他,施錠した
窃盗,自転車盗,月島,勝どき橋交番,131024,東京都,中央区,勝どき１丁目,2019-12-09,19,４階建て以上共同住宅,駐車（輪）場,40歳代,その他,施錠した
窃盗,自転車盗,月島,勝どき橋交番,131024,東京都,中央区,勝どき１丁目,2020-01-26,19,駐車（輪）場,駐車（輪）場,20歳代,その他,施錠した
窃盗,自転車盗,月島,勝どき橋交番,131024,東京都,中央区,勝どき１丁目,2020-03-22,19,４階建て以上共同住宅,駐車（輪）場,50歳代,その他,施錠した
窃盗,自転車盗,月島,勝どき橋交番,131024,東京都,中央区,勝どき１丁目,2020-03-30,18,４階建て以上共同住宅,駐車（輪）場,20歳代,その他,施錠した
窃盗,自転車盗,月島,勝どき橋交番,131024,東京都,中央区,勝どき１丁目,2020-07-29,17,４階建て以上共同住宅,駐車（輪）場,10歳代,その他,施錠した
窃盗,自転車盗,月島,勝どき橋交番,131024,東京都,中央区,勝どき２丁目,2020-02-01,22,４階建て以上共同住宅,駐車（輪）場,20歳代,その他,施錠した
窃盗,自転車盗,月島,勝どき橋交番,131024,東京都,中央区,勝どき２丁目,2020-07-14,18,４階建て以上共同住宅,駐車（輪）場,20歳代,その他,施錠した
窃盗,自転車盗,月島,勝どき橋交番,131024,東京都,中央区,勝どき３丁目,2019-12-14,20,４階建て以上共同住宅,駐車（輪）場,40歳代,その他,施錠した
窃盗,自転車盗,月島,勝どき橋交番,131024,東京都,中央区,勝どき５丁目,2020-05-05,15,４階建て以上共同住宅,駐車（輪）場,60-64歳,その他,施錠した
窃盗,自転車盗,月島,勝どき橋交番,131024,東京都,中央区,勝どき５丁目,2020-08-24,10,４階建て以上共同住宅,駐車（輪）場,20歳代,その他,施錠した
窃盗,自転車盗,月島,勝どき橋交番,131024,東京都,中央区,勝どき５丁目,2020-09-02,00,道路上,その他,40歳代,その他,施錠した
窃盗,自転車盗,月島,勝どき橋交番,131024,東京都,中央区,勝どき６丁目,2019-10-12,18,４階建て以上共同住宅,駐車（輪）場,50歳代,その他,施錠した
窃盗,自転車盗,月島,勝どき橋交番,131024,東京都,中央区,勝どき６丁目,2019-11-04,12,道路上,その他,40歳代,その他,施錠した
窃盗,自転車盗,月島,勝どき橋交番,131024,東京都,中央区,勝どき６丁目,2020-02-02,09,道路上,その他,10歳代,高校生,施錠した
窃盗,自転車盗,月島,勝どき橋交番,131024,東京都,中央区,勝どき６丁目,2020-02-20,13,４階建て以上共同住宅,駐車（輪）場,50歳代,その他,施錠した
窃盗,自転車盗,月島,勝どき橋交番,131024,東京都,中央区,勝どき６丁目,2020-02-20,不明,４階建て以上共同住宅,駐車（輪）場,50歳代,その他,施錠した
窃盗,自転車盗,月島,勝どき橋交番,131024,東京都,中央区,勝どき６丁目,2020-03-20,09,４階建て以上共同住宅,その他,10歳代,中学生,施錠した
窃盗,自転車盗,月島,勝どき橋交番,131024,東京都,中央区,勝どき６丁目,2020-06-19,22,道路上,その他,50歳代,その他,施錠した
窃盗,自転車盗,月島,勝どき橋交番,131024,東京都,中央区,勝どき６丁目,2020-06-25,18,その他,その他,法人・団体、被害者なし,法人・団体、被害者なし,施錠した
窃盗,自転車盗,月島,勝どき橋交番,131024,東京都,中央区,勝どき６丁目,2020-08-17,16,その他,駐車（輪）場,10歳代,小学生,施錠した
窃盗,自転車盗,月島,勝どき橋交番,131024,東京都,中央区,月島４丁目,2020-03-18,19,道路上,その他,20歳代,その他,施錠した
窃盗,自転車盗,月島,晴海三丁目交番,131024,東京都,中央区,晴海１丁目,2019-12-26,18,道路上,その他,10歳代,中学生,施錠した
窃盗,自転車盗,月島,晴海三丁目交番,131024,東京都,中央区,晴海１丁目,2020-01-27,17,道路上,その他,40歳代,その他,施錠した
窃盗,自転車盗,月島,晴海三丁目交番,131024,東京都,中央区,晴海２丁目,2019-05-11,00,駐車（輪）場,駐車（輪）場,70歳以上,その他,施錠した
窃盗,自転車盗,月島,晴海三丁目交番,131024,東京都,中央区,晴海２丁目,2020-06-02,18,４階建て以上共同住宅,その他,30歳代,その他,施錠した
窃盗,自転車盗,月島,晴海三丁目交番,131024,東京都,中央区,晴海３丁目,2019-11-02,00,４階建て以上共同住宅,駐車（輪）場,30歳代,その他,施錠した
窃盗,自転車盗,愛宕,虎の門交番,131032,東京都,港区,虎ノ門５丁目,2020-02-29,23,道路上,その他,30歳代,その他,施錠した
窃盗,自転車盗,愛宕,虎の門交番,131032,東京都,港区,虎ノ門５丁目,2020-11-22,05,４階建て以上共同住宅,駐車（輪）場,40歳代,その他,施錠した
窃盗,自転車盗,愛宕,新橋三丁目交番,131032,東京都,港区,新橋３丁目,2020-10-23,19,道路上,その他,50歳代,その他,施錠した
窃盗,自転車盗,愛宕,新橋三丁目交番,131032,東京都,港区,西新橋１丁目,2019-12-27,23,道路上,その他,50歳代,その他,施錠した
窃盗,自転車盗,愛宕,新橋三丁目交番,131032,東京都,港区,西新橋１丁目,2020-07-19,13,駐車（輪）場,駐車（輪）場,20歳代,大学生,施錠した
窃盗,自転車盗,愛宕,新橋三丁目交番,131032,東京都,港区,西新橋２丁目,2020-03-21,05,道路上,その他,30歳代,その他,施錠した
窃盗,自転車盗,愛宕,新橋三丁目交番,131032,東京都,港区,西新橋２丁目,2020-11-06,07,道路上,その他,40歳代,その他,施錠した
窃盗,自転車盗,愛宕,新橋三丁目交番,131032,東京都,港区,西新橋２丁目,2020-11-26,07,道路上,その他,40歳代,その他,施錠した
窃盗,自転車盗,愛宕,新橋駅前交番,131032,東京都,港区,新橋１丁目,2020-01-23,10,道路上,その他,40歳代,その他,施錠した
窃盗,自転車盗,愛宕,新橋駅前交番,131032,東京都,港区,新橋２丁目,2020-03-13,21,駐車（輪）場,駐車（輪）場,30歳代,その他,施錠した
窃盗,自転車盗,愛宕,新橋駅前交番,131032,東京都,港区,新橋２丁目,2020-05-07,10,駐車（輪）場,駐車（輪）場,40歳代,その他,施錠した
窃盗,自転車盗,愛宕,新橋駅前交番,131032,東京都,港区,新橋３丁目,2019-12-16,14,駐車（輪）場,駐車（輪）場,50歳代,その他,施錠した
窃盗,自転車盗,愛宕,新橋駅前交番,131032,東京都,港区,新橋３丁目,2020-10-14,08,道路上,その他,30歳代,その他,施錠した
窃盗,自転車盗,愛宕,新橋駅前交番,131032,東京都,港区,新橋３丁目,2020-10-17,01,道路上,その他,20歳代,その他,施錠した
窃盗,自転車盗,愛宕,新橋駅前交番,131032,東京都,港区,新橋３丁目,2020-12-10,20,駐車（輪）場,駐車（輪）場,50歳代,その他,施錠した
窃盗,自転車盗,愛宕,新橋駅前交番,131032,東京都,港区,新橋４丁目,2020-06-28,23,道路上,その他,20歳代,その他,施錠した
窃盗,自転車盗,愛宕,新橋駅前交番,131032,東京都,港区,新橋４丁目,2020-09-16,16,道路上,その他,40歳代,その他,施錠した
窃盗,自転車盗,愛宕,新橋駅前交番,131032,東京都,港区,新橋４丁目,2020-10-02,20,道路上,その他,30歳代,その他,施錠した
窃盗,自転車盗,愛宕,新橋駅前交番,131032,東京都,港区,新橋４丁目,2020-10-20,21,４階建て以上共同住宅,その他,40歳代,その他,施錠した
窃盗,自転車盗,愛宕,新橋駅前交番,131032,東京都,港区,東新橋１丁目,2020-07-08,08,道路上,その他,20歳代,その他,施錠した
窃盗,自転車盗,愛宕,新橋駅前交番,131032,東京都,港区,東新橋２丁目,2020-09-04,16,道路上,その他,30歳代,その他,施錠した
窃盗,自転車盗,愛宕,東新橋交番,131032,東京都,港区,新橋５丁目,2020-03-20,06,道路上,その他,70歳以上,その他,施錠した
窃盗,自転車盗,愛宕,大門交番,131032,東京都,港区,芝公園１丁目,2020-11-10,17,道路上,その他,30歳代,その他,施錠した
窃盗,自転車盗,愛宕,大門交番,131032,東京都,港区,芝大門１丁目,2020-08-18,16,道路上,その他,10歳代,中学生,施錠した
窃盗,自転車盗,愛宕,大門交番,131032,東京都,港区,芝大門２丁目,2020-06-08,23,道路上,その他,法人・団体、被害者なし,法人・団体、被害者なし,施錠した
窃盗,自転車盗,愛宕,大門交番,131032,東京都,港区,浜松町１丁目,2020-08-10,12,道路上,その他,40歳代,その他,施錠した
窃盗,自転車盗,愛宕,大門交番,131032,東京都,港区,浜松町１丁目,2020-12-01,15,４階建て以上共同住宅,駐車（輪）場,40歳代,その他,施錠した
窃盗,自転車盗,愛宕,浜松町交番,131032,東京都,港区,浜松町２丁目,2020-08-19,08,道路上,その他,50歳代,その他,施錠した
窃盗,自転車盗,愛宕,東京タワー前交番,131032,東京都,港区,芝公園１丁目,2020-07-01,14,４階建て以上共同住宅,駐車（輪）場,50歳代,その他,施錠した
窃盗,自転車盗,愛宕,東京タワー前交番,131032,東京都,港区,芝公園１丁目,2020-11-16,08,その他,駐車（輪）場,50歳代,その他,施錠した
窃盗,自転車盗,愛宕,東京タワー前交番,131032,東京都,港区,芝公園２丁目,2020-07-02,09,道路上,その他,40歳代,その他,施錠した
窃盗,自転車盗,愛宕,東京タワー前交番,131032,東京都,港区,芝公園３丁目,2020-09-23,08,道路上,その他,20歳代,その他,施錠した
窃盗,自転車盗,愛宕,東京タワー前交番,131032,東京都,港区,虎ノ門３丁目,2020-06-23,22,道路上,その他,30歳代,その他,施錠した
窃盗,自転車盗,愛宕,東京タワー前交番,131032,東京都,港区,虎ノ門５丁目,2020-09-28,12,道路上,その他,40歳代,その他,施錠した
窃盗,自転車盗,愛宕,東京タワー前交番,131032,東京都,港区,西新橋３丁目,2020-01-25,21,４階建て以上共同住宅,駐車（輪）場,30歳代,その他,施錠した
窃盗,自転車盗,愛宕,竹芝交番,131032,東京都,港区,海岸１丁目,2019-12-29,14,駐車（輪）場,駐車（輪）場,30歳代,その他,施錠した
窃盗,自転車盗,愛宕,竹芝交番,131032,東京都,港区,海岸１丁目,2020-04-21,09,道路上,その他,40歳代,その他,施錠した
窃盗,自転車盗,三田,三田綱町交番,131032,東京都,港区,芝浦１丁目,2020-01-16,17,駐車（輪）場,駐車（輪）場,70歳以上,その他,施錠した
窃盗,自転車盗,三田,三田綱町交番,131032,東京都,港区,三田２丁目,2020-11-28,17,４階建て以上共同住宅,その他,10歳未満,小学生,施錠した
窃盗,自転車盗,三田,三田綱町交番,131032,東京都,港区,三田５丁目,2020-05-13,13,４階建て以上共同住宅,駐車（輪）場,30歳代,その他,施錠した
窃盗,自転車盗,三田,三田綱町交番,131032,東京都,港区,三田５丁目,2020-06-05,09,道路上,その他,70歳以上,その他,施錠した
窃盗,自転車盗,三田,亀塚公園前交番,131032,東京都,港区,三田３丁目,2020-02-25,23,道路上,その他,40歳代,その他,施錠した
窃盗,自転車盗,三田,三田通交番,131032,東京都,港区,芝３丁目,2020-03-17,12,その他の住宅（３階建て以下共同住宅等）,駐車（輪）場,20歳代,その他,施錠した
窃盗,自転車盗,三田,三田通交番,131032,東京都,港区,芝３丁目,2020-06-24,15,一戸建住宅,駐車（輪）場,10歳代,高校生,施錠した
窃盗,自転車盗,三田,三田通交番,131032,東京都,港区,芝５丁目,2019-09-08,08,道路上,その他,40歳代,その他,施錠した
窃盗,自転車盗,三田,三田通交番,131032,東京都,港区,芝５丁目,2020-01-07,20,その他,その他,40歳代,その他,施錠した
窃盗,自転車盗,三田,三田通交番,131032,東京都,港区,芝５丁目,2020-02-02,19,道路上,その他,30歳代,その他,施錠した
窃盗,自転車盗,三田,三田通交番,131032,東京都,港区,芝５丁目,2020-03-09,20,道路上,その他,30歳代,その他,施錠した
窃盗,自転車盗,三田,三田通交番,131032,東京都,港区,芝５丁目,2020-03-13,18,道路上,その他,20歳代,その他,施錠した
窃盗,自転車盗,三田,三田通交番,131032,東京都,港区,芝５丁目,2020-05-25,15,駐車（輪）場,駐車（輪）場,30歳代,その他,施錠した
窃盗,自転車盗,三田,三田通交番,131032,東京都,港区,芝５丁目,2020-08-20,09,道路上,その他,20歳代,その他,施錠した
窃盗,自転車盗,三田,三田通交番,131032,東京都,港区,芝５丁目,2020-09-09,08,駐車（輪）場,駐車（輪）場,30歳代,その他,施錠した
窃盗,自転車盗,三田,三田通交番,131032,東京都,港区,芝５丁目,2020-12-09,18,駐車（輪）場,駐車（輪）場,30歳代,その他,施錠した
窃盗,自転車盗,三田,三田通交番,131032,東京都,港区,三田１丁目,2019-11-01,00,４階建て以上共同住宅,駐車（輪）場,30歳代,その他,施錠した
窃盗,自転車盗,三田,田町駅東口交番,131032,東京都,港区,芝浦１丁目,2020-04-01,20,道路上,その他,30歳代,その他,施錠した
窃盗,自転車盗,三田,田町駅東口交番,131032,東京都,港区,芝浦２丁目,2019-06-30,01,４階建て以上共同住宅,駐車（輪）場,30歳代,その他,施錠した
窃盗,自転車盗,三田,田町駅東口交番,131032,東京都,港区,芝浦２丁目,2020-02-16,14,４階建て以上共同住宅,駐車（輪）場,30歳代,その他,施錠した
窃盗,自転車盗,三田,田町駅東口交番,131032,東京都,港区,芝浦２丁目,2020-11-18,18,４階建て以上共同住宅,駐車（輪）場,30歳代,その他,施錠した
窃盗,自転車盗,三田,田町駅東口交番,131032,東京都,港区,芝浦３丁目,2020-01-24,08,駐車（輪）場,駐車（輪）場,30歳代,その他,施錠した
窃盗,自転車盗,三田,田町駅東口交番,131032,東京都,港区,芝浦３丁目,2020-07-01,17,その他,駐車（輪）場,40歳代,その他,施錠した
窃盗,自転車盗,三田,田町駅東口交番,131032,東京都,港区,芝浦３丁目,2020-09-03,07,道路上,その他,10歳代,中学生,施錠した
窃盗,自転車盗,三田,田町駅東口交番,131032,東京都,港区,芝浦３丁目,2020-10-05,14,道路上,その他,30歳代,その他,施錠した
窃盗,自転車盗,三田,田町駅東口交番,131032,東京都,港区,芝浦４丁目,2020-02-12,18,４階建て以上共同住宅,駐車（輪）場,10歳代,中学生,施錠した
窃盗,自転車盗,三田,田町駅東口交番,131032,東京都,港区,芝浦４丁目,2020-04-11,16,４階建て以上共同住宅,駐車（輪）場,40歳代,その他,施錠した
窃盗,自転車盗,三田,芝四丁目交番,131032,東京都,港区,海岸２丁目,2020-05-01,12,道路上,その他,65-69歳,その他,施錠した
窃盗,自転車盗,三田,芝四丁目交番,131032,東京都,港区,芝１丁目,2020-01-23,18,駐車（輪）場,駐車（輪）場,30歳代,その他,施錠した
窃盗,自転車盗,三田,芝四丁目交番,131032,東京都,港区,芝１丁目,2020-02-23,22,道路上,その他,65-69歳,その他,施錠した
窃盗,自転車盗,三田,芝四丁目交番,131032,東京都,港区,芝２丁目,2019-11-26,12,道路上,その他,40歳代,その他,施錠した
窃盗,自転車盗,三田,芝四丁目交番,131032,東京都,港区,芝２丁目,2020-05-10,17,４階建て以上共同住宅,駐車（輪）場,70歳以上,その他,施錠した
窃盗,自転車盗,三田,芝四丁目交番,131032,東京都,港区,芝４丁目,2020-02-07,20,道路上,その他,40歳代,その他,施錠した
窃盗,自転車盗,三田,芝四丁目交番,131032,東京都,港区,芝４丁目,2020-02-28,20,４階建て以上共同住宅,駐車（輪）場,30歳代,その他,施錠した
窃盗,自転車盗,三田,海岸通交番,131032,東京都,港区,海岸２丁目,2020-09-01,01,道路上,その他,30歳代,その他,施錠した
窃盗,自転車盗,三田,海岸通交番,131032,東京都,港区,海岸３丁目,2020-04-27,21,４階建て以上共同住宅,駐車（輪）場,40歳代,その他,施錠した
窃盗,自転車盗,三田,海岸通交番,131032,東京都,港区,海岸３丁目,2020-06-28,00,４階建て以上共同住宅,駐車（輪）場,20歳代,大学生,施錠した
窃盗,自転車盗,三田,海岸通交番,131032,東京都,港区,海岸３丁目,2020-07-04,21,４階建て以上共同住宅,駐車（輪）場,10歳代,大学生,施錠した
窃盗,自転車盗,三田,海岸通交番,131032,東京都,港区,海岸３丁目,2020-07-14,12,道路上,その他,20歳代,その他,施錠した
窃盗,自転車盗,三田,海岸通交番,131032,東京都,港区,海岸３丁目,2020-11-09,10,道路上,その他,30歳代,その他,施錠した
窃盗,自転車盗,高輪,品川駅港南口交番,131032,東京都,港区,港南２丁目,2020-10-17,14,駐車（輪）場,駐車（輪）場,40歳代,その他,施錠した
窃盗,自転車盗,高輪,品川駅港南口交番,131032,東京都,港区,港南４丁目,2020-02-16,14,４階建て以上共同住宅,その他,10歳代,小学生,施錠した
窃盗,自転車盗,高輪,品川駅港南口交番,131032,東京都,港区,港南４丁目,2020-05-07,19,４階建て以上共同住宅,駐車（輪）場,10歳代,高校生,施錠した
窃盗,自転車盗,高輪,品川駅港南口交番,131032,東京都,港区,港南４丁目,2020-08-30,19,４階建て以上共同住宅,駐車（輪）場,40歳代,その他,施錠した
窃盗,自転車盗,高輪,品川駅港南口交番,131032,東京都,港区,港南４丁目,2020-10-20,19,４階建て以上共同住宅,駐車（輪）場,20歳代,その他,施錠した
窃盗,自転車盗,高輪,品川駅高輪口交番,131032,東京都,港区,高輪３丁目,2019-12-20,23,道路上,その他,10歳代,大学生,施錠した
窃盗,自転車盗,高輪,品川駅高輪口交番,131032,東京都,港区,高輪３丁目,2020-02-21,08,駐車（輪）場,駐車（輪）場,30歳代,その他,施錠した
窃盗,自転車盗,高輪,品川駅高輪口交番,131032,東京都,港区,高輪３丁目,2020-08-21,07,駐車（輪）場,駐車（輪）場,40歳代,その他,施錠した
窃盗,自転車盗,高輪,高輪台交番,131032,東京都,港区,白金台２丁目,2020-05-29,08,一戸建住宅,その他,20歳代,その他,施錠した
窃盗,自転車盗,高輪,高輪台交番,131032,東京都,港区,白金台３丁目,2020-10-05,09,道路上,その他,40歳代,その他,施錠した
窃盗,自転車盗,高輪,高輪台交番,131032,東京都,港区,白金台３丁目,2020-11-04,09,道路上,その他,20歳代,大学生,施錠した
窃盗,自転車盗,高輪,白金三光町交番,131032,東京都,港区,白金３丁目,2020-06-23,01,４階建て以上共同住宅,駐車（輪）場,20歳代,その他,施錠した
窃盗,自転車盗,高輪,白金三光町交番,131032,東京都,港区,白金４丁目,2020-02-14,18,その他の住宅（３階建て以下共同住宅等）,駐車（輪）場,40歳代,その他,施錠した
窃盗,自転車盗,高輪,白金三光町交番,131032,東京都,港区,白金５丁目,2020-02-24,18,４階建て以上共同住宅,駐車（輪）場,20歳代,その他,施錠した
窃盗,自転車盗,高輪,白金三光町交番,131032,東京都,港区,白金５丁目,2020-08-17,08,４階建て以上共同住宅,駐車（輪）場,50歳代,その他,施錠した
窃盗,自転車盗,高輪,清正公前交番,131032,東京都,港区,白金１丁目,2019-12-16,12,道路上,その他,20歳代,その他,施錠した
窃盗,自転車盗,高輪,清正公前交番,131032,東京都,港区,白金１丁目,2020-01-16,11,４階建て以上共同住宅,駐車（輪）場,30歳代,その他,施錠した
窃盗,自転車盗,高輪,清正公前交番,131032,東京都,港区,白金１丁目,2020-03-04,18,道路上,その他,20歳代,その他,施錠した
窃盗,自転車盗,高輪,清正公前交番,131032,東京都,港区,白金１丁目,2020-10-20,22,道路上,その他,40歳代,その他,施錠した
窃盗,自転車盗,高輪,清正公前交番,131032,東京都,港区,高輪１丁目,2020-03-30,15,４階建て以上共同住宅,駐車（輪）場,70歳以上,その他,施錠した
窃盗,自転車盗,高輪,清正公前交番,131032,東京都,港区,高輪１丁目,2020-09-11,17,４階建て以上共同住宅,駐車（輪）場,40歳代,その他,施錠した
窃盗,自転車盗,高輪,清正公前交番,131032,東京都,港区,高輪１丁目,2020-10-20,21,４階建て以上共同住宅,駐車（輪）場,30歳代,その他,施錠した
窃盗,自転車盗,高輪,高輪二丁目交番,131032,東京都,港区,高輪１丁目,2020-07-21,不明,４階建て以上共同住宅,駐車（輪）場,30歳代,その他,施錠した
窃盗,自転車盗,高輪,高輪二丁目交番,131032,東京都,港区,高輪１丁目,2020-08-29,17,その他,駐車（輪）場,50歳代,その他,施錠した
窃盗,自転車盗,高輪,高輪二丁目交番,131032,東京都,港区,高輪２丁目,2020-05-15,17,４階建て以上共同住宅,その他,60-64歳,その他,施錠した
窃盗,自転車盗,麻布,一之橋交番,131032,東京都,港区,麻布十番１丁目,2020-01-30,22,その他,その他,20歳代,その他,施錠した
窃盗,自転車盗,麻布,一之橋交番,131032,東京都,港区,麻布十番２丁目,2020-02-08,08,道路上,その他,40歳代,その他,施錠した
窃盗,自転車盗,麻布,一之橋交番,131032,東京都,港区,麻布十番２丁目,2020-06-12,21,駐車（輪）場,駐車（輪）場,30歳代,その他,施錠した
窃盗,自転車盗,麻布,一之橋交番,131032,東京都,港区,麻布十番２丁目,2020-07-03,09,駐車（輪）場,駐車（輪）場,20歳代,その他,施錠した
窃盗,自転車盗,麻布,一之橋交番,131032,東京都,港区,麻布十番３丁目,2020-06-10,00,道路上,その他,70歳以上,その他,施錠した
窃盗,自転車盗,麻布,一之橋交番,131032,東京都,港区,麻布十番４丁目,2019-12-25,14,道路上,その他,30歳代,その他,施錠した
窃盗,自転車盗,麻布,一之橋交番,131032,東京都,港区,麻布台３丁目,2020-09-29,07,４階建て以上共同住宅,駐車（輪）場,30歳代,その他,施錠した
窃盗,自転車盗,麻布,一之橋交番,131032,東京都,港区,東麻布１丁目,2019-12-24,10,道路上,その他,40歳代,その他,施錠した
窃盗,自転車盗,麻布,一之橋交番,131032,東京都,港区,東麻布３丁目,2020-06-02,09,駐車（輪）場,駐車（輪）場,30歳代,その他,施錠した
窃盗,自転車盗,麻布,一之橋交番,131032,東京都,港区,東麻布３丁目,2020-09-01,08,その他,駐車（輪）場,50歳代,その他,施錠した
窃盗,自転車盗,麻布,一之橋交番,131032,東京都,港区,東麻布３丁目,2020-09-04,18,駐車（輪）場,駐車（輪）場,40歳代,その他,施錠した
窃盗,自転車盗,麻布,一之橋交番,131032,東京都,港区,南麻布１丁目,2020-07-08,23,４階建て以上共同住宅,駐車（輪）場,60-64歳,その他,施錠した
窃盗,自転車盗,麻布,一之橋交番,131032,東京都,港区,南麻布１丁目,2020-10-24,17,４階建て以上共同住宅,駐車（輪）場,40歳代,その他,施錠した
窃盗,自転車盗,麻布,一之橋交番,131032,東京都,港区,南麻布２丁目,2020-05-31,11,４階建て以上共同住宅,駐車（輪）場,40歳代,その他,施錠した
窃盗,自転車盗,麻布,盛岡町交番,131032,東京都,港区,西麻布３丁目,2020-07-11,18,道路上,その他,40歳代,その他,施錠した
窃盗,自転車盗,麻布,盛岡町交番,131032,東京都,港区,南麻布３丁目,2020-02-12,19,その他,その他,40歳代,その他,施錠した
窃盗,自転車盗,麻布,盛岡町交番,131032,東京都,港区,南麻布３丁目,2020-09-19,21,４階建て以上共同住宅,駐車（輪）場,40歳代,その他,施錠した
窃盗,自転車盗,麻布,盛岡町交番,131032,東京都,港区,南麻布４丁目,2019-09-01,07,駐車（輪）場,駐車（輪）場,10歳代,高校生,施錠した
窃盗,自転車盗,麻布,盛岡町交番,131032,東京都,港区,南麻布４丁目,2020-01-17,09,道路上,その他,20歳代,その他,施錠した
窃盗,自転車盗,麻布,盛岡町交番,131032,東京都,港区,南麻布４丁目,2020-05-15,12,４階建て以上共同住宅,駐車（輪）場,50歳代,その他,施錠した
窃盗,自転車盗,麻布,盛岡町交番,131032,東京都,港区,南麻布４丁目,2020-06-04,10,道路上,その他,20歳代,その他,施錠した
窃盗,自転車盗,麻布,盛岡町交番,131032,東京都,港区,南麻布４丁目,2020-08-25,21,道路上,その他,10歳代,中学生,施錠した
窃盗,自転車盗,麻布,盛岡町交番,131032,東京都,港区,南麻布４丁目,2020-12-22,09,その他,駐車（輪）場,30歳代,その他,施錠した
窃盗,自転車盗,麻布,盛岡町交番,131032,東京都,港区,南麻布５丁目,2020-07-04,17,道路上,その他,40歳代,その他,施錠した
窃盗,自転車盗,麻布,盛岡町交番,131032,東京都,港区,南麻布５丁目,2020-08-19,14,道路上,その他,30歳代,その他,施錠した
窃盗,自転車盗,麻布,盛岡町交番,131032,東京都,港区,南麻布５丁目,2020-10-25,16,その他の住宅（３階建て以下共同住宅等）,その他,30歳代,その他,施錠した
窃盗,自転車盗,麻布,盛岡町交番,131032,東京都,港区,南麻布５丁目,2020-11-08,18,道路上,その他,40歳代,その他,施錠した
窃盗,自転車盗,麻布,西麻布交番,131032,東京都,港区,西麻布１丁目,2020-02-18,01,その他,駐車（輪）場,20歳代,その他,施錠した
窃盗,自転車盗,麻布,西麻布交番,131032,東京都,港区,西麻布１丁目,2020-12-04,17,その他,駐車（輪）場,40歳代,その他,施錠した
窃盗,自転車盗,麻布,西麻布交番,131032,東京都,港区,西麻布３丁目,2020-05-07,09,その他,その他,20歳代,その他,施錠した
窃盗,自転車盗,麻布,西麻布交番,131032,東京都,港区,六本木７丁目,2020-06-18,20,駐車（輪）場,駐車（輪）場,40歳代,その他,施錠した
窃盗,自転車盗,麻布,六本木交番,131032,東京都,港区,六本木１丁目,2019-12-19,13,道路上,その他,70歳以上,その他,施錠した
窃盗,自転車盗,麻布,六本木交番,131032,東京都,港区,六本木１丁目,2020-05-12,15,道路上,その他,50歳代,その他,施錠した
窃盗,自転車盗,麻布,六本木交番,131032,東京都,港区,六本木１丁目,2020-11-09,10,道路上,その他,40歳代,その他,施錠した
窃盗,自転車盗,麻布,六本木交番,131032,東京都,港区,六本木２丁目,2020-07-24,16,道路上,その他,40歳代,その他,施錠した
窃盗,自転車盗,麻布,六本木交番,131032,東京都,港区,六本木３丁目,2019-12-28,18,道路上,その他,50歳代,その他,施錠した
窃盗,自転車盗,麻布,六本木交番,131032,東京都,港区,六本木３丁目,2020-06-22,08,道路上,その他,20歳代,その他,施錠した
窃盗,自転車盗,麻布,六本木交番,131032,東京都,港区,六本木３丁目,2020-08-05,23,道路上,その他,30歳代,その他,施錠した
窃盗,自転車盗,麻布,六本木交番,131032,東京都,港区,六本木３丁目,2020-08-23,18,４階建て以上共同住宅,その他,40歳代,その他,施錠した
窃盗,自転車盗,麻布,六本木交番,131032,東京都,港区,六本木４丁目,2020-02-21,18,道路上,その他,50歳代,その他,施錠した
窃盗,自転車盗,麻布,六本木交番,131032,東京都,港区,六本木５丁目,2020-09-14,16,道路上,その他,30歳代,その他,施錠した
窃盗,自転車盗,麻布,六本木交番,131032,東京都,港区,六本木６丁目,2020-10-14,17,道路上,その他,法人・団体、被害者なし,法人・団体、被害者なし,施錠した
窃盗,自転車盗,麻布,六本木六丁目交番,131032,東京都,港区,六本木６丁目,2019-12-25,08,道路上,その他,20歳代,その他,施錠した
窃盗,自転車盗,麻布,六本木六丁目交番,131032,東京都,港区,六本木６丁目,2020-06-27,14,道路上,その他,30歳代,その他,施錠した
窃盗,自転車盗,麻布,六本木六丁目交番,131032,東京都,港区,六本木７丁目,2020-02-14,07,駐車（輪）場,駐車（輪）場,20歳代,その他,施錠した
窃盗,自転車盗,赤坂,赤坂見附交番,131032,東京都,港区,赤坂３丁目,2020-04-06,20,道路上,その他,50歳代,その他,施錠した
窃盗,自転車盗,赤坂,赤坂見附交番,131032,東京都,港区,赤坂３丁目,2020-04-19,10,駐車（輪）場,駐車（輪）場,30歳代,その他,施錠した
窃盗,自転車盗,赤坂,赤坂見附交番,131032,東京都,港区,赤坂３丁目,2020-07-11,11,道路上,その他,40歳代,その他,施錠した
窃盗,自転車盗,赤坂,赤坂見附交番,131032,東京都,港区,赤坂４丁目,2020-04-04,08,道路上,その他,40歳代,その他,施錠した
窃盗,自転車盗,赤坂,青山一丁目交番,131032,東京都,港区,赤坂８丁目,2019-12-29,23,道路上,その他,30歳代,その他,施錠した
窃盗,自転車盗,赤坂,青山一丁目交番,131032,東京都,港区,北青山１丁目,2020-05-02,23,４階建て以上共同住宅,その他,50歳代,その他,施錠した
窃盗,自転車盗,赤坂,青山一丁目交番,131032,東京都,港区,北青山１丁目,2020-07-16,03,道路上,その他,30歳代,その他,施錠した
窃盗,自転車盗,赤坂,青山一丁目交番,131032,東京都,港区,北青山２丁目,2020-10-16,15,道路上,その他,20歳代,大学生,施錠した
窃盗,自転車盗,赤坂,青山一丁目交番,131032,東京都,港区,北青山３丁目,2019-08-22,15,道路上,その他,40歳代,その他,施錠した
窃盗,自転車盗,赤坂,青山一丁目交番,131032,東京都,港区,南青山１丁目,2020-06-04,19,４階建て以上共同住宅,その他,40歳代,その他,施錠した
窃盗,自転車盗,赤坂,青山一丁目交番,131032,東京都,港区,南青山１丁目,2020-06-15,16,道路上,その他,40歳代,その他,施錠した
窃盗,自転車盗,赤坂,青山一丁目交番,131032,東京都,港区,南青山２丁目,2020-06-09,12,道路上,その他,40歳代,その他,施錠した
窃盗,自転車盗,赤坂,青山一丁目交番,131032,東京都,港区,南青山２丁目,2020-07-18,17,道路上,その他,30歳代,その他,施錠した
窃盗,自転車盗,赤坂,青山一丁目交番,131032,東京都,港区,南青山３丁目,2020-10-27,12,４階建て以上共同住宅,駐車（輪）場,70歳以上,その他,施錠した
窃盗,自転車盗,赤坂,表参道交番,131032,東京都,港区,北青山２丁目,2020-02-10,18,その他,その他,法人・団体、被害者なし,法人・団体、被害者なし,施錠した
窃盗,自転車盗,赤坂,表参道交番,131032,東京都,港区,南青山３丁目,2019-12-24,23,道路上,その他,30歳代,その他,施錠した
窃盗,自転車盗,赤坂,表参道交番,131032,東京都,港区,南青山４丁目,2020-03-04,11,その他,駐車（輪）場,20歳代,その他,施錠した
窃盗,自転車盗,赤坂,表参道交番,131032,東京都,港区,南青山４丁目,2020-06-14,12,４階建て以上共同住宅,駐車（輪）場,70歳以上,その他,施錠した
窃盗,自転車盗,赤坂,表参道交番,131032,東京都,港区,南青山４丁目,2020-07-21,14,道路上,その他,30歳代,その他,施錠した
窃盗,自転車盗,赤坂,表参道交番,131032,東京都,港区,南青山６丁目,2020-11-04,15,４階建て以上共同住宅,駐車（輪）場,30歳代,その他,施錠した
窃盗,自転車盗,赤坂,表参道交番,131032,東京都,港区,南青山７丁目,2020-07-09,13,４階建て以上共同住宅,駐車（輪）場,20歳代,その他,施錠した
窃盗,自転車盗,赤坂,赤坂五丁目交番,131032,東京都,港区,赤坂１丁目,2020-06-20,18,道路上,その他,10歳代,中学生,施錠した
窃盗,自転車盗,赤坂,赤坂五丁目交番,131032,東京都,港区,赤坂２丁目,2020-09-08,22,その他,駐車（輪）場,20歳代,大学生,施錠した
窃盗,自転車盗,赤坂,赤坂五丁目交番,131032,東京都,港区,赤坂５丁目,2020-05-11,10,駐車（輪）場,駐車（輪）場,20歳代,その他,施錠した
窃盗,自転車盗,赤坂,赤坂五丁目交番,131032,東京都,港区,赤坂７丁目,2019-12-03,15,道路上,その他,30歳代,その他,施錠した
窃盗,自転車盗,赤坂,赤坂五丁目交番,131032,東京都,港区,赤坂９丁目,2020-04-23,20,道路上,その他,30歳代,その他,施錠した
窃盗,自転車盗,東京湾岸,第五台場交番,131032,東京都,港区,港南５丁目,2019-11-13,21,道路上,その他,40歳代,その他,施錠した
窃盗,自転車盗,東京湾岸,お台場海浜公園駅前交番,131032,東京都,港区,台場１丁目,2019-11-05,07,道路上,その他,10歳代,高校生,施錠した
窃盗,自転車盗,東京湾岸,お台場海浜公園駅前交番,131032,東京都,港区,台場１丁目,2019-11-30,07,道路上,その他,10歳代,中学生,施錠した
窃盗,自転車盗,東京湾岸,お台場海浜公園駅前交番,131032,東京都,港区,台場１丁目,2020-03-18,20,道路上,その他,50歳代,その他,施錠した
窃盗,自転車盗,東京湾岸,お台場海浜公園駅前交番,131032,東京都,港区,台場２丁目,2019-10-10,21,駐車（輪）場,駐車（輪）場,40歳代,その他,施錠した
窃盗,自転車盗,東京湾岸,お台場海浜公園駅前交番,131032,東京都,港区,台場２丁目,2019-11-17,07,駐車（輪）場,駐車（輪）場,10歳代,高校生,施錠した
窃盗,自転車盗,東京湾岸,お台場海浜公園駅前交番,131032,東京都,港区,台場２丁目,2019-11-27,13,駐車（輪）場,駐車（輪）場,30歳代,その他,施錠した
窃盗,自転車盗,東京湾岸,お台場海浜公園駅前交番,131032,東京都,港区,台場２丁目,2020-03-06,17,駐車（輪）場,駐車（輪）場,40歳代,その他,施錠した
窃盗,自転車盗,東京湾岸,お台場海浜公園駅前交番,131083,東京都,江東区,青海１丁目,2020-02-08,19,駐車（輪）場,駐車（輪）場,50歳代,その他,施錠した
窃盗,自転車盗,東京湾岸,都橋交番,131083,東京都,江東区,有明１丁目,2020-05-22,09,４階建て以上共同住宅,駐車（輪）場,20歳代,その他,施錠した
窃盗,自転車盗,東京湾岸,都橋交番,131083,東京都,江東区,有明２丁目,2020-07-01,15,道路上,その他,20歳代,大学生,施錠した
窃盗,自転車盗,東京湾岸,都橋交番,131083,東京都,江東区,有明２丁目,2020-07-21,20,道路上,その他,50歳代,その他,施錠した
窃盗,自転車盗,東京湾岸,都橋交番,131083,東京都,江東区,有明２丁目,2020-10-27,16,道路上,その他,40歳代,その他,施錠した
窃盗,自転車盗,東京湾岸,都橋交番,131083,東京都,江東区,有明２丁目,2020-11-19,10,その他,駐車（輪）場,20歳代,大学生,施錠した
窃盗,自転車盗,東京湾岸,都橋交番,131083,東京都,江東区,有明３丁目,2019-11-04,10,道路上,その他,40歳代,その他,施錠した
窃盗,自転車盗,東京湾岸,都橋交番,131083,東京都,江東区,東雲１丁目,2019-11-30,11,駐車（輪）場,駐車（輪）場,20歳代,その他,施錠した
窃盗,自転車盗,東京湾岸,都橋交番,131083,東京都,江東区,東雲１丁目,2020-05-01,17,４階建て以上共同住宅,駐車（輪）場,50歳代,その他,施錠した
窃盗,自転車盗,東京湾岸,都橋交番,131083,東京都,江東区,東雲１丁目,2020-05-03,14,４階建て以上共同住宅,駐車（輪）場,30歳代,その他,施錠した
窃盗,自転車盗,東京湾岸,都橋交番,131083,東京都,江東区,東雲１丁目,2020-05-29,09,４階建て以上共同住宅,駐車（輪）場,70歳以上,その他,施錠した
窃盗,自転車盗,東京湾岸,都橋交番,131083,東京都,江東区,東雲１丁目,2020-09-18,17,道路上,その他,50歳代,その他,施錠した
窃盗,自転車盗,東京湾岸,都橋交番,131083,東京都,江東区,東雲１丁目,2020-09-20,10,その他,駐車（輪）場,70歳以上,その他,施錠した
窃盗,自転車盗,東京湾岸,都橋交番,131083,東京都,江東区,東雲２丁目,2020-02-01,22,駐車（輪）場,駐車（輪）場,10歳代,高校生,施錠した
窃盗,自転車盗,東京湾岸,都橋交番,131083,東京都,江東区,東雲２丁目,2020-02-14,19,駐車（輪）場,駐車（輪）場,40歳代,その他,施錠した
窃盗,自転車盗,東京湾岸,都橋交番,131083,東京都,江東区,東雲２丁目,2020-05-30,20,駐車（輪）場,駐車（輪）場,30歳代,その他,施錠した
窃盗,自転車盗,東京湾岸,辰巳交番,131083,東京都,江東区,辰巳１丁目,2019-12-27,19,駐車（輪）場,駐車（輪）場,50歳代,その他,施錠した
窃盗,自転車盗,東京湾岸,辰巳交番,131083,東京都,江東区,辰巳１丁目,2020-02-04,19,駐車（輪）場,駐車（輪）場,65-69歳,その他,施錠した
窃盗,自転車盗,東京湾岸,辰巳交番,131083,東京都,江東区,辰巳１丁目,2020-02-10,13,道路上,その他,70歳以上,その他,施錠した
窃盗,自転車盗,東京湾岸,辰巳交番,131083,東京都,江東区,辰巳１丁目,2020-04-10,16,道路上,その他,10歳代,高校生,施錠した
窃盗,自転車盗,東京湾岸,辰巳交番,131083,東京都,江東区,辰巳１丁目,2020-06-12,18,４階建て以上共同住宅,駐車（輪）場,30歳代,その他,施錠した
窃盗,自転車盗,東京湾岸,辰巳交番,131083,東京都,江東区,辰巳２丁目,2019-12-22,08,４階建て以上共同住宅,駐車（輪）場,70歳以上,その他,施錠した
窃盗,自転車盗,東京湾岸,新木場駅前交番,131083,東京都,江東区,新木場１丁目,2020-03-16,15,駐車（輪）場,駐車（輪）場,10歳代,中学生,施錠した
窃盗,自転車盗,品川,台場交番,131091,東京都,品川区,北品川１丁目,2019-12-18,08,その他,駐車（輪）場,30歳代,その他,施錠した
窃盗,自転車盗,品川,台場交番,131091,東京都,品川区,北品川１丁目,2020-10-29,15,道路上,その他,10歳代,中学生,施錠した
窃盗,自転車盗,品川,台場交番,131091,東京都,品川区,北品川１丁目,2020-10-31,16,４階建て以上共同住宅,駐車（輪）場,10歳代,小学生,施錠した
窃盗,自転車盗,品川,台場交番,131091,東京都,品川区,北品川２丁目,2019-12-13,18,４階建て以上共同住宅,駐車（輪）場,30歳代,その他,施錠した
窃盗,自転車盗,品川,台場交番,131091,東京都,品川区,北品川２丁目,2020-04-24,18,駐車（輪）場,駐車（輪）場,40歳代,その他,施錠した
窃盗,自転車盗,品川,台場交番,131091,東京都,品川区,北品川２丁目,2020-09-18,19,駐車（輪）場,駐車（輪）場,30歳代,その他,施錠した
窃盗,自転車盗,品川,台場交番,131091,東京都,品川区,北品川２丁目,2020-10-19,06,駐車（輪）場,駐車（輪）場,30歳代,その他,施錠した
窃盗,自転車盗,品川,御殿山交番,131091,東京都,品川区,北品川３丁目,2020-04-07,19,駐車（輪）場,駐車（輪）場,40歳代,その他,施錠した
窃盗,自転車盗,品川,御殿山交番,131091,東京都,品川区,東五反田２丁目,2020-01-30,16,４階建て以上共同住宅,駐車（輪）場,30歳代,その他,施錠した
窃盗,自転車盗,品川,三ツ木交番,131091,東京都,品川区,西品川１丁目,2020-03-06,14,その他,その他,10歳代,中学生,施錠した
窃盗,自転車盗,品川,三ツ木交番,131091,東京都,品川区,西品川２丁目,2019-12-24,18,４階建て以上共同住宅,駐車（輪）場,40歳代,その他,施錠した
窃盗,自転車盗,品川,三ツ木交番,131091,東京都,品川区,西品川２丁目,2020-08-10,00,４階建て以上共同住宅,駐車（輪）場,20歳代,その他,施錠した
窃盗,自転車盗,品川,三ツ木交番,131091,東京都,品川区,西品川３丁目,2020-01-07,22,駐車（輪）場,駐車（輪）場,20歳代,その他,施錠した
窃盗,自転車盗,品川,三ツ木交番,131091,東京都,品川区,西品川３丁目,2020-06-04,19,道路上,その他,30歳代,その他,施錠した
窃盗,自転車盗,品川,青物横丁駅前交番,131091,東京都,品川区,東品川３丁目,2019-12-13,12,４階建て以上共同住宅,駐車（輪）場,70歳以上,その他,施錠した
窃盗,自転車盗,品川,青物横丁駅前交番,131091,東京都,品川区,東品川３丁目,2020-01-18,16,４階建て以上共同住宅,駐車（輪）場,10歳代,中学生,施錠した
窃盗,自転車盗,品川,青物横丁駅前交番,131091,東京都,品川区,東品川３丁目,2020-07-31,13,４階建て以上共同住宅,駐車（輪）場,30歳代,その他,施錠した
窃盗,自転車盗,品川,青物横丁駅前交番,131091,東京都,品川区,南品川２丁目,2020-01-12,11,道路上,その他,60-64歳,その他,施錠した
窃盗,自転車盗,品川,青物横丁駅前交番,131091,東京都,品川区,南品川２丁目,2020-08-24,14,駐車（輪）場,駐車（輪）場,60-64歳,その他,施錠した
窃盗,自転車盗,品川,青物横丁駅前交番,131091,東京都,品川区,南品川３丁目,2020-05-31,18,４階建て以上共同住宅,駐車（輪）場,30歳代,その他,施錠した
窃盗,自転車盗,品川,青物横丁駅前交番,131091,東京都,品川区,南品川３丁目,2020-09-19,10,道路上,その他,65-69歳,その他,施錠した
窃盗,自転車盗,品川,青物横丁駅前交番,131091,東京都,品川区,南品川３丁目,2020-11-07,21,４階建て以上共同住宅,駐車（輪）場,20歳代,その他,施錠した
窃盗,自転車盗,品川,青物横丁駅前交番,131091,東京都,品川区,南品川４丁目,2019-12-28,20,４階建て以上共同住宅,駐車（輪）場,20歳代,その他,施錠した
窃盗,自転車盗,品川,青物横丁駅前交番,131091,東京都,品川区,南品川４丁目,2020-11-04,08,４階建て以上共同住宅,駐車（輪）場,40歳代,その他,施錠した
窃盗,自転車盗,品川,青物横丁駅前交番,131091,東京都,品川区,南品川５丁目,2020-06-06,16,道路上,その他,50歳代,その他,施錠した
窃盗,自転車盗,品川,青物横丁駅前交番,131091,東京都,品川区,南品川５丁目,2020-06-08,19,一戸建住宅,その他,50歳代,その他,施錠した
窃盗,自転車盗,品川,青物横丁駅前交番,131091,東京都,品川区,南品川６丁目,2019-11-13,09,一戸建住宅,その他,40歳代,その他,施錠した
窃盗,自転車盗,大井,鹿島神社前交番,131091,東京都,品川区,大井４丁目,2020-04-04,11,その他の住宅（３階建て以下共同住宅等）,駐車（輪）場,30歳代,その他,施錠した
窃盗,自転車盗,大井,鹿島神社前交番,131091,東京都,品川区,大井５丁目,2020-06-07,16,その他の住宅（３階建て以下共同住宅等）,駐車（輪）場,20歳代,その他,施錠した
窃盗,自転車盗,大井,鹿島神社前交番,131091,東京都,品川区,大井７丁目,2019-12-20,08,４階建て以上共同住宅,駐車（輪）場,65-69歳,その他,施錠した
窃盗,自転車盗,大井,鹿島神社前交番,131091,東京都,品川区,大井７丁目,2020-07-04,16,その他の住宅（３階建て以下共同住宅等）,駐車（輪）場,20歳代,その他,施錠した
窃盗,自転車盗,大井,大井町駅前交番,131091,東京都,品川区,大井１丁目,2019-12-26,12,その他,駐車（輪）場,70歳以上,その他,施錠した
窃盗,自転車盗,大井,大井町駅前交番,131091,東京都,品川区,大井１丁目,2020-02-26,19,道路上,その他,10歳代,中学生,施錠した
窃盗,自転車盗,大井,大井町駅前交番,131091,東京都,品川区,大井１丁目,2020-04-03,19,その他,駐車（輪）場,60-64歳,その他,施錠した
窃盗,自転車盗,大井,大井町駅前交番,131091,東京都,品川区,大井１丁目,2020-05-12,08,道路上,その他,50歳代,その他,施錠した
窃盗,自転車盗,大井,大井町駅前交番,131091,東京都,品川区,大井１丁目,2020-08-01,不明,その他,駐車（輪）場,30歳代,その他,施錠した
窃盗,自転車盗,大井,大井町駅前交番,131091,東京都,品川区,大井１丁目,2020-08-11,09,その他,駐車（輪）場,10歳代,高校生,施錠した
窃盗,自転車盗,大井,大井町駅前交番,131091,東京都,品川区,大井１丁目,2020-10-23,20,４階建て以上共同住宅,駐車（輪）場,30歳代,その他,施錠した
窃盗,自転車盗,大井,大井町駅前交番,131091,東京都,品川区,大井１丁目,2020-10-30,16,道路上,その他,70歳以上,その他,施錠した
窃盗,自転車盗,大井,大井町駅前交番,131091,東京都,品川区,大井５丁目,2019-12-16,08,その他,駐車（輪）場,50歳代,その他,施錠した
窃盗,自転車盗,大井,大井町駅前交番,131091,東京都,品川区,東大井５丁目,2020-05-17,16,４階建て以上共同住宅,駐車（輪）場,40歳代,その他,施錠した
窃盗,自転車盗,大井,大井町駅前交番,131091,東京都,品川区,東大井６丁目,2020-10-01,20,道路上,その他,20歳代,その他,施錠した
窃盗,自転車盗,大井,立会川交番,131091,東京都,品川区,勝島１丁目,2020-03-02,18,その他,駐車（輪）場,20歳代,その他,施錠した
窃盗,自転車盗,大井,立会川交番,131091,東京都,品川区,東大井１丁目,2019-12-15,17,４階建て以上共同住宅,駐車（輪）場,20歳代,その他,施錠した
窃盗,自転車盗,大井,立会川交番,131091,東京都,品川区,東大井１丁目,2020-03-09,22,駐車（輪）場,駐車（輪）場,20歳代,その他,施錠した
窃盗,自転車盗,大井,立会川交番,131091,東京都,品川区,東大井２丁目,2020-01-29,20,その他,駐車（輪）場,30歳代,その他,施錠した
窃盗,自転車盗,大井,立会川交番,131091,東京都,品川区,東大井２丁目,2020-02-26,09,道路上,その他,20歳代,その他,施錠した
窃盗,自転車盗,大井,立会川交番,131091,東京都,品川区,東大井３丁目,2020-04-10,10,道路上,その他,20歳代,その他,施錠した
窃盗,自転車盗,大井,立会川交番,131091,東京都,品川区,南大井１丁目,2020-02-29,09,４階建て以上共同住宅,その他,10歳代,その他,施錠した
窃盗,自転車盗,大井,立会川交番,131091,東京都,品川区,南大井１丁目,2020-11-14,09,４階建て以上共同住宅,駐車（輪）場,40歳代,その他,施錠した
窃盗,自転車盗,大井,立会川交番,131091,東京都,品川区,南大井４丁目,2020-02-16,16,道路上,その他,30歳代,その他,施錠した
窃盗,自転車盗,大井,立会川交番,131091,東京都,品川区,南大井６丁目,2020-05-12,14,その他,駐車（輪）場,10歳代,高校生,施錠した
窃盗,自転車盗,大井,南大井交番,131091,東京都,品川区,南大井２丁目,2020-05-01,17,４階建て以上共同住宅,駐車（輪）場,50歳代,その他,施錠した
窃盗,自転車盗,大井,南大井交番,131091,東京都,品川区,南大井３丁目,2020-02-12,18,４階建て以上共同住宅,駐車（輪）場,30歳代,その他,施錠した
窃盗,自転車盗,大井,南大井交番,131091,東京都,品川区,南大井３丁目,2020-03-16,20,４階建て以上共同住宅,駐車（輪）場,10歳代,高校生,施錠した
窃盗,自転車盗,大井,南大井交番,131091,東京都,品川区,南大井３丁目,2020-05-03,11,４階建て以上共同住宅,駐車（輪）場,30歳代,その他,施錠した
窃盗,自転車盗,大井,南大井交番,131091,東京都,品川区,南大井３丁目,2020-09-14,22,４階建て以上共同住宅,駐車（輪）場,10歳代,高校生,施錠した
窃盗,自転車盗,大井,南大井交番,131091,東京都,品川区,南大井５丁目,2019-09-28,10,４階建て以上共同住宅,駐車（輪）場,30歳代,その他,施錠した
窃盗,自転車盗,大井,南大井交番,131091,東京都,品川区,南大井５丁目,2020-05-27,15,４階建て以上共同住宅,駐車（輪）場,40歳代,その他,施錠した
窃盗,自転車盗,大井,南大井交番,131091,東京都,品川区,南大井６丁目,2020-01-13,13,その他,駐車（輪）場,10歳代,中学生,施錠した
窃盗,自転車盗,大井,南大井交番,131091,東京都,品川区,南大井６丁目,2020-03-15,18,その他,駐車（輪）場,40歳代,その他,施錠した
窃盗,自転車盗,大井,南大井交番,131091,東京都,品川区,南大井６丁目,2020-03-20,23,駐車（輪）場,駐車（輪）場,40歳代,その他,施錠した
窃盗,自転車盗,大井,南大井交番,131091,東京都,品川区,南大井６丁目,2020-03-25,16,その他の住宅（３階建て以下共同住宅等）,駐車（輪）場,50歳代,その他,施錠した
窃盗,自転車盗,大井,南大井交番,131091,東京都,品川区,南大井６丁目,2020-08-05,01,道路上,その他,20歳代,その他,施錠した
窃盗,自転車盗,大井,西大井駅前交番,131091,東京都,品川区,西大井１丁目,2020-03-28,08,駐車（輪）場,駐車（輪）場,40歳代,その他,施錠した
窃盗,自転車盗,大井,西大井駅前交番,131091,東京都,品川区,西大井１丁目,2020-04-17,17,駐車（輪）場,駐車（輪）場,50歳代,その他,施錠した
窃盗,自転車盗,大井,西大井駅前交番,131091,東京都,品川区,西大井１丁目,2020-06-14,17,道路上,その他,20歳代,その他,施錠した
窃盗,自転車盗,大井,西大井駅前交番,131091,東京都,品川区,西大井２丁目,2020-03-05,20,４階建て以上共同住宅,駐車（輪）場,10歳代,中学生,施錠した
窃盗,自転車盗,大井,西大井駅前交番,131091,東京都,品川区,西大井２丁目,2020-06-25,23,一戸建住宅,駐車（輪）場,70歳以上,その他,施錠した
窃盗,自転車盗,大井,西大井駅前交番,131091,東京都,品川区,西大井２丁目,2020-11-05,00,その他の住宅（３階建て以下共同住宅等）,駐車（輪）場,20歳代,その他,施錠した
窃盗,自転車盗,大井,西大井駅前交番,131091,東京都,品川区,西大井３丁目,2017-04-11,不明,その他の住宅（３階建て以下共同住宅等）,駐車（輪）場,30歳代,その他,施錠した
窃盗,自転車盗,大井,西大井駅前交番,131091,東京都,品川区,西大井５丁目,2020-10-20,18,道路上,その他,70歳以上,その他,施錠した
窃盗,自転車盗,大井,八潮団地交番,131091,東京都,品川区,大井２丁目,2020-07-11,21,道路上,その他,65-69歳,その他,施錠した
窃盗,自転車盗,大井,八潮団地交番,131091,東京都,品川区,八潮５丁目,2020-04-26,14,４階建て以上共同住宅,駐車（輪）場,40歳代,その他,施錠した
窃盗,自転車盗,大井,八潮団地交番,131091,東京都,品川区,八潮５丁目,2020-08-02,18,４階建て以上共同住宅,駐車（輪）場,50歳代,その他,施錠した
窃盗,自転車盗,大井,八潮団地交番,131091,東京都,品川区,八潮５丁目,2020-11-01,15,４階建て以上共同住宅,駐車（輪）場,20歳代,その他,施錠した
窃盗,自転車盗,大井,八潮団地交番,131091,東京都,品川区,八潮５丁目,2020-11-26,18,４階建て以上共同住宅,駐車（輪）場,10歳代,中学生,施錠した
窃盗,自転車盗,大崎,五反田駅前交番,131091,東京都,品川区,西五反田１丁目,2020-05-23,17,道路上,その他,30歳代,その他,施錠した
窃盗,自転車盗,大崎,五反田駅前交番,131091,東京都,品川区,西五反田１丁目,2020-05-31,15,道路上,その他,20歳代,その他,施錠した
窃盗,自転車盗,大崎,五反田駅前交番,131091,東京都,品川区,西五反田１丁目,2020-07-19,11,道路上,その他,40歳代,その他,施錠した
窃盗,自転車盗,大崎,五反田駅前交番,131091,東京都,品川区,西五反田１丁目,2020-07-21,18,道路上,その他,20歳代,その他,施錠した
窃盗,自転車盗,大崎,五反田駅前交番,131091,東京都,品川区,西五反田１丁目,2020-09-23,09,道路上,その他,30歳代,その他,施錠した
窃盗,自転車盗,大崎,五反田駅前交番,131091,東京都,品川区,西五反田１丁目,2020-10-19,08,道路上,その他,20歳代,その他,施錠した
窃盗,自転車盗,大崎,五反田駅前交番,131091,東京都,品川区,西五反田２丁目,2020-06-26,16,道路上,その他,10歳代,高校生,施錠した
窃盗,自転車盗,大崎,五反田駅前交番,131091,東京都,品川区,西五反田２丁目,2020-06-26,17,４階建て以上共同住宅,駐車（輪）場,20歳代,その他,施錠した
窃盗,自転車盗,大崎,五反田駅前交番,131091,東京都,品川区,西五反田２丁目,2020-08-25,08,駐車（輪）場,駐車（輪）場,20歳代,その他,施錠した
窃盗,自転車盗,大崎,五反田駅前交番,131091,東京都,品川区,西五反田２丁目,2020-08-25,09,道路上,その他,20歳代,大学生,施錠した
窃盗,自転車盗,大崎,五反田駅前交番,131091,東京都,品川区,西五反田２丁目,2020-10-13,18,道路上,その他,20歳代,その他,施錠した
窃盗,自転車盗,大崎,五反田駅前交番,131091,東京都,品川区,西五反田２丁目,2020-11-01,11,道路上,その他,30歳代,その他,施錠した
窃盗,自転車盗,大崎,五反田駅前交番,131091,東京都,品川区,東五反田１丁目,2020-05-14,09,道路上,その他,60-64歳,その他,施錠した
窃盗,自転車盗,大崎,五反田駅前交番,131091,東京都,品川区,東五反田１丁目,2020-06-26,14,道路上,その他,30歳代,その他,施錠した
窃盗,自転車盗,大崎,五反田駅前交番,131091,東京都,品川区,東五反田２丁目,2020-02-28,21,道路上,その他,20歳代,その他,施錠した
窃盗,自転車盗,大崎,五反田駅前交番,131091,東京都,品川区,東五反田２丁目,2020-04-01,02,道路上,その他,30歳代,その他,施錠した
窃盗,自転車盗,大崎,五反田駅前交番,131091,東京都,品川区,東五反田４丁目,2019-12-30,12,４階建て以上共同住宅,駐車（輪）場,30歳代,その他,施錠した
窃盗,自転車盗,大崎,五反田駅前交番,131091,東京都,品川区,東五反田５丁目,2020-01-06,14,駐車（輪）場,駐車（輪）場,30歳代,その他,施錠した
窃盗,自転車盗,大崎,五反田駅前交番,131091,東京都,品川区,東五反田５丁目,2020-03-18,22,道路上,その他,50歳代,その他,施錠した
窃盗,自転車盗,大崎,五反田駅前交番,131091,東京都,品川区,東五反田５丁目,2020-10-11,13,道路上,その他,40歳代,その他,施錠した
窃盗,自転車盗,大崎,大崎駅前交番,131091,東京都,品川区,大崎１丁目,2020-08-21,07,駐車（輪）場,駐車（輪）場,30歳代,その他,施錠した
窃盗,自転車盗,大崎,大崎駅前交番,131091,東京都,品川区,大崎３丁目,2020-07-03,21,４階建て以上共同住宅,駐車（輪）場,40歳代,その他,施錠した
窃盗,自転車盗,大崎,大崎駅前交番,131091,東京都,品川区,大崎３丁目,2020-08-28,12,道路上,その他,30歳代,その他,施錠した
窃盗,自転車盗,大崎,大崎駅前交番,131091,東京都,品川区,大崎３丁目,2020-10-24,19,４階建て以上共同住宅,駐車（輪）場,20歳代,その他,施錠した
窃盗,自転車盗,大崎,大崎駅前交番,131091,東京都,品川区,大崎４丁目,2020-02-12,20,その他,駐車（輪）場,40歳代,その他,施錠した
窃盗,自転車盗,大崎,大崎駅前交番,131091,東京都,品川区,大崎４丁目,2020-06-22,09,４階建て以上共同住宅,駐車（輪）場,20歳代,その他,施錠した
窃盗,自転車盗,大崎,中原口交番,131091,東京都,品川区,西五反田７丁目,2020-04-04,07,駐車（輪）場,駐車（輪）場,60-64歳,その他,施錠した
窃盗,自転車盗,大崎,中原口交番,131091,東京都,品川区,西五反田７丁目,2020-09-14,15,駐車（輪）場,駐車（輪）場,20歳代,その他,施錠した
窃盗,自転車盗,大崎,中原口交番,131091,東京都,品川区,西五反田７丁目,2020-11-14,09,その他,駐車（輪）場,70歳以上,その他,施錠した
窃盗,自転車盗,大崎,西五反田交番,131091,東京都,品川区,荏原１丁目,2020-03-24,17,４階建て以上共同住宅,駐車（輪）場,20歳代,大学生,施錠した
窃盗,自転車盗,大崎,西五反田交番,131091,東京都,品川区,大崎３丁目,2020-06-07,08,駐車（輪）場,駐車（輪）場,70歳以上,その他,施錠した
窃盗,自転車盗,大崎,西五反田交番,131091,東京都,品川区,西五反田３丁目,2020-02-08,18,道路上,その他,20歳代,その他,施錠した
窃盗,自転車盗,大崎,西五反田交番,131091,東京都,品川区,西五反田３丁目,2020-02-26,00,４階建て以上共同住宅,駐車（輪）場,20歳代,その他,施錠した
窃盗,自転車盗,大崎,西五反田交番,131091,東京都,品川区,西五反田３丁目,2020-04-02,17,４階建て以上共同住宅,駐車（輪）場,40歳代,その他,施錠した
窃盗,自転車盗,大崎,西五反田交番,131091,東京都,品川区,西五反田３丁目,2020-06-08,07,道路上,その他,20歳代,その他,施錠した
窃盗,自転車盗,大崎,西五反田交番,131091,東京都,品川区,西五反田３丁目,2020-06-25,12,４階建て以上共同住宅,駐車（輪）場,20歳代,その他,施錠した
窃盗,自転車盗,大崎,西五反田交番,131091,東京都,品川区,西五反田３丁目,2020-09-15,16,駐車（輪）場,駐車（輪）場,法人・団体、被害者なし,法人・団体、被害者なし,施錠した
窃盗,自転車盗,大崎,西五反田交番,131091,東京都,品川区,西五反田３丁目,2020-10-03,20,道路上,その他,10歳代,中学生,施錠した
窃盗,自転車盗,大崎,西五反田交番,131091,東京都,品川区,西五反田４丁目,2020-01-18,18,４階建て以上共同住宅,駐車（輪）場,50歳代,その他,施錠した
窃盗,自転車盗,大崎,西五反田交番,131091,東京都,品川区,西五反田４丁目,2020-01-26,19,一戸建住宅,駐車（輪）場,30歳代,その他,施錠した
窃盗,自転車盗,大崎,西五反田交番,131091,東京都,品川区,西五反田４丁目,2020-05-18,10,４階建て以上共同住宅,駐車（輪）場,20歳代,その他,施錠した
窃盗,自転車盗,大崎,西五反田交番,131091,東京都,品川区,西五反田４丁目,2020-06-25,18,その他の住宅（３階建て以下共同住宅等）,駐車（輪）場,20歳代,その他,施錠した
窃盗,自転車盗,大崎,西五反田交番,131091,東京都,品川区,西五反田４丁目,2020-06-26,21,４階建て以上共同住宅,その他,30歳代,その他,施錠した
窃盗,自転車盗,大崎,西五反田交番,131091,東京都,品川区,西五反田４丁目,2020-10-11,12,駐車（輪）場,駐車（輪）場,50歳代,その他,施錠した
窃盗,自転車盗,大崎,西五反田交番,131091,東京都,品川区,西五反田５丁目,2019-12-27,08,駐車（輪）場,駐車（輪）場,30歳代,その他,施錠した
窃盗,自転車盗,大崎,西五反田交番,131091,東京都,品川区,西五反田５丁目,2020-02-08,16,道路上,その他,10歳代,大学生,施錠した
窃盗,自転車盗,大崎,西五反田交番,131091,東京都,品川区,西五反田５丁目,2020-09-22,16,一戸建住宅,駐車（輪）場,20歳代,その他,施錠した
窃盗,自転車盗,大崎,目黒駅前交番,131091,東京都,品川区,上大崎２丁目,2019-12-01,15,４階建て以上共同住宅,駐車（輪）場,40歳代,その他,施錠した
窃盗,自転車盗,大崎,目黒駅前交番,131091,東京都,品川区,上大崎２丁目,2020-03-10,12,駐車（輪）場,駐車（輪）場,20歳代,その他,施錠した
窃盗,自転車盗,大崎,目黒駅前交番,131091,東京都,品川区,上大崎２丁目,2020-07-29,20,道路上,その他,20歳代,大学生,施錠した
窃盗,自転車盗,大崎,目黒駅前交番,131091,東京都,品川区,上大崎２丁目,2020-10-03,09,道路上,その他,40歳代,その他,施錠した
窃盗,自転車盗,大崎,目黒駅前交番,131091,東京都,品川区,上大崎３丁目,2020-07-03,08,その他,駐車（輪）場,40歳代,その他,施錠した
窃盗,自転車盗,大崎,目黒駅前交番,131091,東京都,品川区,上大崎３丁目,2020-10-23,08,その他,駐車（輪）場,40歳代,その他,施錠した
窃盗,自転車盗,大崎,目黒駅前交番,131091,東京都,品川区,上大崎３丁目,2020-11-06,13,道路上,その他,40歳代,その他,施錠した
窃盗,自転車盗,大崎,目黒駅前交番,131091,東京都,品川区,上大崎４丁目,2020-09-06,12,その他,その他,30歳代,その他,施錠した
窃盗,自転車盗,大崎,目黒駅前交番,131091,東京都,品川区,上大崎４丁目,2020-12-04,17,４階建て以上共同住宅,駐車（輪）場,70歳以上,その他,施錠した
窃盗,自転車盗,荏原,荏原中延駅前交番,131091,東京都,品川区,荏原６丁目,2020-01-05,19,４階建て以上共同住宅,駐車（輪）場,30歳代,その他,施錠した
窃盗,自転車盗,荏原,荏原中延駅前交番,131091,東京都,品川区,荏原６丁目,2020-07-14,10,４階建て以上共同住宅,駐車（輪）場,50歳代,その他,施錠した
窃盗,自転車盗,荏原,荏原中延駅前交番,131091,東京都,品川区,戸越１丁目,2020-01-19,19,道路上,その他,40歳代,その他,施錠した
窃盗,自転車盗,荏原,荏原中延駅前交番,131091,東京都,品川区,中延２丁目,2020-03-15,17,４階建て以上共同住宅,駐車（輪）場,50歳代,その他,施錠した
窃盗,自転車盗,荏原,荏原中延駅前交番,131091,東京都,品川区,旗の台６丁目,2020-09-19,09,その他の住宅（３階建て以下共同住宅等）,駐車（輪）場,40歳代,その他,施錠した
窃盗,自転車盗,荏原,荏原中延駅前交番,131091,東京都,品川区,東中延２丁目,2020-02-26,07,道路上,その他,30歳代,その他,施錠した
窃盗,自転車盗,荏原,荏原中延駅前交番,131091,東京都,品川区,東中延２丁目,2020-03-05,08,その他,駐車（輪）場,50歳代,その他,施錠した
窃盗,自転車盗,荏原,荏原中延駅前交番,131091,東京都,品川区,東中延２丁目,2020-03-28,14,道路上,その他,30歳代,その他,施錠した
窃盗,自転車盗,荏原,荏原中延駅前交番,131091,東京都,品川区,東中延２丁目,2020-11-13,16,道路上,その他,70歳以上,その他,施錠した
窃盗,自転車盗,荏原,荏原中延駅前交番,131091,東京都,品川区,平塚１丁目,2020-02-27,01,４階建て以上共同住宅,駐車（輪）場,30歳代,その他,施錠した
窃盗,自転車盗,荏原,平塚橋交番,131091,東京都,品川区,荏原２丁目,2020-06-30,23,道路上,その他,40歳代,その他,施錠した
窃盗,自転車盗,荏原,平塚橋交番,131091,東京都,品川区,荏原３丁目,2020-06-15,19,道路上,その他,20歳代,その他,施錠した
窃盗,自転車盗,荏原,平塚橋交番,131091,東京都,品川区,荏原３丁目,2020-06-27,08,道路上,その他,30歳代,その他,施錠した
窃盗,自転車盗,荏原,平塚橋交番,131091,東京都,品川区,荏原３丁目,2020-08-23,08,道路上,その他,10歳代,高校生,施錠した
窃盗,自転車盗,荏原,平塚橋交番,131091,東京都,品川区,荏原３丁目,2020-09-22,14,道路上,その他,40歳代,その他,施錠した
窃盗,自転車盗,荏原,平塚橋交番,131091,東京都,品川区,荏原４丁目,2020-02-27,23,その他,駐車（輪）場,50歳代,その他,施錠した
窃盗,自転車盗,荏原,平塚橋交番,131091,東京都,品川区,荏原４丁目,2020-08-01,13,４階建て以上共同住宅,駐車（輪）場,40歳代,その他,施錠した
窃盗,自転車盗,荏原,平塚橋交番,131091,東京都,品川区,荏原４丁目,2020-08-16,14,道路上,その他,40歳代,その他,施錠した
窃盗,自転車盗,荏原,平塚橋交番,131091,東京都,品川区,小山３丁目,2020-01-04,10,道路上,その他,10歳代,高校生,施錠した
窃盗,自転車盗,荏原,平塚橋交番,131091,東京都,品川区,西中延１丁目,2020-01-26,10,その他,駐車（輪）場,20歳代,その他,施錠した
窃盗,自転車盗,荏原,平塚橋交番,131091,東京都,品川区,平塚２丁目,2020-01-13,09,道路上,その他,40歳代,その他,施錠した
窃盗,自転車盗,荏原,平塚橋交番,131091,東京都,品川区,平塚２丁目,2020-10-14,17,駐車（輪）場,駐車（輪）場,30歳代,その他,施錠した
窃盗,自転車盗,荏原,平塚橋交番,131091,東京都,品川区,平塚２丁目,2020-11-14,19,４階建て以上共同住宅,駐車（輪）場,40歳代,その他,施錠した
窃盗,自転車盗,荏原,平塚橋交番,131091,東京都,品川区,平塚３丁目,2020-01-25,11,駐車（輪）場,駐車（輪）場,20歳代,その他,施錠した
窃盗,自転車盗,荏原,平塚橋交番,131091,東京都,品川区,平塚３丁目,2020-10-16,16,その他の住宅（３階建て以下共同住宅等）,駐車（輪）場,30歳代,その他,施錠した
窃盗,自転車盗,荏原,戸越交番,131091,東京都,品川区,戸越２丁目,2020-01-11,08,道路上,その他,20歳代,その他,施錠した
窃盗,自転車盗,荏原,戸越交番,131091,東京都,品川区,戸越２丁目,2020-04-24,15,道路上,その他,70歳以上,その他,施錠した
窃盗,自転車盗,荏原,戸越交番,131091,東京都,品川区,戸越２丁目,2020-06-27,07,その他の住宅（３階建て以下共同住宅等）,その他,30歳代,その他,施錠した
窃盗,自転車盗,荏原,戸越交番,131091,東京都,品川区,戸越３丁目,2020-01-30,22,道路上,その他,30歳代,その他,施錠した
窃盗,自転車盗,荏原,戸越交番,131091,東京都,品川区,戸越４丁目,2020-11-28,19,その他,駐車（輪）場,50歳代,その他,施錠した
窃盗,自転車盗,荏原,戸越交番,131091,東京都,品川区,戸越６丁目,2019-12-12,12,道路上,その他,10歳代,高校生,施錠した
窃盗,自転車盗,荏原,戸越交番,131091,東京都,品川区,西品川２丁目,2020-04-06,01,駐車（輪）場,駐車（輪）場,30歳代,その他,施錠した
窃盗,自転車盗,荏原,戸越交番,131091,東京都,品川区,平塚１丁目,2020-08-08,12,駐車（輪）場,駐車（輪）場,20歳代,その他,施錠した
窃盗,自転車盗,荏原,戸越交番,131091,東京都,品川区,平塚１丁目,2020-10-11,19,駐車（輪）場,駐車（輪）場,50歳代,その他,施錠した
窃盗,自転車盗,荏原,戸越交番,131091,東京都,品川区,豊町３丁目,2020-10-02,23,４階建て以上共同住宅,駐車（輪）場,40歳代,その他,施錠した
窃盗,自転車盗,荏原,宮前交番,131091,東京都,品川区,戸越１丁目,2020-05-21,11,駐車（輪）場,駐車（輪）場,30歳代,その他,施錠した
窃盗,自転車盗,荏原,宮前交番,131091,東京都,品川区,戸越６丁目,2020-01-20,15,その他,駐車（輪）場,65-69歳,その他,施錠した
窃盗,自転車盗,荏原,宮前交番,131091,東京都,品川区,豊町２丁目,2020-12-06,12,一戸建住宅,駐車（輪）場,50歳代,その他,施錠した
窃盗,自転車盗,荏原,二葉町交番,131091,東京都,品川区,二葉１丁目,2019-11-29,20,４階建て以上共同住宅,駐車（輪）場,40歳代,その他,施錠した
窃盗,自転車盗,荏原,二葉町交番,131091,東京都,品川区,二葉１丁目,2020-09-01,19,一戸建住宅,駐車（輪）場,30歳代,その他,施錠した
窃盗,自転車盗,荏原,二葉町交番,131091,東京都,品川区,二葉２丁目,2020-01-24,11,その他の住宅（３階建て以下共同住宅等）,駐車（輪）場,10歳代,大学生,施錠した
窃盗,自転車盗,荏原,二葉町交番,131091,東京都,品川区,二葉２丁目,2020-10-20,20,駐車（輪）場,駐車（輪）場,20歳代,その他,施錠した
窃盗,自転車盗,荏原,二葉町交番,131091,東京都,品川区,二葉４丁目,2020-08-20,19,一戸建住宅,その他,10歳代,中学生,施錠した
窃盗,自転車盗,荏原,豊町交番,131091,東京都,品川区,戸越５丁目,2020-06-26,16,４階建て以上共同住宅,駐車（輪）場,40歳代,その他,施錠した
窃盗,自転車盗,荏原,豊町交番,131091,東京都,品川区,戸越６丁目,2020-11-15,07,一戸建住宅,駐車（輪）場,50歳代,その他,施錠した
窃盗,自転車盗,荏原,豊町交番,131091,東京都,品川区,中延５丁目,2020-11-08,16,その他の住宅（３階建て以下共同住宅等）,駐車（輪）場,40歳代,その他,施錠した
窃盗,自転車盗,荏原,豊町交番,131091,東京都,品川区,二葉３丁目,2020-08-01,16,４階建て以上共同住宅,駐車（輪）場,20歳代,その他,施錠した
窃盗,自転車盗,荏原,豊町交番,131091,東京都,品川区,豊町２丁目,2020-03-29,12,駐車（輪）場,駐車（輪）場,20歳代,その他,施錠した
窃盗,自転車盗,荏原,豊町交番,131091,東京都,品川区,豊町４丁目,2020-11-17,16,その他の住宅（３階建て以下共同住宅等）,駐車（輪）場,20歳代,大学生,施錠した
窃盗,自転車盗,荏原,豊町交番,131091,東京都,品川区,豊町５丁目,2020-07-10,08,一戸建住宅,駐車（輪）場,40歳代,その他,施錠した
窃盗,自転車盗,荏原,豊町交番,131091,東京都,品川区,豊町６丁目,2020-08-27,15,道路上,その他,70歳以上,その他,施錠した
窃盗,自転車盗,荏原,源氏前交番,131091,東京都,品川区,中延４丁目,2020-04-18,23,その他,駐車（輪）場,30歳代,その他,施錠した
窃盗,自転車盗,荏原,源氏前交番,131091,東京都,品川区,中延５丁目,2020-10-09,01,道路上,その他,60-64歳,その他,施錠した
窃盗,自転車盗,荏原,源氏前交番,131091,東京都,品川区,中延５丁目,2020-11-22,12,４階建て以上共同住宅,駐車（輪）場,50歳代,その他,施錠した
窃盗,自転車盗,荏原,源氏前交番,131091,東京都,品川区,西大井６丁目,2020-11-01,18,駐車（輪）場,駐車（輪）場,40歳代,その他,施錠した
窃盗,自転車盗,荏原,源氏前交番,131091,東京都,品川区,二葉４丁目,2020-05-31,20,その他,駐車（輪）場,20歳代,その他,施錠した
窃盗,自転車盗,荏原,旗の台交番,131091,東京都,品川区,旗の台１丁目,2020-02-04,19,４階建て以上共同住宅,駐車（輪）場,20歳代,大学生,施錠した
窃盗,自転車盗,荏原,旗の台交番,131091,東京都,品川区,旗の台１丁目,2020-03-20,12,その他,駐車（輪）場,20歳代,大学生,施錠した
窃盗,自転車盗,荏原,旗の台交番,131091,東京都,品川区,旗の台１丁目,2020-06-09,08,その他,駐車（輪）場,30歳代,その他,施錠した
窃盗,自転車盗,荏原,旗の台交番,131091,東京都,品川区,旗の台２丁目,2020-08-20,18,一戸建住宅,駐車（輪）場,40歳代,その他,施錠した
窃盗,自転車盗,荏原,旗の台交番,131091,東京都,品川区,旗の台３丁目,2020-02-23,10,４階建て以上共同住宅,駐車（輪）場,20歳代,その他,施錠した
窃盗,自転車盗,荏原,旗の台交番,131091,東京都,品川区,旗の台４丁目,2020-11-18,07,４階建て以上共同住宅,駐車（輪）場,10歳代,高校生,施錠した
窃盗,自転車盗,荏原,旗の台交番,131091,東京都,品川区,旗の台５丁目,2020-11-28,10,駐車（輪）場,駐車（輪）場,50歳代,その他,施錠した
窃盗,自転車盗,荏原,江戸見坂交番,131091,東京都,品川区,小山５丁目,2020-01-15,08,４階建て以上共同住宅,駐車（輪）場,20歳代,その他,施錠した
窃盗,自転車盗,荏原,江戸見坂交番,131091,東京都,品川区,小山５丁目,2020-09-12,06,４階建て以上共同住宅,駐車（輪）場,50歳代,その他,施錠した
窃盗,自転車盗,荏原,江戸見坂交番,131091,東京都,品川区,小山６丁目,2020-06-26,12,道路上,その他,40歳代,その他,施錠した
窃盗,自転車盗,荏原,江戸見坂交番,131091,東京都,品川区,小山６丁目,2020-07-16,11,道路上,その他,70歳以上,その他,施錠した
窃盗,自転車盗,荏原,江戸見坂交番,131091,東京都,品川区,小山６丁目,2020-08-06,23,駐車（輪）場,駐車（輪）場,10歳代,その他,施錠した
窃盗,自転車盗,荏原,江戸見坂交番,131091,東京都,品川区,小山６丁目,2020-10-23,20,道路上,その他,50歳代,その他,施錠した
窃盗,自転車盗,荏原,武蔵小山交番,131091,東京都,品川区,荏原３丁目,2020-11-29,18,４階建て以上共同住宅,駐車（輪）場,30歳代,その他,施錠した
窃盗,自転車盗,荏原,武蔵小山交番,131091,東京都,品川区,小山１丁目,2020-02-11,16,一戸建住宅,駐車（輪）場,10歳代,高校生,施錠した
窃盗,自転車盗,荏原,武蔵小山交番,131091,東京都,品川区,小山２丁目,2020-08-11,03,４階建て以上共同住宅,駐車（輪）場,20歳代,その他,施錠した
窃盗,自転車盗,荏原,武蔵小山交番,131091,東京都,品川区,小山３丁目,2019-11-01,06,道路上,その他,50歳代,その他,施錠した
窃盗,自転車盗,荏原,武蔵小山交番,131091,東京都,品川区,小山３丁目,2019-12-03,17,道路上,その他,10歳代,大学生,施錠した
窃盗,自転車盗,荏原,武蔵小山交番,131091,東京都,品川区,小山３丁目,2019-12-06,12,道路上,その他,10歳代,高校生,施錠した
窃盗,自転車盗,荏原,武蔵小山交番,131091,東京都,品川区,小山３丁目,2019-12-24,19,道路上,その他,40歳代,その他,施錠した
窃盗,自転車盗,荏原,武蔵小山交番,131091,東京都,品川区,小山３丁目,2020-01-06,11,道路上,その他,10歳代,高校生,施錠した
窃盗,自転車盗,荏原,武蔵小山交番,131091,東京都,品川区,小山３丁目,2020-01-20,15,道路上,その他,30歳代,その他,施錠した
窃盗,自転車盗,荏原,武蔵小山交番,131091,東京都,品川区,小山３丁目,2020-01-20,21,その他,駐車（輪）場,20歳代,その他,施錠した
窃盗,自転車盗,荏原,武蔵小山交番,131091,東京都,品川区,小山３丁目,2020-04-10,08,駐車（輪）場,駐車（輪）場,40歳代,その他,施錠した
窃盗,自転車盗,荏原,武蔵小山交番,131091,東京都,品川区,小山３丁目,2020-05-16,11,道路上,その他,60-64歳,その他,施錠した
窃盗,自転車盗,荏原,武蔵小山交番,131091,東京都,品川区,小山３丁目,2020-05-19,06,４階建て以上共同住宅,駐車（輪）場,70歳以上,その他,施錠した
窃盗,自転車盗,荏原,武蔵小山交番,131091,東京都,品川区,小山３丁目,2020-06-27,23,道路上,その他,10歳代,大学生,施錠した
窃盗,自転車盗,荏原,武蔵小山交番,131091,東京都,品川区,小山３丁目,2020-07-30,10,その他,その他,70歳以上,その他,施錠した
窃盗,自転車盗,荏原,武蔵小山交番,131091,東京都,品川区,小山３丁目,2020-08-23,13,道路上,その他,70歳以上,その他,施錠した
窃盗,自転車盗,荏原,武蔵小山交番,131091,東京都,品川区,小山３丁目,2020-09-21,19,その他の住宅（３階建て以下共同住宅等）,駐車（輪）場,40歳代,その他,施錠した
窃盗,自転車盗,荏原,武蔵小山交番,131091,東京都,品川区,小山３丁目,2020-10-14,11,道路上,その他,20歳代,その他,施錠した
窃盗,自転車盗,荏原,武蔵小山交番,131091,東京都,品川区,小山３丁目,2020-11-19,11,駐車（輪）場,駐車（輪）場,30歳代,その他,施錠した
窃盗,自転車盗,荏原,武蔵小山交番,131091,東京都,品川区,小山３丁目,2020-11-20,10,道路上,その他,70歳以上,その他,施錠した
窃盗,自転車盗,荏原,武蔵小山交番,131091,東京都,品川区,小山４丁目,2020-01-11,11,４階建て以上共同住宅,その他,30歳代,その他,施錠した
窃盗,自転車盗,荏原,武蔵小山交番,131091,東京都,品川区,小山４丁目,2020-01-20,20,道路上,その他,30歳代,その他,施錠した
窃盗,自転車盗,荏原,武蔵小山交番,131091,東京都,品川区,小山４丁目,2020-03-03,01,道路上,その他,20歳代,その他,施錠した
窃盗,自転車盗,荏原,武蔵小山交番,131091,東京都,品川区,小山４丁目,2020-05-28,16,道路上,その他,50歳代,その他,施錠した
窃盗,自転車盗,荏原,武蔵小山交番,131091,東京都,品川区,小山台１丁目,2020-08-07,09,４階建て以上共同住宅,駐車（輪）場,70歳以上,その他,施錠した
窃盗,自転車盗,荏原,武蔵小山交番,131091,東京都,品川区,小山台２丁目,2020-07-19,16,その他,その他,20歳代,その他,施錠した
窃盗,自転車盗,大森,森ケ崎交番,131113,東京都,大田区,大森東２丁目,2019-12-21,17,４階建て以上共同住宅,駐車（輪）場,50歳代,その他,施錠した
窃盗,自転車盗,大森,森ケ崎交番,131113,東京都,大田区,大森東２丁目,2020-04-15,18,その他,駐車（輪）場,10歳代,中学生,施錠した
窃盗,自転車盗,大森,森ケ崎交番,131113,東京都,大田区,大森東３丁目,2019-04-01,不明,その他,駐車（輪）場,40歳代,その他,施錠した
窃盗,自転車盗,大森,森ケ崎交番,131113,東京都,大田区,大森東３丁目,2019-04-01,不明,その他,駐車（輪）場,40歳代,その他,施錠した
窃盗,自転車盗,大森,森ケ崎交番,131113,東京都,大田区,大森東３丁目,2020-02-21,15,その他,駐車（輪）場,40歳代,その他,施錠した
窃盗,自転車盗,大森,森ケ崎交番,131113,東京都,大田区,大森東３丁目,2020-04-01,12,その他の住宅（３階建て以下共同住宅等）,駐車（輪）場,20歳代,その他,施錠した
窃盗,自転車盗,大森,森ケ崎交番,131113,東京都,大田区,大森東４丁目,2020-01-01,21,一戸建住宅,駐車（輪）場,30歳代,その他,施錠した
窃盗,自転車盗,大森,森ケ崎交番,131113,東京都,大田区,大森東４丁目,2020-01-26,00,一戸建住宅,駐車（輪）場,30歳代,その他,施錠した
窃盗,自転車盗,大森,森ケ崎交番,131113,東京都,大田区,大森東４丁目,2020-02-05,08,一戸建住宅,駐車（輪）場,10歳代,高校生,施錠した
窃盗,自転車盗,大森,森ケ崎交番,131113,東京都,大田区,大森東４丁目,2020-07-08,19,４階建て以上共同住宅,駐車（輪）場,20歳代,その他,施錠した
窃盗,自転車盗,大森,森ケ崎交番,131113,東京都,大田区,大森東４丁目,2020-10-02,20,４階建て以上共同住宅,駐車（輪）場,50歳代,その他,施錠した
窃盗,自転車盗,大森,森ケ崎交番,131113,東京都,大田区,大森東５丁目,2019-12-15,23,道路上,その他,20歳代,その他,施錠した
窃盗,自転車盗,大森,森ケ崎交番,131113,東京都,大田区,大森東５丁目,2020-04-03,18,４階建て以上共同住宅,駐車（輪）場,30歳代,その他,施錠した
窃盗,自転車盗,大森,森ケ崎交番,131113,東京都,大田区,大森東５丁目,2020-08-11,22,道路上,その他,65-69歳,その他,施錠した
窃盗,自転車盗,大森,森ケ崎交番,131113,東京都,大田区,大森南２丁目,2020-01-29,18,４階建て以上共同住宅,駐車（輪）場,10歳代,中学生,施錠した
窃盗,自転車盗,大森,森ケ崎交番,131113,東京都,大田区,大森南２丁目,2020-02-01,16,４階建て以上共同住宅,駐車（輪）場,30歳代,その他,施錠した
窃盗,自転車盗,大森,森ケ崎交番,131113,東京都,大田区,大森南２丁目,2020-06-04,18,道路上,その他,50歳代,その他,施錠した
窃盗,自転車盗,大森,森ケ崎交番,131113,東京都,大田区,大森南２丁目,2020-06-09,21,４階建て以上共同住宅,駐車（輪）場,50歳代,その他,施錠した
窃盗,自転車盗,大森,森ケ崎交番,131113,東京都,大田区,大森南２丁目,2020-07-08,17,４階建て以上共同住宅,駐車（輪）場,20歳代,その他,施錠した
窃盗,自転車盗,大森,森ケ崎交番,131113,東京都,大田区,大森南３丁目,2020-01-25,17,４階建て以上共同住宅,駐車（輪）場,20歳代,その他,施錠した
窃盗,自転車盗,大森,森ケ崎交番,131113,東京都,大田区,大森南４丁目,2019-12-19,08,その他,駐車（輪）場,40歳代,その他,施錠した
窃盗,自転車盗,大森,森ケ崎交番,131113,東京都,大田区,大森南４丁目,2020-01-08,18,４階建て以上共同住宅,駐車（輪）場,30歳代,その他,施錠した
窃盗,自転車盗,大森,森ケ崎交番,131113,東京都,大田区,大森南４丁目,2020-01-26,16,その他,駐車（輪）場,20歳代,その他,施錠した
窃盗,自転車盗,大森,森ケ崎交番,131113,東京都,大田区,大森南５丁目,2019-12-30,18,道路上,その他,20歳代,その他,施錠した
窃盗,自転車盗,大森,森ケ崎交番,131113,東京都,大田区,大森南５丁目,2020-03-25,16,その他,駐車（輪）場,20歳代,その他,施錠した
窃盗,自転車盗,大森,谷戸交番,131113,東京都,大田区,大森北３丁目,2020-08-18,19,その他,駐車（輪）場,20歳代,大学生,施錠した
窃盗,自転車盗,大森,谷戸交番,131113,東京都,大田区,大森中１丁目,2019-12-27,20,４階建て以上共同住宅,駐車（輪）場,20歳代,その他,施錠した
窃盗,自転車盗,大森,谷戸交番,131113,東京都,大田区,大森中１丁目,2020-01-17,20,道路上,その他,60-64歳,その他,施錠した
窃盗,自転車盗,大森,谷戸交番,131113,東京都,大田区,大森中１丁目,2020-01-31,12,その他,駐車（輪）場,40歳代,その他,施錠した
窃盗,自転車盗,大森,谷戸交番,131113,東京都,大田区,大森中１丁目,2020-02-20,19,その他,駐車（輪）場,50歳代,その他,施錠した
窃盗,自転車盗,大森,谷戸交番,131113,東京都,大田区,大森中１丁目,2020-02-21,20,道路上,その他,50歳代,その他,施錠した
窃盗,自転車盗,大森,谷戸交番,131113,東京都,大田区,大森中１丁目,2020-07-14,19,４階建て以上共同住宅,駐車（輪）場,10歳代,中学生,施錠した
窃盗,自転車盗,大森,谷戸交番,131113,東京都,大田区,大森中１丁目,2020-09-23,18,道路上,その他,20歳代,その他,施錠した
窃盗,自転車盗,大森,谷戸交番,131113,東京都,大田区,大森中１丁目,2020-11-15,18,その他の住宅（３階建て以下共同住宅等）,駐車（輪）場,60-64歳,その他,施錠した
窃盗,自転車盗,大森,谷戸交番,131113,東京都,大田区,大森中２丁目,2019-11-27,17,その他の住宅（３階建て以下共同住宅等）,駐車（輪）場,70歳以上,その他,施錠した
窃盗,自転車盗,大森,谷戸交番,131113,東京都,大田区,大森中２丁目,2019-12-31,10,４階建て以上共同住宅,駐車（輪）場,10歳代,高校生,施錠した
窃盗,自転車盗,大森,谷戸交番,131113,東京都,大田区,大森中２丁目,2020-01-04,11,道路上,その他,30歳代,その他,施錠した
窃盗,自転車盗,大森,谷戸交番,131113,東京都,大田区,大森中２丁目,2020-05-23,17,４階建て以上共同住宅,駐車（輪）場,50歳代,その他,施錠した
窃盗,自転車盗,大森,谷戸交番,131113,東京都,大田区,大森中２丁目,2020-06-15,20,その他の住宅（３階建て以下共同住宅等）,駐車（輪）場,40歳代,その他,施錠した
窃盗,自転車盗,大森,谷戸交番,131113,東京都,大田区,大森中２丁目,2020-10-27,12,道路上,その他,40歳代,その他,施錠した
窃盗,自転車盗,大森,谷戸交番,131113,東京都,大田区,大森中３丁目,2020-04-08,06,４階建て以上共同住宅,駐車（輪）場,30歳代,その他,施錠した
窃盗,自転車盗,大森,谷戸交番,131113,東京都,大田区,大森西３丁目,2019-12-17,21,４階建て以上共同住宅,駐車（輪）場,20歳代,その他,施錠した
窃盗,自転車盗,大森,谷戸交番,131113,東京都,大田区,大森西３丁目,2020-01-17,08,４階建て以上共同住宅,駐車（輪）場,30歳代,その他,施錠した
窃盗,自転車盗,大森,谷戸交番,131113,東京都,大田区,大森西３丁目,2020-02-24,20,その他,駐車（輪）場,70歳以上,その他,施錠した
窃盗,自転車盗,大森,谷戸交番,131113,東京都,大田区,大森西３丁目,2020-06-26,12,その他の住宅（３階建て以下共同住宅等）,駐車（輪）場,30歳代,その他,施錠した
窃盗,自転車盗,大森,谷戸交番,131113,東京都,大田区,大森西３丁目,2020-10-02,21,道路上,その他,20歳代,その他,施錠した
窃盗,自転車盗,大森,谷戸交番,131113,東京都,大田区,大森西５丁目,2019-12-29,11,４階建て以上共同住宅,駐車（輪）場,10歳代,その他,施錠した
窃盗,自転車盗,大森,谷戸交番,131113,東京都,大田区,大森西５丁目,2020-05-21,21,その他の住宅（３階建て以下共同住宅等）,駐車（輪）場,20歳代,その他,施錠した
窃盗,自転車盗,大森,谷戸交番,131113,東京都,大田区,大森西６丁目,2019-12-19,20,道路上,その他,20歳代,その他,施錠した
窃盗,自転車盗,大森,谷戸交番,131113,東京都,大田区,大森西６丁目,2020-03-13,23,４階建て以上共同住宅,駐車（輪）場,40歳代,その他,施錠した
窃盗,自転車盗,大森,谷戸交番,131113,東京都,大田区,大森西６丁目,2020-03-18,07,４階建て以上共同住宅,駐車（輪）場,30歳代,その他,施錠した
窃盗,自転車盗,大森,谷戸交番,131113,東京都,大田区,大森西６丁目,2020-07-18,20,道路上,その他,30歳代,その他,施錠した
窃盗,自転車盗,大森,谷戸交番,131113,東京都,大田区,大森西６丁目,2020-09-12,00,一戸建住宅,その他,10歳代,その他,施錠した
窃盗,自転車盗,大森,大森西交番,131113,東京都,大田区,大森北４丁目,2020-03-07,14,道路上,その他,20歳代,その他,施錠した
窃盗,自転車盗,大森,大森西交番,131113,東京都,大田区,大森西１丁目,2019-12-18,23,道路上,その他,30歳代,その他,施錠した
窃盗,自転車盗,大森,大森西交番,131113,東京都,大田区,大森西１丁目,2020-03-21,21,４階建て以上共同住宅,駐車（輪）場,40歳代,その他,施錠した
窃盗,自転車盗,大森,大森西交番,131113,東京都,大田区,大森西１丁目,2020-04-18,19,その他の住宅（３階建て以下共同住宅等）,駐車（輪）場,20歳代,その他,施錠した
窃盗,自転車盗,大森,大森西交番,131113,東京都,大田区,大森西１丁目,2020-05-05,23,４階建て以上共同住宅,駐車（輪）場,40歳代,その他,施錠した
窃盗,自転車盗,大森,大森西交番,131113,東京都,大田区,大森西１丁目,2020-07-14,08,４階建て以上共同住宅,駐車（輪）場,20歳代,その他,施錠した
窃盗,自転車盗,大森,大森西交番,131113,東京都,大田区,大森西１丁目,2020-09-10,20,４階建て以上共同住宅,駐車（輪）場,30歳代,その他,施錠した
窃盗,自転車盗,大森,大森西交番,131113,東京都,大田区,大森西１丁目,2020-09-30,22,４階建て以上共同住宅,駐車（輪）場,20歳代,その他,施錠した
窃盗,自転車盗,大森,大森西交番,131113,東京都,大田区,大森西１丁目,2020-10-02,08,その他,駐車（輪）場,50歳代,その他,施錠した
窃盗,自転車盗,大森,大森西交番,131113,東京都,大田区,大森西１丁目,2020-11-10,07,その他,駐車（輪）場,20歳代,その他,施錠した
窃盗,自転車盗,大森,大森西交番,131113,東京都,大田区,大森西２丁目,2020-05-06,19,４階建て以上共同住宅,駐車（輪）場,20歳代,その他,施錠した
窃盗,自転車盗,大森,大森西交番,131113,東京都,大田区,大森西２丁目,2020-05-30,15,４階建て以上共同住宅,駐車（輪）場,10歳代,中学生,施錠した
窃盗,自転車盗,大森,大森西交番,131113,東京都,大田区,大森西２丁目,2020-06-18,17,４階建て以上共同住宅,駐車（輪）場,20歳代,その他,施錠した
窃盗,自転車盗,大森,大森西交番,131113,東京都,大田区,大森西３丁目,2020-04-16,18,一戸建住宅,駐車（輪）場,10歳代,高校生,施錠した
窃盗,自転車盗,大森,大森西交番,131113,東京都,大田区,大森西３丁目,2020-04-22,22,４階建て以上共同住宅,駐車（輪）場,20歳代,その他,施錠した
窃盗,自転車盗,大森,大森西交番,131113,東京都,大田区,大森西３丁目,2020-05-30,16,４階建て以上共同住宅,駐車（輪）場,30歳代,その他,施錠した
窃盗,自転車盗,大森,大森西交番,131113,東京都,大田区,大森西３丁目,2020-07-16,18,その他,駐車（輪）場,70歳以上,その他,施錠した
窃盗,自転車盗,大森,大森西交番,131113,東京都,大田区,大森西３丁目,2020-10-25,12,道路上,その他,40歳代,その他,施錠した
窃盗,自転車盗,大森,大森西交番,131113,東京都,大田区,大森西４丁目,2019-12-14,20,その他,駐車（輪）場,50歳代,その他,施錠した
窃盗,自転車盗,大森,大森西交番,131113,東京都,大田区,大森西４丁目,2019-12-21,08,４階建て以上共同住宅,駐車（輪）場,40歳代,その他,施錠した
窃盗,自転車盗,大森,大森西交番,131113,東京都,大田区,大森西４丁目,2020-01-26,19,４階建て以上共同住宅,駐車（輪）場,50歳代,その他,施錠した
窃盗,自転車盗,大森,大森西交番,131113,東京都,大田区,大森西４丁目,2020-03-12,19,４階建て以上共同住宅,駐車（輪）場,20歳代,その他,施錠した
窃盗,自転車盗,大森,大森西交番,131113,東京都,大田区,大森西４丁目,2020-06-15,23,その他の住宅（３階建て以下共同住宅等）,駐車（輪）場,20歳代,その他,施錠した
窃盗,自転車盗,大森,大森西交番,131113,東京都,大田区,大森西４丁目,2020-09-04,15,その他,駐車（輪）場,20歳代,その他,施錠した
窃盗,自転車盗,大森,大森西交番,131113,東京都,大田区,大森西５丁目,2020-11-19,22,４階建て以上共同住宅,駐車（輪）場,20歳代,その他,施錠した
窃盗,自転車盗,大森,大森西交番,131113,東京都,大田区,大森西６丁目,2020-01-19,14,その他,駐車（輪）場,70歳以上,その他,施錠した
窃盗,自転車盗,大森,大森西交番,131113,東京都,大田区,大森西６丁目,2020-08-24,09,その他,駐車（輪）場,70歳以上,その他,施錠した
窃盗,自転車盗,大森,大森西交番,131113,東京都,大田区,大森西６丁目,2020-11-29,08,その他,駐車（輪）場,30歳代,その他,施錠した
窃盗,自転車盗,大森,大森西交番,131113,東京都,大田区,大森西７丁目,2020-05-10,17,一戸建住宅,駐車（輪）場,40歳代,その他,施錠した
窃盗,自転車盗,大森,大森海岸交番,131113,東京都,大田区,大森北３丁目,2020-05-24,15,４階建て以上共同住宅,駐車（輪）場,10歳代,その他,施錠した
窃盗,自転車盗,大森,大森海岸交番,131113,東京都,大田区,大森北３丁目,2020-08-23,19,４階建て以上共同住宅,駐車（輪）場,40歳代,その他,施錠した
窃盗,自転車盗,大森,大森海岸交番,131113,東京都,大田区,大森北３丁目,2020-11-25,22,その他の住宅（３階建て以下共同住宅等）,駐車（輪）場,30歳代,その他,施錠した
窃盗,自転車盗,大森,大森海岸交番,131113,東京都,大田区,大森北６丁目,2020-01-10,20,その他の住宅（３階建て以下共同住宅等）,駐車（輪）場,30歳代,その他,施錠した
窃盗,自転車盗,大森,大森海岸交番,131113,東京都,大田区,大森北６丁目,2020-05-28,09,駐車（輪）場,駐車（輪）場,20歳代,その他,施錠した
窃盗,自転車盗,大森,大森海岸交番,131113,東京都,大田区,大森北６丁目,2020-05-29,17,４階建て以上共同住宅,駐車（輪）場,70歳以上,その他,施錠した
窃盗,自転車盗,大森,大森海岸交番,131113,東京都,大田区,大森東１丁目,2019-12-06,21,４階建て以上共同住宅,駐車（輪）場,10歳代,中学生,施錠した
窃盗,自転車盗,大森,大森海岸交番,131113,東京都,大田区,大森東１丁目,2020-01-02,17,４階建て以上共同住宅,駐車（輪）場,30歳代,その他,施錠した
窃盗,自転車盗,大森,大森海岸交番,131113,東京都,大田区,大森東１丁目,2020-03-21,10,その他の住宅（３階建て以下共同住宅等）,駐車（輪）場,20歳代,その他,施錠した
窃盗,自転車盗,大森,大森海岸交番,131113,東京都,大田区,大森東１丁目,2020-03-28,22,４階建て以上共同住宅,駐車（輪）場,20歳代,その他,施錠した
窃盗,自転車盗,大森,大森海岸交番,131113,東京都,大田区,大森本町１丁目,2020-04-06,12,その他の住宅（３階建て以下共同住宅等）,駐車（輪）場,70歳以上,その他,施錠した
窃盗,自転車盗,大森,大森海岸交番,131113,東京都,大田区,大森本町１丁目,2020-07-25,17,４階建て以上共同住宅,駐車（輪）場,40歳代,その他,施錠した
窃盗,自転車盗,大森,大森海岸交番,131113,東京都,大田区,大森本町２丁目,2020-02-10,18,一戸建住宅,駐車（輪）場,10歳代,中学生,施錠した
窃盗,自転車盗,大森,大森海岸交番,131113,東京都,大田区,大森本町２丁目,2020-02-24,17,その他の住宅（３階建て以下共同住宅等）,駐車（輪）場,50歳代,その他,施錠した
窃盗,自転車盗,大森,大森海岸交番,131113,東京都,大田区,大森本町２丁目,2020-04-11,16,４階建て以上共同住宅,駐車（輪）場,60-64歳,その他,施錠した
窃盗,自転車盗,大森,大森海岸交番,131113,東京都,大田区,大森本町２丁目,2020-06-01,08,道路上,その他,50歳代,その他,施錠した
窃盗,自転車盗,大森,大森海岸交番,131113,東京都,大田区,山王１丁目,2020-10-22,20,道路上,その他,40歳代,その他,施錠した
窃盗,自転車盗,大森,大森海岸交番,131113,東京都,大田区,平和島１丁目,2020-01-11,14,その他,駐車（輪）場,40歳代,その他,施錠した
窃盗,自転車盗,大森,大森海岸交番,131113,東京都,大田区,平和島１丁目,2020-03-12,09,その他,駐車（輪）場,30歳代,その他,施錠した
窃盗,自転車盗,大森,大森海岸交番,131113,東京都,大田区,平和島１丁目,2020-06-28,19,その他,駐車（輪）場,30歳代,その他,施錠した
窃盗,自転車盗,大森,大森海岸交番,131113,東京都,大田区,平和島６丁目,2020-01-16,07,その他,駐車（輪）場,50歳代,その他,施錠した
窃盗,自転車盗,大森,大森駅前交番,131113,東京都,大田区,大森北１丁目,2019-12-10,19,道路上,その他,10歳代,大学生,施錠した
窃盗,自転車盗,大森,大森駅前交番,131113,東京都,大田区,大森北１丁目,2019-12-15,13,その他,駐車（輪）場,60-64歳,その他,施錠した
窃盗,自転車盗,大森,大森駅前交番,131113,東京都,大田区,大森北１丁目,2019-12-23,20,道路上,その他,30歳代,その他,施錠した
窃盗,自転車盗,大森,大森駅前交番,131113,東京都,大田区,大森北１丁目,2020-01-14,19,道路上,その他,50歳代,その他,施錠した
窃盗,自転車盗,大森,大森駅前交番,131113,東京都,大田区,大森北１丁目,2020-01-26,13,道路上,その他,10歳代,高校生,施錠した
窃盗,自転車盗,大森,大森駅前交番,131113,東京都,大田区,大森北１丁目,2020-01-26,16,道路上,その他,20歳代,その他,施錠した
窃盗,自転車盗,大森,大森駅前交番,131113,東京都,大田区,大森北１丁目,2020-01-26,17,道路上,その他,40歳代,その他,施錠した
窃盗,自転車盗,大森,大森駅前交番,131113,東京都,大田区,大森北１丁目,2020-02-05,13,その他,駐車（輪）場,70歳以上,その他,施錠した
窃盗,自転車盗,大森,大森駅前交番,131113,東京都,大田区,大森北１丁目,2020-02-29,07,駐車（輪）場,駐車（輪）場,20歳代,その他,施錠した
窃盗,自転車盗,大森,大森駅前交番,131113,東京都,大田区,大森北１丁目,2020-03-02,08,その他,駐車（輪）場,40歳代,その他,施錠した
窃盗,自転車盗,大森,大森駅前交番,131113,東京都,大田区,大森北１丁目,2020-03-15,20,道路上,その他,30歳代,その他,施錠した
窃盗,自転車盗,大森,大森駅前交番,131113,東京都,大田区,大森北１丁目,2020-03-30,20,道路上,その他,30歳代,その他,施錠した
窃盗,自転車盗,大森,大森駅前交番,131113,東京都,大田区,大森北１丁目,2020-04-12,17,道路上,その他,30歳代,その他,施錠した
窃盗,自転車盗,大森,大森駅前交番,131113,東京都,大田区,大森北１丁目,2020-05-01,21,道路上,その他,20歳代,その他,施錠した
窃盗,自転車盗,大森,大森駅前交番,131113,東京都,大田区,大森北１丁目,2020-06-18,13,道路上,その他,20歳代,その他,施錠した
窃盗,自転車盗,大森,大森駅前交番,131113,東京都,大田区,大森北１丁目,2020-07-18,07,道路上,その他,40歳代,その他,施錠した
窃盗,自転車盗,大森,大森駅前交番,131113,東京都,大田区,大森北１丁目,2020-08-21,10,道路上,その他,30歳代,その他,施錠した
窃盗,自転車盗,大森,大森駅前交番,131113,東京都,大田区,大森北１丁目,2020-08-21,20,道路上,その他,40歳代,その他,施錠した
窃盗,自転車盗,大森,大森駅前交番,131113,東京都,大田区,大森北１丁目,2020-09-05,20,道路上,その他,10歳代,その他,施錠した
窃盗,自転車盗,大森,大森駅前交番,131113,東京都,大田区,大森北１丁目,2020-11-05,08,駐車（輪）場,駐車（輪）場,20歳代,その他,施錠した
窃盗,自転車盗,大森,大森駅前交番,131113,東京都,大田区,大森北１丁目,2020-11-21,19,道路上,その他,30歳代,その他,施錠した
窃盗,自転車盗,大森,大森駅前交番,131113,東京都,大田区,大森北１丁目,2020-11-30,09,駐車（輪）場,駐車（輪）場,40歳代,その他,施錠した
窃盗,自転車盗,大森,大森駅前交番,131113,東京都,大田区,大森北２丁目,2019-12-23,22,道路上,その他,30歳代,その他,施錠した
窃盗,自転車盗,大森,大森駅前交番,131113,東京都,大田区,大森北２丁目,2020-07-17,18,４階建て以上共同住宅,駐車（輪）場,10歳代,高校生,施錠した
窃盗,自転車盗,大森,大森駅前交番,131113,東京都,大田区,大森北３丁目,2020-01-12,10,その他の住宅（３階建て以下共同住宅等）,駐車（輪）場,40歳代,その他,施錠した
窃盗,自転車盗,大森,大森駅前交番,131113,東京都,大田区,大森北３丁目,2020-08-31,20,４階建て以上共同住宅,駐車（輪）場,30歳代,その他,施錠した
窃盗,自転車盗,大森,大森駅前交番,131113,東京都,大田区,大森北４丁目,2020-01-05,12,４階建て以上共同住宅,駐車（輪）場,50歳代,その他,施錠した
窃盗,自転車盗,大森,大森駅前交番,131113,東京都,大田区,大森北４丁目,2020-02-03,19,４階建て以上共同住宅,駐車（輪）場,20歳代,大学生,施錠した
窃盗,自転車盗,大森,大森駅前交番,131113,東京都,大田区,大森北４丁目,2020-03-28,06,その他,駐車（輪）場,20歳代,その他,施錠した
窃盗,自転車盗,大森,大森駅前交番,131113,東京都,大田区,大森北４丁目,2020-10-27,21,道路上,その他,20歳代,その他,施錠した
窃盗,自転車盗,大森,大森駅前交番,131113,東京都,大田区,大森北５丁目,2020-10-01,18,４階建て以上共同住宅,駐車（輪）場,40歳代,その他,施錠した
窃盗,自転車盗,大森,大森駅前交番,131113,東京都,大田区,大森北５丁目,2020-11-09,23,４階建て以上共同住宅,駐車（輪）場,20歳代,その他,施錠した
窃盗,自転車盗,大森,大森駅前交番,131113,東京都,大田区,大森北６丁目,2020-06-14,22,４階建て以上共同住宅,駐車（輪）場,50歳代,その他,施錠した
窃盗,自転車盗,大森,大森駅前交番,131113,東京都,大田区,大森北６丁目,2020-11-20,23,４階建て以上共同住宅,駐車（輪）場,20歳代,大学生,施錠した
窃盗,自転車盗,大森,大森駅前交番,131113,東京都,大田区,大森西３丁目,2020-09-03,17,その他,駐車（輪）場,20歳代,その他,施錠した
窃盗,自転車盗,大森,大森駅前交番,131113,東京都,大田区,大森西６丁目,2020-11-03,14,その他,駐車（輪）場,40歳代,その他,施錠した
窃盗,自転車盗,大森,大森駅前交番,131113,東京都,大田区,山王２丁目,2020-10-19,18,その他,駐車（輪）場,10歳代,中学生,施錠した
窃盗,自転車盗,大森,春日橋交番,131113,東京都,大田区,大森北１丁目,2020-11-20,23,道路上,その他,20歳代,大学生,施錠した
窃盗,自転車盗,大森,春日橋交番,131113,東京都,大田区,大森南２丁目,2020-04-23,06,道路上,その他,20歳代,その他,施錠した
窃盗,自転車盗,大森,春日橋交番,131113,東京都,大田区,山王３丁目,2020-03-08,00,その他,駐車（輪）場,40歳代,その他,施錠した
窃盗,自転車盗,大森,春日橋交番,131113,東京都,大田区,中央１丁目,2020-11-01,12,一戸建住宅,駐車（輪）場,70歳以上,その他,施錠した
窃盗,自転車盗,大森,春日橋交番,131113,東京都,大田区,中央２丁目,2019-12-20,14,駐車（輪）場,駐車（輪）場,70歳以上,その他,施錠した
窃盗,自転車盗,大森,春日橋交番,131113,東京都,大田区,中央２丁目,2020-03-19,19,４階建て以上共同住宅,駐車（輪）場,40歳代,その他,施錠した
窃盗,自転車盗,大森,春日橋交番,131113,東京都,大田区,中央２丁目,2020-06-02,14,その他,駐車（輪）場,70歳以上,その他,施錠した
窃盗,自転車盗,大森,春日橋交番,131113,東京都,大田区,中央２丁目,2020-08-31,13,４階建て以上共同住宅,駐車（輪）場,40歳代,その他,施錠した
窃盗,自転車盗,大森,春日橋交番,131113,東京都,大田区,中央２丁目,2020-10-10,20,道路上,その他,40歳代,その他,施錠した
窃盗,自転車盗,大森,春日橋交番,131113,東京都,大田区,中央３丁目,2019-12-13,12,４階建て以上共同住宅,駐車（輪）場,20歳代,大学生,施錠した
窃盗,自転車盗,大森,春日橋交番,131113,東京都,大田区,中央３丁目,2020-02-14,14,道路上,その他,60-64歳,その他,施錠した
窃盗,自転車盗,大森,春日橋交番,131113,東京都,大田区,中央３丁目,2020-02-19,18,その他の住宅（３階建て以下共同住宅等）,駐車（輪）場,40歳代,その他,施錠した
窃盗,自転車盗,大森,春日橋交番,131113,東京都,大田区,中央３丁目,2020-03-16,22,一戸建住宅,駐車（輪）場,10歳代,高校生,施錠した
窃盗,自転車盗,大森,春日橋交番,131113,東京都,大田区,中央３丁目,2020-04-24,00,４階建て以上共同住宅,駐車（輪）場,65-69歳,その他,施錠した
窃盗,自転車盗,大森,春日橋交番,131113,東京都,大田区,中央３丁目,2020-09-08,22,一戸建住宅,駐車（輪）場,60-64歳,その他,施錠した
窃盗,自転車盗,大森,春日橋交番,131113,東京都,大田区,中央４丁目,2020-08-08,15,その他の住宅（３階建て以下共同住宅等）,駐車（輪）場,40歳代,その他,施錠した
窃盗,自転車盗,大森,春日橋交番,131113,東京都,大田区,中央４丁目,2020-11-14,19,一戸建住宅,駐車（輪）場,10歳代,高校生,施錠した
窃盗,自転車盗,大森,山王交番,131113,東京都,大田区,山王１丁目,2020-01-31,13,道路上,その他,65-69歳,その他,施錠した
窃盗,自転車盗,大森,山王交番,131113,東京都,大田区,山王２丁目,2019-12-07,17,道路上,その他,10歳代,高校生,施錠した
窃盗,自転車盗,大森,山王交番,131113,東京都,大田区,山王２丁目,2020-01-09,08,道路上,その他,10歳代,その他,施錠した
窃盗,自転車盗,大森,山王交番,131113,東京都,大田区,山王２丁目,2020-02-13,20,道路上,その他,20歳代,その他,施錠した
窃盗,自転車盗,大森,山王交番,131113,東京都,大田区,山王２丁目,2020-02-17,18,一戸建住宅,駐車（輪）場,10歳代,小学生,施錠した
窃盗,自転車盗,大森,山王交番,131113,東京都,大田区,山王２丁目,2020-08-25,11,道路上,その他,30歳代,その他,施錠した
窃盗,自転車盗,大森,山王交番,131113,東京都,大田区,山王２丁目,2020-08-27,06,その他,駐車（輪）場,50歳代,その他,施錠した
窃盗,自転車盗,大森,山王交番,131113,東京都,大田区,山王３丁目,2020-04-24,17,その他,駐車（輪）場,70歳以上,その他,施錠した
窃盗,自転車盗,大森,山王交番,131113,東京都,大田区,山王３丁目,2020-06-29,16,一戸建住宅,駐車（輪）場,70歳以上,その他,施錠した
窃盗,自転車盗,大森,山王交番,131113,東京都,大田区,山王３丁目,2020-09-05,18,道路上,その他,20歳代,その他,施錠した
窃盗,自転車盗,田園調布,洗足池交番,131113,東京都,大田区,上池台１丁目,2019-12-15,13,駐車（輪）場,駐車（輪）場,20歳代,大学生,施錠した
窃盗,自転車盗,田園調布,洗足池交番,131113,東京都,大田区,東雪谷１丁目,2020-03-20,01,４階建て以上共同住宅,駐車（輪）場,10歳代,中学生,施錠した
窃盗,自転車盗,田園調布,洗足池交番,131113,東京都,大田区,東雪谷１丁目,2020-04-16,06,一戸建住宅,駐車（輪）場,20歳代,その他,施錠した
窃盗,自転車盗,田園調布,洗足池交番,131113,東京都,大田区,南千束１丁目,2020-04-08,19,４階建て以上共同住宅,駐車（輪）場,50歳代,その他,施錠した
窃盗,自転車盗,田園調布,洗足池交番,131113,東京都,大田区,南千束２丁目,2020-07-21,15,その他,その他,10歳代,小学生,施錠した
窃盗,自転車盗,田園調布,石川台交番,131113,東京都,大田区,東雪谷２丁目,2020-07-16,18,駐車（輪）場,駐車（輪）場,30歳代,その他,施錠した
窃盗,自転車盗,田園調布,石川台交番,131113,東京都,大田区,東雪谷２丁目,2020-12-18,09,駐車（輪）場,駐車（輪）場,20歳代,その他,施錠した
窃盗,自転車盗,田園調布,石川台交番,131113,東京都,大田区,南雪谷２丁目,2020-02-10,12,その他,駐車（輪）場,70歳以上,その他,施錠した
窃盗,自転車盗,田園調布,大岡山駅前交番,131113,東京都,大田区,北千束１丁目,2020-01-02,16,道路上,その他,30歳代,その他,施錠した
窃盗,自転車盗,田園調布,大岡山駅前交番,131113,東京都,大田区,北千束１丁目,2020-02-25,19,道路上,その他,30歳代,その他,施錠した
窃盗,自転車盗,田園調布,大岡山駅前交番,131113,東京都,大田区,北千束１丁目,2020-03-28,08,駐車（輪）場,駐車（輪）場,20歳代,その他,施錠した
窃盗,自転車盗,田園調布,大岡山駅前交番,131113,東京都,大田区,北千束１丁目,2020-08-08,16,その他,駐車（輪）場,10歳代,高校生,施錠した
窃盗,自転車盗,田園調布,大岡山駅前交番,131113,東京都,大田区,北千束１丁目,2020-08-22,00,道路上,その他,20歳代,大学生,施錠した
窃盗,自転車盗,田園調布,大岡山駅前交番,131113,東京都,大田区,北千束１丁目,2020-09-02,18,道路上,その他,10歳代,中学生,施錠した
窃盗,自転車盗,田園調布,大岡山駅前交番,131113,東京都,大田区,北千束２丁目,2020-01-09,16,その他の住宅（３階建て以下共同住宅等）,駐車（輪）場,10歳代,高校生,施錠した
窃盗,自転車盗,田園調布,大岡山駅前交番,131113,東京都,大田区,北千束３丁目,2019-12-22,17,道路上,その他,20歳代,大学生,施錠した
窃盗,自転車盗,田園調布,大岡山駅前交番,131113,東京都,大田区,北千束３丁目,2020-01-24,09,駐車（輪）場,駐車（輪）場,50歳代,その他,施錠した
窃盗,自転車盗,田園調布,大岡山駅前交番,131113,東京都,大田区,南千束３丁目,2020-02-04,19,駐車（輪）場,駐車（輪）場,50歳代,その他,施錠した
窃盗,自転車盗,田園調布,大岡山駅前交番,131113,東京都,大田区,南千束３丁目,2020-02-25,20,４階建て以上共同住宅,駐車（輪）場,20歳代,大学生,施錠した
窃盗,自転車盗,田園調布,田園調布駅前交番,131113,東京都,大田区,田園調布２丁目,2020-06-01,12,その他の住宅（３階建て以下共同住宅等）,その他,20歳代,その他,施錠した
窃盗,自転車盗,田園調布,鵜の木駅前交番,131113,東京都,大田区,鵜の木１丁目,2020-11-25,17,道路上,その他,10歳未満,小学生,施錠した
窃盗,自転車盗,田園調布,鵜の木駅前交番,131113,東京都,大田区,鵜の木３丁目,2020-06-19,12,４階建て以上共同住宅,駐車（輪）場,20歳代,その他,施錠した
窃盗,自転車盗,田園調布,鵜の木駅前交番,131113,東京都,大田区,東嶺町,2020-07-10,13,一戸建住宅,その他,60-64歳,その他,施錠した
窃盗,自転車盗,田園調布,鵜の木駅前交番,131113,東京都,大田区,南久が原２丁目,2020-05-03,17,道路上,その他,70歳以上,その他,施錠した
窃盗,自転車盗,田園調布,鵜の木駅前交番,131113,東京都,大田区,南久が原２丁目,2020-05-11,22,その他の住宅（３階建て以下共同住宅等）,駐車（輪）場,40歳代,その他,施錠した
窃盗,自転車盗,田園調布,道々橋交番,131113,東京都,大田区,北嶺町,2020-11-26,13,道路上,その他,10歳代,大学生,施錠した
窃盗,自転車盗,田園調布,道々橋交番,131113,東京都,大田区,仲池上２丁目,2020-03-05,14,４階建て以上共同住宅,駐車（輪）場,20歳代,その他,施錠した
窃盗,自転車盗,田園調布,道々橋交番,131113,東京都,大田区,仲池上２丁目,2020-07-20,19,一戸建住宅,駐車（輪）場,30歳代,その他,施錠した
窃盗,自転車盗,田園調布,道々橋交番,131113,東京都,大田区,東雪谷４丁目,2019-12-01,09,４階建て以上共同住宅,駐車（輪）場,20歳代,その他,施錠した
窃盗,自転車盗,田園調布,道々橋交番,131113,東京都,大田区,東雪谷４丁目,2020-04-14,09,その他の住宅（３階建て以下共同住宅等）,駐車（輪）場,30歳代,その他,施錠した
窃盗,自転車盗,田園調布,中谷駐在所,131113,東京都,大田区,上池台３丁目,2020-04-10,22,その他の住宅（３階建て以下共同住宅等）,駐車（輪）場,30歳代,その他,施錠した
窃盗,自転車盗,田園調布,中谷駐在所,131113,東京都,大田区,上池台３丁目,2020-12-13,14,４階建て以上共同住宅,駐車（輪）場,30歳代,その他,施錠した
窃盗,自転車盗,田園調布,中谷駐在所,131113,東京都,大田区,上池台５丁目,2020-08-18,00,その他の住宅（３階建て以下共同住宅等）,駐車（輪）場,20歳代,大学生,施錠した
窃盗,自転車盗,田園調布,嶺駐在所,131113,東京都,大田区,北嶺町,2020-07-06,12,その他,駐車（輪）場,50歳代,その他,施錠した
窃盗,自転車盗,田園調布,嶺駐在所,131113,東京都,大田区,北嶺町,2020-08-06,09,その他,駐車（輪）場,30歳代,その他,施錠した
窃盗,自転車盗,田園調布,丸子橋交番,131113,東京都,大田区,北嶺町,2020-09-02,11,道路上,その他,70歳以上,その他,施錠した
窃盗,自転車盗,田園調布,丸子橋交番,131113,東京都,大田区,田園調布１丁目,2020-01-23,19,駐車（輪）場,駐車（輪）場,30歳代,その他,施錠した
窃盗,自転車盗,田園調布,丸子橋交番,131113,東京都,大田区,田園調布１丁目,2020-02-07,07,駐車（輪）場,駐車（輪）場,10歳代,高校生,施錠した
窃盗,自転車盗,田園調布,丸子橋交番,131113,東京都,大田区,田園調布１丁目,2020-02-07,18,駐車（輪）場,駐車（輪）場,10歳代,中学生,施錠した
窃盗,自転車盗,田園調布,丸子橋交番,131113,東京都,大田区,田園調布１丁目,2020-06-15,18,駐車（輪）場,駐車（輪）場,20歳代,その他,施錠した
窃盗,自転車盗,田園調布,丸子橋交番,131113,東京都,大田区,田園調布本町,2020-09-14,07,４階建て以上共同住宅,駐車（輪）場,40歳代,その他,施錠した
窃盗,自転車盗,田園調布,丸子橋交番,131113,東京都,大田区,田園調布南,2020-02-05,10,その他の住宅（３階建て以下共同住宅等）,駐車（輪）場,30歳代,その他,施錠した
窃盗,自転車盗,田園調布,丸子橋交番,131113,東京都,大田区,田園調布南,2020-07-08,21,道路上,その他,40歳代,その他,施錠した
窃盗,自転車盗,蒲田,西蒲田交番,131113,東京都,大田区,池上５丁目,2020-07-27,19,一戸建住宅,駐車（輪）場,10歳代,大学生,施錠した
窃盗,自転車盗,蒲田,西蒲田交番,131113,東京都,大田区,蒲田１丁目,2020-01-23,22,４階建て以上共同住宅,その他,20歳代,その他,施錠した
窃盗,自転車盗,蒲田,西蒲田交番,131113,東京都,大田区,西蒲田１丁目,2019-12-21,18,道路上,その他,70歳以上,その他,施錠した
窃盗,自転車盗,蒲田,西蒲田交番,131113,東京都,大田区,西蒲田１丁目,2020-07-26,22,道路上,その他,40歳代,その他,施錠した
窃盗,自転車盗,蒲田,西蒲田交番,131113,東京都,大田区,西蒲田１丁目,2020-07-27,18,一戸建住宅,その他,20歳代,その他,施錠した
窃盗,自転車盗,蒲田,西蒲田交番,131113,東京都,大田区,西蒲田１丁目,2020-07-31,06,その他の住宅（３階建て以下共同住宅等）,その他,40歳代,その他,施錠した
窃盗,自転車盗,蒲田,西蒲田交番,131113,東京都,大田区,西蒲田４丁目,2020-02-04,19,一戸建住宅,駐車（輪）場,50歳代,その他,施錠した
窃盗,自転車盗,蒲田,西蒲田交番,131113,東京都,大田区,西蒲田４丁目,2020-02-29,07,一戸建住宅,その他,50歳代,その他,施錠した
窃盗,自転車盗,蒲田,西蒲田交番,131113,東京都,大田区,西蒲田４丁目,2020-03-30,15,４階建て以上共同住宅,その他,30歳代,その他,施錠した
窃盗,自転車盗,蒲田,西蒲田交番,131113,東京都,大田区,西蒲田４丁目,2020-05-15,19,その他の住宅（３階建て以下共同住宅等）,駐車（輪）場,10歳代,大学生,施錠した
窃盗,自転車盗,蒲田,西蒲田交番,131113,東京都,大田区,西蒲田４丁目,2020-07-02,14,４階建て以上共同住宅,駐車（輪）場,20歳代,その他,施錠した
窃盗,自転車盗,蒲田,西蒲田交番,131113,東京都,大田区,西蒲田４丁目,2020-07-19,12,４階建て以上共同住宅,駐車（輪）場,20歳代,その他,施錠した
窃盗,自転車盗,蒲田,西蒲田交番,131113,東京都,大田区,西蒲田４丁目,2020-07-26,19,道路上,その他,40歳代,その他,施錠した
窃盗,自転車盗,蒲田,京急蒲田駅前交番,131113,東京都,大田区,蒲田１丁目,2020-03-10,19,一戸建住宅,その他,70歳以上,その他,施錠した
窃盗,自転車盗,蒲田,京急蒲田駅前交番,131113,東京都,大田区,蒲田１丁目,2020-05-26,21,一戸建住宅,その他,30歳代,その他,施錠した
窃盗,自転車盗,蒲田,京急蒲田駅前交番,131113,東京都,大田区,蒲田１丁目,2020-06-25,15,４階建て以上共同住宅,駐車（輪）場,10歳代,高校生,施錠した
窃盗,自転車盗,蒲田,京急蒲田駅前交番,131113,東京都,大田区,蒲田１丁目,2020-11-03,16,道路上,その他,60-64歳,その他,施錠した
窃盗,自転車盗,蒲田,京急蒲田駅前交番,131113,東京都,大田区,蒲田２丁目,2019-06-01,不明,その他の住宅（３階建て以下共同住宅等）,その他,70歳以上,その他,施錠した
窃盗,自転車盗,蒲田,京急蒲田駅前交番,131113,東京都,大田区,蒲田２丁目,2020-01-10,23,その他の住宅（３階建て以下共同住宅等）,駐車（輪）場,20歳代,その他,施錠した
窃盗,自転車盗,蒲田,京急蒲田駅前交番,131113,東京都,大田区,蒲田２丁目,2020-04-10,17,一戸建住宅,その他,30歳代,その他,施錠した
窃盗,自転車盗,蒲田,京急蒲田駅前交番,131113,東京都,大田区,蒲田２丁目,2020-05-30,07,４階建て以上共同住宅,駐車（輪）場,40歳代,その他,施錠した
窃盗,自転車盗,蒲田,京急蒲田駅前交番,131113,東京都,大田区,蒲田２丁目,2020-07-27,23,駐車（輪）場,駐車（輪）場,40歳代,その他,施錠した
窃盗,自転車盗,蒲田,京急蒲田駅前交番,131113,東京都,大田区,蒲田２丁目,2020-08-30,07,道路上,その他,20歳代,その他,施錠した
窃盗,自転車盗,蒲田,京急蒲田駅前交番,131113,東京都,大田区,蒲田３丁目,2020-03-18,16,４階建て以上共同住宅,駐車（輪）場,30歳代,その他,施錠した
窃盗,自転車盗,蒲田,京急蒲田駅前交番,131113,東京都,大田区,蒲田３丁目,2020-08-01,12,道路上,その他,40歳代,その他,施錠した
窃盗,自転車盗,蒲田,京急蒲田駅前交番,131113,東京都,大田区,蒲田３丁目,2020-10-16,01,一戸建住宅,その他,20歳代,その他,施錠した
窃盗,自転車盗,蒲田,京急蒲田駅前交番,131113,東京都,大田区,蒲田４丁目,2020-01-08,20,駐車（輪）場,駐車（輪）場,20歳代,その他,施錠した
窃盗,自転車盗,蒲田,京急蒲田駅前交番,131113,東京都,大田区,蒲田４丁目,2020-02-01,16,道路上,その他,50歳代,その他,施錠した
窃盗,自転車盗,蒲田,京急蒲田駅前交番,131113,東京都,大田区,蒲田４丁目,2020-02-10,06,駐車（輪）場,駐車（輪）場,20歳代,その他,施錠した
窃盗,自転車盗,蒲田,京急蒲田駅前交番,131113,東京都,大田区,蒲田４丁目,2020-02-14,08,その他,駐車（輪）場,30歳代,その他,施錠した
窃盗,自転車盗,蒲田,京急蒲田駅前交番,131113,東京都,大田区,蒲田４丁目,2020-04-29,18,４階建て以上共同住宅,駐車（輪）場,20歳代,その他,施錠した
窃盗,自転車盗,蒲田,京急蒲田駅前交番,131113,東京都,大田区,蒲田４丁目,2020-07-11,13,４階建て以上共同住宅,駐車（輪）場,50歳代,その他,施錠した
窃盗,自転車盗,蒲田,京急蒲田駅前交番,131113,東京都,大田区,蒲田４丁目,2020-07-31,00,道路上,その他,20歳代,その他,施錠した
窃盗,自転車盗,蒲田,京急蒲田駅前交番,131113,東京都,大田区,蒲田４丁目,2020-08-08,13,道路上,その他,30歳代,その他,施錠した
窃盗,自転車盗,蒲田,京急蒲田駅前交番,131113,東京都,大田区,蒲田４丁目,2020-08-22,17,その他,その他,50歳代,その他,施錠した
窃盗,自転車盗,蒲田,京急蒲田駅前交番,131113,東京都,大田区,蒲田４丁目,2020-08-28,20,４階建て以上共同住宅,駐車（輪）場,50歳代,その他,施錠した
窃盗,自転車盗,蒲田,京急蒲田駅前交番,131113,東京都,大田区,蒲田４丁目,2020-10-15,07,駐車（輪）場,駐車（輪）場,50歳代,その他,施錠した
窃盗,自転車盗,蒲田,京急蒲田駅前交番,131113,東京都,大田区,蒲田４丁目,2020-10-22,13,駐車（輪）場,駐車（輪）場,20歳代,その他,施錠した
窃盗,自転車盗,蒲田,京急蒲田駅前交番,131113,東京都,大田区,蒲田４丁目,2020-11-10,20,道路上,その他,50歳代,その他,施錠した
窃盗,自転車盗,蒲田,京急蒲田駅前交番,131113,東京都,大田区,蒲田４丁目,2020-11-29,14,駐車（輪）場,駐車（輪）場,10歳代,高校生,施錠した
窃盗,自転車盗,蒲田,京急蒲田駅前交番,131113,東京都,大田区,西蒲田７丁目,2020-01-25,12,道路上,その他,20歳代,その他,施錠した
窃盗,自転車盗,蒲田,京急蒲田駅前交番,131113,東京都,大田区,東蒲田１丁目,2019-12-15,02,道路上,その他,10歳代,大学生,施錠した
窃盗,自転車盗,蒲田,京急蒲田駅前交番,131113,東京都,大田区,東蒲田１丁目,2020-01-31,10,その他,駐車（輪）場,20歳代,その他,施錠した
窃盗,自転車盗,蒲田,京急蒲田駅前交番,131113,東京都,大田区,東蒲田２丁目,2020-02-23,17,４階建て以上共同住宅,その他,30歳代,その他,施錠した
窃盗,自転車盗,蒲田,京急蒲田駅前交番,131113,東京都,大田区,東蒲田２丁目,2020-09-13,21,４階建て以上共同住宅,その他,20歳代,その他,施錠した
窃盗,自転車盗,蒲田,京急蒲田駅前交番,131113,東京都,大田区,東蒲田２丁目,2020-10-17,00,４階建て以上共同住宅,駐車（輪）場,10歳代,小学生,施錠した
窃盗,自転車盗,蒲田,京急蒲田駅前交番,131113,東京都,大田区,南蒲田１丁目,2019-12-21,12,その他,駐車（輪）場,30歳代,その他,施錠した
窃盗,自転車盗,蒲田,京急蒲田駅前交番,131113,東京都,大田区,南蒲田１丁目,2020-07-15,17,駐車（輪）場,駐車（輪）場,20歳代,その他,施錠した
窃盗,自転車盗,蒲田,京急蒲田駅前交番,131113,東京都,大田区,南蒲田１丁目,2020-08-07,12,一戸建住宅,その他,10歳代,大学生,施錠した
窃盗,自転車盗,蒲田,京急蒲田駅前交番,131113,東京都,大田区,南蒲田１丁目,2020-11-21,18,４階建て以上共同住宅,駐車（輪）場,30歳代,その他,施錠した
窃盗,自転車盗,蒲田,京急蒲田駅前交番,131113,東京都,大田区,南蒲田１丁目,2020-11-29,14,４階建て以上共同住宅,駐車（輪）場,30歳代,その他,施錠した
窃盗,自転車盗,蒲田,蒲田駅東口交番,131113,東京都,大田区,蒲田１丁目,2019-12-23,17,道路上,その他,60-64歳,その他,施錠した
窃盗,自転車盗,蒲田,蒲田駅東口交番,131113,東京都,大田区,蒲田１丁目,2020-03-22,18,道路上,その他,60-64歳,その他,施錠した
窃盗,自転車盗,蒲田,蒲田駅東口交番,131113,東京都,大田区,蒲田１丁目,2020-06-06,14,４階建て以上共同住宅,駐車（輪）場,50歳代,その他,施錠した
窃盗,自転車盗,蒲田,蒲田駅東口交番,131113,東京都,大田区,蒲田１丁目,2020-07-23,14,駐車（輪）場,駐車（輪）場,20歳代,その他,施錠した
窃盗,自転車盗,蒲田,蒲田駅東口交番,131113,東京都,大田区,蒲田４丁目,2020-10-26,17,一戸建住宅,その他,10歳代,小学生,施錠した
窃盗,自転車盗,蒲田,蒲田駅東口交番,131113,東京都,大田区,蒲田５丁目,2019-10-20,10,道路上,その他,10歳代,高校生,施錠した
窃盗,自転車盗,蒲田,蒲田駅東口交番,131113,東京都,大田区,蒲田５丁目,2019-11-21,19,道路上,その他,10歳代,高校生,施錠した
窃盗,自転車盗,蒲田,蒲田駅東口交番,131113,東京都,大田区,蒲田５丁目,2019-11-29,10,道路上,その他,20歳代,その他,施錠した
窃盗,自転車盗,蒲田,蒲田駅東口交番,131113,東京都,大田区,蒲田５丁目,2019-12-01,16,道路上,その他,20歳代,大学生,施錠した
窃盗,自転車盗,蒲田,蒲田駅東口交番,131113,東京都,大田区,蒲田５丁目,2019-12-10,19,道路上,その他,40歳代,その他,施錠した
窃盗,自転車盗,蒲田,蒲田駅東口交番,131113,東京都,大田区,蒲田５丁目,2019-12-10,19,道路上,その他,50歳代,その他,施錠した
窃盗,自転車盗,蒲田,蒲田駅東口交番,131113,東京都,大田区,蒲田５丁目,2019-12-13,18,道路上,その他,20歳代,その他,施錠した
窃盗,自転車盗,蒲田,蒲田駅東口交番,131113,東京都,大田区,蒲田５丁目,2019-12-16,19,その他,駐車（輪）場,20歳代,その他,施錠した
窃盗,自転車盗,蒲田,蒲田駅東口交番,131113,東京都,大田区,蒲田５丁目,2019-12-18,19,道路上,その他,20歳代,その他,施錠した
窃盗,自転車盗,蒲田,蒲田駅東口交番,131113,東京都,大田区,蒲田５丁目,2019-12-19,14,道路上,その他,20歳代,その他,施錠した
窃盗,自転車盗,蒲田,蒲田駅東口交番,131113,東京都,大田区,蒲田５丁目,2019-12-20,18,道路上,その他,10歳代,中学生,施錠した
窃盗,自転車盗,蒲田,蒲田駅東口交番,131113,東京都,大田区,蒲田５丁目,2019-12-25,07,駐車（輪）場,駐車（輪）場,20歳代,その他,施錠した
窃盗,自転車盗,蒲田,蒲田駅東口交番,131113,東京都,大田区,蒲田５丁目,2019-12-28,17,駐車（輪）場,駐車（輪）場,50歳代,その他,施錠した
窃盗,自転車盗,蒲田,蒲田駅東口交番,131113,東京都,大田区,蒲田５丁目,2019-12-30,02,道路上,その他,20歳代,大学生,施錠した
窃盗,自転車盗,蒲田,蒲田駅東口交番,131113,東京都,大田区,蒲田５丁目,2019-12-30,13,その他,駐車（輪）場,40歳代,その他,施錠した
窃盗,自転車盗,蒲田,蒲田駅東口交番,131113,東京都,大田区,蒲田５丁目,2020-01-03,19,道路上,その他,40歳代,その他,施錠した
窃盗,自転車盗,蒲田,蒲田駅東口交番,131113,東京都,大田区,蒲田５丁目,2020-01-04,19,道路上,その他,20歳代,その他,施錠した
窃盗,自転車盗,蒲田,蒲田駅東口交番,131113,東京都,大田区,蒲田５丁目,2020-01-07,19,道路上,その他,20歳代,その他,施錠した
窃盗,自転車盗,蒲田,蒲田駅東口交番,131113,東京都,大田区,蒲田５丁目,2020-01-08,19,道路上,その他,40歳代,その他,施錠した
窃盗,自転車盗,蒲田,蒲田駅東口交番,131113,東京都,大田区,蒲田５丁目,2020-01-11,23,道路上,その他,10歳代,大学生,施錠した
窃盗,自転車盗,蒲田,蒲田駅東口交番,131113,東京都,大田区,蒲田５丁目,2020-01-14,05,駐車（輪）場,駐車（輪）場,50歳代,その他,施錠した
窃盗,自転車盗,蒲田,蒲田駅東口交番,131113,東京都,大田区,蒲田５丁目,2020-01-19,21,道路上,その他,20歳代,大学生,施錠した
窃盗,自転車盗,蒲田,蒲田駅東口交番,131113,東京都,大田区,蒲田５丁目,2020-01-31,17,駐車（輪）場,駐車（輪）場,20歳代,大学生,施錠した
窃盗,自転車盗,蒲田,蒲田駅東口交番,131113,東京都,大田区,蒲田５丁目,2020-02-03,19,駐車（輪）場,駐車（輪）場,40歳代,その他,施錠した
窃盗,自転車盗,蒲田,蒲田駅東口交番,131113,東京都,大田区,蒲田５丁目,2020-02-04,19,道路上,その他,30歳代,その他,施錠した
窃盗,自転車盗,蒲田,蒲田駅東口交番,131113,東京都,大田区,蒲田５丁目,2020-02-05,09,駐車（輪）場,駐車（輪）場,50歳代,その他,施錠した
窃盗,自転車盗,蒲田,蒲田駅東口交番,131113,東京都,大田区,蒲田５丁目,2020-02-09,07,その他,駐車（輪）場,40歳代,その他,施錠した
窃盗,自転車盗,蒲田,蒲田駅東口交番,131113,東京都,大田区,蒲田５丁目,2020-02-11,14,駐車（輪）場,駐車（輪）場,40歳代,その他,施錠した
窃盗,自転車盗,蒲田,蒲田駅東口交番,131113,東京都,大田区,蒲田５丁目,2020-02-14,09,道路上,その他,50歳代,その他,施錠した
窃盗,自転車盗,蒲田,蒲田駅東口交番,131113,東京都,大田区,蒲田５丁目,2020-02-18,15,その他,駐車（輪）場,50歳代,その他,施錠した
窃盗,自転車盗,蒲田,蒲田駅東口交番,131113,東京都,大田区,蒲田５丁目,2020-02-24,19,駐車（輪）場,駐車（輪）場,20歳代,大学生,施錠した
窃盗,自転車盗,蒲田,蒲田駅東口交番,131113,東京都,大田区,蒲田５丁目,2020-02-27,17,その他,駐車（輪）場,20歳代,その他,施錠した
窃盗,自転車盗,蒲田,蒲田駅東口交番,131113,東京都,大田区,蒲田５丁目,2020-03-06,09,駐車（輪）場,駐車（輪）場,30歳代,その他,施錠した
窃盗,自転車盗,蒲田,蒲田駅東口交番,131113,東京都,大田区,蒲田５丁目,2020-03-14,06,その他,駐車（輪）場,10歳代,中学生,施錠した
窃盗,自転車盗,蒲田,蒲田駅東口交番,131113,東京都,大田区,蒲田５丁目,2020-03-19,17,道路上,その他,30歳代,その他,施錠した
窃盗,自転車盗,蒲田,蒲田駅東口交番,131113,東京都,大田区,蒲田５丁目,2020-03-22,12,その他,駐車（輪）場,20歳代,その他,施錠した
窃盗,自転車盗,蒲田,蒲田駅東口交番,131113,東京都,大田区,蒲田５丁目,2020-03-25,16,道路上,その他,10歳代,その他,施錠した
窃盗,自転車盗,蒲田,蒲田駅東口交番,131113,東京都,大田区,蒲田５丁目,2020-03-26,19,４階建て以上共同住宅,駐車（輪）場,20歳代,その他,施錠した
窃盗,自転車盗,蒲田,蒲田駅東口交番,131113,東京都,大田区,蒲田５丁目,2020-04-27,11,駐車（輪）場,駐車（輪）場,40歳代,その他,施錠した
窃盗,自転車盗,蒲田,蒲田駅東口交番,131113,東京都,大田区,蒲田５丁目,2020-05-14,11,その他,駐車（輪）場,20歳代,その他,施錠した
窃盗,自転車盗,蒲田,蒲田駅東口交番,131113,東京都,大田区,蒲田５丁目,2020-05-15,18,駐車（輪）場,駐車（輪）場,20歳代,大学生,施錠した
窃盗,自転車盗,蒲田,蒲田駅東口交番,131113,東京都,大田区,蒲田５丁目,2020-05-30,13,道路上,その他,10歳代,その他,施錠した
窃盗,自転車盗,蒲田,蒲田駅東口交番,131113,東京都,大田区,蒲田５丁目,2020-05-31,09,駐車（輪）場,駐車（輪）場,20歳代,その他,施錠した
窃盗,自転車盗,蒲田,蒲田駅東口交番,131113,東京都,大田区,蒲田５丁目,2020-06-06,11,駐車（輪）場,駐車（輪）場,10歳代,高校生,施錠した
窃盗,自転車盗,蒲田,蒲田駅東口交番,131113,東京都,大田区,蒲田５丁目,2020-06-25,07,駐車（輪）場,駐車（輪）場,10歳代,高校生,施錠した
窃盗,自転車盗,蒲田,蒲田駅東口交番,131113,東京都,大田区,蒲田５丁目,2020-06-27,07,駐車（輪）場,駐車（輪）場,65-69歳,その他,施錠した
窃盗,自転車盗,蒲田,蒲田駅東口交番,131113,東京都,大田区,蒲田５丁目,2020-06-27,17,道路上,その他,40歳代,その他,施錠した
窃盗,自転車盗,蒲田,蒲田駅東口交番,131113,東京都,大田区,蒲田５丁目,2020-07-03,08,道路上,その他,法人・団体、被害者なし,法人・団体、被害者なし,施錠した
窃盗,自転車盗,蒲田,蒲田駅東口交番,131113,東京都,大田区,蒲田５丁目,2020-07-04,10,道路上,その他,20歳代,その他,施錠した
窃盗,自転車盗,蒲田,蒲田駅東口交番,131113,東京都,大田区,蒲田５丁目,2020-07-16,19,その他,駐車（輪）場,40歳代,その他,施錠した
窃盗,自転車盗,蒲田,蒲田駅東口交番,131113,東京都,大田区,蒲田５丁目,2020-07-20,15,道路上,その他,20歳代,その他,施錠した
窃盗,自転車盗,蒲田,蒲田駅東口交番,131113,東京都,大田区,蒲田５丁目,2020-08-07,16,道路上,その他,20歳代,その他,施錠した
窃盗,自転車盗,蒲田,蒲田駅東口交番,131113,東京都,大田区,蒲田５丁目,2020-08-08,14,道路上,その他,70歳以上,その他,施錠した
窃盗,自転車盗,蒲田,蒲田駅東口交番,131113,東京都,大田区,蒲田５丁目,2020-08-09,09,駐車（輪）場,駐車（輪）場,30歳代,その他,施錠した
窃盗,自転車盗,蒲田,蒲田駅東口交番,131113,東京都,大田区,蒲田５丁目,2020-08-09,23,駐車（輪）場,駐車（輪）場,20歳代,その他,施錠した
窃盗,自転車盗,蒲田,蒲田駅東口交番,131113,東京都,大田区,蒲田５丁目,2020-08-15,22,駐車（輪）場,駐車（輪）場,10歳代,高校生,施錠した
窃盗,自転車盗,蒲田,蒲田駅東口交番,131113,東京都,大田区,蒲田５丁目,2020-08-17,14,駐車（輪）場,駐車（輪）場,10歳代,高校生,施錠した
窃盗,自転車盗,蒲田,蒲田駅東口交番,131113,東京都,大田区,蒲田５丁目,2020-08-22,19,駐車（輪）場,駐車（輪）場,20歳代,その他,施錠した
窃盗,自転車盗,蒲田,蒲田駅東口交番,131113,東京都,大田区,蒲田５丁目,2020-08-31,17,駐車（輪）場,駐車（輪）場,10歳代,その他,施錠した
窃盗,自転車盗,蒲田,蒲田駅東口交番,131113,東京都,大田区,蒲田５丁目,2020-09-05,07,駐車（輪）場,駐車（輪）場,10歳代,高校生,施錠した
窃盗,自転車盗,蒲田,蒲田駅東口交番,131113,東京都,大田区,蒲田５丁目,2020-09-11,15,道路上,その他,20歳代,その他,施錠した
窃盗,自転車盗,蒲田,蒲田駅東口交番,131113,東京都,大田区,蒲田５丁目,2020-09-11,22,駐車（輪）場,駐車（輪）場,20歳代,その他,施錠した
窃盗,自転車盗,蒲田,蒲田駅東口交番,131113,東京都,大田区,蒲田５丁目,2020-09-13,17,道路上,その他,50歳代,その他,施錠した
窃盗,自転車盗,蒲田,蒲田駅東口交番,131113,東京都,大田区,蒲田５丁目,2020-09-18,16,駐車（輪）場,駐車（輪）場,10歳代,大学生,施錠した
窃盗,自転車盗,蒲田,蒲田駅東口交番,131113,東京都,大田区,蒲田５丁目,2020-09-30,10,駐車（輪）場,駐車（輪）場,20歳代,大学生,施錠した
窃盗,自転車盗,蒲田,蒲田駅東口交番,131113,東京都,大田区,蒲田５丁目,2020-10-02,16,道路上,その他,20歳代,その他,施錠した
窃盗,自転車盗,蒲田,蒲田駅東口交番,131113,東京都,大田区,蒲田５丁目,2020-10-12,15,駐車（輪）場,駐車（輪）場,40歳代,その他,施錠した
窃盗,自転車盗,蒲田,蒲田駅東口交番,131113,東京都,大田区,蒲田５丁目,2020-10-14,08,駐車（輪）場,駐車（輪）場,30歳代,その他,施錠した
窃盗,自転車盗,蒲田,蒲田駅東口交番,131113,東京都,大田区,蒲田５丁目,2020-10-14,20,道路上,その他,30歳代,その他,施錠した
窃盗,自転車盗,蒲田,蒲田駅東口交番,131113,東京都,大田区,蒲田５丁目,2020-10-15,07,駐車（輪）場,駐車（輪）場,40歳代,その他,施錠した
窃盗,自転車盗,蒲田,蒲田駅東口交番,131113,東京都,大田区,蒲田５丁目,2020-10-16,03,駐車（輪）場,駐車（輪）場,30歳代,その他,施錠した
窃盗,自転車盗,蒲田,蒲田駅東口交番,131113,東京都,大田区,蒲田５丁目,2020-10-18,11,道路上,その他,20歳代,その他,施錠した
窃盗,自転車盗,蒲田,蒲田駅東口交番,131113,東京都,大田区,蒲田５丁目,2020-10-20,20,駐車（輪）場,駐車（輪）場,20歳代,その他,施錠した
窃盗,自転車盗,蒲田,蒲田駅東口交番,131113,東京都,大田区,蒲田５丁目,2020-10-23,07,駐車（輪）場,駐車（輪）場,20歳代,その他,施錠した
窃盗,自転車盗,蒲田,蒲田駅東口交番,131113,東京都,大田区,蒲田５丁目,2020-10-27,14,駐車（輪）場,駐車（輪）場,65-69歳,その他,施錠した
窃盗,自転車盗,蒲田,蒲田駅東口交番,131113,東京都,大田区,蒲田５丁目,2020-10-28,19,道路上,その他,20歳代,その他,施錠した
窃盗,自転車盗,蒲田,蒲田駅東口交番,131113,東京都,大田区,蒲田５丁目,2020-10-30,19,駐車（輪）場,駐車（輪）場,65-69歳,その他,施錠した
窃盗,自転車盗,蒲田,蒲田駅東口交番,131113,東京都,大田区,蒲田５丁目,2020-11-07,10,道路上,その他,20歳代,その他,施錠した
窃盗,自転車盗,蒲田,蒲田駅東口交番,131113,東京都,大田区,蒲田５丁目,2020-11-10,10,４階建て以上共同住宅,その他,70歳以上,その他,施錠した
窃盗,自転車盗,蒲田,蒲田駅東口交番,131113,東京都,大田区,蒲田５丁目,2020-11-13,09,その他,その他,65-69歳,その他,施錠した
窃盗,自転車盗,蒲田,蒲田駅東口交番,131113,東京都,大田区,蒲田５丁目,2020-11-14,01,駐車（輪）場,駐車（輪）場,20歳代,その他,施錠した
窃盗,自転車盗,蒲田,蒲田駅東口交番,131113,東京都,大田区,蒲田５丁目,2020-11-18,07,駐車（輪）場,駐車（輪）場,10歳代,高校生,施錠した
窃盗,自転車盗,蒲田,蒲田駅東口交番,131113,東京都,大田区,蒲田５丁目,2020-11-27,21,その他の住宅（３階建て以下共同住宅等）,駐車（輪）場,30歳代,その他,施錠した
窃盗,自転車盗,蒲田,蒲田駅東口交番,131113,東京都,大田区,蒲田５丁目,2020-11-29,21,道路上,その他,30歳代,その他,施錠した
窃盗,自転車盗,蒲田,蒲田駅東口交番,131113,東京都,大田区,蒲田５丁目,2020-12-07,14,その他,その他,70歳以上,その他,施錠した
窃盗,自転車盗,蒲田,蒲田駅東口交番,131113,東京都,大田区,蒲田５丁目,2020-12-12,18,４階建て以上共同住宅,駐車（輪）場,65-69歳,その他,施錠した
窃盗,自転車盗,蒲田,蒲田駅東口交番,131113,東京都,大田区,蒲田本町１丁目,2020-04-09,08,その他,その他,50歳代,その他,施錠した
窃盗,自転車盗,蒲田,蒲田駅東口交番,131113,東京都,大田区,蒲田本町１丁目,2020-12-11,17,４階建て以上共同住宅,駐車（輪）場,20歳代,その他,施錠した
窃盗,自転車盗,蒲田,蒲田駅東口交番,131113,東京都,大田区,蒲田本町１丁目,2020-12-12,11,４階建て以上共同住宅,駐車（輪）場,50歳代,その他,施錠した
窃盗,自転車盗,蒲田,蒲田駅西口交番,131113,東京都,大田区,新蒲田１丁目,2019-12-30,11,駐車（輪）場,駐車（輪）場,30歳代,その他,施錠した
窃盗,自転車盗,蒲田,蒲田駅西口交番,131113,東京都,大田区,新蒲田１丁目,2020-04-24,18,駐車（輪）場,駐車（輪）場,50歳代,その他,施錠した
窃盗,自転車盗,蒲田,蒲田駅西口交番,131113,東京都,大田区,新蒲田１丁目,2020-07-09,08,駐車（輪）場,駐車（輪）場,50歳代,その他,施錠した
窃盗,自転車盗,蒲田,蒲田駅西口交番,131113,東京都,大田区,西蒲田４丁目,2020-09-13,13,その他の住宅（３階建て以下共同住宅等）,駐車（輪）場,20歳代,その他,施錠した
窃盗,自転車盗,蒲田,蒲田駅西口交番,131113,東京都,大田区,西蒲田５丁目,2020-02-06,16,駐車（輪）場,駐車（輪）場,20歳代,その他,施錠した
窃盗,自転車盗,蒲田,蒲田駅西口交番,131113,東京都,大田区,西蒲田５丁目,2020-02-16,18,その他の住宅（３階建て以下共同住宅等）,駐車（輪）場,20歳代,その他,施錠した
窃盗,自転車盗,蒲田,蒲田駅西口交番,131113,東京都,大田区,西蒲田５丁目,2020-07-09,09,駐車（輪）場,駐車（輪）場,10歳代,高校生,施錠した
窃盗,自転車盗,蒲田,蒲田駅西口交番,131113,東京都,大田区,西蒲田５丁目,2020-08-31,17,駐車（輪）場,駐車（輪）場,30歳代,その他,施錠した
窃盗,自転車盗,蒲田,蒲田駅西口交番,131113,東京都,大田区,西蒲田５丁目,2020-10-22,06,道路上,その他,40歳代,その他,施錠した
窃盗,自転車盗,蒲田,蒲田駅西口交番,131113,東京都,大田区,西蒲田５丁目,2020-12-06,13,駐車（輪）場,駐車（輪）場,20歳代,その他,施錠した
窃盗,自転車盗,蒲田,蒲田駅西口交番,131113,東京都,大田区,西蒲田６丁目,2020-03-08,01,４階建て以上共同住宅,駐車（輪）場,30歳代,その他,施錠した
窃盗,自転車盗,蒲田,蒲田駅西口交番,131113,東京都,大田区,西蒲田６丁目,2020-11-17,02,その他,駐車（輪）場,20歳代,その他,施錠した
窃盗,自転車盗,蒲田,蒲田駅西口交番,131113,東京都,大田区,西蒲田７丁目,2019-11-01,16,道路上,その他,20歳代,その他,施錠した
窃盗,自転車盗,蒲田,蒲田駅西口交番,131113,東京都,大田区,西蒲田７丁目,2019-11-06,05,道路上,その他,30歳代,その他,施錠した
窃盗,自転車盗,蒲田,蒲田駅西口交番,131113,東京都,大田区,西蒲田７丁目,2019-12-03,16,道路上,その他,50歳代,その他,施錠した
窃盗,自転車盗,蒲田,蒲田駅西口交番,131113,東京都,大田区,西蒲田７丁目,2019-12-16,21,道路上,その他,65-69歳,その他,施錠した
窃盗,自転車盗,蒲田,蒲田駅西口交番,131113,東京都,大田区,西蒲田７丁目,2019-12-21,不明,道路上,その他,20歳代,その他,施錠した
窃盗,自転車盗,蒲田,蒲田駅西口交番,131113,東京都,大田区,西蒲田７丁目,2019-12-24,02,道路上,その他,30歳代,その他,施錠した
窃盗,自転車盗,蒲田,蒲田駅西口交番,131113,東京都,大田区,西蒲田７丁目,2020-01-07,05,道路上,その他,60-64歳,その他,施錠した
窃盗,自転車盗,蒲田,蒲田駅西口交番,131113,東京都,大田区,西蒲田７丁目,2020-01-09,11,道路上,その他,10歳代,高校生,施錠した
窃盗,自転車盗,蒲田,蒲田駅西口交番,131113,東京都,大田区,西蒲田７丁目,2020-01-10,08,駐車（輪）場,駐車（輪）場,10歳代,高校生,施錠した
窃盗,自転車盗,蒲田,蒲田駅西口交番,131113,東京都,大田区,西蒲田７丁目,2020-01-13,17,駐車（輪）場,駐車（輪）場,10歳代,高校生,施錠した
窃盗,自転車盗,蒲田,蒲田駅西口交番,131113,東京都,大田区,西蒲田７丁目,2020-01-21,19,道路上,その他,40歳代,その他,施錠した
窃盗,自転車盗,蒲田,蒲田駅西口交番,131113,東京都,大田区,西蒲田７丁目,2020-02-13,11,その他の住宅（３階建て以下共同住宅等）,その他,50歳代,その他,施錠した
窃盗,自転車盗,蒲田,蒲田駅西口交番,131113,東京都,大田区,西蒲田７丁目,2020-02-20,19,道路上,その他,30歳代,その他,施錠した
窃盗,自転車盗,蒲田,蒲田駅西口交番,131113,東京都,大田区,西蒲田７丁目,2020-02-29,21,道路上,その他,40歳代,その他,施錠した
窃盗,自転車盗,蒲田,蒲田駅西口交番,131113,東京都,大田区,西蒲田７丁目,2020-03-07,23,道路上,その他,30歳代,その他,施錠した
窃盗,自転車盗,蒲田,蒲田駅西口交番,131113,東京都,大田区,西蒲田７丁目,2020-03-20,21,道路上,その他,30歳代,その他,施錠した
窃盗,自転車盗,蒲田,蒲田駅西口交番,131113,東京都,大田区,西蒲田７丁目,2020-04-07,07,道路上,その他,40歳代,その他,施錠した
窃盗,自転車盗,蒲田,蒲田駅西口交番,131113,東京都,大田区,西蒲田７丁目,2020-05-18,17,道路上,その他,10歳代,小学生,施錠した
窃盗,自転車盗,蒲田,蒲田駅西口交番,131113,東京都,大田区,西蒲田７丁目,2020-05-29,12,道路上,その他,20歳代,その他,施錠した
窃盗,自転車盗,蒲田,蒲田駅西口交番,131113,東京都,大田区,西蒲田７丁目,2020-06-08,18,道路上,その他,20歳代,その他,施錠した
窃盗,自転車盗,蒲田,蒲田駅西口交番,131113,東京都,大田区,西蒲田７丁目,2020-06-20,18,道路上,その他,40歳代,その他,施錠した
窃盗,自転車盗,蒲田,蒲田駅西口交番,131113,東京都,大田区,西蒲田７丁目,2020-06-27,23,道路上,その他,60-64歳,その他,施錠した
窃盗,自転車盗,蒲田,蒲田駅西口交番,131113,東京都,大田区,西蒲田７丁目,2020-07-19,12,道路上,その他,10歳代,その他,施錠した
窃盗,自転車盗,蒲田,蒲田駅西口交番,131113,東京都,大田区,西蒲田７丁目,2020-07-24,23,道路上,その他,20歳代,大学生,施錠した
窃盗,自転車盗,蒲田,蒲田駅西口交番,131113,東京都,大田区,西蒲田７丁目,2020-07-31,07,道路上,その他,10歳代,高校生,施錠した
窃盗,自転車盗,蒲田,蒲田駅西口交番,131113,東京都,大田区,西蒲田７丁目,2020-08-08,15,道路上,その他,20歳代,その他,施錠した
窃盗,自転車盗,蒲田,蒲田駅西口交番,131113,東京都,大田区,西蒲田７丁目,2020-08-11,19,道路上,その他,40歳代,その他,施錠した
窃盗,自転車盗,蒲田,蒲田駅西口交番,131113,東京都,大田区,西蒲田７丁目,2020-08-14,19,道路上,その他,20歳代,その他,施錠した
窃盗,自転車盗,蒲田,蒲田駅西口交番,131113,東京都,大田区,西蒲田７丁目,2020-09-02,20,その他,駐車（輪）場,30歳代,その他,施錠した
窃盗,自転車盗,蒲田,蒲田駅西口交番,131113,東京都,大田区,西蒲田７丁目,2020-09-03,22,道路上,その他,20歳代,その他,施錠した
窃盗,自転車盗,蒲田,蒲田駅西口交番,131113,東京都,大田区,西蒲田７丁目,2020-09-09,17,道路上,その他,20歳代,その他,施錠した
窃盗,自転車盗,蒲田,蒲田駅西口交番,131113,東京都,大田区,西蒲田７丁目,2020-09-09,21,道路上,その他,30歳代,その他,施錠した
窃盗,自転車盗,蒲田,蒲田駅西口交番,131113,東京都,大田区,西蒲田７丁目,2020-09-19,07,道路上,その他,30歳代,その他,施錠した
窃盗,自転車盗,蒲田,蒲田駅西口交番,131113,東京都,大田区,西蒲田７丁目,2020-10-11,02,道路上,その他,20歳代,その他,施錠した
窃盗,自転車盗,蒲田,蒲田駅西口交番,131113,東京都,大田区,西蒲田７丁目,2020-10-14,20,道路上,その他,40歳代,その他,施錠した
窃盗,自転車盗,蒲田,蒲田駅西口交番,131113,東京都,大田区,西蒲田７丁目,2020-11-11,13,道路上,その他,20歳代,大学生,施錠した
窃盗,自転車盗,蒲田,蒲田駅西口交番,131113,東京都,大田区,西蒲田７丁目,2020-11-11,22,道路上,その他,20歳代,大学生,施錠した
窃盗,自転車盗,蒲田,蒲田駅西口交番,131113,東京都,大田区,西蒲田７丁目,2020-12-14,09,その他,駐車（輪）場,40歳代,その他,施錠した
窃盗,自転車盗,蒲田,蒲田駅西口交番,131113,東京都,大田区,西蒲田７丁目,2020-12-19,21,駐車（輪）場,駐車（輪）場,20歳代,その他,施錠した
窃盗,自転車盗,蒲田,蒲田駅西口交番,131113,東京都,大田区,西蒲田８丁目,2020-03-23,19,駐車（輪）場,駐車（輪）場,30歳代,その他,施錠した
窃盗,自転車盗,蒲田,蒲田駅西口交番,131113,東京都,大田区,西蒲田８丁目,2020-03-31,19,その他の住宅（３階建て以下共同住宅等）,駐車（輪）場,60-64歳,その他,施錠した
窃盗,自転車盗,蒲田,蒲田駅西口交番,131113,東京都,大田区,西蒲田８丁目,2020-05-21,23,駐車（輪）場,駐車（輪）場,20歳代,その他,施錠した
窃盗,自転車盗,蒲田,蒲田駅西口交番,131113,東京都,大田区,西蒲田８丁目,2020-08-10,01,道路上,その他,70歳以上,その他,施錠した
窃盗,自転車盗,蒲田,蒲田駅西口交番,131113,東京都,大田区,西蒲田８丁目,2020-09-03,16,その他の住宅（３階建て以下共同住宅等）,駐車（輪）場,20歳代,大学生,施錠した
窃盗,自転車盗,蒲田,蒲田駅西口交番,131113,東京都,大田区,西蒲田８丁目,2020-10-03,06,駐車（輪）場,駐車（輪）場,20歳代,その他,施錠した
窃盗,自転車盗,蒲田,蒲田駅西口交番,131113,東京都,大田区,西蒲田８丁目,2020-10-19,07,駐車（輪）場,駐車（輪）場,50歳代,その他,施錠した
窃盗,自転車盗,蒲田,西六郷交番,131113,東京都,大田区,新蒲田３丁目,2018-07-14,20,４階建て以上共同住宅,その他,30歳代,その他,施錠した
窃盗,自転車盗,蒲田,西六郷交番,131113,東京都,大田区,新蒲田３丁目,2020-02-11,19,その他の住宅（３階建て以下共同住宅等）,駐車（輪）場,50歳代,その他,施錠した
窃盗,自転車盗,蒲田,西六郷交番,131113,東京都,大田区,西六郷１丁目,2019-10-25,19,その他,駐車（輪）場,10歳代,中学生,施錠した
窃盗,自転車盗,蒲田,西六郷交番,131113,東京都,大田区,西六郷１丁目,2020-09-25,07,一戸建住宅,駐車（輪）場,10歳代,高校生,施錠した
窃盗,自転車盗,蒲田,西六郷交番,131113,東京都,大田区,西六郷１丁目,2020-11-21,17,道路上,その他,20歳代,その他,施錠した
窃盗,自転車盗,蒲田,西六郷交番,131113,東京都,大田区,西六郷２丁目,2020-07-19,21,４階建て以上共同住宅,駐車（輪）場,50歳代,その他,施錠した
窃盗,自転車盗,蒲田,西六郷交番,131113,東京都,大田区,西六郷２丁目,2020-10-04,05,その他の住宅（３階建て以下共同住宅等）,駐車（輪）場,10歳代,その他,施錠した
窃盗,自転車盗,蒲田,西六郷交番,131113,東京都,大田区,西六郷４丁目,2020-02-12,18,その他の住宅（３階建て以下共同住宅等）,駐車（輪）場,40歳代,その他,施錠した
窃盗,自転車盗,蒲田,西六郷交番,131113,東京都,大田区,西六郷４丁目,2020-02-23,19,その他の住宅（３階建て以下共同住宅等）,駐車（輪）場,50歳代,その他,施錠した
窃盗,自転車盗,蒲田,西六郷交番,131113,東京都,大田区,西六郷４丁目,2020-04-29,15,道路上,その他,40歳代,その他,施錠した
窃盗,自転車盗,蒲田,西六郷交番,131113,東京都,大田区,西六郷４丁目,2020-06-01,00,その他の住宅（３階建て以下共同住宅等）,駐車（輪）場,30歳代,その他,施錠した
窃盗,自転車盗,蒲田,西六郷交番,131113,東京都,大田区,西六郷４丁目,2020-08-13,11,４階建て以上共同住宅,駐車（輪）場,50歳代,その他,施錠した
窃盗,自転車盗,蒲田,西六郷交番,131113,東京都,大田区,西六郷４丁目,2020-10-28,23,４階建て以上共同住宅,駐車（輪）場,20歳代,その他,施錠した
窃盗,自転車盗,蒲田,西六郷交番,131113,東京都,大田区,西六郷４丁目,2020-11-27,23,その他の住宅（３階建て以下共同住宅等）,駐車（輪）場,30歳代,その他,施錠した
窃盗,自転車盗,蒲田,東六郷交番,131113,東京都,大田区,仲六郷３丁目,2020-09-09,21,その他の住宅（３階建て以下共同住宅等）,その他,40歳代,その他,施錠した
窃盗,自転車盗,蒲田,東六郷交番,131113,東京都,大田区,仲六郷４丁目,2020-01-01,06,駐車（輪）場,駐車（輪）場,60-64歳,その他,施錠した
窃盗,自転車盗,蒲田,東六郷交番,131113,東京都,大田区,仲六郷４丁目,2020-02-03,11,道路上,その他,50歳代,その他,施錠した
窃盗,自転車盗,蒲田,東六郷交番,131113,東京都,大田区,仲六郷４丁目,2020-03-25,14,４階建て以上共同住宅,駐車（輪）場,40歳代,その他,施錠した
窃盗,自転車盗,蒲田,東六郷交番,131113,東京都,大田区,東六郷３丁目,2020-02-07,19,４階建て以上共同住宅,駐車（輪）場,10歳代,中学生,施錠した
窃盗,自転車盗,蒲田,東六郷交番,131113,東京都,大田区,東六郷３丁目,2020-02-19,21,一戸建住宅,その他,65-69歳,その他,施錠した
窃盗,自転車盗,蒲田,東六郷交番,131113,東京都,大田区,東六郷３丁目,2020-02-20,06,駐車（輪）場,駐車（輪）場,50歳代,その他,施錠した
窃盗,自転車盗,蒲田,東六郷交番,131113,東京都,大田区,東六郷３丁目,2020-03-24,00,駐車（輪）場,駐車（輪）場,20歳代,大学生,施錠した
窃盗,自転車盗,蒲田,東六郷交番,131113,東京都,大田区,東六郷３丁目,2020-07-31,12,４階建て以上共同住宅,駐車（輪）場,50歳代,その他,施錠した
窃盗,自転車盗,蒲田,東六郷交番,131113,東京都,大田区,南六郷１丁目,2020-01-05,13,４階建て以上共同住宅,駐車（輪）場,30歳代,その他,施錠した
窃盗,自転車盗,蒲田,東六郷交番,131113,東京都,大田区,南六郷１丁目,2020-01-21,22,４階建て以上共同住宅,駐車（輪）場,20歳代,その他,施錠した
窃盗,自転車盗,蒲田,東六郷交番,131113,東京都,大田区,南六郷１丁目,2020-09-14,21,４階建て以上共同住宅,駐車（輪）場,50歳代,その他,施錠した
窃盗,自転車盗,蒲田,東六郷交番,131113,東京都,大田区,南六郷２丁目,2020-01-04,20,４階建て以上共同住宅,駐車（輪）場,40歳代,その他,施錠した
窃盗,自転車盗,蒲田,東六郷交番,131113,東京都,大田区,南六郷２丁目,2020-10-15,19,４階建て以上共同住宅,駐車（輪）場,40歳代,その他,施錠した
窃盗,自転車盗,蒲田,東六郷交番,131113,東京都,大田区,南六郷２丁目,2020-11-29,07,その他,駐車（輪）場,50歳代,その他,施錠した
窃盗,自転車盗,蒲田,東六郷交番,131113,東京都,大田区,南六郷３丁目,2019-12-31,08,４階建て以上共同住宅,駐車（輪）場,50歳代,その他,施錠した
窃盗,自転車盗,蒲田,東六郷交番,131113,東京都,大田区,南六郷３丁目,2020-05-10,14,４階建て以上共同住宅,その他,65-69歳,その他,施錠した
窃盗,自転車盗,蒲田,東六郷交番,131113,東京都,大田区,南六郷３丁目,2020-08-19,23,その他の住宅（３階建て以下共同住宅等）,駐車（輪）場,10歳代,中学生,施錠した
窃盗,自転車盗,蒲田,雑色交番,131113,東京都,大田区,蒲田５丁目,2020-10-02,21,道路上,その他,30歳代,その他,施錠した
窃盗,自転車盗,蒲田,雑色交番,131113,東京都,大田区,仲六郷１丁目,2020-01-07,08,４階建て以上共同住宅,駐車（輪）場,50歳代,その他,施錠した
窃盗,自転車盗,蒲田,雑色交番,131113,東京都,大田区,仲六郷１丁目,2020-02-22,18,一戸建住宅,その他,65-69歳,その他,施錠した
窃盗,自転車盗,蒲田,雑色交番,131113,東京都,大田区,仲六郷１丁目,2020-05-25,08,４階建て以上共同住宅,その他,20歳代,その他,施錠した
窃盗,自転車盗,蒲田,雑色交番,131113,東京都,大田区,仲六郷１丁目,2020-07-24,09,４階建て以上共同住宅,その他,40歳代,その他,施錠した
窃盗,自転車盗,蒲田,雑色交番,131113,東京都,大田区,仲六郷１丁目,2020-11-20,21,４階建て以上共同住宅,駐車（輪）場,20歳代,その他,施錠した
窃盗,自転車盗,蒲田,雑色交番,131113,東京都,大田区,仲六郷２丁目,2019-12-17,21,道路上,その他,20歳代,その他,施錠した
窃盗,自転車盗,蒲田,雑色交番,131113,東京都,大田区,仲六郷２丁目,2020-01-19,12,道路上,その他,40歳代,その他,施錠した
窃盗,自転車盗,蒲田,雑色交番,131113,東京都,大田区,仲六郷２丁目,2020-02-10,10,道路上,その他,20歳代,その他,施錠した
窃盗,自転車盗,蒲田,雑色交番,131113,東京都,大田区,仲六郷２丁目,2020-02-22,18,その他の住宅（３階建て以下共同住宅等）,その他,10歳代,中学生,施錠した
窃盗,自転車盗,蒲田,雑色交番,131113,東京都,大田区,仲六郷２丁目,2020-03-01,21,道路上,その他,30歳代,その他,施錠した
窃盗,自転車盗,蒲田,雑色交番,131113,東京都,大田区,仲六郷２丁目,2020-07-16,10,道路上,その他,50歳代,その他,施錠した
窃盗,自転車盗,蒲田,雑色交番,131113,東京都,大田区,仲六郷２丁目,2020-07-26,03,道路上,その他,40歳代,その他,施錠した
窃盗,自転車盗,蒲田,雑色交番,131113,東京都,大田区,仲六郷２丁目,2020-10-21,13,道路上,その他,10歳代,高校生,施錠した
窃盗,自転車盗,蒲田,雑色交番,131113,東京都,大田区,仲六郷２丁目,2020-10-31,21,道路上,その他,20歳代,その他,施錠した
窃盗,自転車盗,蒲田,雑色交番,131113,東京都,大田区,仲六郷２丁目,2020-11-08,14,その他,その他,10歳代,大学生,施錠した
窃盗,自転車盗,蒲田,雑色交番,131113,東京都,大田区,仲六郷２丁目,2020-11-23,16,その他,駐車（輪）場,30歳代,その他,施錠した
窃盗,自転車盗,蒲田,雑色交番,131113,東京都,大田区,仲六郷３丁目,2020-03-05,16,駐車（輪）場,駐車（輪）場,30歳代,その他,施錠した
窃盗,自転車盗,蒲田,雑色交番,131113,東京都,大田区,仲六郷３丁目,2020-03-27,09,その他,駐車（輪）場,50歳代,その他,施錠した
窃盗,自転車盗,蒲田,雑色交番,131113,東京都,大田区,東六郷１丁目,2020-09-05,17,道路上,その他,70歳以上,その他,施錠した
窃盗,自転車盗,蒲田,雑色交番,131113,東京都,大田区,東六郷１丁目,2020-09-05,23,その他の住宅（３階建て以下共同住宅等）,その他,20歳代,その他,施錠した
窃盗,自転車盗,蒲田,雑色交番,131113,東京都,大田区,東六郷１丁目,2020-11-22,17,道路上,その他,70歳以上,その他,施錠した
窃盗,自転車盗,蒲田,雑色交番,131113,東京都,大田区,東六郷２丁目,2019-12-21,10,４階建て以上共同住宅,駐車（輪）場,20歳代,その他,施錠した
窃盗,自転車盗,蒲田,雑色交番,131113,東京都,大田区,東六郷２丁目,2020-02-25,11,道路上,その他,40歳代,その他,施錠した
窃盗,自転車盗,蒲田,雑色交番,131113,東京都,大田区,東六郷２丁目,2020-03-04,12,４階建て以上共同住宅,駐車（輪）場,20歳代,その他,施錠した
窃盗,自転車盗,蒲田,日の出通交番,131113,東京都,大田区,南蒲田２丁目,2020-02-08,00,その他の住宅（３階建て以下共同住宅等）,その他,10歳代,その他,施錠した
窃盗,自転車盗,蒲田,日の出通交番,131113,東京都,大田区,西糀谷１丁目,2020-05-01,18,一戸建住宅,その他,30歳代,その他,施錠した
窃盗,自転車盗,蒲田,日の出通交番,131113,東京都,大田区,西糀谷１丁目,2020-12-13,02,一戸建住宅,その他,20歳代,その他,施錠した
窃盗,自転車盗,蒲田,日の出通交番,131113,東京都,大田区,西糀谷４丁目,2019-12-09,22,道路上,その他,10歳代,大学生,施錠した
窃盗,自転車盗,蒲田,日の出通交番,131113,東京都,大田区,西糀谷４丁目,2020-01-17,18,道路上,その他,20歳代,その他,施錠した
窃盗,自転車盗,蒲田,日の出通交番,131113,東京都,大田区,西糀谷４丁目,2020-02-08,10,その他,駐車（輪）場,10歳代,高校生,施錠した
窃盗,自転車盗,蒲田,日の出通交番,131113,東京都,大田区,西糀谷４丁目,2020-02-08,12,その他,その他,40歳代,その他,施錠した
窃盗,自転車盗,蒲田,日の出通交番,131113,東京都,大田区,西糀谷４丁目,2020-02-29,12,道路上,その他,10歳代,高校生,施錠した
窃盗,自転車盗,蒲田,日の出通交番,131113,東京都,大田区,西糀谷４丁目,2020-03-06,19,道路上,その他,30歳代,その他,施錠した
窃盗,自転車盗,蒲田,日の出通交番,131113,東京都,大田区,西糀谷４丁目,2020-05-29,00,４階建て以上共同住宅,駐車（輪）場,30歳代,その他,施錠した
窃盗,自転車盗,蒲田,日の出通交番,131113,東京都,大田区,西糀谷４丁目,2020-06-29,20,道路上,その他,30歳代,その他,施錠した
窃盗,自転車盗,蒲田,日の出通交番,131113,東京都,大田区,西糀谷４丁目,2020-08-02,19,その他の住宅（３階建て以下共同住宅等）,駐車（輪）場,20歳代,その他,施錠した
窃盗,自転車盗,蒲田,日の出通交番,131113,東京都,大田区,西糀谷４丁目,2020-08-05,18,駐車（輪）場,駐車（輪）場,20歳代,その他,施錠した
窃盗,自転車盗,蒲田,日の出通交番,131113,東京都,大田区,西糀谷４丁目,2020-09-11,20,その他の住宅（３階建て以下共同住宅等）,駐車（輪）場,40歳代,その他,施錠した
窃盗,自転車盗,蒲田,日の出通交番,131113,東京都,大田区,西糀谷４丁目,2020-09-14,13,道路上,その他,20歳代,大学生,施錠した
窃盗,自転車盗,蒲田,日の出通交番,131113,東京都,大田区,西糀谷４丁目,2020-10-12,10,道路上,その他,70歳以上,その他,施錠した
窃盗,自転車盗,蒲田,日の出通交番,131113,東京都,大田区,西糀谷４丁目,2020-11-01,21,道路上,その他,10歳代,大学生,施錠した
窃盗,自転車盗,蒲田,日の出通交番,131113,東京都,大田区,西糀谷４丁目,2020-11-18,17,その他,駐車（輪）場,30歳代,その他,施錠した
窃盗,自転車盗,蒲田,日の出通交番,131113,東京都,大田区,萩中２丁目,2020-11-28,16,道路上,その他,10歳代,中学生,施錠した
窃盗,自転車盗,蒲田,日の出通交番,131113,東京都,大田区,南蒲田２丁目,2020-06-28,20,４階建て以上共同住宅,その他,40歳代,その他,施錠した
窃盗,自転車盗,蒲田,日の出通交番,131113,東京都,大田区,南蒲田２丁目,2020-11-06,21,その他の住宅（３階建て以下共同住宅等）,駐車（輪）場,20歳代,その他,施錠した
窃盗,自転車盗,蒲田,日の出通交番,131113,東京都,大田区,南蒲田３丁目,2020-01-24,19,道路上,その他,40歳代,その他,施錠した
窃盗,自転車盗,蒲田,日の出通交番,131113,東京都,大田区,南蒲田３丁目,2020-04-14,12,道路上,その他,10歳代,大学生,施錠した
窃盗,自転車盗,蒲田,日の出通交番,131113,東京都,大田区,南蒲田３丁目,2020-08-22,17,４階建て以上共同住宅,駐車（輪）場,20歳代,その他,施錠した
窃盗,自転車盗,蒲田,日の出通交番,131113,東京都,大田区,南蒲田３丁目,2020-10-01,20,道路上,その他,40歳代,その他,施錠した
窃盗,自転車盗,蒲田,本羽田交番,131113,東京都,大田区,萩中１丁目,2020-08-22,09,その他の住宅（３階建て以下共同住宅等）,駐車（輪）場,20歳代,その他,施錠した
窃盗,自転車盗,蒲田,本羽田交番,131113,東京都,大田区,萩中２丁目,2020-02-13,16,道路上,その他,70歳以上,その他,施錠した
窃盗,自転車盗,蒲田,本羽田交番,131113,東京都,大田区,萩中２丁目,2020-10-09,21,４階建て以上共同住宅,駐車（輪）場,10歳代,小学生,施錠した
窃盗,自転車盗,蒲田,本羽田交番,131113,東京都,大田区,本羽田１丁目,2020-01-01,17,その他,駐車（輪）場,70歳以上,その他,施錠した
窃盗,自転車盗,蒲田,本羽田交番,131113,東京都,大田区,本羽田１丁目,2020-07-24,21,４階建て以上共同住宅,駐車（輪）場,40歳代,その他,施錠した
窃盗,自転車盗,蒲田,本羽田交番,131113,東京都,大田区,本羽田１丁目,2020-08-31,21,その他の住宅（３階建て以下共同住宅等）,駐車（輪）場,30歳代,その他,施錠した
窃盗,自転車盗,蒲田,本羽田交番,131113,東京都,大田区,本羽田２丁目,2020-03-19,18,４階建て以上共同住宅,駐車（輪）場,70歳以上,その他,施錠した
窃盗,自転車盗,蒲田,本羽田交番,131113,東京都,大田区,本羽田２丁目,2020-09-30,10,４階建て以上共同住宅,駐車（輪）場,40歳代,その他,施錠した
窃盗,自転車盗,蒲田,大鳥居交番,131113,東京都,大田区,西糀谷３丁目,2020-01-04,00,道路上,その他,30歳代,その他,施錠した
窃盗,自転車盗,蒲田,大鳥居交番,131113,東京都,大田区,西糀谷３丁目,2020-01-16,15,その他の住宅（３階建て以下共同住宅等）,その他,65-69歳,その他,施錠した
窃盗,自転車盗,蒲田,大鳥居交番,131113,東京都,大田区,西糀谷３丁目,2020-03-25,22,道路上,その他,30歳代,その他,施錠した
窃盗,自転車盗,蒲田,大鳥居交番,131113,東京都,大田区,西糀谷３丁目,2020-08-04,07,一戸建住宅,その他,30歳代,その他,施錠した
窃盗,自転車盗,蒲田,大鳥居交番,131113,東京都,大田区,西糀谷３丁目,2020-09-22,16,道路上,その他,30歳代,その他,施錠した
窃盗,自転車盗,蒲田,大鳥居交番,131113,東京都,大田区,西糀谷３丁目,2020-09-25,08,道路上,その他,10歳代,高校生,施錠した
窃盗,自転車盗,蒲田,大鳥居交番,131113,東京都,大田区,萩中３丁目,2020-01-25,22,その他,駐車（輪）場,10歳代,高校生,施錠した
窃盗,自転車盗,蒲田,大鳥居交番,131113,東京都,大田区,萩中３丁目,2020-02-21,18,４階建て以上共同住宅,駐車（輪）場,20歳代,その他,施錠した
窃盗,自転車盗,蒲田,大鳥居交番,131113,東京都,大田区,萩中３丁目,2020-03-20,09,その他,駐車（輪）場,10歳代,中学生,施錠した
窃盗,自転車盗,蒲田,大鳥居交番,131113,東京都,大田区,萩中３丁目,2020-04-16,03,４階建て以上共同住宅,駐車（輪）場,40歳代,その他,施錠した
窃盗,自転車盗,蒲田,大鳥居交番,131113,東京都,大田区,萩中３丁目,2020-04-18,18,その他の住宅（３階建て以下共同住宅等）,その他,60-64歳,その他,施錠した
窃盗,自転車盗,蒲田,大鳥居交番,131113,東京都,大田区,羽田１丁目,2020-08-13,20,４階建て以上共同住宅,駐車（輪）場,20歳代,その他,施錠した
窃盗,自転車盗,蒲田,大鳥居交番,131113,東京都,大田区,羽田２丁目,2019-10-28,17,一戸建住宅,その他,50歳代,その他,施錠した
窃盗,自転車盗,蒲田,大鳥居交番,131113,東京都,大田区,羽田３丁目,2020-10-04,17,道路上,その他,10歳代,高校生,施錠した
窃盗,自転車盗,蒲田,大鳥居交番,131113,東京都,大田区,羽田４丁目,2020-01-30,15,４階建て以上共同住宅,駐車（輪）場,20歳代,その他,施錠した
窃盗,自転車盗,蒲田,大鳥居交番,131113,東京都,大田区,東糀谷３丁目,2020-01-29,16,４階建て以上共同住宅,駐車（輪）場,40歳代,その他,施錠した
窃盗,自転車盗,蒲田,大鳥居交番,131113,東京都,大田区,東糀谷３丁目,2020-02-04,07,その他の住宅（３階建て以下共同住宅等）,その他,50歳代,その他,施錠した
窃盗,自転車盗,蒲田,大鳥居交番,131113,東京都,大田区,東糀谷３丁目,2020-07-13,23,４階建て以上共同住宅,駐車（輪）場,20歳代,その他,施錠した
窃盗,自転車盗,蒲田,北糀谷交番,131113,東京都,大田区,大森南１丁目,2020-09-05,15,４階建て以上共同住宅,駐車（輪）場,10歳代,高校生,施錠した
窃盗,自転車盗,蒲田,北糀谷交番,131113,東京都,大田区,大森南１丁目,2020-10-11,18,その他,駐車（輪）場,40歳代,その他,施錠した
窃盗,自転車盗,蒲田,北糀谷交番,131113,東京都,大田区,北糀谷１丁目,2020-09-26,17,道路上,その他,10歳代,小学生,施錠した
窃盗,自転車盗,蒲田,北糀谷交番,131113,東京都,大田区,北糀谷２丁目,2020-04-07,10,その他の住宅（３階建て以下共同住宅等）,駐車（輪）場,30歳代,その他,施錠した
窃盗,自転車盗,蒲田,北糀谷交番,131113,東京都,大田区,西糀谷１丁目,2020-01-16,00,４階建て以上共同住宅,駐車（輪）場,50歳代,その他,施錠した
窃盗,自転車盗,蒲田,北糀谷交番,131113,東京都,大田区,西糀谷１丁目,2020-03-20,22,その他の住宅（３階建て以下共同住宅等）,駐車（輪）場,30歳代,その他,施錠した
窃盗,自転車盗,蒲田,北糀谷交番,131113,東京都,大田区,西糀谷１丁目,2020-07-30,22,一戸建住宅,その他,20歳代,その他,施錠した
窃盗,自転車盗,蒲田,北糀谷交番,131113,東京都,大田区,西糀谷１丁目,2020-08-19,22,４階建て以上共同住宅,駐車（輪）場,10歳代,高校生,施錠した
窃盗,自転車盗,蒲田,北糀谷交番,131113,東京都,大田区,西糀谷２丁目,2020-02-23,00,４階建て以上共同住宅,駐車（輪）場,10歳代,その他,施錠した
窃盗,自転車盗,蒲田,北糀谷交番,131113,東京都,大田区,東糀谷２丁目,2020-08-30,05,４階建て以上共同住宅,駐車（輪）場,20歳代,その他,施錠した
窃盗,自転車盗,蒲田,北糀谷交番,131113,東京都,大田区,東糀谷４丁目,2020-04-12,16,４階建て以上共同住宅,駐車（輪）場,30歳代,その他,施錠した
窃盗,自転車盗,蒲田,北糀谷交番,131113,東京都,大田区,東糀谷４丁目,2020-05-04,20,その他の住宅（３階建て以下共同住宅等）,その他,30歳代,その他,施錠した
窃盗,自転車盗,蒲田,北糀谷交番,131113,東京都,大田区,東糀谷５丁目,2020-08-25,12,道路上,その他,40歳代,その他,施錠した
窃盗,自転車盗,蒲田,北糀谷交番,131113,東京都,大田区,東糀谷５丁目,2020-10-12,20,一戸建住宅,その他,40歳代,その他,施錠した
窃盗,自転車盗,池上,市野倉交番,131113,東京都,大田区,池上７丁目,2020-04-08,15,その他の住宅（３階建て以下共同住宅等）,駐車（輪）場,10歳代,その他,施錠した
窃盗,自転車盗,池上,市野倉交番,131113,東京都,大田区,中央６丁目,2020-07-19,12,その他の住宅（３階建て以下共同住宅等）,駐車（輪）場,65-69歳,その他,施錠した
窃盗,自転車盗,池上,市野倉交番,131113,東京都,大田区,中央６丁目,2020-10-29,20,一戸建住宅,駐車（輪）場,30歳代,その他,施錠した
窃盗,自転車盗,池上,市野倉交番,131113,東京都,大田区,中央７丁目,2020-10-09,22,４階建て以上共同住宅,駐車（輪）場,20歳代,その他,施錠した
窃盗,自転車盗,池上,市野倉交番,131113,東京都,大田区,中央８丁目,2020-07-18,15,４階建て以上共同住宅,駐車（輪）場,50歳代,その他,施錠した
窃盗,自転車盗,池上,市野倉交番,131113,東京都,大田区,中央８丁目,2020-07-22,20,道路上,その他,30歳代,その他,施錠した
窃盗,自転車盗,池上,市野倉交番,131113,東京都,大田区,中央８丁目,2020-07-28,00,一戸建住宅,その他,30歳代,その他,施錠した
窃盗,自転車盗,池上,市野倉交番,131113,東京都,大田区,中央８丁目,2020-09-09,18,道路上,その他,10歳代,高校生,施錠した
窃盗,自転車盗,池上,南馬込交番,131113,東京都,大田区,東馬込２丁目,2020-05-21,16,その他の住宅（３階建て以下共同住宅等）,駐車（輪）場,30歳代,その他,施錠した
窃盗,自転車盗,池上,南馬込交番,131113,東京都,大田区,南馬込１丁目,2019-10-14,20,道路上,その他,65-69歳,その他,施錠した
窃盗,自転車盗,池上,南馬込交番,131113,東京都,大田区,南馬込４丁目,2020-04-26,17,一戸建住宅,その他,50歳代,その他,施錠した
窃盗,自転車盗,池上,三本松交番,131113,東京都,大田区,北馬込２丁目,2020-03-09,16,その他の住宅（３階建て以下共同住宅等）,駐車（輪）場,65-69歳,その他,施錠した
窃盗,自転車盗,池上,三本松交番,131113,東京都,大田区,中馬込２丁目,2020-07-02,22,４階建て以上共同住宅,駐車（輪）場,10歳代,高校生,施錠した
窃盗,自転車盗,池上,三本松交番,131113,東京都,大田区,東馬込１丁目,2020-02-01,13,その他の住宅（３階建て以下共同住宅等）,駐車（輪）場,20歳代,その他,施錠した
窃盗,自転車盗,池上,三本松交番,131113,東京都,大田区,東馬込１丁目,2020-03-30,05,その他,駐車（輪）場,10歳代,大学生,施錠した
窃盗,自転車盗,池上,久が原交番,131113,東京都,大田区,久が原２丁目,2020-03-21,17,４階建て以上共同住宅,駐車（輪）場,20歳代,その他,施錠した
窃盗,自転車盗,池上,久が原交番,131113,東京都,大田区,久が原２丁目,2020-07-05,16,４階建て以上共同住宅,駐車（輪）場,30歳代,その他,施錠した
窃盗,自転車盗,池上,久が原交番,131113,東京都,大田区,久が原２丁目,2020-07-19,21,その他,駐車（輪）場,30歳代,その他,施錠した
窃盗,自転車盗,池上,久が原交番,131113,東京都,大田区,久が原２丁目,2020-09-21,17,４階建て以上共同住宅,駐車（輪）場,40歳代,その他,施錠した
窃盗,自転車盗,池上,久が原交番,131113,東京都,大田区,久が原２丁目,2020-11-18,18,その他の住宅（３階建て以下共同住宅等）,駐車（輪）場,30歳代,その他,施錠した
窃盗,自転車盗,池上,久が原交番,131113,東京都,大田区,久が原２丁目,2020-11-29,17,一戸建住宅,その他,65-69歳,その他,施錠した
窃盗,自転車盗,池上,久が原交番,131113,東京都,大田区,久が原４丁目,2020-12-07,11,その他の住宅（３階建て以下共同住宅等）,その他,20歳代,その他,施錠した
窃盗,自転車盗,池上,池上駅前交番,131113,東京都,大田区,池上１丁目,2020-02-16,10,道路上,その他,70歳以上,その他,施錠した
窃盗,自転車盗,池上,池上駅前交番,131113,東京都,大田区,池上１丁目,2020-08-01,08,道路上,その他,50歳代,その他,施錠した
窃盗,自転車盗,池上,池上駅前交番,131113,東京都,大田区,池上４丁目,2020-01-25,08,駐車（輪）場,駐車（輪）場,40歳代,その他,施錠した
窃盗,自転車盗,池上,池上駅前交番,131113,東京都,大田区,池上４丁目,2020-04-09,18,４階建て以上共同住宅,駐車（輪）場,30歳代,その他,施錠した
窃盗,自転車盗,池上,池上駅前交番,131113,東京都,大田区,池上４丁目,2020-05-01,不明,その他の住宅（３階建て以下共同住宅等）,その他,30歳代,その他,施錠した
窃盗,自転車盗,池上,池上駅前交番,131113,東京都,大田区,池上４丁目,2020-05-15,16,４階建て以上共同住宅,駐車（輪）場,10歳代,中学生,施錠した
窃盗,自転車盗,池上,池上駅前交番,131113,東京都,大田区,池上４丁目,2020-07-07,22,駐車（輪）場,駐車（輪）場,50歳代,その他,施錠した
窃盗,自転車盗,池上,池上駅前交番,131113,東京都,大田区,池上４丁目,2020-11-29,01,４階建て以上共同住宅,駐車（輪）場,20歳代,その他,施錠した
窃盗,自転車盗,池上,池上駅前交番,131113,東京都,大田区,池上５丁目,2020-01-18,17,４階建て以上共同住宅,駐車（輪）場,50歳代,その他,施錠した
窃盗,自転車盗,池上,池上駅前交番,131113,東京都,大田区,池上５丁目,2020-08-04,21,道路上,その他,30歳代,その他,施錠した
窃盗,自転車盗,池上,池上駅前交番,131113,東京都,大田区,池上５丁目,2020-08-04,22,道路上,その他,20歳代,その他,施錠した
窃盗,自転車盗,池上,池上駅前交番,131113,東京都,大田区,池上６丁目,2019-12-31,12,道路上,その他,50歳代,その他,施錠した
窃盗,自転車盗,池上,池上駅前交番,131113,東京都,大田区,池上６丁目,2020-04-09,09,道路上,その他,65-69歳,その他,施錠した
窃盗,自転車盗,池上,池上駅前交番,131113,東京都,大田区,池上６丁目,2020-06-07,06,道路上,その他,20歳代,その他,施錠した
窃盗,自転車盗,池上,池上駅前交番,131113,東京都,大田区,池上６丁目,2020-07-13,13,道路上,その他,10歳代,高校生,施錠した
窃盗,自転車盗,池上,池上駅前交番,131113,東京都,大田区,池上６丁目,2020-08-06,09,４階建て以上共同住宅,駐車（輪）場,50歳代,その他,施錠した
窃盗,自転車盗,池上,池上駅前交番,131113,東京都,大田区,池上６丁目,2020-08-21,22,道路上,その他,50歳代,その他,施錠した
窃盗,自転車盗,池上,池上駅前交番,131113,東京都,大田区,池上６丁目,2020-10-03,17,道路上,その他,70歳以上,その他,施錠した
窃盗,自転車盗,池上,池上駅前交番,131113,東京都,大田区,池上７丁目,2019-05-04,19,その他の住宅（３階建て以下共同住宅等）,その他,30歳代,その他,施錠した
窃盗,自転車盗,池上,池上駅前交番,131113,東京都,大田区,池上７丁目,2020-08-07,17,道路上,その他,30歳代,その他,施錠した
窃盗,自転車盗,池上,池上駅前交番,131113,東京都,大田区,池上８丁目,2020-01-02,16,４階建て以上共同住宅,駐車（輪）場,60-64歳,その他,施錠した
窃盗,自転車盗,池上,池上駅前交番,131113,東京都,大田区,池上８丁目,2020-04-16,02,駐車（輪）場,駐車（輪）場,10歳代,大学生,施錠した
窃盗,自転車盗,池上,池上駅前交番,131113,東京都,大田区,池上８丁目,2020-07-05,16,その他,駐車（輪）場,65-69歳,その他,施錠した
窃盗,自転車盗,池上,池上駅前交番,131113,東京都,大田区,池上８丁目,2020-12-09,10,道路上,その他,10歳代,高校生,施錠した
窃盗,自転車盗,池上,蓮沼交番,131113,東京都,大田区,池上６丁目,2020-08-28,21,４階建て以上共同住宅,その他,40歳代,その他,施錠した
窃盗,自転車盗,池上,蓮沼交番,131113,東京都,大田区,西蒲田３丁目,2020-05-12,20,その他の住宅（３階建て以下共同住宅等）,その他,40歳代,その他,施錠した
窃盗,自転車盗,池上,蓮沼交番,131113,東京都,大田区,西蒲田３丁目,2020-06-05,23,道路上,その他,20歳代,その他,施錠した
窃盗,自転車盗,池上,蓮沼交番,131113,東京都,大田区,西蒲田６丁目,2020-05-02,06,道路上,その他,10歳代,中学生,施錠した
窃盗,自転車盗,池上,蓮沼交番,131113,東京都,大田区,西蒲田６丁目,2020-06-20,13,一戸建住宅,駐車（輪）場,10歳代,大学生,施錠した
窃盗,自転車盗,池上,蓮沼交番,131113,東京都,大田区,西蒲田６丁目,2020-07-13,10,４階建て以上共同住宅,駐車（輪）場,70歳以上,その他,施錠した
窃盗,自転車盗,池上,蓮沼交番,131113,東京都,大田区,東矢口１丁目,2020-03-17,17,４階建て以上共同住宅,その他,60-64歳,その他,施錠した
窃盗,自転車盗,池上,蓮沼交番,131113,東京都,大田区,東矢口３丁目,2019-12-20,21,４階建て以上共同住宅,駐車（輪）場,30歳代,その他,施錠した
窃盗,自転車盗,池上,蓮沼交番,131113,東京都,大田区,東矢口３丁目,2020-06-20,17,一戸建住宅,その他,20歳代,大学生,施錠した
窃盗,自転車盗,池上,多摩川大橋交番,131113,東京都,大田区,多摩川１丁目,2020-05-27,14,４階建て以上共同住宅,駐車（輪）場,20歳代,その他,施錠した
窃盗,自転車盗,池上,多摩川大橋交番,131113,東京都,大田区,多摩川１丁目,2020-05-28,12,道路上,その他,20歳代,大学生,施錠した
窃盗,自転車盗,池上,多摩川大橋交番,131113,東京都,大田区,多摩川２丁目,2020-01-10,21,４階建て以上共同住宅,駐車（輪）場,40歳代,その他,施錠した
窃盗,自転車盗,池上,多摩川大橋交番,131113,東京都,大田区,多摩川２丁目,2020-05-09,20,４階建て以上共同住宅,駐車（輪）場,50歳代,その他,施錠した
窃盗,自転車盗,池上,多摩川大橋交番,131113,東京都,大田区,多摩川２丁目,2020-07-15,17,４階建て以上共同住宅,駐車（輪）場,30歳代,その他,施錠した
窃盗,自転車盗,池上,多摩川大橋交番,131113,東京都,大田区,多摩川２丁目,2020-07-30,13,４階建て以上共同住宅,駐車（輪）場,50歳代,その他,施錠した
窃盗,自転車盗,池上,多摩川大橋交番,131113,東京都,大田区,多摩川２丁目,2020-08-03,21,４階建て以上共同住宅,駐車（輪）場,10歳代,中学生,施錠した
窃盗,自転車盗,池上,多摩川大橋交番,131113,東京都,大田区,多摩川２丁目,2020-08-08,19,４階建て以上共同住宅,駐車（輪）場,30歳代,その他,施錠した
窃盗,自転車盗,池上,多摩川大橋交番,131113,東京都,大田区,多摩川２丁目,2020-08-11,20,４階建て以上共同住宅,駐車（輪）場,50歳代,その他,施錠した
窃盗,自転車盗,池上,多摩川大橋交番,131113,東京都,大田区,多摩川２丁目,2020-08-21,20,４階建て以上共同住宅,駐車（輪）場,60-64歳,その他,施錠した
窃盗,自転車盗,池上,西馬込交番,131113,東京都,大田区,池上２丁目,2020-06-30,21,その他の住宅（３階建て以下共同住宅等）,駐車（輪）場,20歳代,その他,施錠した
窃盗,自転車盗,池上,西馬込交番,131113,東京都,大田区,西馬込２丁目,2020-02-22,15,駐車（輪）場,駐車（輪）場,10歳代,高校生,施錠した
窃盗,自転車盗,池上,西馬込交番,131113,東京都,大田区,南馬込５丁目,2019-12-02,16,道路上,その他,20歳代,その他,施錠した
窃盗,自転車盗,池上,西馬込交番,131113,東京都,大田区,南馬込５丁目,2020-07-01,20,その他,駐車（輪）場,20歳代,その他,施錠した
窃盗,自転車盗,池上,西馬込交番,131113,東京都,大田区,南馬込５丁目,2020-11-04,23,道路上,その他,20歳代,その他,施錠した
窃盗,自転車盗,池上,千鳥交番,131113,東京都,大田区,池上３丁目,2020-10-22,12,その他,駐車（輪）場,70歳以上,その他,施錠した
窃盗,自転車盗,池上,千鳥交番,131113,東京都,大田区,千鳥１丁目,2020-03-13,09,その他,駐車（輪）場,10歳代,大学生,施錠した
窃盗,自転車盗,池上,千鳥交番,131113,東京都,大田区,東矢口２丁目,2020-02-11,21,４階建て以上共同住宅,駐車（輪）場,20歳代,その他,施錠した
窃盗,自転車盗,池上,千鳥交番,131113,東京都,大田区,東矢口２丁目,2020-08-02,21,４階建て以上共同住宅,その他,40歳代,その他,施錠した
窃盗,自転車盗,池上,千鳥交番,131113,東京都,大田区,東矢口２丁目,2020-08-17,00,その他の住宅（３階建て以下共同住宅等）,その他,40歳代,その他,施錠した
窃盗,自転車盗,池上,千鳥交番,131113,東京都,大田区,東矢口２丁目,2020-10-10,18,その他の住宅（３階建て以下共同住宅等）,駐車（輪）場,40歳代,その他,施錠した
窃盗,自転車盗,池上,千鳥交番,131113,東京都,大田区,南馬込５丁目,2020-07-22,13,道路上,その他,65-69歳,その他,施錠した
窃盗,自転車盗,池上,千鳥交番,131113,東京都,大田区,矢口１丁目,2020-02-20,23,４階建て以上共同住宅,駐車（輪）場,40歳代,その他,施錠した
窃盗,自転車盗,池上,ガス橋交番,131113,東京都,大田区,下丸子１丁目,2020-06-16,23,その他の住宅（３階建て以下共同住宅等）,駐車（輪）場,20歳代,その他,施錠した
窃盗,自転車盗,池上,ガス橋交番,131113,東京都,大田区,下丸子３丁目,2020-08-24,12,その他の住宅（３階建て以下共同住宅等）,駐車（輪）場,70歳以上,その他,施錠した
窃盗,自転車盗,東京空港,弁天橋交番,131113,東京都,大田区,羽田空港１丁目,2019-12-27,09,駐車（輪）場,駐車（輪）場,30歳代,その他,施錠した
窃盗,自転車盗,東京空港,弁天橋交番,131113,東京都,大田区,羽田空港１丁目,2020-08-03,10,その他,その他,60-64歳,その他,施錠した
窃盗,自転車盗,東京空港,国際線ターミナル交番,131113,東京都,大田区,羽田空港２丁目,2020-06-28,20,駐車（輪）場,駐車（輪）場,30歳代,その他,施錠した
窃盗,自転車盗,東京空港,国際線ターミナル交番,131113,東京都,大田区,羽田空港２丁目,2020-11-23,16,駐車（輪）場,駐車（輪）場,30歳代,その他,施錠した
窃盗,自転車盗,世田谷,三軒茶屋交番,131121,東京都,世田谷区,三軒茶屋１丁目,2020-06-21,15,道路上,その他,50歳代,その他,施錠した
窃盗,自転車盗,世田谷,三軒茶屋交番,131121,東京都,世田谷区,三軒茶屋１丁目,2020-07-09,12,道路上,その他,20歳代,その他,施錠した
窃盗,自転車盗,世田谷,三軒茶屋交番,131121,東京都,世田谷区,三軒茶屋１丁目,2020-07-31,14,道路上,その他,20歳代,その他,施錠した
窃盗,自転車盗,世田谷,三軒茶屋交番,131121,東京都,世田谷区,三軒茶屋１丁目,2020-08-11,23,道路上,その他,20歳代,その他,施錠した
窃盗,自転車盗,世田谷,三軒茶屋交番,131121,東京都,世田谷区,三軒茶屋１丁目,2020-09-15,20,道路上,その他,40歳代,その他,施錠した
窃盗,自転車盗,世田谷,三軒茶屋交番,131121,東京都,世田谷区,三軒茶屋１丁目,2020-09-24,16,道路上,その他,20歳代,その他,施錠した
窃盗,自転車盗,世田谷,三軒茶屋交番,131121,東京都,世田谷区,三軒茶屋１丁目,2020-10-31,10,その他,その他,30歳代,その他,施錠した
窃盗,自転車盗,世田谷,三軒茶屋交番,131121,東京都,世田谷区,三軒茶屋２丁目,2018-06-03,01,４階建て以上共同住宅,駐車（輪）場,30歳代,その他,施錠した
窃盗,自転車盗,世田谷,三軒茶屋交番,131121,東京都,世田谷区,三軒茶屋２丁目,2020-05-09,16,道路上,その他,20歳代,その他,施錠した
窃盗,自転車盗,世田谷,三軒茶屋交番,131121,東京都,世田谷区,三軒茶屋２丁目,2020-05-29,22,道路上,その他,20歳代,その他,施錠した
窃盗,自転車盗,世田谷,三軒茶屋交番,131121,東京都,世田谷区,三軒茶屋２丁目,2020-07-11,17,道路上,その他,40歳代,その他,施錠した
窃盗,自転車盗,世田谷,三軒茶屋交番,131121,東京都,世田谷区,三軒茶屋２丁目,2020-08-05,08,駐車（輪）場,駐車（輪）場,30歳代,その他,施錠した
窃盗,自転車盗,世田谷,三軒茶屋交番,131121,東京都,世田谷区,三軒茶屋２丁目,2020-08-10,17,道路上,その他,70歳以上,その他,施錠した
窃盗,自転車盗,世田谷,三軒茶屋交番,131121,東京都,世田谷区,三軒茶屋２丁目,2020-08-21,17,駐車（輪）場,駐車（輪）場,40歳代,その他,施錠した
窃盗,自転車盗,世田谷,三軒茶屋交番,131121,東京都,世田谷区,三軒茶屋２丁目,2020-09-11,14,駐車（輪）場,駐車（輪）場,20歳代,その他,施錠した
窃盗,自転車盗,世田谷,三軒茶屋交番,131121,東京都,世田谷区,三軒茶屋２丁目,2020-10-02,23,道路上,その他,30歳代,その他,施錠した
窃盗,自転車盗,世田谷,三軒茶屋交番,131121,東京都,世田谷区,三軒茶屋２丁目,2020-10-20,22,その他,駐車（輪）場,20歳代,その他,施錠した
窃盗,自転車盗,世田谷,三軒茶屋交番,131121,東京都,世田谷区,三軒茶屋２丁目,2020-10-31,19,４階建て以上共同住宅,その他,50歳代,その他,施錠した
窃盗,自転車盗,世田谷,三軒茶屋交番,131121,東京都,世田谷区,三軒茶屋２丁目,2020-10-31,22,道路上,その他,30歳代,その他,施錠した
窃盗,自転車盗,世田谷,三軒茶屋交番,131121,東京都,世田谷区,三軒茶屋２丁目,2020-11-05,14,道路上,その他,40歳代,その他,施錠した
窃盗,自転車盗,世田谷,三軒茶屋交番,131121,東京都,世田谷区,三軒茶屋２丁目,2020-11-12,23,道路上,その他,30歳代,その他,施錠した
窃盗,自転車盗,世田谷,三軒茶屋交番,131121,東京都,世田谷区,下馬２丁目,2020-04-25,18,４階建て以上共同住宅,駐車（輪）場,20歳代,その他,施錠した
窃盗,自転車盗,世田谷,三軒茶屋交番,131121,東京都,世田谷区,太子堂２丁目,2019-12-25,07,駐車（輪）場,駐車（輪）場,10歳代,高校生,施錠した
窃盗,自転車盗,世田谷,三軒茶屋交番,131121,東京都,世田谷区,太子堂２丁目,2020-04-10,12,道路上,その他,法人・団体、被害者なし,法人・団体、被害者なし,施錠した
窃盗,自転車盗,世田谷,三軒茶屋交番,131121,東京都,世田谷区,太子堂２丁目,2020-05-02,22,その他の住宅（３階建て以下共同住宅等）,駐車（輪）場,30歳代,その他,施錠した
窃盗,自転車盗,世田谷,三軒茶屋交番,131121,東京都,世田谷区,太子堂２丁目,2020-06-16,20,道路上,その他,40歳代,その他,施錠した
窃盗,自転車盗,世田谷,三軒茶屋交番,131121,東京都,世田谷区,太子堂２丁目,2020-07-03,02,その他の住宅（３階建て以下共同住宅等）,駐車（輪）場,30歳代,その他,施錠した
窃盗,自転車盗,世田谷,三軒茶屋交番,131121,東京都,世田谷区,太子堂２丁目,2020-08-04,01,道路上,その他,20歳代,その他,施錠した
窃盗,自転車盗,世田谷,三軒茶屋交番,131121,東京都,世田谷区,太子堂２丁目,2020-08-14,18,その他の住宅（３階建て以下共同住宅等）,駐車（輪）場,20歳代,その他,施錠した
窃盗,自転車盗,世田谷,三軒茶屋交番,131121,東京都,世田谷区,太子堂２丁目,2020-10-09,16,その他の住宅（３階建て以下共同住宅等）,駐車（輪）場,30歳代,その他,施錠した
窃盗,自転車盗,世田谷,三軒茶屋交番,131121,東京都,世田谷区,太子堂２丁目,2020-10-25,02,その他の住宅（３階建て以下共同住宅等）,駐車（輪）場,20歳代,その他,施錠した
窃盗,自転車盗,世田谷,三軒茶屋交番,131121,東京都,世田谷区,太子堂２丁目,2020-10-25,16,道路上,その他,30歳代,その他,施錠した
窃盗,自転車盗,世田谷,三軒茶屋交番,131121,東京都,世田谷区,太子堂３丁目,2020-07-30,23,その他の住宅（３階建て以下共同住宅等）,駐車（輪）場,20歳代,その他,施錠した
窃盗,自転車盗,世田谷,三軒茶屋交番,131121,東京都,世田谷区,太子堂４丁目,2019-09-20,21,道路上,その他,40歳代,その他,施錠した
窃盗,自転車盗,世田谷,三軒茶屋交番,131121,東京都,世田谷区,太子堂４丁目,2019-11-29,22,道路上,その他,20歳代,その他,施錠した
窃盗,自転車盗,世田谷,三軒茶屋交番,131121,東京都,世田谷区,太子堂４丁目,2020-04-27,12,その他,駐車（輪）場,70歳以上,その他,施錠した
窃盗,自転車盗,世田谷,三軒茶屋交番,131121,東京都,世田谷区,太子堂４丁目,2020-05-02,03,その他の住宅（３階建て以下共同住宅等）,駐車（輪）場,30歳代,その他,施錠した
窃盗,自転車盗,世田谷,三軒茶屋交番,131121,東京都,世田谷区,太子堂４丁目,2020-08-20,03,道路上,その他,30歳代,その他,施錠した
窃盗,自転車盗,世田谷,三軒茶屋交番,131121,東京都,世田谷区,太子堂４丁目,2020-11-05,10,その他,駐車（輪）場,40歳代,その他,施錠した
窃盗,自転車盗,世田谷,三軒茶屋交番,131121,東京都,世田谷区,太子堂５丁目,2020-07-02,21,その他の住宅（３階建て以下共同住宅等）,駐車（輪）場,30歳代,その他,施錠した
窃盗,自転車盗,世田谷,三軒茶屋交番,131121,東京都,世田谷区,若林２丁目,2020-10-02,17,その他の住宅（３階建て以下共同住宅等）,駐車（輪）場,30歳代,その他,施錠した
窃盗,自転車盗,世田谷,三宿交番,131121,東京都,世田谷区,池尻１丁目,2020-04-14,19,その他,駐車（輪）場,50歳代,その他,施錠した
窃盗,自転車盗,世田谷,三宿交番,131121,東京都,世田谷区,池尻２丁目,2020-04-24,13,道路上,その他,30歳代,その他,施錠した
窃盗,自転車盗,世田谷,三宿交番,131121,東京都,世田谷区,池尻２丁目,2020-06-07,19,４階建て以上共同住宅,駐車（輪）場,30歳代,その他,施錠した
窃盗,自転車盗,世田谷,三宿交番,131121,東京都,世田谷区,池尻２丁目,2020-08-30,12,道路上,その他,30歳代,その他,施錠した
窃盗,自転車盗,世田谷,三宿交番,131121,東京都,世田谷区,池尻２丁目,2020-09-21,01,その他の住宅（３階建て以下共同住宅等）,駐車（輪）場,30歳代,その他,施錠した
窃盗,自転車盗,世田谷,三宿交番,131121,東京都,世田谷区,池尻３丁目,2019-12-18,16,駐車（輪）場,駐車（輪）場,20歳代,その他,施錠した
窃盗,自転車盗,世田谷,三宿交番,131121,東京都,世田谷区,池尻３丁目,2020-01-01,12,その他の住宅（３階建て以下共同住宅等）,駐車（輪）場,20歳代,大学生,施錠した
窃盗,自転車盗,世田谷,三宿交番,131121,東京都,世田谷区,池尻３丁目,2020-05-12,17,道路上,その他,20歳代,その他,施錠した
窃盗,自転車盗,世田谷,三宿交番,131121,東京都,世田谷区,池尻３丁目,2020-05-18,12,その他,駐車（輪）場,20歳代,その他,施錠した
窃盗,自転車盗,世田谷,三宿交番,131121,東京都,世田谷区,池尻３丁目,2020-05-28,22,４階建て以上共同住宅,駐車（輪）場,40歳代,その他,施錠した
窃盗,自転車盗,世田谷,三宿交番,131121,東京都,世田谷区,池尻３丁目,2020-07-03,10,４階建て以上共同住宅,駐車（輪）場,40歳代,その他,施錠した
窃盗,自転車盗,世田谷,三宿交番,131121,東京都,世田谷区,池尻３丁目,2020-08-14,09,その他の住宅（３階建て以下共同住宅等）,駐車（輪）場,20歳代,その他,施錠した
窃盗,自転車盗,世田谷,三宿交番,131121,東京都,世田谷区,池尻３丁目,2020-09-12,21,その他の住宅（３階建て以下共同住宅等）,駐車（輪）場,30歳代,その他,施錠した
窃盗,自転車盗,世田谷,三宿交番,131121,東京都,世田谷区,池尻３丁目,2020-10-15,09,駐車（輪）場,駐車（輪）場,30歳代,その他,施錠した
窃盗,自転車盗,世田谷,三宿交番,131121,東京都,世田谷区,池尻３丁目,2020-10-24,17,その他,駐車（輪）場,30歳代,その他,施錠した
窃盗,自転車盗,世田谷,三宿交番,131121,東京都,世田谷区,下馬２丁目,2020-06-17,17,その他の住宅（３階建て以下共同住宅等）,駐車（輪）場,30歳代,その他,施錠した
窃盗,自転車盗,世田谷,三宿交番,131121,東京都,世田谷区,太子堂１丁目,2020-07-30,07,４階建て以上共同住宅,駐車（輪）場,50歳代,その他,施錠した
窃盗,自転車盗,世田谷,三宿交番,131121,東京都,世田谷区,三宿１丁目,2019-11-01,不明,４階建て以上共同住宅,駐車（輪）場,70歳以上,その他,施錠した
窃盗,自転車盗,世田谷,三宿交番,131121,東京都,世田谷区,三宿２丁目,2020-09-06,10,その他の住宅（３階建て以下共同住宅等）,駐車（輪）場,40歳代,その他,施錠した
窃盗,自転車盗,世田谷,下馬四丁目交番,131121,東京都,世田谷区,下馬１丁目,2020-05-07,22,道路上,その他,20歳代,その他,施錠した
窃盗,自転車盗,世田谷,下馬四丁目交番,131121,東京都,世田谷区,下馬６丁目,2020-06-01,12,その他の住宅（３階建て以下共同住宅等）,駐車（輪）場,30歳代,その他,施錠した
窃盗,自転車盗,世田谷,下馬四丁目交番,131121,東京都,世田谷区,下馬６丁目,2020-09-21,22,その他の住宅（３階建て以下共同住宅等）,駐車（輪）場,30歳代,その他,施錠した
窃盗,自転車盗,世田谷,下馬四丁目交番,131121,東京都,世田谷区,野沢３丁目,2020-05-05,18,道路上,その他,20歳代,その他,施錠した
窃盗,自転車盗,世田谷,下馬四丁目交番,131121,東京都,世田谷区,野沢３丁目,2020-11-07,18,その他,駐車（輪）場,20歳代,大学生,施錠した
窃盗,自転車盗,世田谷,上馬交番,131121,東京都,世田谷区,上馬１丁目,2020-04-14,12,一戸建住宅,その他,40歳代,その他,施錠した
窃盗,自転車盗,世田谷,上馬交番,131121,東京都,世田谷区,上馬１丁目,2020-06-30,01,駐車（輪）場,駐車（輪）場,50歳代,その他,施錠した
窃盗,自転車盗,世田谷,上馬交番,131121,東京都,世田谷区,上馬１丁目,2020-07-11,21,４階建て以上共同住宅,駐車（輪）場,20歳代,その他,施錠した
窃盗,自転車盗,世田谷,上馬交番,131121,東京都,世田谷区,上馬１丁目,2020-07-30,21,その他の住宅（３階建て以下共同住宅等）,駐車（輪）場,10歳代,中学生,施錠した
窃盗,自転車盗,世田谷,上馬交番,131121,東京都,世田谷区,上馬１丁目,2020-11-10,00,その他の住宅（３階建て以下共同住宅等）,駐車（輪）場,20歳代,その他,施錠した
窃盗,自転車盗,世田谷,上馬交番,131121,東京都,世田谷区,上馬２丁目,2020-09-08,06,４階建て以上共同住宅,駐車（輪）場,40歳代,その他,施錠した
窃盗,自転車盗,世田谷,上馬交番,131121,東京都,世田谷区,上馬３丁目,2019-12-21,19,道路上,その他,40歳代,その他,施錠した
窃盗,自転車盗,世田谷,上馬交番,131121,東京都,世田谷区,上馬３丁目,2020-06-15,09,その他,駐車（輪）場,10歳代,その他,施錠した
窃盗,自転車盗,世田谷,上馬交番,131121,東京都,世田谷区,上馬４丁目,2020-05-08,21,道路上,その他,30歳代,その他,施錠した
窃盗,自転車盗,世田谷,上馬交番,131121,東京都,世田谷区,上馬４丁目,2020-09-17,18,道路上,その他,30歳代,その他,施錠した
窃盗,自転車盗,世田谷,上馬交番,131121,東京都,世田谷区,駒沢１丁目,2020-06-05,17,道路上,その他,30歳代,その他,施錠した
窃盗,自転車盗,世田谷,上馬交番,131121,東京都,世田谷区,下馬３丁目,2020-11-20,01,その他の住宅（３階建て以下共同住宅等）,駐車（輪）場,10歳代,その他,施錠した
窃盗,自転車盗,世田谷,上馬交番,131121,東京都,世田谷区,野沢１丁目,2020-06-05,13,その他の住宅（３階建て以下共同住宅等）,駐車（輪）場,30歳代,その他,施錠した
窃盗,自転車盗,世田谷,上馬交番,131121,東京都,世田谷区,野沢１丁目,2020-08-24,23,その他の住宅（３階建て以下共同住宅等）,駐車（輪）場,20歳代,その他,施錠した
窃盗,自転車盗,世田谷,上馬交番,131121,東京都,世田谷区,野沢１丁目,2020-10-07,21,４階建て以上共同住宅,駐車（輪）場,20歳代,その他,施錠した
窃盗,自転車盗,世田谷,上馬交番,131121,東京都,世田谷区,野沢１丁目,2020-10-08,17,その他の住宅（３階建て以下共同住宅等）,駐車（輪）場,30歳代,その他,施錠した
窃盗,自転車盗,世田谷,上馬交番,131121,東京都,世田谷区,野沢１丁目,2020-11-18,21,その他の住宅（３階建て以下共同住宅等）,駐車（輪）場,20歳代,その他,施錠した
窃盗,自転車盗,世田谷,上馬交番,131121,東京都,世田谷区,野沢４丁目,2020-07-31,12,４階建て以上共同住宅,駐車（輪）場,50歳代,その他,施錠した
窃盗,自転車盗,世田谷,世田谷交番,131121,東京都,世田谷区,上馬５丁目,2020-09-04,16,その他,駐車（輪）場,20歳代,大学生,施錠した
窃盗,自転車盗,世田谷,世田谷交番,131121,東京都,世田谷区,下馬３丁目,2020-03-10,08,その他,駐車（輪）場,20歳代,大学生,施錠した
窃盗,自転車盗,世田谷,世田谷交番,131121,東京都,世田谷区,世田谷３丁目,2020-01-05,13,その他の住宅（３階建て以下共同住宅等）,駐車（輪）場,30歳代,その他,施錠した
窃盗,自転車盗,世田谷,世田谷交番,131121,東京都,世田谷区,世田谷４丁目,2020-10-01,23,道路上,その他,20歳代,大学生,施錠した
窃盗,自転車盗,世田谷,世田谷交番,131121,東京都,世田谷区,世田谷４丁目,2020-11-04,08,その他,駐車（輪）場,20歳代,その他,施錠した
窃盗,自転車盗,世田谷,世田谷交番,131121,東京都,世田谷区,弦巻１丁目,2020-10-07,14,その他の住宅（３階建て以下共同住宅等）,駐車（輪）場,30歳代,その他,施錠した
窃盗,自転車盗,世田谷,世田谷交番,131121,東京都,世田谷区,弦巻１丁目,2020-11-14,20,その他の住宅（３階建て以下共同住宅等）,駐車（輪）場,30歳代,その他,施錠した
窃盗,自転車盗,世田谷,世田谷交番,131121,東京都,世田谷区,若林４丁目,2020-05-31,06,その他の住宅（３階建て以下共同住宅等）,駐車（輪）場,30歳代,その他,施錠した
窃盗,自転車盗,世田谷,世田谷交番,131121,東京都,世田谷区,若林４丁目,2020-06-05,17,４階建て以上共同住宅,駐車（輪）場,40歳代,その他,施錠した
窃盗,自転車盗,世田谷,若林交番,131121,東京都,世田谷区,上馬２丁目,2020-09-07,19,その他の住宅（３階建て以下共同住宅等）,駐車（輪）場,20歳代,その他,施錠した
窃盗,自転車盗,世田谷,若林交番,131121,東京都,世田谷区,三軒茶屋２丁目,2020-04-22,17,その他の住宅（３階建て以下共同住宅等）,駐車（輪）場,30歳代,その他,施錠した
窃盗,自転車盗,世田谷,若林交番,131121,東京都,世田谷区,三軒茶屋２丁目,2020-10-02,13,その他の住宅（３階建て以下共同住宅等）,駐車（輪）場,30歳代,その他,施錠した
窃盗,自転車盗,世田谷,若林交番,131121,東京都,世田谷区,若林１丁目,2020-07-11,10,道路上,その他,40歳代,その他,施錠した
窃盗,自転車盗,世田谷,若林交番,131121,東京都,世田谷区,若林１丁目,2020-09-13,18,道路上,その他,65-69歳,その他,施錠した
窃盗,自転車盗,世田谷,若林交番,131121,東京都,世田谷区,若林２丁目,2020-10-04,09,その他の住宅（３階建て以下共同住宅等）,駐車（輪）場,30歳代,その他,施錠した
窃盗,自転車盗,世田谷,若林交番,131121,東京都,世田谷区,若林２丁目,2020-11-10,17,一戸建住宅,駐車（輪）場,40歳代,その他,施錠した
窃盗,自転車盗,世田谷,松ケ丘交番,131121,東京都,世田谷区,桜３丁目,2020-07-06,19,道路上,その他,10歳代,高校生,施錠した
窃盗,自転車盗,世田谷,松ケ丘交番,131121,東京都,世田谷区,弦巻２丁目,2020-06-23,22,道路上,その他,20歳代,その他,施錠した
窃盗,自転車盗,世田谷,松ケ丘交番,131121,東京都,世田谷区,弦巻３丁目,2020-06-08,12,一戸建住宅,駐車（輪）場,50歳代,その他,施錠した
窃盗,自転車盗,世田谷,松ケ丘交番,131121,東京都,世田谷区,弦巻４丁目,2020-05-06,15,その他の住宅（３階建て以下共同住宅等）,駐車（輪）場,20歳代,大学生,施錠した
窃盗,自転車盗,世田谷,松ケ丘交番,131121,東京都,世田谷区,弦巻４丁目,2020-07-18,18,その他の住宅（３階建て以下共同住宅等）,駐車（輪）場,20歳代,その他,施錠した
窃盗,自転車盗,世田谷,桜丘交番,131121,東京都,世田谷区,桜丘２丁目,2020-08-03,00,道路上,その他,30歳代,その他,施錠した
窃盗,自転車盗,世田谷,桜丘交番,131121,東京都,世田谷区,桜丘２丁目,2020-09-20,21,４階建て以上共同住宅,駐車（輪）場,20歳代,その他,施錠した
窃盗,自転車盗,世田谷,桜丘交番,131121,東京都,世田谷区,桜丘４丁目,2020-08-10,09,道路上,その他,70歳以上,その他,施錠した
窃盗,自転車盗,世田谷,桜丘交番,131121,東京都,世田谷区,桜丘４丁目,2020-09-19,09,その他の住宅（３階建て以下共同住宅等）,駐車（輪）場,20歳代,その他,施錠した
窃盗,自転車盗,世田谷,桜丘交番,131121,東京都,世田谷区,桜丘５丁目,2020-10-06,16,その他,駐車（輪）場,20歳代,その他,施錠した
窃盗,自転車盗,世田谷,桜木駐在所,131121,東京都,世田谷区,桜２丁目,2020-10-22,09,一戸建住宅,駐車（輪）場,40歳代,その他,施錠した
窃盗,自転車盗,北沢,経堂駅前交番,131121,東京都,世田谷区,経堂１丁目,2019-12-22,10,道路上,その他,10歳代,大学生,施錠した
窃盗,自転車盗,北沢,経堂駅前交番,131121,東京都,世田谷区,経堂１丁目,2019-12-29,18,その他の住宅（３階建て以下共同住宅等）,駐車（輪）場,40歳代,その他,施錠した
窃盗,自転車盗,北沢,経堂駅前交番,131121,東京都,世田谷区,経堂１丁目,2020-01-11,22,その他の住宅（３階建て以下共同住宅等）,駐車（輪）場,40歳代,その他,施錠した
窃盗,自転車盗,北沢,経堂駅前交番,131121,東京都,世田谷区,経堂１丁目,2020-01-16,17,駐車（輪）場,駐車（輪）場,40歳代,その他,施錠した
窃盗,自転車盗,北沢,経堂駅前交番,131121,東京都,世田谷区,経堂１丁目,2020-01-20,12,駐車（輪）場,駐車（輪）場,20歳代,大学生,施錠した
窃盗,自転車盗,北沢,経堂駅前交番,131121,東京都,世田谷区,経堂１丁目,2020-05-15,21,その他の住宅（３階建て以下共同住宅等）,駐車（輪）場,法人・団体、被害者なし,法人・団体、被害者なし,施錠した
窃盗,自転車盗,北沢,経堂駅前交番,131121,東京都,世田谷区,経堂１丁目,2020-12-26,21,４階建て以上共同住宅,駐車（輪）場,30歳代,その他,施錠した
窃盗,自転車盗,北沢,経堂駅前交番,131121,東京都,世田谷区,経堂２丁目,2020-03-14,09,その他の住宅（３階建て以下共同住宅等）,駐車（輪）場,30歳代,その他,施錠した
窃盗,自転車盗,北沢,経堂駅前交番,131121,東京都,世田谷区,経堂２丁目,2020-05-05,22,道路上,その他,40歳代,その他,施錠した
窃盗,自転車盗,北沢,経堂駅前交番,131121,東京都,世田谷区,経堂２丁目,2020-05-09,13,その他の住宅（３階建て以下共同住宅等）,その他,30歳代,その他,施錠した
窃盗,自転車盗,北沢,経堂駅前交番,131121,東京都,世田谷区,経堂２丁目,2020-05-11,11,道路上,その他,50歳代,その他,施錠した
窃盗,自転車盗,北沢,経堂駅前交番,131121,東京都,世田谷区,経堂２丁目,2020-09-28,16,その他の住宅（３階建て以下共同住宅等）,その他,20歳代,大学生,施錠した
窃盗,自転車盗,北沢,経堂駅前交番,131121,東京都,世田谷区,経堂２丁目,2020-11-06,06,駐車（輪）場,駐車（輪）場,50歳代,その他,施錠した
窃盗,自転車盗,北沢,経堂駅前交番,131121,東京都,世田谷区,経堂３丁目,2020-03-07,10,道路上,その他,30歳代,その他,施錠した
窃盗,自転車盗,北沢,経堂駅前交番,131121,東京都,世田谷区,経堂４丁目,2020-05-10,09,その他,駐車（輪）場,50歳代,その他,施錠した
窃盗,自転車盗,北沢,経堂駅前交番,131121,東京都,世田谷区,経堂４丁目,2020-10-26,16,４階建て以上共同住宅,駐車（輪）場,40歳代,その他,施錠した
窃盗,自転車盗,北沢,経堂駅前交番,131121,東京都,世田谷区,経堂５丁目,2020-04-17,21,その他の住宅（３階建て以下共同住宅等）,駐車（輪）場,10歳代,大学生,施錠した
窃盗,自転車盗,北沢,経堂駅前交番,131121,東京都,世田谷区,経堂５丁目,2020-05-12,13,その他の住宅（３階建て以下共同住宅等）,駐車（輪）場,40歳代,その他,施錠した
窃盗,自転車盗,北沢,経堂駅前交番,131121,東京都,世田谷区,経堂５丁目,2020-08-20,15,４階建て以上共同住宅,駐車（輪）場,30歳代,その他,施錠した
窃盗,自転車盗,北沢,経堂駅前交番,131121,東京都,世田谷区,経堂５丁目,2020-11-23,20,一戸建住宅,駐車（輪）場,65-69歳,その他,施錠した
窃盗,自転車盗,北沢,経堂駅前交番,131121,東京都,世田谷区,経堂５丁目,2020-12-20,23,４階建て以上共同住宅,駐車（輪）場,10歳代,高校生,施錠した
窃盗,自転車盗,北沢,経堂駅前交番,131121,東京都,世田谷区,宮坂２丁目,2020-02-21,15,その他,駐車（輪）場,70歳以上,その他,施錠した
窃盗,自転車盗,北沢,経堂駅前交番,131121,東京都,世田谷区,宮坂２丁目,2020-03-06,21,その他の住宅（３階建て以下共同住宅等）,駐車（輪）場,20歳代,大学生,施錠した
窃盗,自転車盗,北沢,経堂駅前交番,131121,東京都,世田谷区,宮坂２丁目,2020-07-30,13,道路上,その他,70歳以上,その他,施錠した
窃盗,自転車盗,北沢,経堂駅前交番,131121,東京都,世田谷区,宮坂３丁目,2019-12-29,19,道路上,その他,30歳代,その他,施錠した
窃盗,自転車盗,北沢,経堂駅前交番,131121,東京都,世田谷区,宮坂３丁目,2020-07-01,21,道路上,その他,30歳代,その他,施錠した
窃盗,自転車盗,北沢,経堂駅前交番,131121,東京都,世田谷区,宮坂３丁目,2020-08-23,17,その他,駐車（輪）場,20歳代,その他,施錠した
窃盗,自転車盗,北沢,経堂駅前交番,131121,東京都,世田谷区,宮坂３丁目,2020-09-16,03,４階建て以上共同住宅,駐車（輪）場,10歳代,大学生,施錠した
窃盗,自転車盗,北沢,宮前橋交番,131121,東京都,世田谷区,梅丘１丁目,2020-05-29,20,４階建て以上共同住宅,駐車（輪）場,30歳代,その他,施錠した
窃盗,自転車盗,北沢,宮前橋交番,131121,東京都,世田谷区,梅丘２丁目,2020-01-14,06,一戸建住宅,駐車（輪）場,10歳代,中学生,施錠した
窃盗,自転車盗,北沢,宮前橋交番,131121,東京都,世田谷区,北沢２丁目,2020-11-06,22,道路上,その他,20歳代,大学生,施錠した
窃盗,自転車盗,北沢,宮前橋交番,131121,東京都,世田谷区,代田１丁目,2020-04-24,18,一戸建住宅,その他,30歳代,その他,施錠した
窃盗,自転車盗,北沢,宮前橋交番,131121,東京都,世田谷区,代田１丁目,2020-08-08,15,道路上,その他,20歳代,その他,施錠した
窃盗,自転車盗,北沢,宮前橋交番,131121,東京都,世田谷区,代田１丁目,2020-10-30,21,その他の住宅（３階建て以下共同住宅等）,駐車（輪）場,40歳代,その他,施錠した
窃盗,自転車盗,北沢,宮前橋交番,131121,東京都,世田谷区,代田１丁目,2020-11-08,21,道路上,その他,30歳代,その他,施錠した
窃盗,自転車盗,北沢,宮前橋交番,131121,東京都,世田谷区,代田３丁目,2020-02-23,00,４階建て以上共同住宅,駐車（輪）場,20歳代,その他,施錠した
窃盗,自転車盗,北沢,宮前橋交番,131121,東京都,世田谷区,代田４丁目,2020-02-01,02,その他の住宅（３階建て以下共同住宅等）,駐車（輪）場,40歳代,その他,施錠した
窃盗,自転車盗,北沢,宮前橋交番,131121,東京都,世田谷区,代田５丁目,2020-12-19,15,その他の住宅（３階建て以下共同住宅等）,駐車（輪）場,20歳代,その他,施錠した
窃盗,自転車盗,北沢,淡島通交番,131121,東京都,世田谷区,北沢２丁目,2020-11-03,13,道路上,その他,30歳代,その他,施錠した
窃盗,自転車盗,北沢,淡島通交番,131121,東京都,世田谷区,代沢１丁目,2019-12-29,17,その他の住宅（３階建て以下共同住宅等）,駐車（輪）場,20歳代,その他,施錠した
窃盗,自転車盗,北沢,淡島通交番,131121,東京都,世田谷区,代沢１丁目,2020-09-17,20,４階建て以上共同住宅,駐車（輪）場,70歳以上,その他,施錠した
窃盗,自転車盗,北沢,淡島通交番,131121,東京都,世田谷区,代沢１丁目,2020-10-31,12,その他の住宅（３階建て以下共同住宅等）,駐車（輪）場,10歳代,高校生,施錠した
窃盗,自転車盗,北沢,淡島通交番,131121,東京都,世田谷区,代沢２丁目,2019-12-04,20,道路上,その他,20歳代,その他,施錠した
窃盗,自転車盗,北沢,淡島通交番,131121,東京都,世田谷区,代沢２丁目,2020-03-18,17,駐車（輪）場,駐車（輪）場,50歳代,その他,施錠した
窃盗,自転車盗,北沢,淡島通交番,131121,東京都,世田谷区,代沢２丁目,2020-08-16,14,道路上,その他,10歳代,高校生,施錠した
窃盗,自転車盗,北沢,淡島通交番,131121,東京都,世田谷区,代沢２丁目,2020-10-04,19,道路上,その他,30歳代,その他,施錠した
窃盗,自転車盗,北沢,淡島通交番,131121,東京都,世田谷区,代沢２丁目,2020-12-03,19,道路上,その他,40歳代,その他,施錠した
窃盗,自転車盗,北沢,淡島通交番,131121,東京都,世田谷区,代沢３丁目,2020-09-09,19,その他の住宅（３階建て以下共同住宅等）,駐車（輪）場,10歳代,中学生,施錠した
窃盗,自転車盗,北沢,淡島通交番,131121,東京都,世田谷区,代沢３丁目,2020-11-15,01,道路上,その他,30歳代,その他,施錠した
窃盗,自転車盗,北沢,淡島通交番,131121,東京都,世田谷区,代沢４丁目,2020-02-01,23,その他の住宅（３階建て以下共同住宅等）,駐車（輪）場,30歳代,その他,施錠した
窃盗,自転車盗,北沢,淡島通交番,131121,東京都,世田谷区,代沢４丁目,2020-09-11,20,４階建て以上共同住宅,駐車（輪）場,40歳代,その他,施錠した
窃盗,自転車盗,北沢,淡島通交番,131121,東京都,世田谷区,代沢５丁目,2020-01-08,21,４階建て以上共同住宅,駐車（輪）場,30歳代,その他,施錠した
窃盗,自転車盗,北沢,淡島通交番,131121,東京都,世田谷区,代沢５丁目,2020-01-30,18,道路上,その他,30歳代,その他,施錠した
窃盗,自転車盗,北沢,淡島通交番,131121,東京都,世田谷区,代沢５丁目,2020-06-10,23,道路上,その他,30歳代,その他,施錠した
窃盗,自転車盗,北沢,淡島通交番,131121,東京都,世田谷区,代田３丁目,2020-02-12,16,４階建て以上共同住宅,駐車（輪）場,10歳代,高校生,施錠した
窃盗,自転車盗,北沢,淡島通交番,131121,東京都,世田谷区,代田５丁目,2020-07-19,20,道路上,その他,20歳代,その他,施錠した
窃盗,自転車盗,北沢,下北沢交番,131121,東京都,世田谷区,北沢１丁目,2020-02-04,07,その他,駐車（輪）場,30歳代,その他,施錠した
窃盗,自転車盗,北沢,下北沢交番,131121,東京都,世田谷区,北沢１丁目,2020-02-14,18,４階建て以上共同住宅,駐車（輪）場,30歳代,その他,施錠した
窃盗,自転車盗,北沢,下北沢交番,131121,東京都,世田谷区,北沢１丁目,2020-03-22,23,道路上,その他,20歳代,その他,施錠した
窃盗,自転車盗,北沢,下北沢交番,131121,東京都,世田谷区,北沢１丁目,2020-03-31,07,駐車（輪）場,駐車（輪）場,20歳代,その他,施錠した
窃盗,自転車盗,北沢,下北沢交番,131121,東京都,世田谷区,北沢１丁目,2020-04-23,10,その他の住宅（３階建て以下共同住宅等）,駐車（輪）場,40歳代,その他,施錠した
窃盗,自転車盗,北沢,下北沢交番,131121,東京都,世田谷区,北沢１丁目,2020-06-06,19,その他の住宅（３階建て以下共同住宅等）,駐車（輪）場,20歳代,その他,施錠した
窃盗,自転車盗,北沢,下北沢交番,131121,東京都,世田谷区,北沢２丁目,2019-11-12,21,駐車（輪）場,駐車（輪）場,20歳代,大学生,施錠した
窃盗,自転車盗,北沢,下北沢交番,131121,東京都,世田谷区,北沢２丁目,2019-12-29,15,道路上,その他,20歳代,その他,施錠した
窃盗,自転車盗,北沢,下北沢交番,131121,東京都,世田谷区,北沢２丁目,2020-01-05,17,道路上,その他,30歳代,その他,施錠した
窃盗,自転車盗,北沢,下北沢交番,131121,東京都,世田谷区,北沢２丁目,2020-01-07,17,道路上,その他,50歳代,その他,施錠した
窃盗,自転車盗,北沢,下北沢交番,131121,東京都,世田谷区,北沢２丁目,2020-02-23,08,その他,駐車（輪）場,20歳代,その他,施錠した
窃盗,自転車盗,北沢,下北沢交番,131121,東京都,世田谷区,北沢２丁目,2020-03-15,12,道路上,その他,20歳代,その他,施錠した
窃盗,自転車盗,北沢,下北沢交番,131121,東京都,世田谷区,北沢２丁目,2020-03-26,17,道路上,その他,法人・団体、被害者なし,法人・団体、被害者なし,施錠した
窃盗,自転車盗,北沢,下北沢交番,131121,東京都,世田谷区,北沢２丁目,2020-04-09,16,道路上,その他,20歳代,その他,施錠した
窃盗,自転車盗,北沢,下北沢交番,131121,東京都,世田谷区,北沢２丁目,2020-04-25,16,道路上,その他,70歳以上,その他,施錠した
窃盗,自転車盗,北沢,下北沢交番,131121,東京都,世田谷区,北沢２丁目,2020-05-23,14,道路上,その他,20歳代,その他,施錠した
窃盗,自転車盗,北沢,下北沢交番,131121,東京都,世田谷区,北沢２丁目,2020-05-25,05,道路上,その他,50歳代,その他,施錠した
窃盗,自転車盗,北沢,下北沢交番,131121,東京都,世田谷区,北沢２丁目,2020-05-28,21,道路上,その他,40歳代,その他,施錠した
窃盗,自転車盗,北沢,下北沢交番,131121,東京都,世田谷区,北沢２丁目,2020-06-25,21,道路上,その他,20歳代,その他,施錠した
窃盗,自転車盗,北沢,下北沢交番,131121,東京都,世田谷区,北沢２丁目,2020-06-27,08,道路上,その他,10歳代,中学生,施錠した
窃盗,自転車盗,北沢,下北沢交番,131121,東京都,世田谷区,北沢２丁目,2020-07-11,10,その他,駐車（輪）場,50歳代,その他,施錠した
窃盗,自転車盗,北沢,下北沢交番,131121,東京都,世田谷区,北沢２丁目,2020-07-26,23,道路上,その他,30歳代,その他,施錠した
窃盗,自転車盗,北沢,下北沢交番,131121,東京都,世田谷区,北沢２丁目,2020-07-31,00,道路上,その他,20歳代,その他,施錠した
窃盗,自転車盗,北沢,下北沢交番,131121,東京都,世田谷区,北沢２丁目,2020-08-12,18,道路上,その他,50歳代,その他,施錠した
窃盗,自転車盗,北沢,下北沢交番,131121,東京都,世田谷区,北沢２丁目,2020-08-21,14,道路上,その他,20歳代,大学生,施錠した
窃盗,自転車盗,北沢,下北沢交番,131121,東京都,世田谷区,北沢２丁目,2020-08-31,15,道路上,その他,30歳代,その他,施錠した
窃盗,自転車盗,北沢,下北沢交番,131121,東京都,世田谷区,北沢２丁目,2020-09-03,21,４階建て以上共同住宅,駐車（輪）場,40歳代,その他,施錠した
窃盗,自転車盗,北沢,下北沢交番,131121,東京都,世田谷区,北沢２丁目,2020-10-19,22,その他,その他,30歳代,その他,施錠した
窃盗,自転車盗,北沢,下北沢交番,131121,東京都,世田谷区,北沢２丁目,2020-10-21,06,駐車（輪）場,駐車（輪）場,20歳代,大学生,施錠した
窃盗,自転車盗,北沢,下北沢交番,131121,東京都,世田谷区,北沢２丁目,2020-10-23,21,道路上,その他,50歳代,その他,施錠した
窃盗,自転車盗,北沢,下北沢交番,131121,東京都,世田谷区,北沢２丁目,2020-10-28,22,その他の住宅（３階建て以下共同住宅等）,駐車（輪）場,30歳代,その他,施錠した
窃盗,自転車盗,北沢,下北沢交番,131121,東京都,世田谷区,北沢２丁目,2020-11-01,01,道路上,その他,20歳代,大学生,施錠した
窃盗,自転車盗,北沢,下北沢交番,131121,東京都,世田谷区,北沢２丁目,2020-11-20,10,駐車（輪）場,駐車（輪）場,20歳代,大学生,施錠した
窃盗,自転車盗,北沢,下北沢交番,131121,東京都,世田谷区,北沢２丁目,2020-11-27,09,駐車（輪）場,駐車（輪）場,20歳代,その他,施錠した
窃盗,自転車盗,北沢,下北沢交番,131121,東京都,世田谷区,北沢２丁目,2020-11-30,17,道路上,その他,10歳代,高校生,施錠した
窃盗,自転車盗,北沢,下北沢交番,131121,東京都,世田谷区,北沢２丁目,2020-12-14,07,道路上,その他,40歳代,その他,施錠した
窃盗,自転車盗,北沢,下北沢交番,131121,東京都,世田谷区,北沢２丁目,2020-12-20,15,道路上,その他,40歳代,その他,施錠した
窃盗,自転車盗,北沢,下北沢交番,131121,東京都,世田谷区,北沢３丁目,2020-01-09,11,道路上,その他,40歳代,その他,施錠した
窃盗,自転車盗,北沢,下北沢交番,131121,東京都,世田谷区,北沢３丁目,2020-04-27,09,道路上,その他,50歳代,その他,施錠した
窃盗,自転車盗,北沢,下北沢交番,131121,東京都,世田谷区,北沢４丁目,2019-12-31,00,その他の住宅（３階建て以下共同住宅等）,駐車（輪）場,20歳代,その他,施錠した
窃盗,自転車盗,北沢,下北沢交番,131121,東京都,世田谷区,北沢４丁目,2020-09-24,19,一戸建住宅,駐車（輪）場,40歳代,その他,施錠した
窃盗,自転車盗,北沢,下北沢交番,131121,東京都,世田谷区,北沢５丁目,2020-02-25,05,その他の住宅（３階建て以下共同住宅等）,駐車（輪）場,30歳代,その他,施錠した
窃盗,自転車盗,北沢,下北沢交番,131121,東京都,世田谷区,北沢５丁目,2020-05-15,10,４階建て以上共同住宅,駐車（輪）場,30歳代,その他,施錠した
窃盗,自転車盗,北沢,下北沢交番,131121,東京都,世田谷区,北沢５丁目,2020-11-04,22,その他の住宅（３階建て以下共同住宅等）,駐車（輪）場,20歳代,その他,施錠した
窃盗,自転車盗,北沢,下北沢交番,131121,東京都,世田谷区,代沢２丁目,2020-10-21,15,道路上,その他,20歳代,その他,施錠した
窃盗,自転車盗,北沢,下北沢交番,131121,東京都,世田谷区,代沢５丁目,2020-03-19,07,４階建て以上共同住宅,駐車（輪）場,40歳代,その他,施錠した
窃盗,自転車盗,北沢,下北沢交番,131121,東京都,世田谷区,代田４丁目,2020-03-14,14,その他の住宅（３階建て以下共同住宅等）,駐車（輪）場,20歳代,大学生,施錠した
窃盗,自転車盗,北沢,下北沢交番,131121,東京都,世田谷区,代田５丁目,2020-04-16,20,その他の住宅（３階建て以下共同住宅等）,その他,30歳代,その他,施錠した
窃盗,自転車盗,北沢,下北沢交番,131121,東京都,世田谷区,代田５丁目,2020-08-09,19,道路上,その他,20歳代,その他,施錠した
窃盗,自転車盗,北沢,下北沢交番,131121,東京都,世田谷区,代田５丁目,2020-09-24,15,その他,駐車（輪）場,30歳代,その他,施錠した
窃盗,自転車盗,北沢,下北沢交番,131121,東京都,世田谷区,代田６丁目,2020-08-30,00,４階建て以上共同住宅,駐車（輪）場,30歳代,その他,施錠した
窃盗,自転車盗,北沢,下北沢交番,131121,東京都,世田谷区,宮坂１丁目,2020-12-23,18,道路上,その他,70歳以上,その他,施錠した
窃盗,自転車盗,北沢,羽根木交番,131121,東京都,世田谷区,大原１丁目,2020-06-08,17,一戸建住宅,駐車（輪）場,40歳代,その他,施錠した
窃盗,自転車盗,北沢,羽根木交番,131121,東京都,世田谷区,大原１丁目,2020-09-04,23,その他の住宅（３階建て以下共同住宅等）,駐車（輪）場,20歳代,その他,施錠した
窃盗,自転車盗,北沢,羽根木交番,131121,東京都,世田谷区,大原１丁目,2020-09-20,20,その他の住宅（３階建て以下共同住宅等）,駐車（輪）場,40歳代,その他,施錠した
窃盗,自転車盗,北沢,羽根木交番,131121,東京都,世田谷区,大原２丁目,2020-10-26,14,４階建て以上共同住宅,駐車（輪）場,40歳代,その他,施錠した
窃盗,自転車盗,北沢,羽根木交番,131121,東京都,世田谷区,羽根木１丁目,2020-02-06,10,その他の住宅（３階建て以下共同住宅等）,駐車（輪）場,30歳代,その他,施錠した
窃盗,自転車盗,北沢,羽根木交番,131121,東京都,世田谷区,羽根木１丁目,2020-07-17,23,４階建て以上共同住宅,駐車（輪）場,30歳代,その他,施錠した
窃盗,自転車盗,北沢,羽根木交番,131121,東京都,世田谷区,羽根木１丁目,2020-08-23,22,その他の住宅（３階建て以下共同住宅等）,駐車（輪）場,40歳代,その他,施錠した
窃盗,自転車盗,北沢,羽根木交番,131121,東京都,世田谷区,羽根木２丁目,2020-07-14,23,４階建て以上共同住宅,駐車（輪）場,20歳代,その他,施錠した
窃盗,自転車盗,北沢,羽根木交番,131121,東京都,世田谷区,松原５丁目,2020-06-17,12,その他,駐車（輪）場,70歳以上,その他,施錠した
窃盗,自転車盗,北沢,赤松交番,131121,東京都,世田谷区,赤堤４丁目,2020-01-25,15,その他,駐車（輪）場,60-64歳,その他,施錠した
窃盗,自転車盗,北沢,赤堤交番,131121,東京都,世田谷区,赤堤３丁目,2020-08-06,23,一戸建住宅,駐車（輪）場,50歳代,その他,施錠した
窃盗,自転車盗,北沢,赤堤交番,131121,東京都,世田谷区,赤堤４丁目,2020-05-24,17,一戸建住宅,駐車（輪）場,70歳以上,その他,施錠した
窃盗,自転車盗,北沢,赤堤交番,131121,東京都,世田谷区,赤堤５丁目,2020-04-15,17,その他の住宅（３階建て以下共同住宅等）,駐車（輪）場,30歳代,その他,施錠した
窃盗,自転車盗,北沢,赤堤交番,131121,東京都,世田谷区,梅丘１丁目,2019-12-02,10,４階建て以上共同住宅,駐車（輪）場,20歳代,その他,施錠した
窃盗,自転車盗,北沢,赤堤交番,131121,東京都,世田谷区,梅丘１丁目,2020-05-19,20,駐車（輪）場,駐車（輪）場,20歳代,その他,施錠した
窃盗,自転車盗,北沢,赤堤交番,131121,東京都,世田谷区,豪徳寺１丁目,2020-05-18,19,その他,駐車（輪）場,30歳代,その他,施錠した
窃盗,自転車盗,北沢,赤堤交番,131121,東京都,世田谷区,豪徳寺１丁目,2020-06-17,22,道路上,その他,20歳代,その他,施錠した
窃盗,自転車盗,北沢,赤堤交番,131121,東京都,世田谷区,豪徳寺１丁目,2020-09-13,13,道路上,その他,70歳以上,その他,施錠した
窃盗,自転車盗,北沢,赤堤交番,131121,東京都,世田谷区,豪徳寺１丁目,2020-10-14,07,その他,駐車（輪）場,40歳代,その他,施錠した
窃盗,自転車盗,北沢,明大前駅前交番,131121,東京都,世田谷区,赤堤４丁目,2019-10-20,00,道路上,その他,60-64歳,その他,施錠した
窃盗,自転車盗,北沢,明大前駅前交番,131121,東京都,世田谷区,松原１丁目,2020-02-09,18,道路上,その他,20歳代,その他,施錠した
窃盗,自転車盗,北沢,明大前駅前交番,131121,東京都,世田谷区,松原１丁目,2020-03-25,23,４階建て以上共同住宅,駐車（輪）場,20歳代,その他,施錠した
窃盗,自転車盗,北沢,明大前駅前交番,131121,東京都,世田谷区,松原１丁目,2020-08-05,12,駐車（輪）場,駐車（輪）場,30歳代,その他,施錠した
窃盗,自転車盗,北沢,明大前駅前交番,131121,東京都,世田谷区,松原１丁目,2020-10-10,20,道路上,その他,10歳代,中学生,施錠した
窃盗,自転車盗,北沢,明大前駅前交番,131121,東京都,世田谷区,松原１丁目,2020-10-24,21,駐車（輪）場,駐車（輪）場,20歳代,その他,施錠した
窃盗,自転車盗,北沢,明大前駅前交番,131121,東京都,世田谷区,松原２丁目,2020-01-24,01,道路上,その他,40歳代,その他,施錠した
窃盗,自転車盗,北沢,明大前駅前交番,131121,東京都,世田谷区,松原２丁目,2020-02-29,23,道路上,その他,40歳代,その他,施錠した
窃盗,自転車盗,北沢,明大前駅前交番,131121,東京都,世田谷区,松原２丁目,2020-07-15,18,道路上,その他,20歳代,大学生,施錠した
窃盗,自転車盗,北沢,明大前駅前交番,131121,東京都,世田谷区,松原２丁目,2020-08-02,15,その他の住宅（３階建て以下共同住宅等）,駐車（輪）場,30歳代,その他,施錠した
窃盗,自転車盗,北沢,明大前駅前交番,131121,東京都,世田谷区,松原２丁目,2020-09-07,22,道路上,その他,40歳代,その他,施錠した
窃盗,自転車盗,北沢,明大前駅前交番,131121,東京都,世田谷区,松原３丁目,2020-06-04,18,その他の住宅（３階建て以下共同住宅等）,その他,20歳代,大学生,施錠した
窃盗,自転車盗,北沢,明大前駅前交番,131121,東京都,世田谷区,松原６丁目,2020-09-03,17,その他の住宅（３階建て以下共同住宅等）,その他,40歳代,その他,施錠した
窃盗,自転車盗,玉川,東玉川交番,131121,東京都,世田谷区,東玉川１丁目,2020-03-18,22,一戸建住宅,その他,10歳代,高校生,施錠した
窃盗,自転車盗,玉川,東玉川交番,131121,東京都,世田谷区,東玉川１丁目,2020-06-15,21,４階建て以上共同住宅,駐車（輪）場,10歳代,高校生,施錠した
窃盗,自転車盗,玉川,東玉川交番,131121,東京都,世田谷区,東玉川２丁目,2019-12-20,07,一戸建住宅,その他,10歳代,高校生,施錠した
窃盗,自転車盗,玉川,奥沢駅前交番,131121,東京都,世田谷区,奥沢１丁目,2020-04-25,17,一戸建住宅,その他,10歳代,高校生,施錠した
窃盗,自転車盗,玉川,奥沢駅前交番,131121,東京都,世田谷区,奥沢３丁目,2020-06-06,19,４階建て以上共同住宅,駐車（輪）場,20歳代,その他,施錠した
窃盗,自転車盗,玉川,奥沢駅前交番,131121,東京都,世田谷区,奥沢３丁目,2020-11-03,21,その他,その他,30歳代,その他,施錠した
窃盗,自転車盗,玉川,奥沢駅前交番,131121,東京都,世田谷区,奥沢５丁目,2020-02-01,14,駐車（輪）場,駐車（輪）場,30歳代,その他,施錠した
窃盗,自転車盗,玉川,奥沢駅前交番,131121,東京都,世田谷区,奥沢５丁目,2020-03-22,13,その他の住宅（３階建て以下共同住宅等）,その他,30歳代,その他,施錠した
窃盗,自転車盗,玉川,奥沢駅前交番,131121,東京都,世田谷区,奥沢５丁目,2020-05-08,09,その他の住宅（３階建て以下共同住宅等）,駐車（輪）場,30歳代,その他,施錠した
窃盗,自転車盗,玉川,奥沢駅前交番,131121,東京都,世田谷区,奥沢５丁目,2020-07-10,14,４階建て以上共同住宅,駐車（輪）場,30歳代,その他,施錠した
窃盗,自転車盗,玉川,奥沢駅前交番,131121,東京都,世田谷区,奥沢５丁目,2020-08-08,17,一戸建住宅,その他,50歳代,その他,施錠した
窃盗,自転車盗,玉川,奥沢駅前交番,131121,東京都,世田谷区,奥沢５丁目,2020-10-06,19,駐車（輪）場,駐車（輪）場,20歳代,大学生,施錠した
窃盗,自転車盗,玉川,奥沢駅前交番,131121,東京都,世田谷区,奥沢５丁目,2020-11-18,00,道路上,その他,30歳代,その他,施錠した
窃盗,自転車盗,玉川,九品仏交番,131121,東京都,世田谷区,尾山台３丁目,2020-07-01,02,一戸建住宅,その他,20歳代,大学生,施錠した
窃盗,自転車盗,玉川,九品仏交番,131121,東京都,世田谷区,尾山台３丁目,2020-08-22,09,道路上,その他,10歳代,中学生,施錠した
窃盗,自転車盗,玉川,九品仏交番,131121,東京都,世田谷区,玉川田園調布１丁目,2020-03-08,00,その他の住宅（３階建て以下共同住宅等）,駐車（輪）場,10歳代,その他,施錠した
窃盗,自転車盗,玉川,尾山台駅前交番,131121,東京都,世田谷区,尾山台３丁目,2019-09-22,07,駐車（輪）場,駐車（輪）場,10歳代,高校生,施錠した
窃盗,自転車盗,玉川,尾山台駅前交番,131121,東京都,世田谷区,尾山台３丁目,2020-03-16,11,駐車（輪）場,駐車（輪）場,10歳代,高校生,施錠した
窃盗,自転車盗,玉川,尾山台駅前交番,131121,東京都,世田谷区,尾山台３丁目,2020-09-16,15,その他の住宅（３階建て以下共同住宅等）,駐車（輪）場,30歳代,その他,施錠した
窃盗,自転車盗,玉川,尾山台駅前交番,131121,東京都,世田谷区,尾山台３丁目,2020-11-05,08,駐車（輪）場,駐車（輪）場,50歳代,その他,施錠した
窃盗,自転車盗,玉川,尾山台駅前交番,131121,東京都,世田谷区,玉堤２丁目,2020-01-21,20,その他の住宅（３階建て以下共同住宅等）,駐車（輪）場,30歳代,その他,施錠した
窃盗,自転車盗,玉川,尾山台駅前交番,131121,東京都,世田谷区,等々力２丁目,2020-03-20,15,道路上,その他,10歳代,中学生,施錠した
窃盗,自転車盗,玉川,尾山台駅前交番,131121,東京都,世田谷区,等々力３丁目,2019-12-07,17,道路上,その他,20歳代,大学生,施錠した
窃盗,自転車盗,玉川,尾山台駅前交番,131121,東京都,世田谷区,等々力３丁目,2020-06-01,18,道路上,その他,20歳代,その他,施錠した
窃盗,自転車盗,玉川,尾山台駅前交番,131121,東京都,世田谷区,等々力３丁目,2020-11-26,21,その他の住宅（３階建て以下共同住宅等）,駐車（輪）場,50歳代,その他,施錠した
窃盗,自転車盗,玉川,尾山台駅前交番,131121,東京都,世田谷区,等々力７丁目,2020-01-06,22,４階建て以上共同住宅,駐車（輪）場,20歳代,その他,施錠した
窃盗,自転車盗,玉川,尾山台駅前交番,131121,東京都,世田谷区,等々力７丁目,2020-05-17,15,一戸建住宅,その他,40歳代,その他,施錠した
窃盗,自転車盗,玉川,尾山台駅前交番,131121,東京都,世田谷区,等々力７丁目,2020-11-21,20,道路上,その他,20歳代,その他,施錠した
窃盗,自転車盗,玉川,尾山台駅前交番,131121,東京都,世田谷区,等々力８丁目,2020-05-11,19,その他の住宅（３階建て以下共同住宅等）,駐車（輪）場,50歳代,その他,施錠した
窃盗,自転車盗,玉川,上野毛交番,131121,東京都,世田谷区,上野毛１丁目,2020-03-25,18,その他の住宅（３階建て以下共同住宅等）,その他,30歳代,その他,施錠した
窃盗,自転車盗,玉川,上野毛交番,131121,東京都,世田谷区,上野毛１丁目,2020-10-16,16,道路上,その他,50歳代,その他,施錠した
窃盗,自転車盗,玉川,上野毛交番,131121,東京都,世田谷区,上野毛１丁目,2020-11-20,18,道路上,その他,10歳代,中学生,施錠した
窃盗,自転車盗,玉川,上野毛交番,131121,東京都,世田谷区,中町４丁目,2020-04-29,12,その他の住宅（３階建て以下共同住宅等）,駐車（輪）場,20歳代,その他,施錠した
窃盗,自転車盗,玉川,上野毛交番,131121,東京都,世田谷区,中町５丁目,2020-03-11,20,その他の住宅（３階建て以下共同住宅等）,その他,10歳代,高校生,施錠した
窃盗,自転車盗,玉川,二子玉川交番,131121,東京都,世田谷区,上野毛２丁目,2019-11-16,11,その他,駐車（輪）場,30歳代,その他,施錠した
窃盗,自転車盗,玉川,二子玉川交番,131121,東京都,世田谷区,玉川１丁目,2019-12-16,07,駐車（輪）場,駐車（輪）場,40歳代,その他,施錠した
窃盗,自転車盗,玉川,二子玉川交番,131121,東京都,世田谷区,玉川１丁目,2020-05-14,19,その他,その他,40歳代,その他,施錠した
窃盗,自転車盗,玉川,二子玉川交番,131121,東京都,世田谷区,玉川１丁目,2020-08-19,01,その他,その他,40歳代,その他,施錠した
窃盗,自転車盗,玉川,二子玉川交番,131121,東京都,世田谷区,玉川２丁目,2019-12-04,07,駐車（輪）場,駐車（輪）場,30歳代,その他,施錠した
窃盗,自転車盗,玉川,二子玉川交番,131121,東京都,世田谷区,玉川２丁目,2019-12-28,09,駐車（輪）場,駐車（輪）場,10歳代,高校生,施錠した
窃盗,自転車盗,玉川,二子玉川交番,131121,東京都,世田谷区,玉川２丁目,2020-01-24,07,駐車（輪）場,駐車（輪）場,40歳代,その他,施錠した
窃盗,自転車盗,玉川,二子玉川交番,131121,東京都,世田谷区,玉川２丁目,2020-02-20,16,その他,駐車（輪）場,10歳代,高校生,施錠した
窃盗,自転車盗,玉川,二子玉川交番,131121,東京都,世田谷区,玉川２丁目,2020-02-28,07,その他,駐車（輪）場,10歳代,高校生,施錠した
窃盗,自転車盗,玉川,二子玉川交番,131121,東京都,世田谷区,玉川３丁目,2019-12-17,09,道路上,その他,10歳代,大学生,施錠した
窃盗,自転車盗,玉川,二子玉川交番,131121,東京都,世田谷区,玉川３丁目,2020-01-04,11,駐車（輪）場,駐車（輪）場,20歳代,大学生,施錠した
窃盗,自転車盗,玉川,二子玉川交番,131121,東京都,世田谷区,玉川３丁目,2020-01-18,12,道路上,その他,65-69歳,その他,施錠した
窃盗,自転車盗,玉川,二子玉川交番,131121,東京都,世田谷区,玉川３丁目,2020-01-18,14,道路上,その他,10歳代,高校生,施錠した
窃盗,自転車盗,玉川,二子玉川交番,131121,東京都,世田谷区,玉川３丁目,2020-02-05,12,その他,駐車（輪）場,20歳代,大学生,施錠した
窃盗,自転車盗,玉川,二子玉川交番,131121,東京都,世田谷区,玉川３丁目,2020-02-25,07,駐車（輪）場,駐車（輪）場,30歳代,その他,施錠した
窃盗,自転車盗,玉川,二子玉川交番,131121,東京都,世田谷区,玉川３丁目,2020-03-03,18,その他,その他,10歳代,大学生,施錠した
窃盗,自転車盗,玉川,二子玉川交番,131121,東京都,世田谷区,玉川３丁目,2020-03-10,10,駐車（輪）場,駐車（輪）場,30歳代,その他,施錠した
窃盗,自転車盗,玉川,二子玉川交番,131121,東京都,世田谷区,玉川３丁目,2020-04-10,17,その他,駐車（輪）場,20歳代,大学生,施錠した
窃盗,自転車盗,玉川,二子玉川交番,131121,東京都,世田谷区,玉川３丁目,2020-05-26,16,道路上,その他,20歳代,その他,施錠した
窃盗,自転車盗,玉川,二子玉川交番,131121,東京都,世田谷区,玉川３丁目,2020-06-16,19,その他の住宅（３階建て以下共同住宅等）,その他,40歳代,その他,施錠した
窃盗,自転車盗,玉川,二子玉川交番,131121,東京都,世田谷区,玉川３丁目,2020-11-13,20,道路上,その他,40歳代,その他,施錠した
窃盗,自転車盗,玉川,二子玉川交番,131121,東京都,世田谷区,玉川３丁目,2020-12-13,15,道路上,その他,20歳代,その他,施錠した
窃盗,自転車盗,玉川,二子玉川交番,131121,東京都,世田谷区,玉川４丁目,2020-03-01,08,４階建て以上共同住宅,駐車（輪）場,30歳代,その他,施錠した
窃盗,自転車盗,玉川,二子玉川交番,131121,東京都,世田谷区,玉川４丁目,2020-04-17,22,４階建て以上共同住宅,駐車（輪）場,30歳代,その他,施錠した
窃盗,自転車盗,玉川,二子玉川交番,131121,東京都,世田谷区,玉川４丁目,2020-11-14,19,その他,その他,10歳代,高校生,施錠した
窃盗,自転車盗,玉川,二子玉川交番,131121,東京都,世田谷区,玉川４丁目,2020-12-12,10,その他,駐車（輪）場,70歳以上,その他,施錠した
窃盗,自転車盗,玉川,瀬田交番,131121,東京都,世田谷区,瀬田４丁目,2019-12-30,22,その他の住宅（３階建て以下共同住宅等）,駐車（輪）場,30歳代,その他,施錠した
窃盗,自転車盗,玉川,瀬田交番,131121,東京都,世田谷区,瀬田４丁目,2020-08-11,08,その他,駐車（輪）場,20歳代,その他,施錠した
窃盗,自転車盗,玉川,瀬田交番,131121,東京都,世田谷区,瀬田５丁目,2019-12-25,22,駐車（輪）場,駐車（輪）場,40歳代,その他,施錠した
窃盗,自転車盗,玉川,瀬田交番,131121,東京都,世田谷区,玉川台１丁目,2020-07-17,23,一戸建住宅,その他,30歳代,その他,施錠した
窃盗,自転車盗,玉川,瀬田交番,131121,東京都,世田谷区,玉川台２丁目,2020-10-29,07,道路上,その他,40歳代,その他,施錠した
窃盗,自転車盗,玉川,瀬田交番,131121,東京都,世田谷区,玉川台２丁目,2020-11-29,17,道路上,その他,10歳代,大学生,施錠した
窃盗,自転車盗,玉川,瀬田交番,131121,東京都,世田谷区,玉川台２丁目,2020-12-04,19,一戸建住宅,その他,10歳代,中学生,施錠した
窃盗,自転車盗,玉川,瀬田交番,131121,東京都,世田谷区,用賀１丁目,2020-10-13,19,その他の住宅（３階建て以下共同住宅等）,駐車（輪）場,10歳代,高校生,施錠した
窃盗,自転車盗,玉川,瀬田交番,131121,東京都,世田谷区,用賀１丁目,2020-11-20,09,道路上,その他,50歳代,その他,施錠した
窃盗,自転車盗,玉川,用賀交番,131121,東京都,世田谷区,上用賀１丁目,2020-10-03,17,４階建て以上共同住宅,駐車（輪）場,40歳代,その他,施錠した
窃盗,自転車盗,玉川,用賀交番,131121,東京都,世田谷区,用賀２丁目,2019-12-22,18,その他,駐車（輪）場,40歳代,その他,施錠した
窃盗,自転車盗,玉川,用賀交番,131121,東京都,世田谷区,用賀２丁目,2020-10-28,17,道路上,その他,40歳代,その他,施錠した
窃盗,自転車盗,玉川,用賀交番,131121,東京都,世田谷区,用賀２丁目,2020-11-08,11,駐車（輪）場,駐車（輪）場,10歳代,中学生,施錠した
窃盗,自転車盗,玉川,用賀交番,131121,東京都,世田谷区,用賀２丁目,2020-11-26,09,駐車（輪）場,駐車（輪）場,20歳代,大学生,施錠した
窃盗,自転車盗,玉川,用賀交番,131121,東京都,世田谷区,用賀２丁目,2020-12-06,21,その他,駐車（輪）場,20歳代,その他,施錠した
窃盗,自転車盗,玉川,用賀交番,131121,東京都,世田谷区,用賀３丁目,2019-11-29,17,その他の住宅（３階建て以下共同住宅等）,駐車（輪）場,30歳代,その他,施錠した
窃盗,自転車盗,玉川,用賀交番,131121,東京都,世田谷区,用賀３丁目,2020-03-04,16,道路上,その他,30歳代,その他,施錠した
窃盗,自転車盗,玉川,用賀交番,131121,東京都,世田谷区,用賀３丁目,2020-05-25,18,一戸建住宅,その他,30歳代,その他,施錠した
窃盗,自転車盗,玉川,用賀交番,131121,東京都,世田谷区,用賀３丁目,2020-09-16,12,その他,駐車（輪）場,30歳代,その他,施錠した
窃盗,自転車盗,玉川,用賀交番,131121,東京都,世田谷区,用賀３丁目,2020-11-28,18,４階建て以上共同住宅,駐車（輪）場,30歳代,その他,施錠した
窃盗,自転車盗,玉川,用賀交番,131121,東京都,世田谷区,用賀４丁目,2019-11-18,19,道路上,その他,20歳代,その他,施錠した
窃盗,自転車盗,玉川,用賀交番,131121,東京都,世田谷区,用賀４丁目,2019-12-02,21,駐車（輪）場,駐車（輪）場,20歳代,大学生,施錠した
窃盗,自転車盗,玉川,用賀交番,131121,東京都,世田谷区,用賀４丁目,2019-12-09,09,道路上,その他,20歳代,その他,施錠した
窃盗,自転車盗,玉川,用賀交番,131121,東京都,世田谷区,用賀４丁目,2020-01-13,08,駐車（輪）場,駐車（輪）場,10歳代,中学生,施錠した
窃盗,自転車盗,玉川,用賀交番,131121,東京都,世田谷区,用賀４丁目,2020-05-01,15,道路上,その他,10歳代,中学生,施錠した
窃盗,自転車盗,玉川,用賀交番,131121,東京都,世田谷区,用賀４丁目,2020-06-05,13,道路上,その他,40歳代,その他,施錠した
窃盗,自転車盗,玉川,用賀交番,131121,東京都,世田谷区,用賀４丁目,2020-06-13,08,駐車（輪）場,駐車（輪）場,30歳代,その他,施錠した
窃盗,自転車盗,玉川,用賀交番,131121,東京都,世田谷区,用賀４丁目,2020-07-04,16,駐車（輪）場,駐車（輪）場,20歳代,その他,施錠した
窃盗,自転車盗,玉川,用賀交番,131121,東京都,世田谷区,用賀４丁目,2020-07-28,09,その他,駐車（輪）場,40歳代,その他,施錠した
窃盗,自転車盗,玉川,用賀交番,131121,東京都,世田谷区,用賀４丁目,2020-09-14,17,道路上,その他,20歳代,その他,施錠した
窃盗,自転車盗,玉川,用賀交番,131121,東京都,世田谷区,用賀４丁目,2020-11-14,11,その他,駐車（輪）場,20歳代,その他,施錠した
窃盗,自転車盗,玉川,用賀交番,131121,東京都,世田谷区,用賀４丁目,2020-11-15,10,道路上,その他,30歳代,その他,施錠した
窃盗,自転車盗,玉川,用賀交番,131121,東京都,世田谷区,用賀４丁目,2020-12-01,13,その他,駐車（輪）場,20歳代,その他,施錠した
窃盗,自転車盗,玉川,深沢交番,131121,東京都,世田谷区,駒沢５丁目,2019-11-11,19,一戸建住宅,その他,20歳代,大学生,施錠した
窃盗,自転車盗,玉川,深沢交番,131121,東京都,世田谷区,駒沢公園,2020-11-10,14,その他,その他,70歳以上,その他,施錠した
窃盗,自転車盗,玉川,深沢交番,131121,東京都,世田谷区,深沢２丁目,2020-06-16,21,その他の住宅（３階建て以下共同住宅等）,その他,40歳代,その他,施錠した
窃盗,自転車盗,玉川,深沢交番,131121,東京都,世田谷区,深沢５丁目,2019-11-25,18,その他の住宅（３階建て以下共同住宅等）,駐車（輪）場,10歳代,大学生,施錠した
窃盗,自転車盗,玉川,深沢交番,131121,東京都,世田谷区,深沢５丁目,2020-02-08,16,４階建て以上共同住宅,駐車（輪）場,40歳代,その他,施錠した
窃盗,自転車盗,玉川,深沢交番,131121,東京都,世田谷区,深沢５丁目,2020-02-28,02,一戸建住宅,その他,50歳代,その他,施錠した
窃盗,自転車盗,玉川,深沢交番,131121,東京都,世田谷区,深沢５丁目,2020-07-11,19,その他,駐車（輪）場,20歳代,大学生,施錠した
窃盗,自転車盗,玉川,深沢交番,131121,東京都,世田谷区,深沢５丁目,2020-09-30,19,４階建て以上共同住宅,その他,30歳代,その他,施錠した
窃盗,自転車盗,玉川,深沢交番,131121,東京都,世田谷区,深沢５丁目,2020-10-29,09,４階建て以上共同住宅,駐車（輪）場,70歳以上,その他,施錠した
窃盗,自転車盗,玉川,深沢交番,131121,東京都,世田谷区,深沢７丁目,2019-12-06,11,その他,駐車（輪）場,10歳代,大学生,施錠した
窃盗,自転車盗,玉川,深沢交番,131121,東京都,世田谷区,深沢７丁目,2020-02-15,09,その他,駐車（輪）場,20歳代,大学生,施錠した
窃盗,自転車盗,玉川,深沢交番,131121,東京都,世田谷区,深沢７丁目,2020-03-17,16,４階建て以上共同住宅,駐車（輪）場,10歳代,大学生,施錠した
窃盗,自転車盗,玉川,馬事公苑前駐在所,131121,東京都,世田谷区,上用賀２丁目,2020-04-12,18,その他,駐車（輪）場,30歳代,その他,施錠した
窃盗,自転車盗,玉川,馬事公苑前駐在所,131121,東京都,世田谷区,上用賀４丁目,2020-08-25,22,その他の住宅（３階建て以下共同住宅等）,駐車（輪）場,20歳代,その他,施錠した
窃盗,自転車盗,玉川,馬事公苑前駐在所,131121,東京都,世田谷区,上用賀４丁目,2020-09-13,10,４階建て以上共同住宅,駐車（輪）場,20歳代,その他,施錠した
窃盗,自転車盗,玉川,馬事公苑前駐在所,131121,東京都,世田谷区,上用賀４丁目,2020-10-24,18,一戸建住宅,その他,10歳代,高校生,施錠した
窃盗,自転車盗,玉川,尾山台駐在所,131121,東京都,世田谷区,玉堤１丁目,2020-03-24,12,その他の住宅（３階建て以下共同住宅等）,駐車（輪）場,20歳代,大学生,施錠した
窃盗,自転車盗,玉川,尾山台駐在所,131121,東京都,世田谷区,玉堤１丁目,2020-05-02,17,４階建て以上共同住宅,駐車（輪）場,30歳代,その他,施錠した
窃盗,自転車盗,玉川,桜新町交番,131121,東京都,世田谷区,駒沢１丁目,2019-12-23,10,その他,駐車（輪）場,20歳代,大学生,施錠した
窃盗,自転車盗,玉川,桜新町交番,131121,東京都,世田谷区,駒沢１丁目,2020-02-03,12,その他,駐車（輪）場,50歳代,その他,施錠した
窃盗,自転車盗,玉川,桜新町交番,131121,東京都,世田谷区,駒沢１丁目,2020-06-10,22,４階建て以上共同住宅,駐車（輪）場,20歳代,大学生,施錠した
窃盗,自転車盗,玉川,桜新町交番,131121,東京都,世田谷区,駒沢４丁目,2020-02-02,17,一戸建住宅,その他,30歳代,その他,施錠した
窃盗,自転車盗,玉川,桜新町交番,131121,東京都,世田谷区,駒沢４丁目,2020-03-15,11,道路上,その他,40歳代,その他,施錠した
窃盗,自転車盗,玉川,桜新町交番,131121,東京都,世田谷区,駒沢４丁目,2020-05-31,15,道路上,その他,40歳代,その他,施錠した
窃盗,自転車盗,玉川,桜新町交番,131121,東京都,世田谷区,駒沢４丁目,2020-06-14,18,４階建て以上共同住宅,駐車（輪）場,30歳代,その他,施錠した
窃盗,自転車盗,玉川,桜新町交番,131121,東京都,世田谷区,駒沢４丁目,2020-08-01,09,４階建て以上共同住宅,駐車（輪）場,40歳代,その他,施錠した
窃盗,自転車盗,玉川,桜新町交番,131121,東京都,世田谷区,駒沢４丁目,2020-08-04,不明,その他の住宅（３階建て以下共同住宅等）,駐車（輪）場,40歳代,その他,施錠した
窃盗,自転車盗,玉川,桜新町交番,131121,東京都,世田谷区,駒沢５丁目,2020-05-22,15,その他の住宅（３階建て以下共同住宅等）,その他,10歳代,中学生,施錠した
窃盗,自転車盗,玉川,桜新町交番,131121,東京都,世田谷区,桜新町１丁目,2019-12-03,18,その他,その他,20歳代,大学生,施錠した
窃盗,自転車盗,玉川,桜新町交番,131121,東京都,世田谷区,桜新町１丁目,2019-12-21,18,道路上,その他,10歳代,大学生,施錠した
窃盗,自転車盗,玉川,桜新町交番,131121,東京都,世田谷区,桜新町１丁目,2020-06-13,20,４階建て以上共同住宅,その他,20歳代,その他,施錠した
窃盗,自転車盗,玉川,桜新町交番,131121,東京都,世田谷区,桜新町１丁目,2020-11-21,03,その他,駐車（輪）場,65-69歳,その他,施錠した
窃盗,自転車盗,玉川,桜新町交番,131121,東京都,世田谷区,桜新町２丁目,2019-12-11,08,駐車（輪）場,駐車（輪）場,20歳代,大学生,施錠した
窃盗,自転車盗,玉川,桜新町交番,131121,東京都,世田谷区,桜新町２丁目,2019-12-23,08,駐車（輪）場,駐車（輪）場,30歳代,その他,施錠した
窃盗,自転車盗,玉川,桜新町交番,131121,東京都,世田谷区,桜新町２丁目,2020-01-03,19,その他,その他,50歳代,その他,施錠した
窃盗,自転車盗,玉川,桜新町交番,131121,東京都,世田谷区,桜新町２丁目,2020-01-08,19,道路上,その他,50歳代,その他,施錠した
窃盗,自転車盗,玉川,桜新町交番,131121,東京都,世田谷区,桜新町２丁目,2020-03-03,15,駐車（輪）場,駐車（輪）場,10歳代,その他,施錠した
窃盗,自転車盗,玉川,桜新町交番,131121,東京都,世田谷区,桜新町２丁目,2020-03-17,22,その他,駐車（輪）場,20歳代,その他,施錠した
窃盗,自転車盗,玉川,桜新町交番,131121,東京都,世田谷区,桜新町２丁目,2020-07-11,18,４階建て以上共同住宅,駐車（輪）場,20歳代,その他,施錠した
窃盗,自転車盗,玉川,桜新町交番,131121,東京都,世田谷区,桜新町２丁目,2020-08-19,15,駐車（輪）場,駐車（輪）場,20歳代,その他,施錠した
窃盗,自転車盗,玉川,桜新町交番,131121,東京都,世田谷区,桜新町２丁目,2020-09-10,10,その他,駐車（輪）場,20歳代,大学生,施錠した
窃盗,自転車盗,玉川,桜新町交番,131121,東京都,世田谷区,桜新町２丁目,2020-09-16,06,駐車（輪）場,駐車（輪）場,20歳代,その他,施錠した
窃盗,自転車盗,玉川,桜新町交番,131121,東京都,世田谷区,桜新町２丁目,2020-09-16,07,駐車（輪）場,駐車（輪）場,10歳代,高校生,施錠した
窃盗,自転車盗,玉川,桜新町交番,131121,東京都,世田谷区,桜新町２丁目,2020-10-04,15,駐車（輪）場,駐車（輪）場,10歳代,大学生,施錠した
窃盗,自転車盗,玉川,桜新町交番,131121,東京都,世田谷区,桜新町２丁目,2020-11-23,13,道路上,その他,10歳代,高校生,施錠した
窃盗,自転車盗,玉川,桜新町交番,131121,東京都,世田谷区,桜新町２丁目,2020-12-05,10,その他の住宅（３階建て以下共同住宅等）,駐車（輪）場,30歳代,その他,施錠した
窃盗,自転車盗,玉川,桜新町交番,131121,東京都,世田谷区,新町２丁目,2020-11-28,07,その他の住宅（３階建て以下共同住宅等）,駐車（輪）場,20歳代,大学生,施錠した
窃盗,自転車盗,玉川,桜新町交番,131121,東京都,世田谷区,新町３丁目,2020-01-22,14,その他,駐車（輪）場,10歳代,小学生,施錠した
窃盗,自転車盗,玉川,桜新町交番,131121,東京都,世田谷区,新町３丁目,2020-08-07,13,その他,その他,60-64歳,その他,施錠した
窃盗,自転車盗,玉川,桜新町交番,131121,東京都,世田谷区,深沢６丁目,2020-01-11,22,一戸建住宅,その他,40歳代,その他,施錠した
窃盗,自転車盗,玉川,桜新町交番,131121,東京都,世田谷区,深沢６丁目,2020-08-09,18,その他の住宅（３階建て以下共同住宅等）,駐車（輪）場,20歳代,その他,施錠した
窃盗,自転車盗,玉川,桜新町交番,131121,東京都,世田谷区,深沢８丁目,2020-07-22,18,４階建て以上共同住宅,駐車（輪）場,30歳代,その他,施錠した
窃盗,自転車盗,成城,祖師谷大蔵交番,131121,東京都,世田谷区,砧６丁目,2020-08-03,17,その他,駐車（輪）場,10歳代,大学生,施錠した
窃盗,自転車盗,成城,祖師谷大蔵交番,131121,東京都,世田谷区,砧６丁目,2020-08-18,20,道路上,その他,20歳代,大学生,施錠した
窃盗,自転車盗,成城,祖師谷大蔵交番,131121,東京都,世田谷区,砧６丁目,2020-11-01,09,その他の住宅（３階建て以下共同住宅等）,駐車（輪）場,30歳代,その他,施錠した
窃盗,自転車盗,成城,祖師谷大蔵交番,131121,東京都,世田谷区,砧８丁目,2020-05-27,16,その他の住宅（３階建て以下共同住宅等）,その他,20歳代,その他,施錠した
窃盗,自転車盗,成城,祖師谷大蔵交番,131121,東京都,世田谷区,祖師谷１丁目,2020-06-10,13,道路上,その他,20歳代,大学生,施錠した
窃盗,自転車盗,成城,祖師谷大蔵交番,131121,東京都,世田谷区,祖師谷１丁目,2020-09-01,22,道路上,その他,40歳代,その他,施錠した
窃盗,自転車盗,成城,祖師谷大蔵交番,131121,東京都,世田谷区,祖師谷１丁目,2020-09-09,09,駐車（輪）場,駐車（輪）場,50歳代,その他,施錠した
窃盗,自転車盗,成城,祖師谷大蔵交番,131121,東京都,世田谷区,祖師谷２丁目,2019-12-29,16,４階建て以上共同住宅,駐車（輪）場,50歳代,その他,施錠した
窃盗,自転車盗,成城,祖師谷大蔵交番,131121,東京都,世田谷区,祖師谷２丁目,2020-03-13,14,４階建て以上共同住宅,その他,70歳以上,その他,施錠した
窃盗,自転車盗,成城,祖師谷大蔵交番,131121,東京都,世田谷区,祖師谷２丁目,2020-11-18,20,４階建て以上共同住宅,駐車（輪）場,20歳代,その他,施錠した
窃盗,自転車盗,成城,祖師谷大蔵交番,131121,東京都,世田谷区,祖師谷３丁目,2019-12-24,00,道路上,その他,60-64歳,その他,施錠した
窃盗,自転車盗,成城,祖師谷大蔵交番,131121,東京都,世田谷区,祖師谷３丁目,2020-02-19,13,道路上,その他,10歳代,大学生,施錠した
窃盗,自転車盗,成城,祖師谷大蔵交番,131121,東京都,世田谷区,祖師谷３丁目,2020-04-07,16,道路上,その他,10歳代,大学生,施錠した
窃盗,自転車盗,成城,祖師谷大蔵交番,131121,東京都,世田谷区,祖師谷３丁目,2020-08-05,20,その他,その他,40歳代,その他,施錠した
窃盗,自転車盗,成城,祖師谷大蔵交番,131121,東京都,世田谷区,祖師谷４丁目,2020-11-10,17,その他,その他,40歳代,その他,施錠した
窃盗,自転車盗,成城,祖師谷大蔵交番,131121,東京都,世田谷区,千歳台１丁目,2020-03-12,21,４階建て以上共同住宅,駐車（輪）場,50歳代,その他,施錠した
窃盗,自転車盗,成城,成城交番,131121,東京都,世田谷区,砧７丁目,2020-02-15,20,その他の住宅（３階建て以下共同住宅等）,駐車（輪）場,20歳代,大学生,施錠した
窃盗,自転車盗,成城,成城交番,131121,東京都,世田谷区,成城２丁目,2020-02-13,14,駐車（輪）場,駐車（輪）場,法人・団体、被害者なし,法人・団体、被害者なし,施錠した
窃盗,自転車盗,成城,成城交番,131121,東京都,世田谷区,成城４丁目,2020-09-20,21,その他の住宅（３階建て以下共同住宅等）,駐車（輪）場,20歳代,大学生,施錠した
窃盗,自転車盗,成城,成城交番,131121,東京都,世田谷区,成城６丁目,2020-01-07,08,駐車（輪）場,駐車（輪）場,20歳代,大学生,施錠した
窃盗,自転車盗,成城,成城交番,131121,東京都,世田谷区,成城６丁目,2020-07-01,22,その他,その他,20歳代,大学生,施錠した
窃盗,自転車盗,成城,成城交番,131121,東京都,世田谷区,成城６丁目,2020-08-13,18,その他,駐車（輪）場,40歳代,その他,施錠した
窃盗,自転車盗,成城,成城交番,131121,東京都,世田谷区,成城６丁目,2020-11-21,21,４階建て以上共同住宅,その他,60-64歳,その他,施錠した
窃盗,自転車盗,成城,成城交番,131121,東京都,世田谷区,成城９丁目,2020-09-05,16,一戸建住宅,その他,70歳以上,その他,施錠した
窃盗,自転車盗,成城,千歳台交番,131121,東京都,世田谷区,粕谷４丁目,2020-04-02,06,その他の住宅（３階建て以下共同住宅等）,駐車（輪）場,30歳代,その他,施錠した
窃盗,自転車盗,成城,千歳台交番,131121,東京都,世田谷区,上祖師谷３丁目,2020-06-01,不明,一戸建住宅,駐車（輪）場,70歳以上,その他,施錠した
窃盗,自転車盗,成城,千歳台交番,131121,東京都,世田谷区,千歳台２丁目,2020-02-22,17,その他の住宅（３階建て以下共同住宅等）,駐車（輪）場,60-64歳,その他,施錠した
窃盗,自転車盗,成城,千歳台交番,131121,東京都,世田谷区,千歳台３丁目,2019-08-11,不明,その他,駐車（輪）場,65-69歳,その他,施錠した
窃盗,自転車盗,成城,千歳台交番,131121,東京都,世田谷区,千歳台３丁目,2020-02-27,09,その他,駐車（輪）場,30歳代,その他,施錠した
窃盗,自転車盗,成城,千歳台交番,131121,東京都,世田谷区,千歳台４丁目,2020-10-14,18,その他の住宅（３階建て以下共同住宅等）,駐車（輪）場,10歳代,高校生,施錠した
窃盗,自転車盗,成城,千歳台交番,131121,東京都,世田谷区,南烏山５丁目,2020-09-28,18,道路上,その他,20歳代,その他,施錠した
窃盗,自転車盗,成城,烏山交番,131121,東京都,世田谷区,北烏山６丁目,2020-01-10,18,４階建て以上共同住宅,駐車（輪）場,50歳代,その他,施錠した
窃盗,自転車盗,成城,烏山交番,131121,東京都,世田谷区,北烏山６丁目,2020-01-13,18,４階建て以上共同住宅,駐車（輪）場,60-64歳,その他,施錠した
窃盗,自転車盗,成城,烏山交番,131121,東京都,世田谷区,北烏山６丁目,2020-02-25,15,一戸建住宅,その他,60-64歳,その他,施錠した
窃盗,自転車盗,成城,烏山交番,131121,東京都,世田谷区,北烏山６丁目,2020-03-13,23,その他の住宅（３階建て以下共同住宅等）,駐車（輪）場,30歳代,その他,施錠した
窃盗,自転車盗,成城,烏山交番,131121,東京都,世田谷区,南烏山１丁目,2020-01-15,18,４階建て以上共同住宅,駐車（輪）場,20歳代,大学生,施錠した
窃盗,自転車盗,成城,烏山交番,131121,東京都,世田谷区,南烏山１丁目,2020-03-30,18,４階建て以上共同住宅,駐車（輪）場,30歳代,その他,施錠した
窃盗,自転車盗,成城,烏山交番,131121,東京都,世田谷区,南烏山１丁目,2020-06-01,23,４階建て以上共同住宅,駐車（輪）場,20歳代,大学生,施錠した
窃盗,自転車盗,成城,烏山交番,131121,東京都,世田谷区,南烏山２丁目,2020-01-15,22,一戸建住宅,その他,40歳代,その他,施錠した
窃盗,自転車盗,成城,烏山交番,131121,東京都,世田谷区,南烏山２丁目,2020-05-10,13,４階建て以上共同住宅,駐車（輪）場,70歳以上,その他,施錠した
窃盗,自転車盗,成城,烏山交番,131121,東京都,世田谷区,南烏山３丁目,2020-04-18,13,その他の住宅（３階建て以下共同住宅等）,駐車（輪）場,50歳代,その他,施錠した
窃盗,自転車盗,成城,烏山交番,131121,東京都,世田谷区,南烏山３丁目,2020-05-03,11,駐車（輪）場,駐車（輪）場,20歳代,その他,施錠した
窃盗,自転車盗,成城,烏山交番,131121,東京都,世田谷区,南烏山３丁目,2020-11-07,11,その他,駐車（輪）場,30歳代,その他,施錠した
窃盗,自転車盗,成城,烏山交番,131121,東京都,世田谷区,南烏山３丁目,2020-12-21,09,駐車（輪）場,駐車（輪）場,20歳代,その他,施錠した
窃盗,自転車盗,成城,烏山交番,131121,東京都,世田谷区,南烏山４丁目,2020-02-11,09,４階建て以上共同住宅,その他,50歳代,その他,施錠した
窃盗,自転車盗,成城,烏山交番,131121,東京都,世田谷区,南烏山４丁目,2020-05-15,13,道路上,その他,10歳代,大学生,施錠した
窃盗,自転車盗,成城,烏山交番,131121,東京都,世田谷区,南烏山４丁目,2020-08-12,11,その他,駐車（輪）場,65-69歳,その他,施錠した
窃盗,自転車盗,成城,烏山交番,131121,東京都,世田谷区,南烏山４丁目,2020-08-20,10,その他の住宅（３階建て以下共同住宅等）,駐車（輪）場,30歳代,その他,施錠した
窃盗,自転車盗,成城,烏山交番,131121,東京都,世田谷区,南烏山４丁目,2020-09-15,22,道路上,その他,20歳代,大学生,施錠した
窃盗,自転車盗,成城,烏山交番,131121,東京都,世田谷区,南烏山４丁目,2020-10-20,21,道路上,その他,40歳代,その他,施錠した
窃盗,自転車盗,成城,烏山交番,131121,東京都,世田谷区,南烏山４丁目,2020-10-27,02,その他の住宅（３階建て以下共同住宅等）,駐車（輪）場,50歳代,その他,施錠した
窃盗,自転車盗,成城,烏山交番,131121,東京都,世田谷区,南烏山５丁目,2020-01-05,22,その他,駐車（輪）場,10歳代,中学生,施錠した
窃盗,自転車盗,成城,烏山交番,131121,東京都,世田谷区,南烏山５丁目,2020-01-08,07,駐車（輪）場,駐車（輪）場,20歳代,その他,施錠した
窃盗,自転車盗,成城,烏山交番,131121,東京都,世田谷区,南烏山５丁目,2020-03-15,21,道路上,その他,30歳代,その他,施錠した
窃盗,自転車盗,成城,烏山交番,131121,東京都,世田谷区,南烏山５丁目,2020-03-25,18,その他の住宅（３階建て以下共同住宅等）,駐車（輪）場,20歳代,その他,施錠した
窃盗,自転車盗,成城,烏山交番,131121,東京都,世田谷区,南烏山５丁目,2020-03-27,12,道路上,その他,50歳代,その他,施錠した
窃盗,自転車盗,成城,烏山交番,131121,東京都,世田谷区,南烏山５丁目,2020-06-11,13,道路上,その他,40歳代,その他,施錠した
窃盗,自転車盗,成城,烏山交番,131121,東京都,世田谷区,南烏山５丁目,2020-06-25,10,道路上,その他,10歳代,その他,施錠した
窃盗,自転車盗,成城,烏山交番,131121,東京都,世田谷区,南烏山５丁目,2020-07-31,09,駐車（輪）場,駐車（輪）場,40歳代,その他,施錠した
窃盗,自転車盗,成城,烏山交番,131121,東京都,世田谷区,南烏山５丁目,2020-08-01,17,道路上,その他,40歳代,その他,施錠した
窃盗,自転車盗,成城,烏山交番,131121,東京都,世田谷区,南烏山５丁目,2020-08-25,09,道路上,その他,30歳代,その他,施錠した
窃盗,自転車盗,成城,烏山交番,131121,東京都,世田谷区,南烏山５丁目,2020-10-03,15,道路上,その他,40歳代,その他,施錠した
窃盗,自転車盗,成城,烏山交番,131121,東京都,世田谷区,南烏山５丁目,2020-10-06,08,一戸建住宅,その他,20歳代,大学生,施錠した
窃盗,自転車盗,成城,烏山交番,131121,東京都,世田谷区,南烏山５丁目,2020-10-12,07,駐車（輪）場,駐車（輪）場,20歳代,その他,施錠した
窃盗,自転車盗,成城,烏山交番,131121,東京都,世田谷区,南烏山５丁目,2020-11-13,19,駐車（輪）場,駐車（輪）場,60-64歳,その他,施錠した
窃盗,自転車盗,成城,烏山交番,131121,東京都,世田谷区,南烏山５丁目,2020-12-08,13,道路上,その他,20歳代,その他,施錠した
窃盗,自転車盗,成城,烏山交番,131121,東京都,世田谷区,南烏山５丁目,2020-12-17,13,道路上,その他,40歳代,その他,施錠した
窃盗,自転車盗,成城,烏山交番,131121,東京都,世田谷区,南烏山６丁目,2018-06-11,不明,道路上,その他,20歳代,大学生,施錠した
窃盗,自転車盗,成城,烏山交番,131121,東京都,世田谷区,南烏山６丁目,2019-11-24,12,駐車（輪）場,駐車（輪）場,10歳代,中学生,施錠した
窃盗,自転車盗,成城,烏山交番,131121,東京都,世田谷区,南烏山６丁目,2019-12-29,13,道路上,その他,30歳代,その他,施錠した
窃盗,自転車盗,成城,烏山交番,131121,東京都,世田谷区,南烏山６丁目,2020-02-04,20,４階建て以上共同住宅,駐車（輪）場,30歳代,その他,施錠した
窃盗,自転車盗,成城,烏山交番,131121,東京都,世田谷区,南烏山６丁目,2020-02-11,12,道路上,その他,10歳未満,小学生,施錠した
窃盗,自転車盗,成城,烏山交番,131121,東京都,世田谷区,南烏山６丁目,2020-03-08,00,４階建て以上共同住宅,駐車（輪）場,10歳代,高校生,施錠した
窃盗,自転車盗,成城,烏山交番,131121,東京都,世田谷区,南烏山６丁目,2020-03-30,07,その他,その他,20歳代,その他,施錠した
窃盗,自転車盗,成城,烏山交番,131121,東京都,世田谷区,南烏山６丁目,2020-04-19,18,道路上,その他,30歳代,その他,施錠した
窃盗,自転車盗,成城,烏山交番,131121,東京都,世田谷区,南烏山６丁目,2020-04-20,14,４階建て以上共同住宅,その他,20歳代,その他,施錠した
窃盗,自転車盗,成城,烏山交番,131121,東京都,世田谷区,南烏山６丁目,2020-07-18,04,道路上,その他,20歳代,その他,施錠した
窃盗,自転車盗,成城,烏山交番,131121,東京都,世田谷区,南烏山６丁目,2020-07-28,07,駐車（輪）場,駐車（輪）場,20歳代,その他,施錠した
窃盗,自転車盗,成城,烏山交番,131121,東京都,世田谷区,南烏山６丁目,2020-08-06,21,道路上,その他,30歳代,その他,施錠した
窃盗,自転車盗,成城,烏山交番,131121,東京都,世田谷区,南烏山６丁目,2020-08-15,07,駐車（輪）場,駐車（輪）場,20歳代,その他,施錠した
窃盗,自転車盗,成城,烏山交番,131121,東京都,世田谷区,南烏山６丁目,2020-09-25,18,駐車（輪）場,駐車（輪）場,50歳代,その他,施錠した
窃盗,自転車盗,成城,烏山交番,131121,東京都,世田谷区,南烏山６丁目,2020-09-28,12,その他の住宅（３階建て以下共同住宅等）,駐車（輪）場,20歳代,その他,施錠した
窃盗,自転車盗,成城,烏山交番,131121,東京都,世田谷区,南烏山６丁目,2020-10-04,00,道路上,その他,10歳代,中学生,施錠した
窃盗,自転車盗,成城,上北沢駅前交番,131121,東京都,世田谷区,上北沢４丁目,2019-11-08,11,４階建て以上共同住宅,駐車（輪）場,20歳代,その他,施錠した
窃盗,自転車盗,成城,上北沢駅前交番,131121,東京都,世田谷区,上北沢４丁目,2020-01-29,00,道路上,その他,10歳代,大学生,施錠した
窃盗,自転車盗,成城,上北沢駅前交番,131121,東京都,世田谷区,上北沢４丁目,2020-02-01,18,駐車（輪）場,駐車（輪）場,10歳代,高校生,施錠した
窃盗,自転車盗,成城,上北沢駅前交番,131121,東京都,世田谷区,上北沢４丁目,2020-02-08,12,道路上,その他,30歳代,その他,施錠した
窃盗,自転車盗,成城,上北沢駅前交番,131121,東京都,世田谷区,上北沢４丁目,2020-02-08,15,その他,駐車（輪）場,50歳代,その他,施錠した
窃盗,自転車盗,成城,上北沢駅前交番,131121,東京都,世田谷区,上北沢４丁目,2020-02-13,13,道路上,その他,70歳以上,その他,施錠した
窃盗,自転車盗,成城,上北沢駅前交番,131121,東京都,世田谷区,上北沢４丁目,2020-03-18,08,駐車（輪）場,駐車（輪）場,10歳代,高校生,施錠した
窃盗,自転車盗,成城,上北沢駅前交番,131121,東京都,世田谷区,上北沢４丁目,2020-08-04,11,道路上,その他,50歳代,その他,施錠した
窃盗,自転車盗,成城,上北沢駅前交番,131121,東京都,世田谷区,上北沢４丁目,2020-08-17,09,道路上,その他,20歳代,その他,施錠した
窃盗,自転車盗,成城,上北沢駅前交番,131121,東京都,世田谷区,上北沢４丁目,2020-08-19,06,その他,駐車（輪）場,30歳代,その他,施錠した
窃盗,自転車盗,成城,上北沢駅前交番,131121,東京都,世田谷区,上北沢４丁目,2020-09-28,14,駐車（輪）場,駐車（輪）場,40歳代,その他,施錠した
窃盗,自転車盗,成城,上北沢駅前交番,131121,東京都,世田谷区,上北沢４丁目,2020-10-13,19,４階建て以上共同住宅,駐車（輪）場,70歳以上,その他,施錠した
窃盗,自転車盗,成城,上北沢駅前交番,131121,東京都,世田谷区,上北沢４丁目,2020-11-22,09,その他,駐車（輪）場,30歳代,その他,施錠した
窃盗,自転車盗,成城,上北沢駅前交番,131121,東京都,世田谷区,上北沢４丁目,2020-12-02,18,４階建て以上共同住宅,その他,40歳代,その他,施錠した
窃盗,自転車盗,成城,上北沢駅前交番,131121,東京都,世田谷区,上北沢５丁目,2020-01-01,12,４階建て以上共同住宅,駐車（輪）場,20歳代,大学生,施錠した
窃盗,自転車盗,成城,上北沢駅前交番,131121,東京都,世田谷区,上北沢５丁目,2020-12-03,18,その他の住宅（３階建て以下共同住宅等）,その他,20歳代,大学生,施錠した
窃盗,自転車盗,成城,上北沢駅前交番,131121,東京都,世田谷区,桜上水５丁目,2020-02-17,20,一戸建住宅,その他,30歳代,その他,施錠した
窃盗,自転車盗,成城,上北沢駅前交番,131121,東京都,世田谷区,桜上水５丁目,2020-06-29,13,その他,その他,20歳代,その他,施錠した
窃盗,自転車盗,成城,上北沢駅前交番,131121,東京都,世田谷区,桜上水５丁目,2020-08-12,18,道路上,その他,30歳代,その他,施錠した
窃盗,自転車盗,成城,上北沢駅前交番,131121,東京都,世田谷区,桜上水５丁目,2020-08-18,12,駐車（輪）場,駐車（輪）場,30歳代,その他,施錠した
窃盗,自転車盗,成城,千歳船橋駅前交番,131121,東京都,世田谷区,砧２丁目,2020-02-01,不明,４階建て以上共同住宅,駐車（輪）場,40歳代,その他,施錠した
窃盗,自転車盗,成城,千歳船橋駅前交番,131121,東京都,世田谷区,砧２丁目,2020-03-01,07,４階建て以上共同住宅,駐車（輪）場,20歳代,その他,施錠した
窃盗,自転車盗,成城,千歳船橋駅前交番,131121,東京都,世田谷区,砧２丁目,2020-05-26,10,４階建て以上共同住宅,駐車（輪）場,20歳代,その他,施錠した
窃盗,自転車盗,成城,千歳船橋駅前交番,131121,東京都,世田谷区,砧２丁目,2020-09-14,22,その他,駐車（輪）場,10歳代,大学生,施錠した
窃盗,自転車盗,成城,千歳船橋駅前交番,131121,東京都,世田谷区,船橋１丁目,2020-02-26,15,その他,駐車（輪）場,70歳以上,その他,施錠した
窃盗,自転車盗,成城,千歳船橋駅前交番,131121,東京都,世田谷区,船橋１丁目,2020-03-10,19,４階建て以上共同住宅,駐車（輪）場,40歳代,その他,施錠した
窃盗,自転車盗,成城,千歳船橋駅前交番,131121,東京都,世田谷区,船橋１丁目,2020-03-16,19,４階建て以上共同住宅,駐車（輪）場,30歳代,その他,施錠した
窃盗,自転車盗,成城,千歳船橋駅前交番,131121,東京都,世田谷区,船橋１丁目,2020-04-09,20,一戸建住宅,その他,50歳代,その他,施錠した
窃盗,自転車盗,成城,千歳船橋駅前交番,131121,東京都,世田谷区,船橋１丁目,2020-05-13,16,その他の住宅（３階建て以下共同住宅等）,駐車（輪）場,10歳代,大学生,施錠した
窃盗,自転車盗,成城,千歳船橋駅前交番,131121,東京都,世田谷区,船橋１丁目,2020-07-14,05,一戸建住宅,その他,70歳以上,その他,施錠した
窃盗,自転車盗,成城,千歳船橋駅前交番,131121,東京都,世田谷区,船橋１丁目,2020-10-02,23,道路上,その他,30歳代,その他,施錠した
窃盗,自転車盗,成城,千歳船橋駅前交番,131121,東京都,世田谷区,船橋１丁目,2020-10-20,08,その他の住宅（３階建て以下共同住宅等）,その他,20歳代,その他,施錠した
窃盗,自転車盗,成城,千歳船橋駅前交番,131121,東京都,世田谷区,船橋１丁目,2020-10-26,18,駐車（輪）場,駐車（輪）場,20歳代,その他,施錠した
窃盗,自転車盗,成城,千歳船橋駅前交番,131121,東京都,世田谷区,船橋１丁目,2020-11-17,17,駐車（輪）場,駐車（輪）場,50歳代,その他,施錠した
窃盗,自転車盗,成城,千歳船橋駅前交番,131121,東京都,世田谷区,船橋１丁目,2020-12-29,14,道路上,その他,20歳代,その他,施錠した
窃盗,自転車盗,成城,千歳船橋駅前交番,131121,東京都,世田谷区,船橋５丁目,2020-10-15,23,４階建て以上共同住宅,駐車（輪）場,30歳代,その他,施錠した
窃盗,自転車盗,成城,大蔵二丁目交番,131121,東京都,世田谷区,大蔵２丁目,2020-08-14,08,その他,駐車（輪）場,20歳代,その他,施錠した
窃盗,自転車盗,成城,大蔵二丁目交番,131121,東京都,世田谷区,大蔵４丁目,2020-08-11,15,その他,その他,10歳代,高校生,施錠した
窃盗,自転車盗,成城,大蔵二丁目交番,131121,東京都,世田谷区,喜多見９丁目,2020-01-30,08,駐車（輪）場,駐車（輪）場,10歳代,高校生,施錠した
窃盗,自転車盗,成城,大蔵二丁目交番,131121,東京都,世田谷区,砧１丁目,2019-12-28,20,４階建て以上共同住宅,駐車（輪）場,10歳代,大学生,施錠した
窃盗,自転車盗,成城,大蔵二丁目交番,131121,東京都,世田谷区,砧３丁目,2019-11-25,07,その他の住宅（３階建て以下共同住宅等）,駐車（輪）場,20歳代,大学生,施錠した
窃盗,自転車盗,成城,大蔵二丁目交番,131121,東京都,世田谷区,砧４丁目,2020-04-22,21,４階建て以上共同住宅,駐車（輪）場,60-64歳,その他,施錠した
窃盗,自転車盗,成城,大蔵二丁目交番,131121,東京都,世田谷区,砧４丁目,2020-05-05,16,４階建て以上共同住宅,駐車（輪）場,10歳代,高校生,施錠した
窃盗,自転車盗,成城,大蔵二丁目交番,131121,東京都,世田谷区,砧４丁目,2020-05-30,15,一戸建住宅,駐車（輪）場,50歳代,その他,施錠した
窃盗,自転車盗,成城,大蔵二丁目交番,131121,東京都,世田谷区,砧７丁目,2020-12-11,17,一戸建住宅,その他,10歳代,中学生,施錠した
窃盗,自転車盗,成城,岡本駐在所,131121,東京都,世田谷区,岡本２丁目,2020-08-04,15,その他の住宅（３階建て以下共同住宅等）,駐車（輪）場,10歳代,高校生,施錠した
窃盗,自転車盗,成城,岡本駐在所,131121,東京都,世田谷区,岡本３丁目,2020-07-05,13,道路上,その他,50歳代,その他,施錠した
窃盗,自転車盗,成城,岡本駐在所,131121,東京都,世田谷区,岡本３丁目,2020-12-21,08,その他の住宅（３階建て以下共同住宅等）,その他,30歳代,その他,施錠した
窃盗,自転車盗,成城,鎌田駐在所,131121,東京都,世田谷区,宇奈根１丁目,2019-12-23,19,その他,その他,10歳代,大学生,施錠した
窃盗,自転車盗,成城,鎌田駐在所,131121,東京都,世田谷区,宇奈根１丁目,2020-01-13,22,４階建て以上共同住宅,駐車（輪）場,40歳代,その他,施錠した
窃盗,自転車盗,成城,鎌田駐在所,131121,東京都,世田谷区,宇奈根１丁目,2020-10-18,10,その他,駐車（輪）場,20歳代,大学生,施錠した
窃盗,自転車盗,成城,鎌田駐在所,131121,東京都,世田谷区,鎌田３丁目,2020-06-06,12,駐車（輪）場,駐車（輪）場,65-69歳,その他,施錠した
窃盗,自転車盗,成城,鎌田駐在所,131121,東京都,世田谷区,鎌田４丁目,2020-07-18,10,その他の住宅（３階建て以下共同住宅等）,駐車（輪）場,30歳代,その他,施錠した
窃盗,自転車盗,成城,喜多見駐在所,131121,東京都,世田谷区,喜多見１丁目,2020-09-28,10,４階建て以上共同住宅,駐車（輪）場,30歳代,その他,施錠した
窃盗,自転車盗,成城,喜多見駐在所,131121,東京都,世田谷区,喜多見２丁目,2020-01-11,16,４階建て以上共同住宅,駐車（輪）場,70歳以上,その他,施錠した
窃盗,自転車盗,成城,喜多見駐在所,131121,東京都,世田谷区,喜多見４丁目,2020-06-22,20,４階建て以上共同住宅,駐車（輪）場,20歳代,その他,施錠した
窃盗,自転車盗,成城,喜多見駅前交番,131121,東京都,世田谷区,喜多見８丁目,2020-05-12,15,その他,駐車（輪）場,60-64歳,その他,施錠した
窃盗,自転車盗,成城,喜多見駅前交番,131121,東京都,世田谷区,喜多見８丁目,2020-06-12,10,道路上,その他,70歳以上,その他,施錠した
窃盗,自転車盗,成城,喜多見駅前交番,131121,東京都,世田谷区,喜多見８丁目,2020-09-09,14,その他,駐車（輪）場,20歳代,大学生,施錠した
窃盗,自転車盗,成城,喜多見駅前交番,131121,東京都,世田谷区,喜多見８丁目,2020-10-02,12,道路上,その他,70歳以上,その他,施錠した
窃盗,自転車盗,成城,喜多見駅前交番,131121,東京都,世田谷区,喜多見８丁目,2020-11-03,14,道路上,その他,40歳代,その他,施錠した
窃盗,自転車盗,成城,喜多見駅前交番,131121,東京都,世田谷区,喜多見８丁目,2020-11-03,15,道路上,その他,30歳代,その他,施錠した
窃盗,自転車盗,成城,喜多見駅前交番,131121,東京都,世田谷区,喜多見８丁目,2020-11-17,18,その他,駐車（輪）場,20歳代,大学生,施錠した
窃盗,自転車盗,成城,喜多見駅前交番,131121,東京都,世田谷区,喜多見９丁目,2020-03-07,09,その他,その他,30歳代,その他,施錠した
窃盗,自転車盗,成城,喜多見駅前交番,131121,東京都,世田谷区,喜多見９丁目,2020-03-09,17,道路上,その他,70歳以上,その他,施錠した
窃盗,自転車盗,成城,喜多見駅前交番,131121,東京都,世田谷区,喜多見９丁目,2020-08-24,11,駐車（輪）場,駐車（輪）場,40歳代,その他,施錠した
窃盗,自転車盗,成城,喜多見駅前交番,131121,東京都,世田谷区,喜多見９丁目,2020-10-31,16,４階建て以上共同住宅,駐車（輪）場,30歳代,その他,施錠した
窃盗,自転車盗,成城,喜多見駅前交番,131121,東京都,世田谷区,喜多見９丁目,2020-11-12,09,４階建て以上共同住宅,その他,30歳代,その他,施錠した
窃盗,自転車盗,成城,上祖師谷駐在所,131121,東京都,世田谷区,上祖師谷４丁目,2020-03-27,10,その他の住宅（３階建て以下共同住宅等）,駐車（輪）場,40歳代,その他,施錠した
窃盗,自転車盗,成城,上祖師谷駐在所,131121,東京都,世田谷区,上祖師谷４丁目,2020-03-28,09,その他の住宅（３階建て以下共同住宅等）,駐車（輪）場,70歳以上,その他,施錠した
窃盗,自転車盗,成城,上祖師谷駐在所,131121,東京都,世田谷区,上祖師谷４丁目,2020-05-11,15,４階建て以上共同住宅,駐車（輪）場,30歳代,その他,施錠した
窃盗,自転車盗,成城,上祖師谷駐在所,131121,東京都,世田谷区,上祖師谷４丁目,2020-12-20,06,一戸建住宅,その他,10歳代,高校生,施錠した
窃盗,自転車盗,成城,給田交番,131121,東京都,世田谷区,上祖師谷２丁目,2020-08-21,21,その他の住宅（３階建て以下共同住宅等）,駐車（輪）場,10歳代,高校生,施錠した
窃盗,自転車盗,成城,給田交番,131121,東京都,世田谷区,北烏山９丁目,2020-10-31,17,道路上,その他,60-64歳,その他,施錠した
窃盗,自転車盗,成城,給田交番,131121,東京都,世田谷区,給田３丁目,2020-05-12,18,その他の住宅（３階建て以下共同住宅等）,駐車（輪）場,10歳代,高校生,施錠した
窃盗,自転車盗,成城,給田交番,131121,東京都,世田谷区,給田４丁目,2020-12-02,22,その他の住宅（３階建て以下共同住宅等）,駐車（輪）場,30歳代,その他,施錠した
窃盗,自転車盗,成城,北烏山駐在所,131121,東京都,世田谷区,北烏山７丁目,2020-10-18,18,４階建て以上共同住宅,駐車（輪）場,40歳代,その他,施錠した
窃盗,自転車盗,成城,北烏山駐在所,131121,東京都,世田谷区,北烏山８丁目,2020-03-26,14,４階建て以上共同住宅,駐車（輪）場,20歳代,大学生,施錠した
窃盗,自転車盗,成城,松葉通駐在所,131121,東京都,世田谷区,北烏山２丁目,2019-07-01,不明,その他の住宅（３階建て以下共同住宅等）,駐車（輪）場,40歳代,その他,施錠した
窃盗,自転車盗,成城,松葉通駐在所,131121,東京都,世田谷区,北烏山２丁目,2020-05-27,05,４階建て以上共同住宅,駐車（輪）場,30歳代,その他,施錠した
窃盗,自転車盗,成城,松葉通駐在所,131121,東京都,世田谷区,北烏山２丁目,2020-10-05,20,４階建て以上共同住宅,駐車（輪）場,20歳代,その他,施錠した
窃盗,自転車盗,成城,松葉通駐在所,131121,東京都,世田谷区,北烏山２丁目,2020-10-21,21,４階建て以上共同住宅,駐車（輪）場,30歳代,その他,施錠した
窃盗,自転車盗,成城,松葉通駐在所,131121,東京都,世田谷区,北烏山３丁目,2020-05-05,18,４階建て以上共同住宅,駐車（輪）場,20歳代,その他,施錠した
窃盗,自転車盗,成城,松葉通駐在所,131121,東京都,世田谷区,北烏山３丁目,2020-05-24,13,４階建て以上共同住宅,駐車（輪）場,20歳代,その他,施錠した
窃盗,自転車盗,成城,松葉通駐在所,131121,東京都,世田谷区,北烏山３丁目,2020-08-11,16,４階建て以上共同住宅,駐車（輪）場,20歳代,大学生,施錠した
窃盗,自転車盗,成城,松葉通駐在所,131121,東京都,世田谷区,北烏山４丁目,2020-05-27,10,一戸建住宅,駐車（輪）場,20歳代,その他,施錠した
窃盗,自転車盗,成城,八幡山駐在所,131121,東京都,世田谷区,八幡山３丁目,2020-03-05,13,その他の住宅（３階建て以下共同住宅等）,駐車（輪）場,20歳代,大学生,施錠した
窃盗,自転車盗,成城,八幡山駐在所,131121,東京都,世田谷区,八幡山３丁目,2020-07-31,17,その他の住宅（３階建て以下共同住宅等）,駐車（輪）場,30歳代,その他,施錠した
窃盗,自転車盗,成城,桜上水交番,131121,東京都,世田谷区,上北沢１丁目,2020-01-14,15,その他,駐車（輪）場,10歳代,高校生,施錠した
窃盗,自転車盗,成城,桜上水交番,131121,東京都,世田谷区,桜上水２丁目,2020-02-07,10,その他の住宅（３階建て以下共同住宅等）,駐車（輪）場,20歳代,その他,施錠した
窃盗,自転車盗,成城,桜上水交番,131121,東京都,世田谷区,桜上水３丁目,2020-03-26,21,その他の住宅（３階建て以下共同住宅等）,その他,40歳代,その他,施錠した
窃盗,自転車盗,成城,桜上水交番,131121,東京都,世田谷区,桜上水３丁目,2020-11-09,23,その他の住宅（３階建て以下共同住宅等）,駐車（輪）場,20歳代,大学生,施錠した
窃盗,自転車盗,成城,桜上水交番,131121,東京都,世田谷区,桜上水４丁目,2020-04-04,09,一戸建住宅,その他,70歳以上,その他,施錠した
窃盗,自転車盗,成城,桜上水交番,131121,東京都,世田谷区,桜上水４丁目,2020-08-26,17,その他,駐車（輪）場,20歳代,大学生,施錠した
窃盗,自転車盗,成城,桜上水交番,131121,東京都,世田谷区,桜上水４丁目,2020-12-15,14,その他,その他,70歳以上,その他,施錠した
窃盗,自転車盗,成城,船橋交番,131121,東京都,世田谷区,八幡山１丁目,2020-02-07,21,４階建て以上共同住宅,駐車（輪）場,40歳代,その他,施錠した
窃盗,自転車盗,成城,船橋交番,131121,東京都,世田谷区,八幡山２丁目,2020-06-21,12,一戸建住宅,駐車（輪）場,40歳代,その他,施錠した
窃盗,自転車盗,成城,船橋交番,131121,東京都,世田谷区,八幡山２丁目,2020-10-14,13,その他の住宅（３階建て以下共同住宅等）,駐車（輪）場,20歳代,大学生,施錠した
窃盗,自転車盗,成城,船橋交番,131121,東京都,世田谷区,船橋４丁目,2020-03-25,09,４階建て以上共同住宅,駐車（輪）場,10歳代,高校生,施錠した
窃盗,自転車盗,成城,船橋交番,131121,東京都,世田谷区,船橋４丁目,2020-12-21,10,４階建て以上共同住宅,駐車（輪）場,40歳代,その他,施錠した
窃盗,自転車盗,成城,船橋交番,131121,東京都,世田谷区,船橋６丁目,2020-03-01,19,その他,その他,法人・団体、被害者なし,法人・団体、被害者なし,施錠した
窃盗,自転車盗,成城,船橋交番,131121,東京都,世田谷区,船橋６丁目,2020-04-04,14,その他,その他,70歳以上,その他,施錠した
窃盗,自転車盗,成城,船橋交番,131121,東京都,世田谷区,船橋６丁目,2020-08-26,07,その他,駐車（輪）場,20歳代,その他,施錠した
窃盗,自転車盗,目黒,三田交番,131105,東京都,目黒区,三田１丁目,2020-04-28,18,道路上,その他,20歳代,その他,施錠した
窃盗,自転車盗,目黒,下目黒交番,131105,東京都,目黒区,下目黒１丁目,2020-01-22,09,その他,駐車（輪）場,30歳代,その他,施錠した
窃盗,自転車盗,目黒,下目黒交番,131105,東京都,目黒区,下目黒２丁目,2020-03-29,14,その他の住宅（３階建て以下共同住宅等）,駐車（輪）場,20歳代,その他,施錠した
窃盗,自転車盗,目黒,下目黒交番,131105,東京都,目黒区,下目黒２丁目,2020-05-28,19,その他の住宅（３階建て以下共同住宅等）,駐車（輪）場,20歳代,その他,施錠した
窃盗,自転車盗,目黒,下目黒交番,131105,東京都,目黒区,下目黒２丁目,2020-09-19,23,駐車（輪）場,駐車（輪）場,30歳代,その他,施錠した
窃盗,自転車盗,目黒,下目黒交番,131105,東京都,目黒区,下目黒３丁目,2020-03-25,12,その他の住宅（３階建て以下共同住宅等）,駐車（輪）場,40歳代,その他,施錠した
窃盗,自転車盗,目黒,下目黒交番,131105,東京都,目黒区,下目黒６丁目,2020-09-14,22,４階建て以上共同住宅,駐車（輪）場,30歳代,その他,施錠した
窃盗,自転車盗,目黒,下目黒交番,131105,東京都,目黒区,目黒１丁目,2020-01-10,19,道路上,その他,20歳代,その他,施錠した
窃盗,自転車盗,目黒,下目黒交番,131105,東京都,目黒区,目黒１丁目,2020-03-19,19,道路上,その他,40歳代,その他,施錠した
窃盗,自転車盗,目黒,下目黒交番,131105,東京都,目黒区,目黒２丁目,2020-07-03,08,その他の住宅（３階建て以下共同住宅等）,駐車（輪）場,10歳代,小学生,施錠した
窃盗,自転車盗,目黒,下目黒交番,131105,東京都,目黒区,目黒３丁目,2020-03-31,21,４階建て以上共同住宅,その他,20歳代,その他,施錠した
窃盗,自転車盗,目黒,油面交番,131105,東京都,目黒区,下目黒４丁目,2020-02-18,00,道路上,その他,50歳代,その他,施錠した
窃盗,自転車盗,目黒,油面交番,131105,東京都,目黒区,下目黒６丁目,2020-05-28,18,その他の住宅（３階建て以下共同住宅等）,駐車（輪）場,30歳代,その他,施錠した
窃盗,自転車盗,目黒,油面交番,131105,東京都,目黒区,中町１丁目,2020-08-28,19,４階建て以上共同住宅,駐車（輪）場,30歳代,その他,施錠した
窃盗,自転車盗,目黒,油面交番,131105,東京都,目黒区,中目黒４丁目,2020-04-23,07,その他の住宅（３階建て以下共同住宅等）,駐車（輪）場,10歳代,中学生,施錠した
窃盗,自転車盗,目黒,油面交番,131105,東京都,目黒区,中目黒４丁目,2020-12-25,17,その他の住宅（３階建て以下共同住宅等）,駐車（輪）場,10歳代,小学生,施錠した
窃盗,自転車盗,目黒,油面交番,131105,東京都,目黒区,目黒３丁目,2020-03-15,10,その他の住宅（３階建て以下共同住宅等）,駐車（輪）場,40歳代,その他,施錠した
窃盗,自転車盗,目黒,油面交番,131105,東京都,目黒区,目黒４丁目,2019-04-01,10,４階建て以上共同住宅,駐車（輪）場,30歳代,その他,施錠した
窃盗,自転車盗,目黒,油面交番,131105,東京都,目黒区,目黒４丁目,2019-12-24,09,その他,駐車（輪）場,10歳代,中学生,施錠した
窃盗,自転車盗,目黒,油面交番,131105,東京都,目黒区,目黒４丁目,2019-12-30,14,その他の住宅（３階建て以下共同住宅等）,駐車（輪）場,20歳代,その他,施錠した
窃盗,自転車盗,目黒,祐天寺駅前交番,131105,東京都,目黒区,上目黒２丁目,2020-12-27,23,道路上,その他,20歳代,その他,施錠した
窃盗,自転車盗,目黒,祐天寺駅前交番,131105,東京都,目黒区,五本木２丁目,2019-12-29,20,その他の住宅（３階建て以下共同住宅等）,駐車（輪）場,30歳代,その他,施錠した
窃盗,自転車盗,目黒,祐天寺駅前交番,131105,東京都,目黒区,五本木２丁目,2020-04-24,16,その他の住宅（３階建て以下共同住宅等）,その他,20歳代,その他,施錠した
窃盗,自転車盗,目黒,祐天寺駅前交番,131105,東京都,目黒区,五本木２丁目,2020-05-12,17,その他の住宅（３階建て以下共同住宅等）,その他,20歳代,その他,施錠した
窃盗,自転車盗,目黒,祐天寺駅前交番,131105,東京都,目黒区,五本木２丁目,2020-05-16,22,その他,駐車（輪）場,30歳代,その他,施錠した
窃盗,自転車盗,目黒,祐天寺駅前交番,131105,東京都,目黒区,五本木２丁目,2020-06-04,22,その他の住宅（３階建て以下共同住宅等）,駐車（輪）場,30歳代,その他,施錠した
窃盗,自転車盗,目黒,祐天寺駅前交番,131105,東京都,目黒区,五本木２丁目,2020-06-13,10,一戸建住宅,その他,40歳代,その他,施錠した
窃盗,自転車盗,目黒,祐天寺駅前交番,131105,東京都,目黒区,中町２丁目,2020-02-24,18,一戸建住宅,駐車（輪）場,10歳代,高校生,施錠した
窃盗,自転車盗,目黒,祐天寺駅前交番,131105,東京都,目黒区,中町２丁目,2020-03-21,22,その他の住宅（３階建て以下共同住宅等）,駐車（輪）場,30歳代,その他,施錠した
窃盗,自転車盗,目黒,祐天寺駅前交番,131105,東京都,目黒区,中町２丁目,2020-09-16,23,駐車（輪）場,駐車（輪）場,30歳代,その他,施錠した
窃盗,自転車盗,目黒,祐天寺駅前交番,131105,東京都,目黒区,中町２丁目,2020-10-17,00,４階建て以上共同住宅,駐車（輪）場,20歳代,その他,施錠した
窃盗,自転車盗,目黒,祐天寺駅前交番,131105,東京都,目黒区,中目黒５丁目,2020-02-13,18,その他の住宅（３階建て以下共同住宅等）,駐車（輪）場,20歳代,その他,施錠した
窃盗,自転車盗,目黒,祐天寺駅前交番,131105,東京都,目黒区,目黒１丁目,2020-09-23,21,道路上,その他,20歳代,その他,施錠した
窃盗,自転車盗,目黒,祐天寺駅前交番,131105,東京都,目黒区,祐天寺２丁目,2019-09-30,21,道路上,その他,30歳代,その他,施錠した
窃盗,自転車盗,目黒,祐天寺駅前交番,131105,東京都,目黒区,祐天寺２丁目,2020-03-06,20,道路上,その他,20歳代,その他,施錠した
窃盗,自転車盗,目黒,祐天寺駅前交番,131105,東京都,目黒区,祐天寺２丁目,2020-10-29,20,駐車（輪）場,駐車（輪）場,法人・団体、被害者なし,法人・団体、被害者なし,施錠した
窃盗,自転車盗,目黒,中目黒駅前交番,131105,東京都,目黒区,青葉台１丁目,2020-08-28,20,道路上,その他,30歳代,その他,施錠した
窃盗,自転車盗,目黒,中目黒駅前交番,131105,東京都,目黒区,青葉台１丁目,2020-10-11,09,道路上,その他,20歳代,その他,施錠した
窃盗,自転車盗,目黒,中目黒駅前交番,131105,東京都,目黒区,青葉台１丁目,2020-11-02,22,その他,駐車（輪）場,30歳代,その他,施錠した
窃盗,自転車盗,目黒,中目黒駅前交番,131105,東京都,目黒区,上目黒１丁目,2020-03-17,11,４階建て以上共同住宅,駐車（輪）場,20歳代,その他,施錠した
窃盗,自転車盗,目黒,中目黒駅前交番,131105,東京都,目黒区,上目黒１丁目,2020-11-13,03,道路上,その他,20歳代,その他,施錠した
窃盗,自転車盗,目黒,中目黒駅前交番,131105,東京都,目黒区,上目黒１丁目,2020-11-20,12,その他,その他,30歳代,その他,施錠した
窃盗,自転車盗,目黒,中目黒駅前交番,131105,東京都,目黒区,上目黒１丁目,2020-11-22,18,道路上,その他,30歳代,その他,施錠した
窃盗,自転車盗,目黒,中目黒駅前交番,131105,東京都,目黒区,上目黒２丁目,2020-01-07,08,道路上,その他,40歳代,その他,施錠した
窃盗,自転車盗,目黒,中目黒駅前交番,131105,東京都,目黒区,上目黒２丁目,2020-01-19,09,駐車（輪）場,駐車（輪）場,65-69歳,その他,施錠した
窃盗,自転車盗,目黒,中目黒駅前交番,131105,東京都,目黒区,上目黒２丁目,2020-04-06,06,駐車（輪）場,駐車（輪）場,20歳代,その他,施錠した
窃盗,自転車盗,目黒,中目黒駅前交番,131105,東京都,目黒区,上目黒２丁目,2020-10-15,00,道路上,その他,20歳代,その他,施錠した
窃盗,自転車盗,目黒,中目黒駅前交番,131105,東京都,目黒区,上目黒２丁目,2020-10-18,01,駐車（輪）場,駐車（輪）場,40歳代,その他,施錠した
窃盗,自転車盗,目黒,中目黒駅前交番,131105,東京都,目黒区,上目黒２丁目,2020-10-19,07,４階建て以上共同住宅,その他,60-64歳,その他,施錠した
窃盗,自転車盗,目黒,中目黒駅前交番,131105,東京都,目黒区,上目黒２丁目,2020-10-25,07,その他,その他,10歳代,大学生,施錠した
窃盗,自転車盗,目黒,中目黒駅前交番,131105,東京都,目黒区,上目黒２丁目,2020-10-29,15,道路上,その他,40歳代,その他,施錠した
窃盗,自転車盗,目黒,中目黒駅前交番,131105,東京都,目黒区,上目黒２丁目,2020-11-25,17,道路上,その他,30歳代,その他,施錠した
窃盗,自転車盗,目黒,中目黒駅前交番,131105,東京都,目黒区,上目黒３丁目,2020-04-21,10,その他の住宅（３階建て以下共同住宅等）,その他,30歳代,その他,施錠した
窃盗,自転車盗,目黒,中目黒駅前交番,131105,東京都,目黒区,上目黒３丁目,2020-06-27,08,４階建て以上共同住宅,駐車（輪）場,30歳代,その他,施錠した
窃盗,自転車盗,目黒,中目黒駅前交番,131105,東京都,目黒区,上目黒３丁目,2020-07-31,04,道路上,その他,40歳代,その他,施錠した
窃盗,自転車盗,目黒,中目黒駅前交番,131105,東京都,目黒区,上目黒３丁目,2020-10-07,16,４階建て以上共同住宅,その他,40歳代,その他,施錠した
窃盗,自転車盗,目黒,中目黒駅前交番,131105,東京都,目黒区,中目黒１丁目,2020-07-08,18,その他の住宅（３階建て以下共同住宅等）,駐車（輪）場,30歳代,その他,施錠した
窃盗,自転車盗,目黒,中目黒駅前交番,131105,東京都,目黒区,中目黒１丁目,2020-07-12,19,その他の住宅（３階建て以下共同住宅等）,駐車（輪）場,40歳代,その他,施錠した
窃盗,自転車盗,目黒,中目黒駅前交番,131105,東京都,目黒区,中目黒１丁目,2020-10-11,10,道路上,その他,10歳代,大学生,施錠した
窃盗,自転車盗,目黒,中目黒駅前交番,131105,東京都,目黒区,中目黒１丁目,2020-10-22,20,一戸建住宅,その他,50歳代,その他,施錠した
窃盗,自転車盗,目黒,中目黒駅前交番,131105,東京都,目黒区,中目黒１丁目,2020-10-28,21,道路上,その他,30歳代,その他,施錠した
窃盗,自転車盗,目黒,中目黒駅前交番,131105,東京都,目黒区,中目黒１丁目,2020-11-20,20,その他の住宅（３階建て以下共同住宅等）,その他,40歳代,その他,施錠した
窃盗,自転車盗,目黒,中目黒駅前交番,131105,東京都,目黒区,中目黒２丁目,2020-08-11,20,４階建て以上共同住宅,駐車（輪）場,30歳代,その他,施錠した
窃盗,自転車盗,目黒,中目黒駅前交番,131105,東京都,目黒区,中目黒３丁目,2020-01-24,07,道路上,その他,40歳代,その他,施錠した
窃盗,自転車盗,目黒,中目黒駅前交番,131105,東京都,目黒区,中目黒３丁目,2020-01-29,17,道路上,その他,10歳代,小学生,施錠した
窃盗,自転車盗,目黒,中目黒駅前交番,131105,東京都,目黒区,中目黒３丁目,2020-06-18,22,４階建て以上共同住宅,駐車（輪）場,40歳代,その他,施錠した
窃盗,自転車盗,目黒,中目黒駅前交番,131105,東京都,目黒区,東山１丁目,2020-09-29,19,一戸建住宅,その他,50歳代,その他,施錠した
窃盗,自転車盗,目黒,宿山交番,131105,東京都,目黒区,上目黒２丁目,2020-04-09,10,駐車（輪）場,駐車（輪）場,30歳代,その他,施錠した
窃盗,自転車盗,目黒,宿山交番,131105,東京都,目黒区,上目黒３丁目,2020-02-04,10,４階建て以上共同住宅,駐車（輪）場,20歳代,その他,施錠した
窃盗,自転車盗,目黒,宿山交番,131105,東京都,目黒区,上目黒４丁目,2019-09-09,22,道路上,その他,20歳代,その他,施錠した
窃盗,自転車盗,目黒,宿山交番,131105,東京都,目黒区,上目黒４丁目,2020-03-07,14,その他の住宅（３階建て以下共同住宅等）,駐車（輪）場,20歳代,その他,施錠した
窃盗,自転車盗,目黒,宿山交番,131105,東京都,目黒区,上目黒４丁目,2020-04-19,20,一戸建住宅,その他,40歳代,その他,施錠した
窃盗,自転車盗,目黒,宿山交番,131105,東京都,目黒区,上目黒４丁目,2020-06-01,10,道路上,その他,50歳代,その他,施錠した
窃盗,自転車盗,目黒,宿山交番,131105,東京都,目黒区,上目黒４丁目,2020-08-04,23,一戸建住宅,駐車（輪）場,40歳代,その他,施錠した
窃盗,自転車盗,目黒,宿山交番,131105,東京都,目黒区,上目黒５丁目,2020-09-09,09,４階建て以上共同住宅,駐車（輪）場,50歳代,その他,施錠した
窃盗,自転車盗,目黒,宿山交番,131105,東京都,目黒区,上目黒５丁目,2020-10-27,20,道路上,その他,30歳代,その他,施錠した
窃盗,自転車盗,目黒,宿山交番,131105,東京都,目黒区,東山１丁目,2019-11-28,08,その他,駐車（輪）場,40歳代,その他,施錠した
窃盗,自転車盗,目黒,宿山交番,131105,東京都,目黒区,東山１丁目,2020-06-04,23,その他の住宅（３階建て以下共同住宅等）,駐車（輪）場,20歳代,その他,施錠した
窃盗,自転車盗,目黒,宿山交番,131105,東京都,目黒区,東山１丁目,2020-08-21,10,道路上,その他,20歳代,その他,施錠した
窃盗,自転車盗,目黒,宿山交番,131105,東京都,目黒区,東山２丁目,2020-01-25,17,駐車（輪）場,駐車（輪）場,40歳代,その他,施錠した
窃盗,自転車盗,目黒,大橋交番,131105,東京都,目黒区,青葉台３丁目,2020-09-26,09,その他の住宅（３階建て以下共同住宅等）,その他,30歳代,その他,施錠した
窃盗,自転車盗,目黒,大橋交番,131105,東京都,目黒区,青葉台４丁目,2020-02-27,20,その他の住宅（３階建て以下共同住宅等）,駐車（輪）場,40歳代,その他,施錠した
窃盗,自転車盗,目黒,大橋交番,131105,東京都,目黒区,大橋１丁目,2019-10-25,21,道路上,その他,50歳代,その他,施錠した
窃盗,自転車盗,目黒,大橋交番,131105,東京都,目黒区,大橋１丁目,2020-08-10,18,４階建て以上共同住宅,駐車（輪）場,30歳代,その他,施錠した
窃盗,自転車盗,目黒,大橋交番,131105,東京都,目黒区,大橋１丁目,2020-09-03,20,４階建て以上共同住宅,その他,30歳代,その他,施錠した
窃盗,自転車盗,目黒,大橋交番,131105,東京都,目黒区,大橋１丁目,2020-09-17,21,４階建て以上共同住宅,駐車（輪）場,30歳代,その他,施錠した
窃盗,自転車盗,目黒,大橋交番,131105,東京都,目黒区,大橋１丁目,2020-10-29,20,４階建て以上共同住宅,駐車（輪）場,40歳代,その他,施錠した
窃盗,自転車盗,目黒,大橋交番,131105,東京都,目黒区,大橋２丁目,2020-02-06,10,駐車（輪）場,駐車（輪）場,30歳代,その他,施錠した
窃盗,自転車盗,目黒,大橋交番,131105,東京都,目黒区,大橋２丁目,2020-02-18,22,道路上,その他,20歳代,その他,施錠した
窃盗,自転車盗,目黒,大橋交番,131105,東京都,目黒区,大橋２丁目,2020-03-07,17,その他の住宅（３階建て以下共同住宅等）,駐車（輪）場,30歳代,その他,施錠した
窃盗,自転車盗,目黒,大橋交番,131105,東京都,目黒区,大橋２丁目,2020-04-01,10,その他の住宅（３階建て以下共同住宅等）,その他,30歳代,その他,施錠した
窃盗,自転車盗,目黒,大橋交番,131105,東京都,目黒区,大橋２丁目,2020-04-03,20,駐車（輪）場,駐車（輪）場,10歳代,大学生,施錠した
窃盗,自転車盗,目黒,大橋交番,131105,東京都,目黒区,大橋２丁目,2020-07-20,09,道路上,その他,30歳代,その他,施錠した
窃盗,自転車盗,目黒,大橋交番,131105,東京都,目黒区,大橋２丁目,2020-07-27,11,道路上,その他,10歳代,大学生,施錠した
窃盗,自転車盗,目黒,大橋交番,131105,東京都,目黒区,大橋２丁目,2020-09-05,01,その他,駐車（輪）場,20歳代,大学生,施錠した
窃盗,自転車盗,目黒,大橋交番,131105,東京都,目黒区,大橋２丁目,2020-11-16,18,その他,駐車（輪）場,法人・団体、被害者なし,法人・団体、被害者なし,施錠した
窃盗,自転車盗,目黒,大橋交番,131105,東京都,目黒区,駒場１丁目,2020-03-01,09,その他の住宅（３階建て以下共同住宅等）,駐車（輪）場,40歳代,その他,施錠した
窃盗,自転車盗,目黒,大橋交番,131105,東京都,目黒区,駒場１丁目,2020-08-18,20,４階建て以上共同住宅,駐車（輪）場,20歳代,その他,施錠した
窃盗,自転車盗,目黒,大橋交番,131105,東京都,目黒区,駒場３丁目,2020-01-28,10,その他,駐車（輪）場,20歳代,その他,施錠した
窃盗,自転車盗,目黒,大橋交番,131105,東京都,目黒区,東山１丁目,2020-02-11,22,その他の住宅（３階建て以下共同住宅等）,駐車（輪）場,20歳代,その他,施錠した
窃盗,自転車盗,目黒,大橋交番,131105,東京都,目黒区,東山２丁目,2020-01-29,19,道路上,その他,20歳代,大学生,施錠した
窃盗,自転車盗,目黒,大橋交番,131105,東京都,目黒区,東山２丁目,2020-04-05,12,その他の住宅（３階建て以下共同住宅等）,駐車（輪）場,30歳代,その他,施錠した
窃盗,自転車盗,目黒,大橋交番,131105,東京都,目黒区,東山２丁目,2020-05-12,12,４階建て以上共同住宅,駐車（輪）場,10歳代,大学生,施錠した
窃盗,自転車盗,目黒,大橋交番,131105,東京都,目黒区,東山３丁目,2020-01-30,23,４階建て以上共同住宅,駐車（輪）場,20歳代,その他,施錠した
窃盗,自転車盗,目黒,大橋交番,131105,東京都,目黒区,東山３丁目,2020-10-15,07,道路上,その他,20歳代,その他,施錠した
窃盗,自転車盗,目黒,大橋交番,131105,東京都,目黒区,目黒１丁目,2020-10-01,23,道路上,その他,40歳代,その他,施錠した
窃盗,自転車盗,目黒,駒場一丁目駐在所,131105,東京都,目黒区,駒場１丁目,2020-06-09,00,その他の住宅（３階建て以下共同住宅等）,駐車（輪）場,20歳代,その他,施錠した
窃盗,自転車盗,目黒,駒場一丁目駐在所,131105,東京都,目黒区,駒場３丁目,2020-08-28,20,その他の住宅（３階建て以下共同住宅等）,その他,30歳代,その他,施錠した
窃盗,自転車盗,碑文谷,柿の木坂交番,131105,東京都,目黒区,柿の木坂１丁目,2020-06-07,14,その他の住宅（３階建て以下共同住宅等）,駐車（輪）場,50歳代,その他,施錠した
窃盗,自転車盗,碑文谷,柿の木坂交番,131105,東京都,目黒区,柿の木坂１丁目,2020-09-21,20,４階建て以上共同住宅,駐車（輪）場,20歳代,その他,施錠した
窃盗,自転車盗,碑文谷,柿の木坂交番,131105,東京都,目黒区,東が丘２丁目,2020-02-07,07,駐車（輪）場,駐車（輪）場,40歳代,その他,施錠した
窃盗,自転車盗,碑文谷,柿の木坂交番,131105,東京都,目黒区,東が丘２丁目,2020-08-09,20,その他の住宅（３階建て以下共同住宅等）,駐車（輪）場,30歳代,その他,施錠した
窃盗,自転車盗,碑文谷,柿の木坂交番,131105,東京都,目黒区,八雲１丁目,2020-09-30,22,４階建て以上共同住宅,駐車（輪）場,20歳代,その他,施錠した
窃盗,自転車盗,碑文谷,柿の木坂交番,131105,東京都,目黒区,八雲５丁目,2019-12-21,23,４階建て以上共同住宅,駐車（輪）場,20歳代,その他,施錠した
窃盗,自転車盗,碑文谷,柿の木坂交番,131105,東京都,目黒区,八雲５丁目,2019-12-27,13,４階建て以上共同住宅,駐車（輪）場,10歳代,高校生,施錠した
窃盗,自転車盗,碑文谷,都立大学駅前交番,131105,東京都,目黒区,五本木３丁目,2020-01-20,08,道路上,その他,20歳代,その他,施錠した
窃盗,自転車盗,碑文谷,都立大学駅前交番,131105,東京都,目黒区,平町１丁目,2019-12-28,16,道路上,その他,30歳代,その他,施錠した
窃盗,自転車盗,碑文谷,都立大学駅前交番,131105,東京都,目黒区,平町１丁目,2020-03-20,13,駐車（輪）場,駐車（輪）場,10歳代,大学生,施錠した
窃盗,自転車盗,碑文谷,都立大学駅前交番,131105,東京都,目黒区,平町１丁目,2020-11-02,08,駐車（輪）場,駐車（輪）場,20歳代,大学生,施錠した
窃盗,自転車盗,碑文谷,都立大学駅前交番,131105,東京都,目黒区,平町１丁目,2020-12-11,11,駐車（輪）場,駐車（輪）場,20歳代,その他,施錠した
窃盗,自転車盗,碑文谷,都立大学駅前交番,131105,東京都,目黒区,平町２丁目,2020-03-26,22,その他の住宅（３階建て以下共同住宅等）,その他,20歳代,その他,施錠した
窃盗,自転車盗,碑文谷,都立大学駅前交番,131105,東京都,目黒区,鷹番２丁目,2020-09-19,21,道路上,その他,50歳代,その他,施錠した
窃盗,自転車盗,碑文谷,都立大学駅前交番,131105,東京都,目黒区,中根１丁目,2020-01-20,09,駐車（輪）場,駐車（輪）場,20歳代,その他,施錠した
窃盗,自転車盗,碑文谷,都立大学駅前交番,131105,東京都,目黒区,中根１丁目,2020-04-17,08,駐車（輪）場,駐車（輪）場,50歳代,その他,施錠した
窃盗,自転車盗,碑文谷,都立大学駅前交番,131105,東京都,目黒区,中根１丁目,2020-07-01,13,駐車（輪）場,駐車（輪）場,30歳代,その他,施錠した
窃盗,自転車盗,碑文谷,都立大学駅前交番,131105,東京都,目黒区,中根１丁目,2020-07-06,07,駐車（輪）場,駐車（輪）場,40歳代,その他,施錠した
窃盗,自転車盗,碑文谷,都立大学駅前交番,131105,東京都,目黒区,中根１丁目,2020-10-26,07,駐車（輪）場,駐車（輪）場,20歳代,その他,施錠した
窃盗,自転車盗,碑文谷,都立大学駅前交番,131105,東京都,目黒区,中根２丁目,2019-10-20,12,一戸建住宅,駐車（輪）場,10歳代,中学生,施錠した
窃盗,自転車盗,碑文谷,都立大学駅前交番,131105,東京都,目黒区,中根２丁目,2020-01-10,06,駐車（輪）場,駐車（輪）場,10歳代,中学生,施錠した
窃盗,自転車盗,碑文谷,都立大学駅前交番,131105,東京都,目黒区,中根２丁目,2020-01-14,00,４階建て以上共同住宅,駐車（輪）場,40歳代,その他,施錠した
窃盗,自転車盗,碑文谷,都立大学駅前交番,131105,東京都,目黒区,中根２丁目,2020-01-27,10,駐車（輪）場,駐車（輪）場,20歳代,大学生,施錠した
窃盗,自転車盗,碑文谷,都立大学駅前交番,131105,東京都,目黒区,中根２丁目,2020-07-01,11,駐車（輪）場,駐車（輪）場,20歳代,その他,施錠した
窃盗,自転車盗,碑文谷,都立大学駅前交番,131105,東京都,目黒区,中根２丁目,2020-07-25,12,４階建て以上共同住宅,駐車（輪）場,20歳代,その他,施錠した
窃盗,自転車盗,碑文谷,都立大学駅前交番,131105,東京都,目黒区,中根２丁目,2020-08-11,13,駐車（輪）場,駐車（輪）場,20歳代,大学生,施錠した
窃盗,自転車盗,碑文谷,都立大学駅前交番,131105,東京都,目黒区,中根２丁目,2020-08-25,07,駐車（輪）場,駐車（輪）場,20歳代,その他,施錠した
窃盗,自転車盗,碑文谷,都立大学駅前交番,131105,東京都,目黒区,中根２丁目,2020-10-29,21,駐車（輪）場,駐車（輪）場,10歳代,大学生,施錠した
窃盗,自転車盗,碑文谷,中根交番,131105,東京都,目黒区,中根１丁目,2020-11-30,10,その他の住宅（３階建て以下共同住宅等）,駐車（輪）場,40歳代,その他,施錠した
窃盗,自転車盗,碑文谷,自由が丘交番,131105,東京都,目黒区,自由が丘１丁目,2020-07-11,15,道路上,その他,10歳代,大学生,施錠した
窃盗,自転車盗,碑文谷,自由が丘交番,131105,東京都,目黒区,自由が丘１丁目,2020-10-01,17,その他の住宅（３階建て以下共同住宅等）,その他,40歳代,その他,施錠した
窃盗,自転車盗,碑文谷,自由が丘交番,131105,東京都,目黒区,自由が丘１丁目,2020-10-04,10,その他,駐車（輪）場,10歳代,大学生,施錠した
窃盗,自転車盗,碑文谷,自由が丘交番,131105,東京都,目黒区,自由が丘２丁目,2020-07-16,04,その他,駐車（輪）場,50歳代,その他,施錠した
窃盗,自転車盗,碑文谷,自由が丘交番,131105,東京都,目黒区,自由が丘２丁目,2020-08-11,11,道路上,その他,40歳代,その他,施錠した
窃盗,自転車盗,碑文谷,自由が丘交番,131105,東京都,目黒区,自由が丘２丁目,2020-11-05,08,その他,駐車（輪）場,40歳代,その他,施錠した
窃盗,自転車盗,碑文谷,自由が丘交番,131105,東京都,目黒区,自由が丘３丁目,2020-04-01,12,その他の住宅（３階建て以下共同住宅等）,駐車（輪）場,20歳代,大学生,施錠した
窃盗,自転車盗,碑文谷,自由が丘交番,131105,東京都,目黒区,自由が丘３丁目,2020-04-08,18,その他の住宅（３階建て以下共同住宅等）,駐車（輪）場,20歳代,その他,施錠した
窃盗,自転車盗,碑文谷,緑が丘交番,131105,東京都,目黒区,緑が丘１丁目,2020-04-17,09,４階建て以上共同住宅,駐車（輪）場,50歳代,その他,施錠した
窃盗,自転車盗,碑文谷,緑が丘交番,131105,東京都,目黒区,緑が丘２丁目,2020-02-23,11,その他,駐車（輪）場,30歳代,その他,施錠した
窃盗,自転車盗,碑文谷,緑が丘交番,131105,東京都,目黒区,緑が丘２丁目,2020-02-23,14,その他,その他,40歳代,その他,施錠した
窃盗,自転車盗,碑文谷,緑が丘交番,131105,東京都,目黒区,緑が丘２丁目,2020-06-13,23,その他の住宅（３階建て以下共同住宅等）,その他,20歳代,その他,施錠した
窃盗,自転車盗,碑文谷,原町交番,131105,東京都,目黒区,洗足１丁目,2020-09-07,18,その他の住宅（３階建て以下共同住宅等）,その他,30歳代,その他,施錠した
窃盗,自転車盗,碑文谷,原町交番,131105,東京都,目黒区,洗足２丁目,2020-08-02,13,道路上,その他,70歳以上,その他,施錠した
窃盗,自転車盗,碑文谷,原町交番,131105,東京都,目黒区,原町１丁目,2020-01-19,22,４階建て以上共同住宅,駐車（輪）場,30歳代,その他,施錠した
窃盗,自転車盗,碑文谷,原町交番,131105,東京都,目黒区,原町１丁目,2020-02-04,18,駐車（輪）場,駐車（輪）場,20歳代,大学生,施錠した
窃盗,自転車盗,碑文谷,原町交番,131105,東京都,目黒区,原町１丁目,2020-02-08,19,その他の住宅（３階建て以下共同住宅等）,駐車（輪）場,30歳代,その他,施錠した
窃盗,自転車盗,碑文谷,原町交番,131105,東京都,目黒区,原町１丁目,2020-02-21,20,道路上,その他,10歳代,中学生,施錠した
窃盗,自転車盗,碑文谷,原町交番,131105,東京都,目黒区,原町１丁目,2020-03-18,09,駐車（輪）場,駐車（輪）場,20歳代,その他,施錠した
窃盗,自転車盗,碑文谷,原町交番,131105,東京都,目黒区,原町１丁目,2020-07-23,18,道路上,その他,20歳代,その他,施錠した
窃盗,自転車盗,碑文谷,原町交番,131105,東京都,目黒区,原町１丁目,2020-07-27,18,道路上,その他,10歳代,その他,施錠した
窃盗,自転車盗,碑文谷,原町交番,131105,東京都,目黒区,原町１丁目,2020-08-08,08,道路上,その他,20歳代,その他,施錠した
窃盗,自転車盗,碑文谷,原町交番,131105,東京都,目黒区,原町１丁目,2020-10-01,12,道路上,その他,20歳代,その他,施錠した
窃盗,自転車盗,碑文谷,原町交番,131105,東京都,目黒区,原町２丁目,2020-01-22,00,４階建て以上共同住宅,駐車（輪）場,20歳代,その他,施錠した
窃盗,自転車盗,碑文谷,原町交番,131105,東京都,目黒区,碑文谷３丁目,2019-10-11,06,４階建て以上共同住宅,駐車（輪）場,40歳代,その他,施錠した
窃盗,自転車盗,碑文谷,原町交番,131105,東京都,目黒区,南１丁目,2020-01-14,01,４階建て以上共同住宅,駐車（輪）場,20歳代,その他,施錠した
窃盗,自転車盗,碑文谷,原町交番,131105,東京都,目黒区,南１丁目,2020-01-14,01,４階建て以上共同住宅,駐車（輪）場,30歳代,その他,施錠した
窃盗,自転車盗,碑文谷,原町交番,131105,東京都,目黒区,南１丁目,2020-01-16,20,４階建て以上共同住宅,駐車（輪）場,20歳代,その他,施錠した
窃盗,自転車盗,碑文谷,原町交番,131105,東京都,目黒区,南１丁目,2020-08-29,22,４階建て以上共同住宅,駐車（輪）場,30歳代,その他,施錠した
窃盗,自転車盗,碑文谷,原町交番,131105,東京都,目黒区,南２丁目,2019-11-01,00,４階建て以上共同住宅,駐車（輪）場,20歳代,その他,施錠した
窃盗,自転車盗,碑文谷,本町六丁目交番,131105,東京都,目黒区,目黒本町４丁目,2020-04-06,20,その他の住宅（３階建て以下共同住宅等）,駐車（輪）場,10歳代,高校生,施錠した
窃盗,自転車盗,碑文谷,本町六丁目交番,131105,東京都,目黒区,目黒本町４丁目,2020-07-20,17,その他の住宅（３階建て以下共同住宅等）,駐車（輪）場,10歳代,高校生,施錠した
窃盗,自転車盗,碑文谷,本町六丁目交番,131105,東京都,目黒区,目黒本町６丁目,2020-08-27,16,その他の住宅（３階建て以下共同住宅等）,駐車（輪）場,40歳代,その他,施錠した
窃盗,自転車盗,碑文谷,本町二丁目交番,131105,東京都,目黒区,碑文谷２丁目,2020-03-12,19,４階建て以上共同住宅,駐車（輪）場,30歳代,その他,施錠した
窃盗,自転車盗,碑文谷,本町二丁目交番,131105,東京都,目黒区,目黒本町１丁目,2020-02-09,19,その他,駐車（輪）場,50歳代,その他,施錠した
窃盗,自転車盗,碑文谷,本町二丁目交番,131105,東京都,目黒区,目黒本町１丁目,2020-04-04,22,駐車（輪）場,駐車（輪）場,20歳代,その他,施錠した
窃盗,自転車盗,碑文谷,本町二丁目交番,131105,東京都,目黒区,目黒本町１丁目,2020-05-20,11,その他の住宅（３階建て以下共同住宅等）,駐車（輪）場,70歳以上,その他,施錠した
窃盗,自転車盗,碑文谷,本町二丁目交番,131105,東京都,目黒区,目黒本町１丁目,2020-10-06,21,その他の住宅（３階建て以下共同住宅等）,駐車（輪）場,30歳代,その他,施錠した
窃盗,自転車盗,碑文谷,本町二丁目交番,131105,東京都,目黒区,目黒本町１丁目,2020-11-27,23,４階建て以上共同住宅,駐車（輪）場,30歳代,その他,施錠した
窃盗,自転車盗,碑文谷,本町二丁目交番,131105,東京都,目黒区,目黒本町４丁目,2020-10-04,00,その他の住宅（３階建て以下共同住宅等）,駐車（輪）場,70歳以上,その他,施錠した
窃盗,自転車盗,碑文谷,本町二丁目交番,131105,東京都,目黒区,目黒本町５丁目,2019-11-15,23,４階建て以上共同住宅,駐車（輪）場,20歳代,その他,施錠した
窃盗,自転車盗,碑文谷,本町二丁目交番,131105,東京都,目黒区,目黒本町５丁目,2020-04-28,14,一戸建住宅,駐車（輪）場,70歳以上,その他,施錠した
窃盗,自転車盗,碑文谷,本町二丁目交番,131105,東京都,目黒区,目黒本町５丁目,2020-11-08,20,その他,駐車（輪）場,20歳代,その他,施錠した
窃盗,自転車盗,碑文谷,本町二丁目交番,131105,東京都,目黒区,目黒本町５丁目,2020-11-12,18,４階建て以上共同住宅,駐車（輪）場,20歳代,その他,施錠した
窃盗,自転車盗,碑文谷,本町二丁目交番,131105,東京都,目黒区,目黒本町６丁目,2019-12-29,18,４階建て以上共同住宅,駐車（輪）場,20歳代,その他,施錠した
窃盗,自転車盗,碑文谷,本町二丁目交番,131105,東京都,目黒区,目黒本町６丁目,2020-06-13,23,その他の住宅（３階建て以下共同住宅等）,駐車（輪）場,50歳代,その他,施錠した
窃盗,自転車盗,碑文谷,学芸大学駅前交番,131105,東京都,目黒区,鷹番２丁目,2019-11-13,22,道路上,その他,20歳代,その他,施錠した
窃盗,自転車盗,碑文谷,学芸大学駅前交番,131105,東京都,目黒区,鷹番２丁目,2020-03-06,19,４階建て以上共同住宅,駐車（輪）場,30歳代,その他,施錠した
窃盗,自転車盗,碑文谷,学芸大学駅前交番,131105,東京都,目黒区,鷹番２丁目,2020-06-04,19,４階建て以上共同住宅,駐車（輪）場,30歳代,その他,施錠した
窃盗,自転車盗,碑文谷,学芸大学駅前交番,131105,東京都,目黒区,鷹番２丁目,2020-07-10,17,道路上,その他,30歳代,その他,施錠した
窃盗,自転車盗,碑文谷,学芸大学駅前交番,131105,東京都,目黒区,鷹番２丁目,2020-07-31,19,道路上,その他,40歳代,その他,施錠した
窃盗,自転車盗,碑文谷,学芸大学駅前交番,131105,東京都,目黒区,鷹番２丁目,2020-09-05,23,道路上,その他,30歳代,その他,施錠した
窃盗,自転車盗,碑文谷,学芸大学駅前交番,131105,東京都,目黒区,鷹番２丁目,2020-10-03,16,道路上,その他,20歳代,その他,施錠した
窃盗,自転車盗,碑文谷,学芸大学駅前交番,131105,東京都,目黒区,鷹番２丁目,2020-12-13,23,４階建て以上共同住宅,駐車（輪）場,20歳代,その他,施錠した
窃盗,自転車盗,碑文谷,学芸大学駅前交番,131105,東京都,目黒区,鷹番２丁目,2020-12-22,19,道路上,その他,20歳代,その他,施錠した
窃盗,自転車盗,碑文谷,学芸大学駅前交番,131105,東京都,目黒区,鷹番３丁目,2019-12-10,09,道路上,その他,20歳代,大学生,施錠した
窃盗,自転車盗,碑文谷,学芸大学駅前交番,131105,東京都,目黒区,鷹番３丁目,2020-02-28,14,道路上,その他,30歳代,その他,施錠した
窃盗,自転車盗,碑文谷,学芸大学駅前交番,131105,東京都,目黒区,鷹番３丁目,2020-03-20,20,一戸建住宅,その他,50歳代,その他,施錠した
窃盗,自転車盗,碑文谷,学芸大学駅前交番,131105,東京都,目黒区,鷹番３丁目,2020-03-22,01,４階建て以上共同住宅,その他,40歳代,その他,施錠した
窃盗,自転車盗,碑文谷,学芸大学駅前交番,131105,東京都,目黒区,鷹番３丁目,2020-03-26,08,駐車（輪）場,駐車（輪）場,40歳代,その他,施錠した
窃盗,自転車盗,碑文谷,学芸大学駅前交番,131105,東京都,目黒区,鷹番３丁目,2020-03-26,12,道路上,その他,10歳代,小学生,施錠した
窃盗,自転車盗,碑文谷,学芸大学駅前交番,131105,東京都,目黒区,鷹番３丁目,2020-06-29,13,駐車（輪）場,駐車（輪）場,40歳代,その他,施錠した
窃盗,自転車盗,碑文谷,学芸大学駅前交番,131105,東京都,目黒区,鷹番３丁目,2020-07-10,20,道路上,その他,40歳代,その他,施錠した
窃盗,自転車盗,碑文谷,学芸大学駅前交番,131105,東京都,目黒区,鷹番３丁目,2020-07-17,08,４階建て以上共同住宅,駐車（輪）場,20歳代,その他,施錠した
窃盗,自転車盗,碑文谷,学芸大学駅前交番,131105,東京都,目黒区,鷹番３丁目,2020-08-11,11,駐車（輪）場,駐車（輪）場,30歳代,その他,施錠した
窃盗,自転車盗,碑文谷,学芸大学駅前交番,131105,東京都,目黒区,鷹番３丁目,2020-09-11,21,道路上,その他,30歳代,その他,施錠した
窃盗,自転車盗,碑文谷,学芸大学駅前交番,131105,東京都,目黒区,鷹番３丁目,2020-10-02,16,道路上,その他,50歳代,その他,施錠した
窃盗,自転車盗,碑文谷,学芸大学駅前交番,131105,東京都,目黒区,鷹番３丁目,2020-10-25,22,４階建て以上共同住宅,駐車（輪）場,30歳代,その他,施錠した
窃盗,自転車盗,碑文谷,学芸大学駅前交番,131105,東京都,目黒区,鷹番３丁目,2020-11-20,16,道路上,その他,30歳代,その他,施錠した
窃盗,自転車盗,碑文谷,学芸大学駅前交番,131105,東京都,目黒区,鷹番３丁目,2020-11-21,21,道路上,その他,30歳代,その他,施錠した
窃盗,自転車盗,碑文谷,学芸大学駅前交番,131105,東京都,目黒区,碑文谷４丁目,2020-01-13,13,４階建て以上共同住宅,駐車（輪）場,70歳以上,その他,施錠した
窃盗,自転車盗,碑文谷,学芸大学駅前交番,131105,東京都,目黒区,碑文谷５丁目,2020-04-23,17,４階建て以上共同住宅,駐車（輪）場,30歳代,その他,施錠した
窃盗,自転車盗,碑文谷,学芸大学駅前交番,131105,東京都,目黒区,緑が丘２丁目,2020-12-21,13,４階建て以上共同住宅,駐車（輪）場,65-69歳,その他,施錠した
窃盗,自転車盗,碑文谷,東が丘駐在所,131105,東京都,目黒区,東が丘１丁目,2020-09-02,00,その他の住宅（３階建て以下共同住宅等）,駐車（輪）場,20歳代,その他,施錠した
窃盗,自転車盗,碑文谷,東が丘駐在所,131105,東京都,目黒区,東が丘１丁目,2020-10-21,14,４階建て以上共同住宅,駐車（輪）場,10歳代,高校生,施錠した
窃盗,自転車盗,碑文谷,東が丘駐在所,131105,東京都,目黒区,東が丘２丁目,2020-02-09,20,４階建て以上共同住宅,駐車（輪）場,30歳代,その他,施錠した
窃盗,自転車盗,碑文谷,東が丘駐在所,131105,東京都,目黒区,東が丘２丁目,2020-10-21,07,一戸建住宅,その他,70歳以上,その他,施錠した
窃盗,自転車盗,碑文谷,東が丘駐在所,131105,東京都,目黒区,東が丘２丁目,2020-11-01,19,駐車（輪）場,駐車（輪）場,20歳代,その他,施錠した
窃盗,自転車盗,碑文谷,東が丘駐在所,131105,東京都,目黒区,東が丘２丁目,2020-11-22,06,その他,駐車（輪）場,40歳代,その他,施錠した
窃盗,自転車盗,渋谷,渋谷駅前交番,131130,東京都,渋谷区,宇田川町,2019-12-27,00,道路上,その他,20歳代,その他,施錠した
窃盗,自転車盗,渋谷,渋谷駅前交番,131130,東京都,渋谷区,宇田川町,2019-12-31,00,道路上,その他,20歳代,その他,施錠した
窃盗,自転車盗,渋谷,渋谷駅前交番,131130,東京都,渋谷区,宇田川町,2020-09-22,17,道路上,その他,30歳代,その他,施錠した
窃盗,自転車盗,渋谷,渋谷駅前交番,131130,東京都,渋谷区,桜丘町,2019-12-05,19,道路上,その他,30歳代,その他,施錠した
窃盗,自転車盗,渋谷,渋谷駅前交番,131130,東京都,渋谷区,桜丘町,2020-01-25,14,その他,駐車（輪）場,50歳代,その他,施錠した
窃盗,自転車盗,渋谷,渋谷駅前交番,131130,東京都,渋谷区,桜丘町,2020-04-19,18,道路上,その他,20歳代,その他,施錠した
窃盗,自転車盗,渋谷,渋谷駅前交番,131130,東京都,渋谷区,桜丘町,2020-07-25,10,その他,その他,40歳代,その他,施錠した
窃盗,自転車盗,渋谷,渋谷駅前交番,131130,東京都,渋谷区,桜丘町,2020-09-11,00,その他,その他,40歳代,その他,施錠した
窃盗,自転車盗,渋谷,渋谷駅前交番,131130,東京都,渋谷区,渋谷１丁目,2019-12-21,17,駐車（輪）場,駐車（輪）場,20歳代,その他,施錠した
窃盗,自転車盗,渋谷,渋谷駅前交番,131130,東京都,渋谷区,渋谷１丁目,2020-01-31,08,駐車（輪）場,駐車（輪）場,20歳代,その他,施錠した
窃盗,自転車盗,渋谷,渋谷駅前交番,131130,東京都,渋谷区,渋谷１丁目,2020-02-05,12,駐車（輪）場,駐車（輪）場,30歳代,その他,施錠した
窃盗,自転車盗,渋谷,渋谷駅前交番,131130,東京都,渋谷区,渋谷１丁目,2020-02-14,07,駐車（輪）場,駐車（輪）場,50歳代,その他,施錠した
窃盗,自転車盗,渋谷,渋谷駅前交番,131130,東京都,渋谷区,渋谷１丁目,2020-02-14,13,道路上,その他,20歳代,その他,施錠した
窃盗,自転車盗,渋谷,渋谷駅前交番,131130,東京都,渋谷区,渋谷１丁目,2020-02-21,23,道路上,その他,20歳代,その他,施錠した
窃盗,自転車盗,渋谷,渋谷駅前交番,131130,東京都,渋谷区,渋谷１丁目,2020-02-22,22,駐車（輪）場,駐車（輪）場,法人・団体、被害者なし,法人・団体、被害者なし,施錠した
窃盗,自転車盗,渋谷,渋谷駅前交番,131130,東京都,渋谷区,渋谷１丁目,2020-02-27,13,駐車（輪）場,駐車（輪）場,70歳以上,その他,施錠した
窃盗,自転車盗,渋谷,渋谷駅前交番,131130,東京都,渋谷区,渋谷１丁目,2020-03-12,10,駐車（輪）場,駐車（輪）場,10歳代,中学生,施錠した
窃盗,自転車盗,渋谷,渋谷駅前交番,131130,東京都,渋谷区,渋谷１丁目,2020-04-23,12,道路上,その他,30歳代,その他,施錠した
窃盗,自転車盗,渋谷,渋谷駅前交番,131130,東京都,渋谷区,渋谷１丁目,2020-07-20,20,駐車（輪）場,駐車（輪）場,40歳代,その他,施錠した
窃盗,自転車盗,渋谷,渋谷駅前交番,131130,東京都,渋谷区,渋谷１丁目,2020-08-03,09,駐車（輪）場,駐車（輪）場,20歳代,その他,施錠した
窃盗,自転車盗,渋谷,渋谷駅前交番,131130,東京都,渋谷区,渋谷１丁目,2020-09-01,09,駐車（輪）場,駐車（輪）場,40歳代,その他,施錠した
窃盗,自転車盗,渋谷,渋谷駅前交番,131130,東京都,渋谷区,渋谷１丁目,2020-09-16,19,駐車（輪）場,駐車（輪）場,30歳代,その他,施錠した
窃盗,自転車盗,渋谷,渋谷駅前交番,131130,東京都,渋谷区,渋谷２丁目,2020-06-30,19,駐車（輪）場,駐車（輪）場,20歳代,その他,施錠した
窃盗,自転車盗,渋谷,渋谷駅前交番,131130,東京都,渋谷区,渋谷３丁目,2019-10-05,22,道路上,その他,20歳代,その他,施錠した
窃盗,自転車盗,渋谷,渋谷駅前交番,131130,東京都,渋谷区,渋谷３丁目,2020-07-10,16,道路上,その他,20歳代,その他,施錠した
窃盗,自転車盗,渋谷,渋谷駅前交番,131130,東京都,渋谷区,神南１丁目,2019-12-23,13,駐車（輪）場,駐車（輪）場,10歳代,中学生,施錠した
窃盗,自転車盗,渋谷,渋谷駅前交番,131130,東京都,渋谷区,神南１丁目,2020-03-16,07,駐車（輪）場,駐車（輪）場,50歳代,その他,施錠した
窃盗,自転車盗,渋谷,渋谷駅前交番,131130,東京都,渋谷区,神南１丁目,2020-07-08,14,道路上,その他,20歳代,大学生,施錠した
窃盗,自転車盗,渋谷,渋谷駅前交番,131130,東京都,渋谷区,神南１丁目,2020-08-26,08,駐車（輪）場,駐車（輪）場,40歳代,その他,施錠した
窃盗,自転車盗,渋谷,渋谷駅前交番,131130,東京都,渋谷区,道玄坂１丁目,2020-06-07,18,道路上,その他,50歳代,その他,施錠した
窃盗,自転車盗,渋谷,渋谷駅前交番,131130,東京都,渋谷区,道玄坂２丁目,2020-01-04,18,道路上,その他,30歳代,その他,施錠した
窃盗,自転車盗,渋谷,宇田川交番,131130,東京都,渋谷区,宇田川町,2019-12-30,14,道路上,その他,30歳代,その他,施錠した
窃盗,自転車盗,渋谷,宇田川交番,131130,東京都,渋谷区,宇田川町,2019-12-30,20,道路上,その他,30歳代,その他,施錠した
窃盗,自転車盗,渋谷,宇田川交番,131130,東京都,渋谷区,宇田川町,2020-03-14,13,道路上,その他,30歳代,その他,施錠した
窃盗,自転車盗,渋谷,宇田川交番,131130,東京都,渋谷区,宇田川町,2020-04-04,21,道路上,その他,20歳代,その他,施錠した
窃盗,自転車盗,渋谷,宇田川交番,131130,東京都,渋谷区,宇田川町,2020-05-08,15,道路上,その他,30歳代,その他,施錠した
窃盗,自転車盗,渋谷,宇田川交番,131130,東京都,渋谷区,宇田川町,2020-06-18,17,その他,その他,40歳代,その他,施錠した
窃盗,自転車盗,渋谷,宇田川交番,131130,東京都,渋谷区,宇田川町,2020-07-01,08,道路上,その他,30歳代,その他,施錠した
窃盗,自転車盗,渋谷,宇田川交番,131130,東京都,渋谷区,宇田川町,2020-07-01,22,道路上,その他,20歳代,その他,施錠した
窃盗,自転車盗,渋谷,宇田川交番,131130,東京都,渋谷区,宇田川町,2020-08-08,17,その他,その他,50歳代,その他,施錠した
窃盗,自転車盗,渋谷,宇田川交番,131130,東京都,渋谷区,宇田川町,2020-09-01,22,道路上,その他,20歳代,その他,施錠した
窃盗,自転車盗,渋谷,宇田川交番,131130,東京都,渋谷区,宇田川町,2020-09-27,17,道路上,その他,20歳代,その他,施錠した
窃盗,自転車盗,渋谷,宇田川交番,131130,東京都,渋谷区,神山町,2019-12-04,10,駐車（輪）場,駐車（輪）場,40歳代,その他,施錠した
窃盗,自転車盗,渋谷,宇田川交番,131130,東京都,渋谷区,神山町,2020-01-07,09,駐車（輪）場,駐車（輪）場,30歳代,その他,施錠した
窃盗,自転車盗,渋谷,宇田川交番,131130,東京都,渋谷区,神山町,2020-01-30,09,駐車（輪）場,駐車（輪）場,30歳代,その他,施錠した
窃盗,自転車盗,渋谷,宇田川交番,131130,東京都,渋谷区,神山町,2020-06-07,03,４階建て以上共同住宅,駐車（輪）場,30歳代,その他,施錠した
窃盗,自転車盗,渋谷,宇田川交番,131130,東京都,渋谷区,神山町,2020-06-26,04,道路上,その他,20歳代,その他,施錠した
窃盗,自転車盗,渋谷,宇田川交番,131130,東京都,渋谷区,松濤１丁目,2020-01-16,14,道路上,その他,30歳代,その他,施錠した
窃盗,自転車盗,渋谷,宇田川交番,131130,東京都,渋谷区,松濤１丁目,2020-03-03,12,道路上,その他,70歳以上,その他,施錠した
窃盗,自転車盗,渋谷,宇田川交番,131130,東京都,渋谷区,松濤１丁目,2020-10-19,10,その他,その他,30歳代,その他,施錠した
窃盗,自転車盗,渋谷,宇田川交番,131130,東京都,渋谷区,神南１丁目,2020-03-02,13,道路上,その他,30歳代,その他,施錠した
窃盗,自転車盗,渋谷,宇田川交番,131130,東京都,渋谷区,神南１丁目,2020-07-11,02,道路上,その他,20歳代,その他,施錠した
窃盗,自転車盗,渋谷,宇田川交番,131130,東京都,渋谷区,道玄坂２丁目,2020-01-10,23,道路上,その他,20歳代,その他,施錠した
窃盗,自転車盗,渋谷,宇田川交番,131130,東京都,渋谷区,道玄坂２丁目,2020-03-06,09,道路上,その他,30歳代,その他,施錠した
窃盗,自転車盗,渋谷,道玄坂上交番,131130,東京都,渋谷区,宇田川町,2020-03-07,13,道路上,その他,40歳代,その他,施錠した
窃盗,自転車盗,渋谷,道玄坂上交番,131130,東京都,渋谷区,松濤１丁目,2020-03-27,14,道路上,その他,40歳代,その他,施錠した
窃盗,自転車盗,渋谷,道玄坂上交番,131130,東京都,渋谷区,神泉町,2020-10-02,18,道路上,その他,40歳代,その他,施錠した
窃盗,自転車盗,渋谷,道玄坂上交番,131130,東京都,渋谷区,道玄坂１丁目,2019-12-15,23,駐車（輪）場,駐車（輪）場,20歳代,その他,施錠した
窃盗,自転車盗,渋谷,道玄坂上交番,131130,東京都,渋谷区,道玄坂１丁目,2019-12-20,22,４階建て以上共同住宅,駐車（輪）場,30歳代,その他,施錠した
窃盗,自転車盗,渋谷,道玄坂上交番,131130,東京都,渋谷区,道玄坂１丁目,2020-02-12,14,駐車（輪）場,駐車（輪）場,30歳代,その他,施錠した
窃盗,自転車盗,渋谷,道玄坂上交番,131130,東京都,渋谷区,道玄坂１丁目,2020-09-07,10,駐車（輪）場,駐車（輪）場,30歳代,その他,施錠した
窃盗,自転車盗,渋谷,道玄坂上交番,131130,東京都,渋谷区,道玄坂１丁目,2020-09-27,13,その他,その他,30歳代,その他,施錠した
窃盗,自転車盗,渋谷,道玄坂上交番,131130,東京都,渋谷区,道玄坂１丁目,2020-09-30,23,道路上,その他,30歳代,その他,施錠した
窃盗,自転車盗,渋谷,道玄坂上交番,131130,東京都,渋谷区,道玄坂１丁目,2020-10-05,23,道路上,その他,20歳代,その他,施錠した
窃盗,自転車盗,渋谷,道玄坂上交番,131130,東京都,渋谷区,道玄坂１丁目,2020-10-17,19,道路上,その他,20歳代,その他,施錠した
窃盗,自転車盗,渋谷,道玄坂上交番,131130,東京都,渋谷区,道玄坂１丁目,2020-10-25,19,道路上,その他,50歳代,その他,施錠した
窃盗,自転車盗,渋谷,道玄坂上交番,131130,東京都,渋谷区,道玄坂２丁目,2020-01-05,12,道路上,その他,20歳代,その他,施錠した
窃盗,自転車盗,渋谷,道玄坂上交番,131130,東京都,渋谷区,道玄坂２丁目,2020-01-10,19,道路上,その他,50歳代,その他,施錠した
窃盗,自転車盗,渋谷,道玄坂上交番,131130,東京都,渋谷区,道玄坂２丁目,2020-10-31,17,道路上,その他,30歳代,その他,施錠した
窃盗,自転車盗,渋谷,道玄坂上交番,131130,東京都,渋谷区,円山町,2019-05-31,20,道路上,その他,40歳代,その他,施錠した
窃盗,自転車盗,渋谷,道玄坂上交番,131130,東京都,渋谷区,円山町,2019-10-09,21,道路上,その他,30歳代,その他,施錠した
窃盗,自転車盗,渋谷,道玄坂上交番,131130,東京都,渋谷区,円山町,2019-12-04,09,駐車（輪）場,駐車（輪）場,20歳代,その他,施錠した
窃盗,自転車盗,渋谷,道玄坂上交番,131130,東京都,渋谷区,円山町,2019-12-08,11,駐車（輪）場,駐車（輪）場,30歳代,その他,施錠した
窃盗,自転車盗,渋谷,道玄坂上交番,131130,東京都,渋谷区,円山町,2020-06-16,19,道路上,その他,20歳代,その他,施錠した
窃盗,自転車盗,渋谷,道玄坂上交番,131130,東京都,渋谷区,円山町,2020-07-14,20,道路上,その他,40歳代,その他,施錠した
窃盗,自転車盗,渋谷,道玄坂上交番,131130,東京都,渋谷区,円山町,2020-08-21,23,道路上,その他,30歳代,その他,施錠した
窃盗,自転車盗,渋谷,道玄坂上交番,131130,東京都,渋谷区,円山町,2020-08-30,18,道路上,その他,40歳代,その他,施錠した
窃盗,自転車盗,渋谷,代官山交番,131130,東京都,渋谷区,猿楽町,2019-12-23,08,その他,駐車（輪）場,20歳代,その他,施錠した
窃盗,自転車盗,渋谷,代官山交番,131130,東京都,渋谷区,猿楽町,2020-04-26,10,道路上,その他,30歳代,その他,施錠した
窃盗,自転車盗,渋谷,恵比寿駅前交番,131130,東京都,渋谷区,恵比寿１丁目,2019-12-15,18,４階建て以上共同住宅,駐車（輪）場,70歳以上,その他,施錠した
窃盗,自転車盗,渋谷,恵比寿駅前交番,131130,東京都,渋谷区,恵比寿１丁目,2020-02-20,08,道路上,その他,20歳代,その他,施錠した
窃盗,自転車盗,渋谷,恵比寿駅前交番,131130,東京都,渋谷区,恵比寿１丁目,2020-09-22,22,道路上,その他,40歳代,その他,施錠した
窃盗,自転車盗,渋谷,恵比寿駅前交番,131130,東京都,渋谷区,恵比寿４丁目,2019-12-27,19,駐車（輪）場,駐車（輪）場,20歳代,その他,施錠した
窃盗,自転車盗,渋谷,恵比寿駅前交番,131130,東京都,渋谷区,恵比寿４丁目,2020-09-05,08,道路上,その他,10歳代,高校生,施錠した
窃盗,自転車盗,渋谷,恵比寿駅前交番,131130,東京都,渋谷区,恵比寿西１丁目,2019-12-20,18,駐車（輪）場,駐車（輪）場,40歳代,その他,施錠した
窃盗,自転車盗,渋谷,恵比寿駅前交番,131130,東京都,渋谷区,恵比寿西１丁目,2020-01-25,15,道路上,その他,40歳代,その他,施錠した
窃盗,自転車盗,渋谷,恵比寿駅前交番,131130,東京都,渋谷区,恵比寿西１丁目,2020-05-09,17,４階建て以上共同住宅,その他,30歳代,その他,施錠した
窃盗,自転車盗,渋谷,恵比寿駅前交番,131130,東京都,渋谷区,恵比寿西１丁目,2020-05-09,19,道路上,その他,20歳代,その他,施錠した
窃盗,自転車盗,渋谷,恵比寿駅前交番,131130,東京都,渋谷区,恵比寿西１丁目,2020-07-19,15,４階建て以上共同住宅,駐車（輪）場,20歳代,その他,施錠した
窃盗,自転車盗,渋谷,恵比寿駅前交番,131130,東京都,渋谷区,恵比寿西２丁目,2019-07-10,23,その他,駐車（輪）場,30歳代,その他,施錠した
窃盗,自転車盗,渋谷,恵比寿駅前交番,131130,東京都,渋谷区,恵比寿西２丁目,2020-09-15,01,４階建て以上共同住宅,駐車（輪）場,20歳代,その他,施錠した
窃盗,自転車盗,渋谷,恵比寿駅前交番,131130,東京都,渋谷区,恵比寿南１丁目,2020-05-12,16,道路上,その他,50歳代,その他,施錠した
窃盗,自転車盗,渋谷,恵比寿駅前交番,131130,東京都,渋谷区,恵比寿南１丁目,2020-06-29,20,道路上,その他,40歳代,その他,施錠した
窃盗,自転車盗,渋谷,恵比寿駅前交番,131130,東京都,渋谷区,恵比寿南３丁目,2020-06-30,21,道路上,その他,20歳代,その他,施錠した
窃盗,自転車盗,渋谷,恵比寿駅前交番,131130,東京都,渋谷区,恵比寿南３丁目,2020-07-30,20,道路上,その他,40歳代,その他,施錠した
窃盗,自転車盗,渋谷,恵比寿駅前交番,131130,東京都,渋谷区,代官山町,2020-04-28,00,その他の住宅（３階建て以下共同住宅等）,駐車（輪）場,30歳代,その他,施錠した
窃盗,自転車盗,渋谷,恵比寿駅前交番,131130,東京都,渋谷区,代官山町,2020-04-28,20,道路上,その他,20歳代,大学生,施錠した
窃盗,自転車盗,渋谷,恵比寿駅前交番,131130,東京都,渋谷区,道玄坂１丁目,2019-12-23,13,道路上,その他,70歳以上,その他,施錠した
窃盗,自転車盗,渋谷,恵比寿駅前交番,131130,東京都,渋谷区,東３丁目,2020-10-06,18,４階建て以上共同住宅,駐車（輪）場,30歳代,その他,施錠した
窃盗,自転車盗,渋谷,恵比寿駅前交番,131130,東京都,渋谷区,広尾１丁目,2019-12-20,13,駐車（輪）場,駐車（輪）場,40歳代,その他,施錠した
窃盗,自転車盗,渋谷,広尾五丁目交番,131130,東京都,渋谷区,恵比寿１丁目,2020-09-11,23,道路上,その他,40歳代,その他,施錠した
窃盗,自転車盗,渋谷,広尾五丁目交番,131130,東京都,渋谷区,広尾５丁目,2020-01-07,17,その他,駐車（輪）場,40歳代,その他,施錠した
窃盗,自転車盗,渋谷,広尾五丁目交番,131130,東京都,渋谷区,広尾５丁目,2020-04-02,00,道路上,その他,30歳代,その他,施錠した
窃盗,自転車盗,渋谷,広尾五丁目交番,131130,東京都,渋谷区,広尾５丁目,2020-06-09,17,その他,駐車（輪）場,20歳代,その他,施錠した
窃盗,自転車盗,渋谷,広尾五丁目交番,131130,東京都,渋谷区,広尾５丁目,2020-07-31,11,道路上,その他,40歳代,その他,施錠した
窃盗,自転車盗,渋谷,日赤病院前交番,131130,東京都,渋谷区,広尾３丁目,2020-02-10,不明,道路上,その他,50歳代,その他,施錠した
窃盗,自転車盗,渋谷,東交番,131130,東京都,渋谷区,恵比寿３丁目,2020-06-07,12,道路上,その他,40歳代,その他,施錠した
窃盗,自転車盗,渋谷,東交番,131130,東京都,渋谷区,渋谷３丁目,2020-03-24,11,道路上,その他,20歳代,その他,施錠した
窃盗,自転車盗,渋谷,東交番,131130,東京都,渋谷区,渋谷３丁目,2020-06-18,20,４階建て以上共同住宅,その他,30歳代,その他,施錠した
窃盗,自転車盗,渋谷,東交番,131130,東京都,渋谷区,渋谷３丁目,2020-07-10,18,その他,その他,法人・団体、被害者なし,法人・団体、被害者なし,施錠した
窃盗,自転車盗,渋谷,東交番,131130,東京都,渋谷区,東２丁目,2020-02-05,22,道路上,その他,30歳代,その他,施錠した
窃盗,自転車盗,渋谷,東交番,131130,東京都,渋谷区,東２丁目,2020-02-08,23,道路上,その他,40歳代,その他,施錠した
窃盗,自転車盗,渋谷,東交番,131130,東京都,渋谷区,東２丁目,2020-05-26,23,道路上,その他,30歳代,その他,施錠した
窃盗,自転車盗,渋谷,東交番,131130,東京都,渋谷区,東２丁目,2020-06-20,21,その他の住宅（３階建て以下共同住宅等）,駐車（輪）場,40歳代,その他,施錠した
窃盗,自転車盗,渋谷,東交番,131130,東京都,渋谷区,東２丁目,2020-11-19,22,４階建て以上共同住宅,駐車（輪）場,30歳代,その他,施錠した
窃盗,自転車盗,渋谷,鉢山交番,131130,東京都,渋谷区,桜丘町,2020-01-16,20,駐車（輪）場,駐車（輪）場,40歳代,その他,施錠した
窃盗,自転車盗,渋谷,鉢山交番,131130,東京都,渋谷区,鉢山町,2020-01-23,20,４階建て以上共同住宅,駐車（輪）場,40歳代,その他,施錠した
窃盗,自転車盗,渋谷,常磐松交番,131130,東京都,渋谷区,渋谷２丁目,2020-01-08,09,道路上,その他,20歳代,その他,施錠した
窃盗,自転車盗,渋谷,常磐松交番,131130,東京都,渋谷区,渋谷２丁目,2020-09-14,12,道路上,その他,10歳代,その他,施錠した
窃盗,自転車盗,渋谷,恵比寿四丁目交番,131130,東京都,渋谷区,恵比寿１丁目,2020-06-26,23,道路上,その他,40歳代,その他,施錠した
窃盗,自転車盗,渋谷,恵比寿四丁目交番,131130,東京都,渋谷区,恵比寿２丁目,2020-06-11,00,その他の住宅（３階建て以下共同住宅等）,駐車（輪）場,20歳代,その他,施錠した
窃盗,自転車盗,渋谷,恵比寿四丁目交番,131130,東京都,渋谷区,恵比寿２丁目,2020-09-10,00,道路上,その他,20歳代,その他,施錠した
窃盗,自転車盗,渋谷,恵比寿四丁目交番,131130,東京都,渋谷区,恵比寿４丁目,2019-12-20,02,その他,その他,20歳代,その他,施錠した
窃盗,自転車盗,渋谷,恵比寿四丁目交番,131130,東京都,渋谷区,恵比寿４丁目,2020-06-24,14,道路上,その他,20歳代,その他,施錠した
窃盗,自転車盗,渋谷,美竹交番,131130,東京都,渋谷区,渋谷１丁目,2019-11-10,17,道路上,その他,50歳代,その他,施錠した
窃盗,自転車盗,渋谷,美竹交番,131130,東京都,渋谷区,渋谷１丁目,2020-01-10,23,道路上,その他,20歳代,その他,施錠した
窃盗,自転車盗,渋谷,美竹交番,131130,東京都,渋谷区,渋谷１丁目,2020-09-18,01,道路上,その他,法人・団体、被害者なし,法人・団体、被害者なし,施錠した
窃盗,自転車盗,渋谷,美竹交番,131130,東京都,渋谷区,渋谷３丁目,2020-03-25,10,駐車（輪）場,駐車（輪）場,30歳代,その他,施錠した
窃盗,自転車盗,渋谷,美竹交番,131130,東京都,渋谷区,神宮前５丁目,2020-01-06,18,道路上,その他,20歳代,大学生,施錠した
窃盗,自転車盗,渋谷,美竹交番,131130,東京都,渋谷区,神宮前５丁目,2020-03-18,00,道路上,その他,40歳代,その他,施錠した
窃盗,自転車盗,渋谷,美竹交番,131130,東京都,渋谷区,神宮前６丁目,2020-09-03,20,４階建て以上共同住宅,駐車（輪）場,30歳代,その他,施錠した
窃盗,自転車盗,原宿,代々木駅前交番,131130,東京都,渋谷区,千駄ヶ谷３丁目,2020-01-11,15,道路上,その他,50歳代,その他,施錠した
窃盗,自転車盗,原宿,代々木駅前交番,131130,東京都,渋谷区,千駄ヶ谷３丁目,2020-12-18,21,４階建て以上共同住宅,駐車（輪）場,40歳代,その他,施錠した
窃盗,自転車盗,原宿,代々木駅前交番,131130,東京都,渋谷区,千駄ヶ谷３丁目,2020-12-20,15,４階建て以上共同住宅,駐車（輪）場,10歳代,中学生,施錠した
窃盗,自転車盗,原宿,代々木駅前交番,131130,東京都,渋谷区,代々木１丁目,2020-02-18,09,駐車（輪）場,駐車（輪）場,20歳代,その他,施錠した
窃盗,自転車盗,原宿,代々木駅前交番,131130,東京都,渋谷区,代々木１丁目,2020-05-20,18,４階建て以上共同住宅,駐車（輪）場,20歳代,大学生,施錠した
窃盗,自転車盗,原宿,代々木二丁目交番,131130,東京都,渋谷区,代々木２丁目,2019-11-22,19,道路上,その他,10歳代,中学生,施錠した
窃盗,自転車盗,原宿,代々木二丁目交番,131130,東京都,渋谷区,代々木２丁目,2020-03-29,19,その他の住宅（３階建て以下共同住宅等）,駐車（輪）場,20歳代,その他,施錠した
窃盗,自転車盗,原宿,代々木二丁目交番,131130,東京都,渋谷区,代々木２丁目,2020-04-12,09,駐車（輪）場,駐車（輪）場,30歳代,その他,施錠した
窃盗,自転車盗,原宿,代々木二丁目交番,131130,東京都,渋谷区,代々木２丁目,2020-04-26,13,駐車（輪）場,駐車（輪）場,40歳代,その他,施錠した
窃盗,自転車盗,原宿,代々木二丁目交番,131130,東京都,渋谷区,代々木２丁目,2020-05-25,20,駐車（輪）場,駐車（輪）場,20歳代,その他,施錠した
窃盗,自転車盗,原宿,代々木二丁目交番,131130,東京都,渋谷区,代々木２丁目,2020-08-11,09,４階建て以上共同住宅,駐車（輪）場,20歳代,その他,施錠した
窃盗,自転車盗,原宿,代々木二丁目交番,131130,東京都,渋谷区,代々木２丁目,2020-09-21,09,道路上,その他,20歳代,大学生,施錠した
窃盗,自転車盗,原宿,代々木二丁目交番,131130,東京都,渋谷区,代々木２丁目,2020-10-03,12,４階建て以上共同住宅,駐車（輪）場,40歳代,その他,施錠した
窃盗,自転車盗,原宿,代々木二丁目交番,131130,東京都,渋谷区,代々木２丁目,2020-10-23,16,駐車（輪）場,駐車（輪）場,20歳代,その他,施錠した
窃盗,自転車盗,原宿,代々木二丁目交番,131130,東京都,渋谷区,代々木２丁目,2020-11-25,04,駐車（輪）場,駐車（輪）場,40歳代,その他,施錠した
窃盗,自転車盗,原宿,代々木二丁目交番,131130,東京都,渋谷区,代々木２丁目,2020-11-28,14,駐車（輪）場,駐車（輪）場,40歳代,その他,施錠した
窃盗,自転車盗,原宿,代々木二丁目交番,131130,東京都,渋谷区,代々木２丁目,2020-12-02,11,その他,駐車（輪）場,20歳代,その他,施錠した
窃盗,自転車盗,原宿,代々木二丁目交番,131130,東京都,渋谷区,代々木２丁目,2020-12-14,08,道路上,その他,10歳代,高校生,施錠した
窃盗,自転車盗,原宿,千駄ケ谷五丁目交番,131130,東京都,渋谷区,千駄ヶ谷３丁目,2019-10-01,不明,４階建て以上共同住宅,駐車（輪）場,30歳代,その他,施錠した
窃盗,自転車盗,原宿,千駄ケ谷五丁目交番,131130,東京都,渋谷区,千駄ヶ谷４丁目,2020-03-24,22,４階建て以上共同住宅,駐車（輪）場,20歳代,その他,施錠した
窃盗,自転車盗,原宿,千駄ケ谷五丁目交番,131130,東京都,渋谷区,千駄ヶ谷４丁目,2020-11-13,21,道路上,その他,30歳代,その他,施錠した
窃盗,自転車盗,原宿,千駄ケ谷五丁目交番,131130,東京都,渋谷区,千駄ヶ谷５丁目,2020-01-19,22,駐車（輪）場,駐車（輪）場,20歳代,その他,施錠した
窃盗,自転車盗,原宿,千駄ケ谷五丁目交番,131130,東京都,渋谷区,千駄ヶ谷５丁目,2020-02-01,05,４階建て以上共同住宅,駐車（輪）場,20歳代,その他,施錠した
窃盗,自転車盗,原宿,千駄ケ谷五丁目交番,131130,東京都,渋谷区,千駄ヶ谷５丁目,2020-05-15,23,その他の住宅（３階建て以下共同住宅等）,駐車（輪）場,30歳代,その他,施錠した
窃盗,自転車盗,原宿,千駄ケ谷五丁目交番,131130,東京都,渋谷区,千駄ヶ谷５丁目,2020-06-28,18,道路上,その他,20歳代,その他,施錠した
窃盗,自転車盗,原宿,千駄ケ谷五丁目交番,131130,東京都,渋谷区,千駄ヶ谷５丁目,2020-08-17,11,道路上,その他,40歳代,その他,施錠した
窃盗,自転車盗,原宿,千駄ケ谷五丁目交番,131130,東京都,渋谷区,千駄ヶ谷５丁目,2020-10-11,03,道路上,その他,70歳以上,その他,施錠した
窃盗,自転車盗,原宿,千駄ケ谷五丁目交番,131130,東京都,渋谷区,千駄ヶ谷５丁目,2020-11-23,12,駐車（輪）場,駐車（輪）場,20歳代,その他,施錠した
窃盗,自転車盗,原宿,千駄ケ谷駅前交番,131130,東京都,渋谷区,神宮前２丁目,2020-05-15,00,道路上,その他,40歳代,その他,施錠した
窃盗,自転車盗,原宿,千駄ケ谷駅前交番,131130,東京都,渋谷区,神宮前２丁目,2020-05-30,07,４階建て以上共同住宅,駐車（輪）場,30歳代,その他,施錠した
窃盗,自転車盗,原宿,千駄ケ谷駅前交番,131130,東京都,渋谷区,神宮前２丁目,2020-06-01,12,道路上,その他,30歳代,その他,施錠した
窃盗,自転車盗,原宿,千駄ケ谷駅前交番,131130,東京都,渋谷区,神宮前２丁目,2020-08-18,04,一戸建住宅,その他,65-69歳,その他,施錠した
窃盗,自転車盗,原宿,千駄ケ谷駅前交番,131130,東京都,渋谷区,神宮前２丁目,2020-10-17,23,４階建て以上共同住宅,駐車（輪）場,20歳代,その他,施錠した
窃盗,自転車盗,原宿,神宮前交番,131130,東京都,渋谷区,神宮前１丁目,2019-06-01,00,その他,駐車（輪）場,30歳代,その他,施錠した
窃盗,自転車盗,原宿,神宮前交番,131130,東京都,渋谷区,神宮前１丁目,2019-12-04,13,４階建て以上共同住宅,駐車（輪）場,30歳代,その他,施錠した
窃盗,自転車盗,原宿,神宮前交番,131130,東京都,渋谷区,神宮前１丁目,2020-05-29,12,道路上,その他,40歳代,その他,施錠した
窃盗,自転車盗,原宿,神宮前交番,131130,東京都,渋谷区,神宮前１丁目,2020-12-13,15,その他,駐車（輪）場,40歳代,その他,施錠した
窃盗,自転車盗,原宿,神宮前交番,131130,東京都,渋谷区,神宮前２丁目,2020-12-10,08,道路上,その他,30歳代,その他,施錠した
窃盗,自転車盗,原宿,神宮前交番,131130,東京都,渋谷区,神宮前３丁目,2019-12-29,12,その他,その他,法人・団体、被害者なし,法人・団体、被害者なし,施錠した
窃盗,自転車盗,原宿,神宮前交番,131130,東京都,渋谷区,神宮前３丁目,2020-01-13,11,道路上,その他,50歳代,その他,施錠した
窃盗,自転車盗,原宿,神宮前交番,131130,東京都,渋谷区,神宮前３丁目,2020-02-09,13,道路上,その他,10歳代,高校生,施錠した
窃盗,自転車盗,原宿,神宮前交番,131130,東京都,渋谷区,神宮前３丁目,2020-05-30,22,一戸建住宅,駐車（輪）場,50歳代,その他,施錠した
窃盗,自転車盗,原宿,神宮前交番,131130,東京都,渋谷区,神宮前４丁目,2020-02-14,14,道路上,その他,30歳代,その他,施錠した
窃盗,自転車盗,原宿,神宮前交番,131130,東京都,渋谷区,神宮前４丁目,2020-10-01,09,４階建て以上共同住宅,駐車（輪）場,30歳代,その他,施錠した
窃盗,自転車盗,原宿,神宮前交番,131130,東京都,渋谷区,神宮前４丁目,2020-11-20,10,駐車（輪）場,駐車（輪）場,20歳代,その他,施錠した
窃盗,自転車盗,原宿,神宮前交番,131130,東京都,渋谷区,神宮前５丁目,2020-02-10,22,駐車（輪）場,駐車（輪）場,20歳代,大学生,施錠した
窃盗,自転車盗,原宿,神宮前交番,131130,東京都,渋谷区,神宮前５丁目,2020-12-06,06,道路上,その他,30歳代,その他,施錠した
窃盗,自転車盗,原宿,神宮前交番,131130,東京都,渋谷区,神宮前６丁目,2020-04-06,09,道路上,その他,20歳代,その他,施錠した
窃盗,自転車盗,原宿,神宮前交番,131130,東京都,渋谷区,神宮前６丁目,2020-04-06,09,道路上,その他,20歳代,その他,施錠した
窃盗,自転車盗,原宿,神宮前交番,131130,東京都,渋谷区,神宮前６丁目,2020-11-03,10,道路上,その他,20歳代,その他,施錠した
窃盗,自転車盗,原宿,神宮前交番,131130,東京都,渋谷区,千駄ヶ谷３丁目,2020-06-09,21,道路上,その他,30歳代,その他,施錠した
窃盗,自転車盗,代々木,初台駅前交番,131130,東京都,渋谷区,初台１丁目,2019-11-04,06,道路上,その他,10歳代,高校生,施錠した
窃盗,自転車盗,代々木,初台駅前交番,131130,東京都,渋谷区,初台１丁目,2020-06-11,20,その他の住宅（３階建て以下共同住宅等）,駐車（輪）場,30歳代,その他,施錠した
窃盗,自転車盗,代々木,初台駅前交番,131130,東京都,渋谷区,初台１丁目,2020-12-26,17,その他,駐車（輪）場,50歳代,その他,施錠した
窃盗,自転車盗,代々木,初台駅前交番,131130,東京都,渋谷区,本町１丁目,2020-02-16,09,４階建て以上共同住宅,駐車（輪）場,30歳代,その他,施錠した
窃盗,自転車盗,代々木,初台駅前交番,131130,東京都,渋谷区,本町１丁目,2020-10-02,17,４階建て以上共同住宅,駐車（輪）場,20歳代,その他,施錠した
窃盗,自転車盗,代々木,初台駅前交番,131130,東京都,渋谷区,本町１丁目,2020-10-12,18,４階建て以上共同住宅,駐車（輪）場,30歳代,その他,施錠した
窃盗,自転車盗,代々木,初台駅前交番,131130,東京都,渋谷区,本町１丁目,2020-10-22,01,道路上,その他,30歳代,その他,施錠した
窃盗,自転車盗,代々木,初台駅前交番,131130,東京都,渋谷区,本町１丁目,2020-10-29,11,その他の住宅（３階建て以下共同住宅等）,駐車（輪）場,50歳代,その他,施錠した
窃盗,自転車盗,代々木,初台駅前交番,131130,東京都,渋谷区,本町１丁目,2020-10-31,13,４階建て以上共同住宅,駐車（輪）場,40歳代,その他,施錠した
窃盗,自転車盗,代々木,初台駅前交番,131130,東京都,渋谷区,本町２丁目,2020-02-28,09,駐車（輪）場,駐車（輪）場,20歳代,大学生,施錠した
窃盗,自転車盗,代々木,初台駅前交番,131130,東京都,渋谷区,本町２丁目,2020-09-02,09,その他の住宅（３階建て以下共同住宅等）,駐車（輪）場,50歳代,その他,施錠した
窃盗,自転車盗,代々木,初台駅前交番,131130,東京都,渋谷区,代々木３丁目,2019-11-25,10,道路上,その他,30歳代,その他,施錠した
窃盗,自転車盗,代々木,初台駅前交番,131130,東京都,渋谷区,代々木３丁目,2019-12-22,12,その他の住宅（３階建て以下共同住宅等）,駐車（輪）場,20歳代,大学生,施錠した
窃盗,自転車盗,代々木,初台駅前交番,131130,東京都,渋谷区,代々木３丁目,2020-10-14,04,その他の住宅（３階建て以下共同住宅等）,駐車（輪）場,30歳代,その他,施錠した
窃盗,自転車盗,代々木,初台駅前交番,131130,東京都,渋谷区,代々木３丁目,2020-11-07,02,その他の住宅（３階建て以下共同住宅等）,駐車（輪）場,20歳代,その他,施錠した
窃盗,自転車盗,代々木,初台駅前交番,131130,東京都,渋谷区,代々木３丁目,2020-12-05,18,その他の住宅（３階建て以下共同住宅等）,駐車（輪）場,10歳代,大学生,施錠した
窃盗,自転車盗,代々木,初台駅前交番,131130,東京都,渋谷区,代々木４丁目,2020-02-17,01,その他の住宅（３階建て以下共同住宅等）,駐車（輪）場,30歳代,その他,施錠した
窃盗,自転車盗,代々木,初台駅前交番,131130,東京都,渋谷区,代々木４丁目,2020-07-11,09,道路上,その他,20歳代,その他,施錠した
窃盗,自転車盗,代々木,清水橋交番,131130,東京都,渋谷区,本町２丁目,2020-02-14,16,一戸建住宅,その他,65-69歳,その他,施錠した
窃盗,自転車盗,代々木,清水橋交番,131130,東京都,渋谷区,本町３丁目,2020-02-10,16,駐車（輪）場,駐車（輪）場,65-69歳,その他,施錠した
窃盗,自転車盗,代々木,清水橋交番,131130,東京都,渋谷区,本町３丁目,2020-04-04,14,駐車（輪）場,駐車（輪）場,20歳代,その他,施錠した
窃盗,自転車盗,代々木,清水橋交番,131130,東京都,渋谷区,本町３丁目,2020-10-12,18,４階建て以上共同住宅,駐車（輪）場,50歳代,その他,施錠した
窃盗,自転車盗,代々木,清水橋交番,131130,東京都,渋谷区,本町３丁目,2020-10-19,13,道路上,その他,20歳代,その他,施錠した
窃盗,自転車盗,代々木,清水橋交番,131130,東京都,渋谷区,本町３丁目,2020-10-20,13,その他の住宅（３階建て以下共同住宅等）,駐車（輪）場,20歳代,その他,施錠した
窃盗,自転車盗,代々木,清水橋交番,131130,東京都,渋谷区,本町４丁目,2020-02-01,10,その他,駐車（輪）場,30歳代,その他,施錠した
窃盗,自転車盗,代々木,清水橋交番,131130,東京都,渋谷区,本町４丁目,2020-08-06,12,その他の住宅（３階建て以下共同住宅等）,駐車（輪）場,20歳代,その他,施錠した
窃盗,自転車盗,代々木,清水橋交番,131130,東京都,渋谷区,本町４丁目,2020-09-23,11,その他の住宅（３階建て以下共同住宅等）,駐車（輪）場,20歳代,その他,施錠した
窃盗,自転車盗,代々木,不動前交番,131130,東京都,渋谷区,本町２丁目,2020-11-07,12,その他の住宅（３階建て以下共同住宅等）,駐車（輪）場,20歳代,その他,施錠した
窃盗,自転車盗,代々木,不動前交番,131130,東京都,渋谷区,本町５丁目,2020-02-22,11,４階建て以上共同住宅,駐車（輪）場,30歳代,その他,施錠した
窃盗,自転車盗,代々木,不動前交番,131130,東京都,渋谷区,本町５丁目,2020-03-17,23,その他の住宅（３階建て以下共同住宅等）,その他,20歳代,その他,施錠した
窃盗,自転車盗,代々木,不動前交番,131130,東京都,渋谷区,本町５丁目,2020-08-02,14,その他の住宅（３階建て以下共同住宅等）,駐車（輪）場,10歳代,高校生,施錠した
窃盗,自転車盗,代々木,不動前交番,131130,東京都,渋谷区,本町５丁目,2020-08-03,00,一戸建住宅,駐車（輪）場,20歳代,その他,施錠した
窃盗,自転車盗,代々木,不動前交番,131130,東京都,渋谷区,本町５丁目,2020-11-23,00,その他の住宅（３階建て以下共同住宅等）,駐車（輪）場,30歳代,その他,施錠した
窃盗,自転車盗,代々木,不動前交番,131130,東京都,渋谷区,本町６丁目,2020-01-20,22,その他の住宅（３階建て以下共同住宅等）,その他,30歳代,その他,施錠した
窃盗,自転車盗,代々木,不動前交番,131130,東京都,渋谷区,本町６丁目,2020-04-29,21,駐車（輪）場,駐車（輪）場,20歳代,その他,施錠した
窃盗,自転車盗,代々木,不動前交番,131130,東京都,渋谷区,本町６丁目,2020-07-14,21,４階建て以上共同住宅,駐車（輪）場,40歳代,その他,施錠した
窃盗,自転車盗,代々木,不動前交番,131130,東京都,渋谷区,本町６丁目,2020-07-29,19,その他の住宅（３階建て以下共同住宅等）,駐車（輪）場,50歳代,その他,施錠した
窃盗,自転車盗,代々木,幡ケ谷駅前交番,131130,東京都,渋谷区,幡ヶ谷１丁目,2020-06-14,11,その他,駐車（輪）場,50歳代,その他,施錠した
窃盗,自転車盗,代々木,幡ケ谷駅前交番,131130,東京都,渋谷区,幡ヶ谷１丁目,2020-09-01,10,その他の住宅（３階建て以下共同住宅等）,駐車（輪）場,30歳代,その他,施錠した
窃盗,自転車盗,代々木,幡ケ谷駅前交番,131130,東京都,渋谷区,幡ヶ谷２丁目,2020-02-17,17,道路上,その他,50歳代,その他,施錠した
窃盗,自転車盗,代々木,幡ケ谷駅前交番,131130,東京都,渋谷区,幡ヶ谷２丁目,2020-03-02,20,その他の住宅（３階建て以下共同住宅等）,駐車（輪）場,30歳代,その他,施錠した
窃盗,自転車盗,代々木,幡ケ谷駅前交番,131130,東京都,渋谷区,幡ヶ谷２丁目,2020-03-27,14,その他の住宅（３階建て以下共同住宅等）,駐車（輪）場,30歳代,その他,施錠した
窃盗,自転車盗,代々木,幡ケ谷駅前交番,131130,東京都,渋谷区,幡ヶ谷２丁目,2020-09-20,23,道路上,その他,20歳代,その他,施錠した
窃盗,自転車盗,代々木,幡ケ谷駅前交番,131130,東京都,渋谷区,幡ヶ谷２丁目,2020-12-12,01,４階建て以上共同住宅,駐車（輪）場,20歳代,その他,施錠した
窃盗,自転車盗,代々木,幡ケ谷駅前交番,131130,東京都,渋谷区,幡ヶ谷３丁目,2020-04-30,18,その他の住宅（３階建て以下共同住宅等）,駐車（輪）場,30歳代,その他,施錠した
窃盗,自転車盗,代々木,幡ケ谷駅前交番,131130,東京都,渋谷区,幡ヶ谷３丁目,2020-06-05,19,道路上,その他,20歳代,その他,施錠した
窃盗,自転車盗,代々木,幡ケ谷駅前交番,131130,東京都,渋谷区,幡ヶ谷３丁目,2020-07-04,10,その他の住宅（３階建て以下共同住宅等）,駐車（輪）場,30歳代,その他,施錠した
窃盗,自転車盗,代々木,幡ケ谷駅前交番,131130,東京都,渋谷区,幡ヶ谷３丁目,2020-08-14,13,４階建て以上共同住宅,駐車（輪）場,20歳代,大学生,施錠した
窃盗,自転車盗,代々木,幡ケ谷駅前交番,131130,東京都,渋谷区,幡ヶ谷３丁目,2020-10-28,19,一戸建住宅,駐車（輪）場,10歳代,中学生,施錠した
窃盗,自転車盗,代々木,幡ケ谷駅前交番,131130,東京都,渋谷区,幡ヶ谷３丁目,2020-11-15,20,道路上,その他,70歳以上,その他,施錠した
窃盗,自転車盗,代々木,笹塚交番,131130,東京都,渋谷区,笹塚１丁目,2020-01-03,11,その他,駐車（輪）場,60-64歳,その他,施錠した
窃盗,自転車盗,代々木,笹塚交番,131130,東京都,渋谷区,笹塚１丁目,2020-01-12,17,道路上,その他,60-64歳,その他,施錠した
窃盗,自転車盗,代々木,笹塚交番,131130,東京都,渋谷区,笹塚１丁目,2020-01-21,21,その他の住宅（３階建て以下共同住宅等）,その他,30歳代,その他,施錠した
窃盗,自転車盗,代々木,笹塚交番,131130,東京都,渋谷区,笹塚１丁目,2020-01-25,21,道路上,その他,20歳代,その他,施錠した
窃盗,自転車盗,代々木,笹塚交番,131130,東京都,渋谷区,笹塚１丁目,2020-02-28,02,４階建て以上共同住宅,その他,30歳代,その他,施錠した
窃盗,自転車盗,代々木,笹塚交番,131130,東京都,渋谷区,笹塚１丁目,2020-03-26,12,道路上,その他,70歳以上,その他,施錠した
窃盗,自転車盗,代々木,笹塚交番,131130,東京都,渋谷区,笹塚１丁目,2020-05-11,19,道路上,その他,50歳代,その他,施錠した
窃盗,自転車盗,代々木,笹塚交番,131130,東京都,渋谷区,笹塚１丁目,2020-05-14,20,駐車（輪）場,駐車（輪）場,30歳代,その他,施錠した
窃盗,自転車盗,代々木,笹塚交番,131130,東京都,渋谷区,笹塚１丁目,2020-07-25,12,その他の住宅（３階建て以下共同住宅等）,その他,10歳代,大学生,施錠した
窃盗,自転車盗,代々木,笹塚交番,131130,東京都,渋谷区,笹塚１丁目,2020-08-29,19,道路上,その他,40歳代,その他,施錠した
窃盗,自転車盗,代々木,笹塚交番,131130,東京都,渋谷区,笹塚１丁目,2020-09-09,02,道路上,その他,40歳代,その他,施錠した
窃盗,自転車盗,代々木,笹塚交番,131130,東京都,渋谷区,笹塚１丁目,2020-09-20,15,４階建て以上共同住宅,駐車（輪）場,30歳代,その他,施錠した
窃盗,自転車盗,代々木,笹塚交番,131130,東京都,渋谷区,笹塚１丁目,2020-10-15,17,その他の住宅（３階建て以下共同住宅等）,駐車（輪）場,30歳代,その他,施錠した
窃盗,自転車盗,代々木,笹塚交番,131130,東京都,渋谷区,笹塚１丁目,2020-12-30,17,一戸建住宅,駐車（輪）場,40歳代,その他,施錠した
窃盗,自転車盗,代々木,笹塚交番,131130,東京都,渋谷区,笹塚２丁目,2019-08-24,12,４階建て以上共同住宅,駐車（輪）場,20歳代,大学生,施錠した
窃盗,自転車盗,代々木,笹塚交番,131130,東京都,渋谷区,笹塚２丁目,2019-11-10,18,道路上,その他,20歳代,その他,施錠した
窃盗,自転車盗,代々木,笹塚交番,131130,東京都,渋谷区,笹塚２丁目,2019-12-19,09,道路上,その他,50歳代,その他,施錠した
窃盗,自転車盗,代々木,笹塚交番,131130,東京都,渋谷区,笹塚２丁目,2020-02-08,23,その他の住宅（３階建て以下共同住宅等）,その他,30歳代,その他,施錠した
窃盗,自転車盗,代々木,笹塚交番,131130,東京都,渋谷区,笹塚２丁目,2020-10-18,20,４階建て以上共同住宅,駐車（輪）場,40歳代,その他,施錠した
窃盗,自転車盗,代々木,笹塚交番,131130,東京都,渋谷区,笹塚２丁目,2020-10-23,22,その他の住宅（３階建て以下共同住宅等）,駐車（輪）場,30歳代,その他,施錠した
窃盗,自転車盗,代々木,笹塚交番,131130,東京都,渋谷区,笹塚２丁目,2020-11-23,14,その他の住宅（３階建て以下共同住宅等）,駐車（輪）場,10歳代,高校生,施錠した
窃盗,自転車盗,代々木,笹塚交番,131130,東京都,渋谷区,笹塚３丁目,2020-04-05,19,駐車（輪）場,駐車（輪）場,30歳代,その他,施錠した
窃盗,自転車盗,代々木,笹塚交番,131130,東京都,渋谷区,笹塚３丁目,2020-04-17,18,４階建て以上共同住宅,駐車（輪）場,30歳代,その他,施錠した
窃盗,自転車盗,代々木,笹塚交番,131130,東京都,渋谷区,笹塚３丁目,2020-04-17,18,４階建て以上共同住宅,駐車（輪）場,30歳代,その他,施錠した
窃盗,自転車盗,代々木,笹塚交番,131130,東京都,渋谷区,笹塚３丁目,2020-04-24,20,駐車（輪）場,駐車（輪）場,20歳代,その他,施錠した
窃盗,自転車盗,代々木,笹塚交番,131130,東京都,渋谷区,笹塚３丁目,2020-06-15,17,４階建て以上共同住宅,駐車（輪）場,20歳代,その他,施錠した
窃盗,自転車盗,代々木,笹塚交番,131130,東京都,渋谷区,笹塚３丁目,2020-07-20,08,４階建て以上共同住宅,駐車（輪）場,30歳代,その他,施錠した
窃盗,自転車盗,代々木,代々木上原駅前交番,131130,東京都,渋谷区,上原１丁目,2020-07-10,23,４階建て以上共同住宅,駐車（輪）場,40歳代,その他,施錠した
窃盗,自転車盗,代々木,代々木上原駅前交番,131130,東京都,渋谷区,上原２丁目,2019-12-31,09,その他の住宅（３階建て以下共同住宅等）,その他,65-69歳,その他,施錠した
窃盗,自転車盗,代々木,代々木上原駅前交番,131130,東京都,渋谷区,大山町,2020-07-26,20,道路上,その他,40歳代,その他,施錠した
窃盗,自転車盗,代々木,代々木上原駅前交番,131130,東京都,渋谷区,西原１丁目,2019-12-20,06,その他,駐車（輪）場,20歳代,その他,施錠した
窃盗,自転車盗,代々木,代々木上原駅前交番,131130,東京都,渋谷区,西原１丁目,2020-01-13,10,その他,駐車（輪）場,10歳代,中学生,施錠した
窃盗,自転車盗,代々木,代々木上原駅前交番,131130,東京都,渋谷区,西原１丁目,2020-02-23,01,その他の住宅（３階建て以下共同住宅等）,駐車（輪）場,40歳代,その他,施錠した
窃盗,自転車盗,代々木,代々木上原駅前交番,131130,東京都,渋谷区,西原１丁目,2020-03-30,08,その他,駐車（輪）場,40歳代,その他,施錠した
窃盗,自転車盗,代々木,代々木上原駅前交番,131130,東京都,渋谷区,西原１丁目,2020-04-25,23,４階建て以上共同住宅,駐車（輪）場,30歳代,その他,施錠した
窃盗,自転車盗,代々木,代々木上原駅前交番,131130,東京都,渋谷区,西原１丁目,2020-08-22,18,４階建て以上共同住宅,駐車（輪）場,10歳代,高校生,施錠した
窃盗,自転車盗,代々木,代々木上原駅前交番,131130,東京都,渋谷区,西原１丁目,2020-08-27,19,その他,駐車（輪）場,30歳代,その他,施錠した
窃盗,自転車盗,代々木,代々木上原駅前交番,131130,東京都,渋谷区,西原２丁目,2020-05-22,20,道路上,その他,30歳代,その他,施錠した
窃盗,自転車盗,代々木,代々木上原駅前交番,131130,東京都,渋谷区,西原２丁目,2020-05-23,00,その他の住宅（３階建て以下共同住宅等）,駐車（輪）場,50歳代,その他,施錠した
窃盗,自転車盗,代々木,代々木上原駅前交番,131130,東京都,渋谷区,西原２丁目,2020-10-01,09,その他の住宅（３階建て以下共同住宅等）,駐車（輪）場,30歳代,その他,施錠した
窃盗,自転車盗,代々木,代々木上原駅前交番,131130,東京都,渋谷区,西原３丁目,2020-02-14,10,道路上,その他,20歳代,大学生,施錠した
窃盗,自転車盗,代々木,代々木上原駅前交番,131130,東京都,渋谷区,西原３丁目,2020-03-13,18,道路上,その他,60-64歳,その他,施錠した
窃盗,自転車盗,代々木,代々木上原駅前交番,131130,東京都,渋谷区,西原３丁目,2020-04-15,11,４階建て以上共同住宅,駐車（輪）場,30歳代,その他,施錠した
窃盗,自転車盗,代々木,代々木上原駅前交番,131130,東京都,渋谷区,西原３丁目,2020-08-23,17,その他の住宅（３階建て以下共同住宅等）,駐車（輪）場,20歳代,その他,施錠した
窃盗,自転車盗,代々木,代々木上原駅前交番,131130,東京都,渋谷区,西原３丁目,2020-10-26,15,その他,駐車（輪）場,70歳以上,その他,施錠した
窃盗,自転車盗,代々木,代々木上原駅前交番,131130,東京都,渋谷区,幡ヶ谷１丁目,2020-09-14,12,その他の住宅（３階建て以下共同住宅等）,駐車（輪）場,40歳代,その他,施錠した
窃盗,自転車盗,代々木,初台二丁目交番,131130,東京都,渋谷区,初台２丁目,2020-07-14,01,一戸建住宅,駐車（輪）場,20歳代,大学生,施錠した
窃盗,自転車盗,代々木,初台二丁目交番,131130,東京都,渋谷区,元代々木町,2020-01-02,11,一戸建住宅,その他,50歳代,その他,施錠した
窃盗,自転車盗,代々木,初台二丁目交番,131130,東京都,渋谷区,元代々木町,2020-08-31,22,一戸建住宅,駐車（輪）場,10歳代,中学生,施錠した
窃盗,自転車盗,代々木,初台二丁目交番,131130,東京都,渋谷区,元代々木町,2020-09-12,13,その他の住宅（３階建て以下共同住宅等）,駐車（輪）場,50歳代,その他,施錠した
窃盗,自転車盗,代々木,初台二丁目交番,131130,東京都,渋谷区,元代々木町,2020-09-21,17,駐車（輪）場,駐車（輪）場,40歳代,その他,施錠した
窃盗,自転車盗,代々木,初台二丁目交番,131130,東京都,渋谷区,元代々木町,2020-10-25,07,４階建て以上共同住宅,駐車（輪）場,20歳代,その他,施錠した
窃盗,自転車盗,代々木,初台二丁目交番,131130,東京都,渋谷区,代々木５丁目,2020-04-23,18,その他の住宅（３階建て以下共同住宅等）,駐車（輪）場,20歳代,その他,施錠した
窃盗,自転車盗,代々木,初台二丁目交番,131130,東京都,渋谷区,代々木５丁目,2020-06-26,15,４階建て以上共同住宅,駐車（輪）場,50歳代,その他,施錠した
窃盗,自転車盗,代々木,初台二丁目交番,131130,東京都,渋谷区,代々木５丁目,2020-06-26,18,４階建て以上共同住宅,駐車（輪）場,20歳代,その他,施錠した
窃盗,自転車盗,代々木,初台二丁目交番,131130,東京都,渋谷区,代々木５丁目,2020-07-09,20,その他の住宅（３階建て以下共同住宅等）,駐車（輪）場,10歳代,高校生,施錠した
窃盗,自転車盗,代々木,初台二丁目交番,131130,東京都,渋谷区,代々木５丁目,2020-11-17,22,４階建て以上共同住宅,駐車（輪）場,30歳代,その他,施錠した
窃盗,自転車盗,代々木,初台二丁目交番,131130,東京都,渋谷区,代々木５丁目,2020-12-04,19,４階建て以上共同住宅,駐車（輪）場,10歳代,中学生,施錠した
窃盗,自転車盗,代々木,初台二丁目交番,131130,東京都,渋谷区,代々木５丁目,2020-12-04,19,４階建て以上共同住宅,駐車（輪）場,40歳代,その他,施錠した
窃盗,自転車盗,代々木,代々木公園交番,131130,東京都,渋谷区,上原１丁目,2020-07-24,07,駐車（輪）場,駐車（輪）場,20歳代,その他,施錠した
窃盗,自転車盗,代々木,代々木公園交番,131130,東京都,渋谷区,上原２丁目,2020-04-07,23,駐車（輪）場,駐車（輪）場,20歳代,その他,施錠した
窃盗,自転車盗,代々木,代々木公園交番,131130,東京都,渋谷区,富ヶ谷１丁目,2019-10-26,17,道路上,その他,50歳代,その他,施錠した
窃盗,自転車盗,代々木,代々木公園交番,131130,東京都,渋谷区,富ヶ谷１丁目,2019-12-05,13,道路上,その他,10歳代,高校生,施錠した
窃盗,自転車盗,代々木,代々木公園交番,131130,東京都,渋谷区,富ヶ谷１丁目,2019-12-20,20,道路上,その他,30歳代,その他,施錠した
窃盗,自転車盗,代々木,代々木公園交番,131130,東京都,渋谷区,富ヶ谷１丁目,2020-02-04,20,道路上,その他,50歳代,その他,施錠した
窃盗,自転車盗,代々木,代々木公園交番,131130,東京都,渋谷区,富ヶ谷１丁目,2020-02-28,10,駐車（輪）場,駐車（輪）場,30歳代,その他,施錠した
窃盗,自転車盗,代々木,代々木公園交番,131130,東京都,渋谷区,富ヶ谷１丁目,2020-03-10,07,駐車（輪）場,駐車（輪）場,30歳代,その他,施錠した
窃盗,自転車盗,代々木,代々木公園交番,131130,東京都,渋谷区,富ヶ谷１丁目,2020-07-05,20,道路上,その他,50歳代,その他,施錠した
窃盗,自転車盗,代々木,代々木公園交番,131130,東京都,渋谷区,富ヶ谷１丁目,2020-09-06,11,道路上,その他,30歳代,その他,施錠した
窃盗,自転車盗,代々木,代々木公園交番,131130,東京都,渋谷区,富ヶ谷１丁目,2020-10-15,10,４階建て以上共同住宅,駐車（輪）場,20歳代,その他,施錠した
窃盗,自転車盗,代々木,代々木公園交番,131130,東京都,渋谷区,富ヶ谷１丁目,2020-10-24,21,その他の住宅（３階建て以下共同住宅等）,駐車（輪）場,30歳代,その他,施錠した
窃盗,自転車盗,代々木,代々木公園交番,131130,東京都,渋谷区,富ヶ谷１丁目,2020-11-03,15,４階建て以上共同住宅,駐車（輪）場,30歳代,その他,施錠した
窃盗,自転車盗,代々木,代々木公園交番,131130,東京都,渋谷区,富ヶ谷２丁目,2019-12-30,18,４階建て以上共同住宅,駐車（輪）場,40歳代,その他,施錠した
窃盗,自転車盗,代々木,代々木公園交番,131130,東京都,渋谷区,富ヶ谷２丁目,2020-02-02,21,道路上,その他,30歳代,その他,施錠した
窃盗,自転車盗,代々木,代々木公園交番,131130,東京都,渋谷区,富ヶ谷２丁目,2020-03-18,19,４階建て以上共同住宅,駐車（輪）場,20歳代,その他,施錠した
窃盗,自転車盗,代々木,代々木公園交番,131130,東京都,渋谷区,富ヶ谷２丁目,2020-04-19,19,その他,駐車（輪）場,30歳代,その他,施錠した
窃盗,自転車盗,代々木,代々木公園交番,131130,東京都,渋谷区,富ヶ谷２丁目,2020-06-17,12,道路上,その他,30歳代,その他,施錠した
窃盗,自転車盗,代々木,代々木公園交番,131130,東京都,渋谷区,代々木神園町,2020-05-14,12,道路上,その他,30歳代,その他,施錠した
窃盗,自転車盗,代々木,代々木公園交番,131130,東京都,渋谷区,代々木神園町,2020-11-04,09,駐車（輪）場,駐車（輪）場,20歳代,その他,施錠した
窃盗,自転車盗,牛込,四谷見附交番,131041,東京都,新宿区,四谷本塩町,2019-11-17,16,道路上,その他,30歳代,その他,施錠した
窃盗,自転車盗,牛込,柳町交番,131041,東京都,新宿区,市谷柳町,2019-09-27,12,道路上,その他,70歳以上,その他,施錠した
窃盗,自転車盗,牛込,柳町交番,131041,東京都,新宿区,原町１丁目,2020-03-26,17,その他,駐車（輪）場,40歳代,その他,施錠した
窃盗,自転車盗,牛込,柳町交番,131041,東京都,新宿区,弁天町,2020-02-23,11,４階建て以上共同住宅,駐車（輪）場,30歳代,その他,施錠した
窃盗,自転車盗,牛込,柳町交番,131041,東京都,新宿区,南榎町,2019-11-07,12,一戸建住宅,その他,70歳以上,その他,施錠した
窃盗,自転車盗,牛込,柳町交番,131041,東京都,新宿区,富久町,2019-09-20,06,その他の住宅（３階建て以下共同住宅等）,駐車（輪）場,30歳代,その他,施錠した
窃盗,自転車盗,牛込,富久町交番,131041,東京都,新宿区,市谷台町,2019-08-20,16,４階建て以上共同住宅,駐車（輪）場,20歳代,その他,施錠した
窃盗,自転車盗,牛込,富久町交番,131041,東京都,新宿区,市谷台町,2019-10-04,18,道路上,その他,30歳代,その他,施錠した
窃盗,自転車盗,牛込,富久町交番,131041,東京都,新宿区,住吉町,2019-09-09,19,道路上,その他,10歳代,中学生,施錠した
窃盗,自転車盗,牛込,富久町交番,131041,東京都,新宿区,住吉町,2020-01-10,12,道路上,その他,10歳代,高校生,施錠した
窃盗,自転車盗,牛込,富久町交番,131041,東京都,新宿区,住吉町,2020-02-15,17,道路上,その他,40歳代,その他,施錠した
窃盗,自転車盗,牛込,富久町交番,131041,東京都,新宿区,住吉町,2020-08-18,09,駐車（輪）場,駐車（輪）場,30歳代,その他,施錠した
窃盗,自転車盗,牛込,富久町交番,131041,東京都,新宿区,余丁町,2019-10-05,03,道路上,その他,30歳代,その他,施錠した
窃盗,自転車盗,牛込,富久町交番,131041,東京都,新宿区,富久町,2019-09-21,00,４階建て以上共同住宅,駐車（輪）場,30歳代,その他,施錠した
窃盗,自転車盗,牛込,富久町交番,131041,東京都,新宿区,富久町,2019-09-30,18,道路上,その他,20歳代,その他,施錠した
窃盗,自転車盗,牛込,富久町交番,131041,東京都,新宿区,富久町,2019-10-23,18,道路上,その他,40歳代,その他,施錠した
窃盗,自転車盗,牛込,富久町交番,131041,東京都,新宿区,富久町,2020-02-24,13,道路上,その他,30歳代,その他,施錠した
窃盗,自転車盗,牛込,河田町交番,131041,東京都,新宿区,余丁町,2019-10-04,09,４階建て以上共同住宅,駐車（輪）場,30歳代,その他,施錠した
窃盗,自転車盗,牛込,河田町交番,131041,東京都,新宿区,余丁町,2020-06-28,18,４階建て以上共同住宅,駐車（輪）場,20歳代,大学生,施錠した
窃盗,自転車盗,牛込,河田町交番,131041,東京都,新宿区,余丁町,2020-08-29,13,道路上,その他,70歳以上,その他,施錠した
窃盗,自転車盗,牛込,河田町交番,131041,東京都,新宿区,余丁町,2020-10-22,14,その他,駐車（輪）場,20歳代,大学生,施錠した
窃盗,自転車盗,牛込,河田町交番,131041,東京都,新宿区,若松町,2020-07-01,20,道路上,その他,40歳代,その他,施錠した
窃盗,自転車盗,牛込,河田町交番,131041,東京都,新宿区,若松町,2020-08-25,19,４階建て以上共同住宅,駐車（輪）場,10歳代,中学生,施錠した
窃盗,自転車盗,牛込,河田町交番,131041,東京都,新宿区,戸山１丁目,2020-03-23,06,その他,駐車（輪）場,30歳代,その他,施錠した
窃盗,自転車盗,牛込,河田町交番,131041,東京都,新宿区,戸山２丁目,2019-11-10,06,４階建て以上共同住宅,駐車（輪）場,70歳以上,その他,施錠した
窃盗,自転車盗,牛込,河田町交番,131041,東京都,新宿区,戸山２丁目,2020-02-08,08,４階建て以上共同住宅,駐車（輪）場,50歳代,その他,施錠した
窃盗,自転車盗,牛込,河田町交番,131041,東京都,新宿区,戸山２丁目,2020-08-20,17,４階建て以上共同住宅,駐車（輪）場,65-69歳,その他,施錠した
窃盗,自転車盗,牛込,河田町交番,131041,東京都,新宿区,河田町,2020-03-14,18,道路上,その他,50歳代,その他,施錠した
窃盗,自転車盗,牛込,河田町交番,131041,東京都,新宿区,河田町,2020-05-14,20,４階建て以上共同住宅,駐車（輪）場,10歳代,中学生,施錠した
窃盗,自転車盗,牛込,河田町交番,131041,東京都,新宿区,河田町,2020-07-20,19,駐車（輪）場,駐車（輪）場,40歳代,その他,施錠した
窃盗,自転車盗,牛込,馬場下交番,131041,東京都,新宿区,馬場下町,2019-09-12,14,道路上,その他,20歳代,大学生,施錠した
窃盗,自転車盗,牛込,馬場下交番,131041,東京都,新宿区,馬場下町,2019-10-14,20,その他,その他,20歳代,大学生,施錠した
窃盗,自転車盗,牛込,馬場下交番,131041,東京都,新宿区,早稲田町,2020-03-11,12,その他,駐車（輪）場,10歳代,大学生,施錠した
窃盗,自転車盗,牛込,馬場下交番,131041,東京都,新宿区,戸山１丁目,2020-03-23,15,その他の住宅（３階建て以下共同住宅等）,駐車（輪）場,20歳代,その他,施錠した
窃盗,自転車盗,牛込,馬場下交番,131041,東京都,新宿区,戸山３丁目,2019-11-08,01,その他の住宅（３階建て以下共同住宅等）,その他,30歳代,その他,施錠した
窃盗,自転車盗,牛込,馬場下交番,131041,東京都,新宿区,戸山３丁目,2020-04-06,09,その他の住宅（３階建て以下共同住宅等）,駐車（輪）場,20歳代,大学生,施錠した
窃盗,自転車盗,牛込,鶴巻町交番,131041,東京都,新宿区,榎町,2019-10-07,20,４階建て以上共同住宅,駐車（輪）場,20歳代,大学生,施錠した
窃盗,自転車盗,牛込,鶴巻町交番,131041,東京都,新宿区,榎町,2020-05-28,21,４階建て以上共同住宅,駐車（輪）場,30歳代,その他,施錠した
窃盗,自転車盗,牛込,鶴巻町交番,131041,東京都,新宿区,榎町,2020-07-23,12,道路上,その他,30歳代,その他,施錠した
窃盗,自転車盗,牛込,鶴巻町交番,131041,東京都,新宿区,榎町,2020-08-30,19,４階建て以上共同住宅,駐車（輪）場,20歳代,その他,施錠した
窃盗,自転車盗,牛込,鶴巻町交番,131041,東京都,新宿区,山吹町,2020-06-27,15,道路上,その他,40歳代,その他,施錠した
窃盗,自転車盗,牛込,鶴巻町交番,131041,東京都,新宿区,早稲田鶴巻町,2019-08-17,09,道路上,その他,20歳代,大学生,施錠した
窃盗,自転車盗,牛込,鶴巻町交番,131041,東京都,新宿区,早稲田鶴巻町,2020-02-17,19,４階建て以上共同住宅,その他,40歳代,その他,施錠した
窃盗,自転車盗,牛込,鶴巻町交番,131041,東京都,新宿区,早稲田鶴巻町,2020-07-17,11,道路上,その他,20歳代,その他,施錠した
窃盗,自転車盗,牛込,大曲交番,131041,東京都,新宿区,水道町,2020-03-11,13,その他の住宅（３階建て以下共同住宅等）,その他,40歳代,その他,施錠した
窃盗,自転車盗,牛込,大曲交番,131041,東京都,新宿区,水道町,2020-10-07,06,その他,駐車（輪）場,20歳代,その他,施錠した
窃盗,自転車盗,牛込,大曲交番,131041,東京都,新宿区,東五軒町,2019-09-16,20,４階建て以上共同住宅,駐車（輪）場,30歳代,その他,施錠した
窃盗,自転車盗,牛込,大曲交番,131041,東京都,新宿区,東五軒町,2020-07-01,16,４階建て以上共同住宅,駐車（輪）場,40歳代,その他,施錠した
窃盗,自転車盗,牛込,神楽坂上交番,131041,東京都,新宿区,神楽河岸,2020-04-24,08,駐車（輪）場,駐車（輪）場,50歳代,その他,施錠した
窃盗,自転車盗,牛込,神楽坂上交番,131041,東京都,新宿区,神楽坂２丁目,2020-05-25,08,４階建て以上共同住宅,駐車（輪）場,40歳代,その他,施錠した
窃盗,自転車盗,牛込,神楽坂上交番,131041,東京都,新宿区,神楽坂３丁目,2019-11-03,21,４階建て以上共同住宅,その他,20歳代,大学生,施錠した
窃盗,自転車盗,牛込,神楽坂上交番,131041,東京都,新宿区,神楽坂３丁目,2020-08-15,19,道路上,その他,50歳代,その他,施錠した
窃盗,自転車盗,牛込,神楽坂上交番,131041,東京都,新宿区,神楽坂４丁目,2019-07-01,不明,道路上,その他,30歳代,その他,施錠した
窃盗,自転車盗,牛込,神楽坂上交番,131041,東京都,新宿区,神楽坂５丁目,2020-03-20,15,道路上,その他,65-69歳,その他,施錠した
窃盗,自転車盗,牛込,神楽坂上交番,131041,東京都,新宿区,新小川町,2020-04-01,00,４階建て以上共同住宅,駐車（輪）場,20歳代,その他,施錠した
窃盗,自転車盗,牛込,神楽坂上交番,131041,東京都,新宿区,津久戸町,2019-09-22,05,道路上,その他,40歳代,その他,施錠した
窃盗,自転車盗,牛込,八幡前交番,131041,東京都,新宿区,市谷左内町,2019-10-31,12,４階建て以上共同住宅,駐車（輪）場,70歳以上,その他,施錠した
窃盗,自転車盗,牛込,八幡前交番,131041,東京都,新宿区,市谷田町１丁目,2019-10-10,07,その他,駐車（輪）場,10歳代,中学生,施錠した
窃盗,自転車盗,牛込,八幡前交番,131041,東京都,新宿区,市谷田町１丁目,2020-01-28,08,道路上,その他,30歳代,その他,施錠した
窃盗,自転車盗,牛込,八幡前交番,131041,東京都,新宿区,市谷田町３丁目,2020-04-20,04,道路上,その他,70歳以上,その他,施錠した
窃盗,自転車盗,牛込,八幡前交番,131041,東京都,新宿区,市谷八幡町,2020-02-12,16,道路上,その他,10歳代,高校生,施錠した
窃盗,自転車盗,牛込,八幡前交番,131041,東京都,新宿区,市谷本村町,2020-02-06,11,道路上,その他,70歳以上,その他,施錠した
窃盗,自転車盗,牛込,八幡前交番,131041,東京都,新宿区,市谷本村町,2020-06-28,01,その他,駐車（輪）場,20歳代,大学生,施錠した
窃盗,自転車盗,新宿,新宿駅西口交番,131041,東京都,新宿区,西新宿１丁目,2020-01-05,23,道路上,その他,30歳代,その他,施錠した
窃盗,自転車盗,新宿,新宿駅西口交番,131041,東京都,新宿区,西新宿１丁目,2020-01-09,07,駐車（輪）場,駐車（輪）場,50歳代,その他,施錠した
窃盗,自転車盗,新宿,新宿駅西口交番,131041,東京都,新宿区,西新宿１丁目,2020-01-14,00,道路上,その他,20歳代,その他,施錠した
窃盗,自転車盗,新宿,新宿駅西口交番,131041,東京都,新宿区,西新宿１丁目,2020-01-14,19,道路上,その他,20歳代,その他,施錠した
窃盗,自転車盗,新宿,新宿駅西口交番,131041,東京都,新宿区,西新宿１丁目,2020-02-10,07,駐車（輪）場,駐車（輪）場,40歳代,その他,施錠した
窃盗,自転車盗,新宿,新宿駅西口交番,131041,東京都,新宿区,西新宿１丁目,2020-02-14,08,駐車（輪）場,駐車（輪）場,50歳代,その他,施錠した
窃盗,自転車盗,新宿,新宿駅西口交番,131041,東京都,新宿区,西新宿１丁目,2020-02-23,10,道路上,その他,40歳代,その他,施錠した
窃盗,自転車盗,新宿,新宿駅西口交番,131041,東京都,新宿区,西新宿１丁目,2020-03-04,07,道路上,その他,30歳代,その他,施錠した
窃盗,自転車盗,新宿,新宿駅西口交番,131041,東京都,新宿区,西新宿１丁目,2020-03-06,08,駐車（輪）場,駐車（輪）場,50歳代,その他,施錠した
窃盗,自転車盗,新宿,新宿駅西口交番,131041,東京都,新宿区,西新宿１丁目,2020-03-16,22,駐車（輪）場,駐車（輪）場,20歳代,その他,施錠した
窃盗,自転車盗,新宿,新宿駅西口交番,131041,東京都,新宿区,西新宿１丁目,2020-03-21,16,駐車（輪）場,駐車（輪）場,40歳代,その他,施錠した
窃盗,自転車盗,新宿,新宿駅西口交番,131041,東京都,新宿区,西新宿１丁目,2020-03-24,19,駐車（輪）場,駐車（輪）場,40歳代,その他,施錠した
窃盗,自転車盗,新宿,新宿駅西口交番,131041,東京都,新宿区,西新宿１丁目,2020-04-12,19,道路上,その他,60-64歳,その他,施錠した
窃盗,自転車盗,新宿,新宿駅西口交番,131041,東京都,新宿区,西新宿１丁目,2020-04-19,13,道路上,その他,50歳代,その他,施錠した
窃盗,自転車盗,新宿,新宿駅西口交番,131041,東京都,新宿区,西新宿１丁目,2020-06-02,10,駐車（輪）場,駐車（輪）場,30歳代,その他,施錠した
窃盗,自転車盗,新宿,新宿駅西口交番,131041,東京都,新宿区,西新宿１丁目,2020-06-07,08,道路上,その他,40歳代,その他,施錠した
窃盗,自転車盗,新宿,新宿駅西口交番,131041,東京都,新宿区,西新宿１丁目,2020-06-20,09,駐車（輪）場,駐車（輪）場,20歳代,その他,施錠した
窃盗,自転車盗,新宿,新宿駅西口交番,131041,東京都,新宿区,西新宿１丁目,2020-07-18,14,道路上,その他,20歳代,その他,施錠した
窃盗,自転車盗,新宿,新宿駅西口交番,131041,東京都,新宿区,西新宿１丁目,2020-08-05,11,道路上,その他,70歳以上,その他,施錠した
窃盗,自転車盗,新宿,新宿駅西口交番,131041,東京都,新宿区,西新宿１丁目,2020-08-06,07,駐車（輪）場,駐車（輪）場,40歳代,その他,施錠した
窃盗,自転車盗,新宿,新宿駅西口交番,131041,東京都,新宿区,西新宿１丁目,2020-08-25,13,道路上,その他,30歳代,その他,施錠した
窃盗,自転車盗,新宿,新宿駅西口交番,131041,東京都,新宿区,西新宿１丁目,2020-09-19,08,駐車（輪）場,駐車（輪）場,40歳代,その他,施錠した
窃盗,自転車盗,新宿,新宿駅西口交番,131041,東京都,新宿区,西新宿１丁目,2020-09-22,14,駐車（輪）場,駐車（輪）場,20歳代,その他,施錠した
窃盗,自転車盗,新宿,新宿駅西口交番,131041,東京都,新宿区,西新宿１丁目,2020-09-29,20,駐車（輪）場,駐車（輪）場,20歳代,その他,施錠した
窃盗,自転車盗,新宿,新宿駅西口交番,131041,東京都,新宿区,西新宿１丁目,2020-10-18,15,道路上,その他,30歳代,その他,施錠した
窃盗,自転車盗,新宿,新宿駅西口交番,131041,東京都,新宿区,西新宿１丁目,2020-11-29,10,４階建て以上共同住宅,駐車（輪）場,20歳代,その他,施錠した
窃盗,自転車盗,新宿,新宿駅西口交番,131041,東京都,新宿区,西新宿１丁目,2020-12-14,13,その他,その他,70歳以上,その他,施錠した
窃盗,自転車盗,新宿,新宿駅西口交番,131041,東京都,新宿区,西新宿２丁目,2020-04-21,08,道路上,その他,20歳代,その他,施錠した
窃盗,自転車盗,新宿,新宿駅西口交番,131041,東京都,新宿区,西新宿２丁目,2020-06-05,09,道路上,その他,40歳代,その他,施錠した
窃盗,自転車盗,新宿,新宿駅西口交番,131041,東京都,新宿区,西新宿２丁目,2020-10-21,10,道路上,その他,50歳代,その他,施錠した
窃盗,自転車盗,新宿,新宿駅西口交番,131041,東京都,新宿区,西新宿２丁目,2020-11-15,13,道路上,その他,20歳代,その他,施錠した
窃盗,自転車盗,新宿,新宿駅西口交番,131041,東京都,新宿区,西新宿２丁目,2020-12-19,17,道路上,その他,20歳代,その他,施錠した
窃盗,自転車盗,新宿,新宿駅西口交番,131041,東京都,新宿区,西新宿７丁目,2020-08-07,12,駐車（輪）場,駐車（輪）場,70歳以上,その他,施錠した
窃盗,自転車盗,新宿,新宿駅西口交番,131041,東京都,新宿区,西新宿７丁目,2020-08-27,08,駐車（輪）場,駐車（輪）場,40歳代,その他,施錠した
窃盗,自転車盗,新宿,西新宿三丁目交番,131041,東京都,新宿区,西新宿３丁目,2018-04-01,00,道路上,その他,30歳代,その他,施錠した
窃盗,自転車盗,新宿,西新宿三丁目交番,131041,東京都,新宿区,西新宿３丁目,2018-10-01,不明,その他,駐車（輪）場,40歳代,その他,施錠した
窃盗,自転車盗,新宿,西新宿三丁目交番,131041,東京都,新宿区,西新宿３丁目,2020-02-25,19,４階建て以上共同住宅,駐車（輪）場,20歳代,その他,施錠した
窃盗,自転車盗,新宿,西新宿三丁目交番,131041,東京都,新宿区,西新宿３丁目,2020-03-21,21,４階建て以上共同住宅,駐車（輪）場,30歳代,その他,施錠した
窃盗,自転車盗,新宿,西新宿三丁目交番,131041,東京都,新宿区,西新宿３丁目,2020-06-03,04,４階建て以上共同住宅,駐車（輪）場,10歳代,中学生,施錠した
窃盗,自転車盗,新宿,西新宿三丁目交番,131041,東京都,新宿区,西新宿３丁目,2020-06-23,16,道路上,その他,40歳代,その他,施錠した
窃盗,自転車盗,新宿,西新宿三丁目交番,131041,東京都,新宿区,西新宿３丁目,2020-09-30,11,道路上,その他,50歳代,その他,施錠した
窃盗,自転車盗,新宿,熊野神社前交番,131041,東京都,新宿区,西新宿２丁目,2020-05-26,12,その他,その他,30歳代,その他,施錠した
窃盗,自転車盗,新宿,熊野神社前交番,131041,東京都,新宿区,西新宿４丁目,2020-01-31,15,道路上,その他,30歳代,その他,施錠した
窃盗,自転車盗,新宿,熊野神社前交番,131041,東京都,新宿区,西新宿４丁目,2020-02-01,20,４階建て以上共同住宅,駐車（輪）場,30歳代,その他,施錠した
窃盗,自転車盗,新宿,熊野神社前交番,131041,東京都,新宿区,西新宿４丁目,2020-03-15,19,４階建て以上共同住宅,駐車（輪）場,40歳代,その他,施錠した
窃盗,自転車盗,新宿,熊野神社前交番,131041,東京都,新宿区,西新宿４丁目,2020-04-15,16,その他,その他,50歳代,その他,施錠した
窃盗,自転車盗,新宿,熊野神社前交番,131041,東京都,新宿区,西新宿４丁目,2020-05-06,00,４階建て以上共同住宅,駐車（輪）場,20歳代,大学生,施錠した
窃盗,自転車盗,新宿,熊野神社前交番,131041,東京都,新宿区,西新宿４丁目,2020-08-02,18,４階建て以上共同住宅,駐車（輪）場,20歳代,大学生,施錠した
窃盗,自転車盗,新宿,熊野神社前交番,131041,東京都,新宿区,西新宿４丁目,2020-09-11,08,駐車（輪）場,駐車（輪）場,40歳代,その他,施錠した
窃盗,自転車盗,新宿,熊野神社前交番,131041,東京都,新宿区,西新宿４丁目,2020-11-09,07,駐車（輪）場,駐車（輪）場,50歳代,その他,施錠した
窃盗,自転車盗,新宿,熊野神社前交番,131041,東京都,新宿区,西新宿４丁目,2020-11-17,06,駐車（輪）場,駐車（輪）場,65-69歳,その他,施錠した
窃盗,自転車盗,新宿,熊野神社前交番,131041,東京都,新宿区,西新宿４丁目,2020-11-23,07,駐車（輪）場,駐車（輪）場,30歳代,その他,施錠した
窃盗,自転車盗,新宿,熊野神社前交番,131041,東京都,新宿区,西新宿４丁目,2020-11-27,07,駐車（輪）場,駐車（輪）場,70歳以上,その他,施錠した
窃盗,自転車盗,新宿,熊野神社前交番,131041,東京都,新宿区,西新宿５丁目,2020-01-22,08,駐車（輪）場,駐車（輪）場,40歳代,その他,施錠した
窃盗,自転車盗,新宿,熊野神社前交番,131041,東京都,新宿区,西新宿５丁目,2020-08-04,10,道路上,その他,30歳代,その他,施錠した
窃盗,自転車盗,新宿,熊野神社前交番,131041,東京都,新宿区,西新宿５丁目,2020-08-25,10,駐車（輪）場,駐車（輪）場,10歳代,その他,施錠した
窃盗,自転車盗,新宿,熊野神社前交番,131041,東京都,新宿区,西新宿５丁目,2020-09-04,23,４階建て以上共同住宅,駐車（輪）場,30歳代,その他,施錠した
窃盗,自転車盗,新宿,熊野神社前交番,131041,東京都,新宿区,西新宿５丁目,2020-10-01,07,駐車（輪）場,駐車（輪）場,65-69歳,その他,施錠した
窃盗,自転車盗,新宿,熊野神社前交番,131041,東京都,新宿区,西新宿５丁目,2020-10-06,10,道路上,その他,10歳代,その他,施錠した
窃盗,自転車盗,新宿,熊野神社前交番,131041,東京都,新宿区,西新宿５丁目,2020-11-18,05,道路上,その他,30歳代,その他,施錠した
窃盗,自転車盗,新宿,熊野神社前交番,131041,東京都,新宿区,西新宿６丁目,2019-12-30,23,４階建て以上共同住宅,駐車（輪）場,20歳代,その他,施錠した
窃盗,自転車盗,新宿,熊野神社前交番,131041,東京都,新宿区,西新宿６丁目,2020-03-12,21,４階建て以上共同住宅,駐車（輪）場,60-64歳,その他,施錠した
窃盗,自転車盗,新宿,熊野神社前交番,131041,東京都,新宿区,西新宿６丁目,2020-10-27,20,４階建て以上共同住宅,駐車（輪）場,10歳代,高校生,施錠した
窃盗,自転車盗,新宿,熊野神社前交番,131041,東京都,新宿区,西新宿６丁目,2020-10-27,20,４階建て以上共同住宅,駐車（輪）場,50歳代,その他,施錠した
窃盗,自転車盗,新宿,成子坂交番,131041,東京都,新宿区,西新宿１丁目,2020-10-18,08,駐車（輪）場,駐車（輪）場,70歳以上,その他,施錠した
窃盗,自転車盗,新宿,成子坂交番,131041,東京都,新宿区,西新宿６丁目,2019-12-11,14,道路上,その他,40歳代,その他,施錠した
窃盗,自転車盗,新宿,成子坂交番,131041,東京都,新宿区,西新宿６丁目,2020-02-07,20,駐車（輪）場,駐車（輪）場,30歳代,その他,施錠した
窃盗,自転車盗,新宿,成子坂交番,131041,東京都,新宿区,西新宿６丁目,2020-07-12,08,道路上,その他,60-64歳,その他,施錠した
窃盗,自転車盗,新宿,成子坂交番,131041,東京都,新宿区,西新宿６丁目,2020-11-26,09,駐車（輪）場,駐車（輪）場,20歳代,その他,施錠した
窃盗,自転車盗,新宿,成子坂交番,131041,東京都,新宿区,西新宿６丁目,2020-12-28,11,駐車（輪）場,駐車（輪）場,50歳代,その他,施錠した
窃盗,自転車盗,新宿,成子坂交番,131041,東京都,新宿区,西新宿７丁目,2020-08-09,20,道路上,その他,40歳代,その他,施錠した
窃盗,自転車盗,新宿,成子坂交番,131041,東京都,新宿区,西新宿７丁目,2020-08-22,14,道路上,その他,30歳代,その他,施錠した
窃盗,自転車盗,新宿,成子坂交番,131041,東京都,新宿区,西新宿７丁目,2020-08-28,23,道路上,その他,20歳代,その他,施錠した
窃盗,自転車盗,新宿,成子坂交番,131041,東京都,新宿区,西新宿７丁目,2020-10-25,20,道路上,その他,20歳代,その他,施錠した
窃盗,自転車盗,新宿,成子坂交番,131041,東京都,新宿区,西新宿７丁目,2020-11-28,13,道路上,その他,20歳代,その他,施錠した
窃盗,自転車盗,新宿,成子坂交番,131041,東京都,新宿区,西新宿７丁目,2020-11-28,13,道路上,その他,20歳代,その他,施錠した
窃盗,自転車盗,新宿,成子坂交番,131041,東京都,新宿区,西新宿８丁目,2020-01-16,12,駐車（輪）場,駐車（輪）場,40歳代,その他,施錠した
窃盗,自転車盗,新宿,成子坂交番,131041,東京都,新宿区,西新宿８丁目,2020-03-02,15,４階建て以上共同住宅,駐車（輪）場,70歳以上,その他,施錠した
窃盗,自転車盗,新宿,成子坂交番,131041,東京都,新宿区,西新宿８丁目,2020-07-17,11,４階建て以上共同住宅,駐車（輪）場,40歳代,その他,施錠した
窃盗,自転車盗,新宿,成子坂交番,131041,東京都,新宿区,西新宿８丁目,2020-11-19,15,４階建て以上共同住宅,駐車（輪）場,30歳代,その他,施錠した
窃盗,自転車盗,新宿,成子坂交番,131041,東京都,新宿区,西新宿８丁目,2020-11-19,21,道路上,その他,20歳代,その他,施錠した
窃盗,自転車盗,新宿,成子坂交番,131041,東京都,新宿区,西新宿８丁目,2020-12-11,21,４階建て以上共同住宅,駐車（輪）場,40歳代,その他,施錠した
窃盗,自転車盗,新宿,北新宿一丁目交番,131041,東京都,新宿区,北新宿１丁目,2020-03-25,23,４階建て以上共同住宅,その他,20歳代,その他,施錠した
窃盗,自転車盗,新宿,北新宿一丁目交番,131041,東京都,新宿区,北新宿１丁目,2020-05-29,23,道路上,その他,20歳代,その他,施錠した
窃盗,自転車盗,新宿,北新宿一丁目交番,131041,東京都,新宿区,北新宿１丁目,2020-08-10,23,４階建て以上共同住宅,駐車（輪）場,40歳代,その他,施錠した
窃盗,自転車盗,新宿,北新宿一丁目交番,131041,東京都,新宿区,北新宿１丁目,2020-09-07,18,４階建て以上共同住宅,その他,50歳代,その他,施錠した
窃盗,自転車盗,新宿,北新宿一丁目交番,131041,東京都,新宿区,北新宿２丁目,2020-03-15,12,４階建て以上共同住宅,駐車（輪）場,40歳代,その他,施錠した
窃盗,自転車盗,新宿,北新宿一丁目交番,131041,東京都,新宿区,北新宿２丁目,2020-04-10,12,道路上,その他,30歳代,その他,施錠した
窃盗,自転車盗,新宿,北新宿一丁目交番,131041,東京都,新宿区,北新宿２丁目,2020-07-19,19,４階建て以上共同住宅,駐車（輪）場,30歳代,その他,施錠した
窃盗,自転車盗,新宿,北新宿一丁目交番,131041,東京都,新宿区,北新宿２丁目,2020-10-10,20,道路上,その他,40歳代,その他,施錠した
窃盗,自転車盗,新宿,淀橋市場前交番,131041,東京都,新宿区,北新宿３丁目,2020-01-19,22,一戸建住宅,その他,20歳代,その他,施錠した
窃盗,自転車盗,新宿,淀橋市場前交番,131041,東京都,新宿区,北新宿４丁目,2020-02-03,20,その他の住宅（３階建て以下共同住宅等）,駐車（輪）場,30歳代,その他,施錠した
窃盗,自転車盗,新宿,淀橋市場前交番,131041,東京都,新宿区,北新宿４丁目,2020-02-13,19,４階建て以上共同住宅,駐車（輪）場,30歳代,その他,施錠した
窃盗,自転車盗,新宿,淀橋市場前交番,131041,東京都,新宿区,北新宿４丁目,2020-02-23,00,道路上,その他,30歳代,その他,施錠した
窃盗,自転車盗,新宿,淀橋市場前交番,131041,東京都,新宿区,北新宿４丁目,2020-04-01,19,４階建て以上共同住宅,駐車（輪）場,10歳代,小学生,施錠した
窃盗,自転車盗,新宿,淀橋市場前交番,131041,東京都,新宿区,北新宿４丁目,2020-08-24,12,４階建て以上共同住宅,駐車（輪）場,40歳代,その他,施錠した
窃盗,自転車盗,新宿,淀橋市場前交番,131041,東京都,新宿区,北新宿４丁目,2020-08-24,13,４階建て以上共同住宅,駐車（輪）場,30歳代,その他,施錠した
窃盗,自転車盗,新宿,淀橋市場前交番,131041,東京都,新宿区,北新宿４丁目,2020-08-28,05,その他,駐車（輪）場,30歳代,その他,施錠した
窃盗,自転車盗,新宿,淀橋市場前交番,131041,東京都,新宿区,北新宿４丁目,2020-09-22,15,４階建て以上共同住宅,駐車（輪）場,20歳代,大学生,施錠した
窃盗,自転車盗,新宿,百人町交番,131041,東京都,新宿区,北新宿１丁目,2020-07-29,22,その他の住宅（３階建て以下共同住宅等）,駐車（輪）場,30歳代,その他,施錠した
窃盗,自転車盗,新宿,百人町交番,131041,東京都,新宿区,北新宿３丁目,2016-04-01,不明,道路上,その他,20歳代,その他,施錠した
窃盗,自転車盗,新宿,百人町交番,131041,東京都,新宿区,北新宿３丁目,2020-11-04,23,４階建て以上共同住宅,駐車（輪）場,40歳代,その他,施錠した
窃盗,自転車盗,新宿,百人町交番,131041,東京都,新宿区,百人町１丁目,2020-01-15,10,道路上,その他,40歳代,その他,施錠した
窃盗,自転車盗,新宿,百人町交番,131041,東京都,新宿区,百人町１丁目,2020-01-15,15,道路上,その他,30歳代,その他,施錠した
窃盗,自転車盗,新宿,百人町交番,131041,東京都,新宿区,百人町１丁目,2020-01-19,20,道路上,その他,60-64歳,その他,施錠した
窃盗,自転車盗,新宿,百人町交番,131041,東京都,新宿区,百人町１丁目,2020-02-01,12,その他の住宅（３階建て以下共同住宅等）,駐車（輪）場,20歳代,その他,施錠した
窃盗,自転車盗,新宿,百人町交番,131041,東京都,新宿区,百人町１丁目,2020-02-26,15,４階建て以上共同住宅,駐車（輪）場,50歳代,その他,施錠した
窃盗,自転車盗,新宿,百人町交番,131041,東京都,新宿区,百人町１丁目,2020-03-16,21,道路上,その他,20歳代,その他,施錠した
窃盗,自転車盗,新宿,百人町交番,131041,東京都,新宿区,百人町１丁目,2020-03-27,11,道路上,その他,10歳代,高校生,施錠した
窃盗,自転車盗,新宿,百人町交番,131041,東京都,新宿区,百人町１丁目,2020-04-05,13,道路上,その他,60-64歳,その他,施錠した
窃盗,自転車盗,新宿,百人町交番,131041,東京都,新宿区,百人町１丁目,2020-05-14,22,駐車（輪）場,駐車（輪）場,30歳代,その他,施錠した
窃盗,自転車盗,新宿,百人町交番,131041,東京都,新宿区,百人町１丁目,2020-06-06,15,道路上,その他,30歳代,その他,施錠した
窃盗,自転車盗,新宿,百人町交番,131041,東京都,新宿区,百人町１丁目,2020-06-06,16,道路上,その他,40歳代,その他,施錠した
窃盗,自転車盗,新宿,百人町交番,131041,東京都,新宿区,百人町１丁目,2020-07-18,09,駐車（輪）場,駐車（輪）場,70歳以上,その他,施錠した
窃盗,自転車盗,新宿,百人町交番,131041,東京都,新宿区,百人町１丁目,2020-07-31,23,道路上,その他,40歳代,その他,施錠した
窃盗,自転車盗,新宿,百人町交番,131041,東京都,新宿区,百人町１丁目,2020-08-04,09,その他,その他,20歳代,その他,施錠した
窃盗,自転車盗,新宿,百人町交番,131041,東京都,新宿区,百人町１丁目,2020-08-31,16,４階建て以上共同住宅,駐車（輪）場,法人・団体、被害者なし,法人・団体、被害者なし,施錠した
窃盗,自転車盗,新宿,百人町交番,131041,東京都,新宿区,百人町１丁目,2020-09-09,22,道路上,その他,30歳代,その他,施錠した
窃盗,自転車盗,新宿,百人町交番,131041,東京都,新宿区,百人町１丁目,2020-09-18,09,道路上,その他,40歳代,その他,施錠した
窃盗,自転車盗,新宿,百人町交番,131041,東京都,新宿区,百人町１丁目,2020-09-18,18,道路上,その他,30歳代,その他,施錠した
窃盗,自転車盗,新宿,百人町交番,131041,東京都,新宿区,百人町１丁目,2020-09-26,08,道路上,その他,20歳代,その他,施錠した
窃盗,自転車盗,新宿,百人町交番,131041,東京都,新宿区,百人町１丁目,2020-09-27,10,道路上,その他,30歳代,その他,施錠した
窃盗,自転車盗,新宿,百人町交番,131041,東京都,新宿区,百人町１丁目,2020-09-30,01,道路上,その他,10歳代,その他,施錠した
窃盗,自転車盗,新宿,百人町交番,131041,東京都,新宿区,百人町２丁目,2020-01-10,18,４階建て以上共同住宅,駐車（輪）場,30歳代,その他,施錠した
窃盗,自転車盗,新宿,百人町交番,131041,東京都,新宿区,百人町２丁目,2020-01-11,10,４階建て以上共同住宅,駐車（輪）場,30歳代,その他,施錠した
窃盗,自転車盗,新宿,百人町交番,131041,東京都,新宿区,百人町２丁目,2020-02-03,10,４階建て以上共同住宅,駐車（輪）場,40歳代,その他,施錠した
窃盗,自転車盗,新宿,百人町交番,131041,東京都,新宿区,百人町２丁目,2020-04-10,10,道路上,その他,法人・団体、被害者なし,法人・団体、被害者なし,施錠した
窃盗,自転車盗,新宿,百人町交番,131041,東京都,新宿区,百人町２丁目,2020-04-24,17,４階建て以上共同住宅,その他,50歳代,その他,施錠した
窃盗,自転車盗,新宿,百人町交番,131041,東京都,新宿区,百人町２丁目,2020-05-27,18,道路上,その他,30歳代,その他,施錠した
窃盗,自転車盗,新宿,百人町交番,131041,東京都,新宿区,百人町２丁目,2020-06-08,00,４階建て以上共同住宅,駐車（輪）場,30歳代,その他,施錠した
窃盗,自転車盗,新宿,百人町交番,131041,東京都,新宿区,百人町２丁目,2020-06-27,11,その他,その他,30歳代,その他,施錠した
窃盗,自転車盗,新宿,百人町交番,131041,東京都,新宿区,百人町２丁目,2020-07-04,14,道路上,その他,50歳代,その他,施錠した
窃盗,自転車盗,新宿,百人町交番,131041,東京都,新宿区,百人町２丁目,2020-08-16,08,道路上,その他,10歳代,中学生,施錠した
窃盗,自転車盗,新宿,百人町交番,131041,東京都,新宿区,百人町２丁目,2020-10-07,14,道路上,その他,50歳代,その他,施錠した
窃盗,自転車盗,新宿,大久保交番,131041,東京都,新宿区,大久保１丁目,2019-12-30,17,その他の住宅（３階建て以下共同住宅等）,その他,40歳代,その他,施錠した
窃盗,自転車盗,新宿,大久保交番,131041,東京都,新宿区,大久保１丁目,2020-05-22,22,その他の住宅（３階建て以下共同住宅等）,その他,70歳以上,その他,施錠した
窃盗,自転車盗,新宿,大久保交番,131041,東京都,新宿区,大久保１丁目,2020-06-19,01,４階建て以上共同住宅,駐車（輪）場,20歳代,その他,施錠した
窃盗,自転車盗,新宿,大久保交番,131041,東京都,新宿区,大久保１丁目,2020-06-30,22,４階建て以上共同住宅,駐車（輪）場,40歳代,その他,施錠した
窃盗,自転車盗,新宿,大久保交番,131041,東京都,新宿区,大久保１丁目,2020-07-04,23,道路上,その他,40歳代,その他,施錠した
窃盗,自転車盗,新宿,大久保交番,131041,東京都,新宿区,大久保１丁目,2020-07-13,00,その他,駐車（輪）場,30歳代,その他,施錠した
窃盗,自転車盗,新宿,大久保交番,131041,東京都,新宿区,大久保１丁目,2020-08-02,14,その他,駐車（輪）場,40歳代,その他,施錠した
窃盗,自転車盗,新宿,大久保交番,131041,東京都,新宿区,大久保１丁目,2020-08-17,22,４階建て以上共同住宅,駐車（輪）場,20歳代,その他,施錠した
窃盗,自転車盗,新宿,大久保交番,131041,東京都,新宿区,大久保１丁目,2020-08-21,05,道路上,その他,40歳代,その他,施錠した
窃盗,自転車盗,新宿,大久保交番,131041,東京都,新宿区,大久保１丁目,2020-09-14,18,駐車（輪）場,駐車（輪）場,50歳代,その他,施錠した
窃盗,自転車盗,新宿,大久保交番,131041,東京都,新宿区,大久保２丁目,2019-12-30,16,４階建て以上共同住宅,駐車（輪）場,20歳代,その他,施錠した
窃盗,自転車盗,新宿,大久保交番,131041,東京都,新宿区,大久保２丁目,2020-01-10,10,その他の住宅（３階建て以下共同住宅等）,その他,30歳代,その他,施錠した
窃盗,自転車盗,新宿,大久保交番,131041,東京都,新宿区,大久保２丁目,2020-01-30,21,その他の住宅（３階建て以下共同住宅等）,駐車（輪）場,20歳代,大学生,施錠した
窃盗,自転車盗,新宿,大久保交番,131041,東京都,新宿区,大久保２丁目,2020-01-31,17,一戸建住宅,その他,20歳代,大学生,施錠した
窃盗,自転車盗,新宿,大久保交番,131041,東京都,新宿区,大久保２丁目,2020-02-03,03,４階建て以上共同住宅,駐車（輪）場,30歳代,その他,施錠した
窃盗,自転車盗,新宿,大久保交番,131041,東京都,新宿区,大久保２丁目,2020-03-03,11,道路上,その他,30歳代,その他,施錠した
窃盗,自転車盗,新宿,大久保交番,131041,東京都,新宿区,大久保２丁目,2020-03-10,08,その他,その他,60-64歳,その他,施錠した
窃盗,自転車盗,新宿,大久保交番,131041,東京都,新宿区,大久保２丁目,2020-03-16,20,４階建て以上共同住宅,その他,40歳代,その他,施錠した
窃盗,自転車盗,新宿,大久保交番,131041,東京都,新宿区,大久保２丁目,2020-04-08,18,４階建て以上共同住宅,その他,10歳代,中学生,施錠した
窃盗,自転車盗,新宿,大久保交番,131041,東京都,新宿区,大久保２丁目,2020-05-21,13,４階建て以上共同住宅,駐車（輪）場,40歳代,その他,施錠した
窃盗,自転車盗,新宿,大久保交番,131041,東京都,新宿区,大久保２丁目,2020-06-03,16,４階建て以上共同住宅,駐車（輪）場,20歳代,その他,施錠した
窃盗,自転車盗,新宿,大久保交番,131041,東京都,新宿区,大久保２丁目,2020-06-04,12,道路上,その他,60-64歳,その他,施錠した
窃盗,自転車盗,新宿,大久保交番,131041,東京都,新宿区,大久保２丁目,2020-06-19,13,その他の住宅（３階建て以下共同住宅等）,駐車（輪）場,20歳代,その他,施錠した
窃盗,自転車盗,新宿,大久保交番,131041,東京都,新宿区,大久保２丁目,2020-06-20,12,道路上,その他,20歳代,その他,施錠した
窃盗,自転車盗,新宿,大久保交番,131041,東京都,新宿区,大久保２丁目,2020-06-25,18,その他の住宅（３階建て以下共同住宅等）,その他,40歳代,その他,施錠した
窃盗,自転車盗,新宿,大久保交番,131041,東京都,新宿区,大久保２丁目,2020-08-03,22,道路上,その他,20歳代,その他,施錠した
窃盗,自転車盗,新宿,大久保交番,131041,東京都,新宿区,大久保２丁目,2020-08-06,17,駐車（輪）場,駐車（輪）場,30歳代,その他,施錠した
窃盗,自転車盗,新宿,大久保交番,131041,東京都,新宿区,大久保２丁目,2020-08-14,18,一戸建住宅,駐車（輪）場,65-69歳,その他,施錠した
窃盗,自転車盗,新宿,大久保交番,131041,東京都,新宿区,大久保２丁目,2020-09-16,05,４階建て以上共同住宅,駐車（輪）場,20歳代,大学生,施錠した
窃盗,自転車盗,新宿,大久保交番,131041,東京都,新宿区,大久保２丁目,2020-10-16,18,道路上,その他,40歳代,その他,施錠した
窃盗,自転車盗,新宿,大久保交番,131041,東京都,新宿区,大久保２丁目,2020-10-21,12,４階建て以上共同住宅,駐車（輪）場,30歳代,その他,施錠した
窃盗,自転車盗,新宿,大久保交番,131041,東京都,新宿区,大久保２丁目,2020-12-14,15,その他,その他,40歳代,その他,施錠した
窃盗,自転車盗,新宿,大久保交番,131041,東京都,新宿区,大久保２丁目,2020-12-18,22,その他の住宅（３階建て以下共同住宅等）,駐車（輪）場,40歳代,その他,施錠した
窃盗,自転車盗,新宿,大久保交番,131041,東京都,新宿区,大久保３丁目,2020-01-29,17,その他,駐車（輪）場,30歳代,その他,施錠した
窃盗,自転車盗,新宿,大久保交番,131041,東京都,新宿区,大久保３丁目,2020-01-31,14,道路上,その他,20歳代,大学生,施錠した
窃盗,自転車盗,新宿,大久保交番,131041,東京都,新宿区,大久保３丁目,2020-10-30,20,道路上,その他,40歳代,その他,施錠した
窃盗,自転車盗,新宿,大久保交番,131041,東京都,新宿区,北新宿１丁目,2020-04-06,22,４階建て以上共同住宅,駐車（輪）場,20歳代,その他,施錠した
窃盗,自転車盗,新宿,大久保交番,131041,東京都,新宿区,百人町１丁目,2020-09-08,21,道路上,その他,20歳代,その他,施錠した
窃盗,自転車盗,新宿,大久保交番,131041,東京都,新宿区,百人町１丁目,2020-11-03,15,道路上,その他,30歳代,その他,施錠した
窃盗,自転車盗,新宿,大久保交番,131041,東京都,新宿区,百人町１丁目,2020-12-15,21,その他の住宅（３階建て以下共同住宅等）,駐車（輪）場,50歳代,その他,施錠した
窃盗,自転車盗,新宿,新宿六丁目交番,131041,東京都,新宿区,新宿５丁目,2020-09-29,13,道路上,その他,30歳代,その他,施錠した
窃盗,自転車盗,新宿,新宿六丁目交番,131041,東京都,新宿区,新宿６丁目,2019-12-13,18,４階建て以上共同住宅,駐車（輪）場,50歳代,その他,施錠した
窃盗,自転車盗,新宿,新宿六丁目交番,131041,東京都,新宿区,新宿６丁目,2020-02-03,17,４階建て以上共同住宅,駐車（輪）場,30歳代,その他,施錠した
窃盗,自転車盗,新宿,新宿六丁目交番,131041,東京都,新宿区,新宿６丁目,2020-03-10,13,駐車（輪）場,駐車（輪）場,30歳代,その他,施錠した
窃盗,自転車盗,新宿,新宿六丁目交番,131041,東京都,新宿区,新宿６丁目,2020-03-24,16,道路上,その他,30歳代,その他,施錠した
窃盗,自転車盗,新宿,新宿六丁目交番,131041,東京都,新宿区,新宿６丁目,2020-07-24,21,道路上,その他,40歳代,その他,施錠した
窃盗,自転車盗,新宿,新宿六丁目交番,131041,東京都,新宿区,新宿６丁目,2020-09-06,17,その他,その他,30歳代,その他,施錠した
窃盗,自転車盗,新宿,新宿六丁目交番,131041,東京都,新宿区,新宿６丁目,2020-10-02,15,道路上,その他,20歳代,その他,施錠した
窃盗,自転車盗,新宿,新宿六丁目交番,131041,東京都,新宿区,新宿６丁目,2020-11-19,18,道路上,その他,50歳代,その他,施錠した
窃盗,自転車盗,新宿,新宿六丁目交番,131041,東京都,新宿区,新宿７丁目,2020-02-04,01,その他,その他,40歳代,その他,施錠した
窃盗,自転車盗,新宿,新宿六丁目交番,131041,東京都,新宿区,新宿７丁目,2020-02-23,01,道路上,その他,20歳代,その他,施錠した
窃盗,自転車盗,新宿,新宿六丁目交番,131041,東京都,新宿区,新宿７丁目,2020-06-08,19,道路上,その他,30歳代,その他,施錠した
窃盗,自転車盗,新宿,新宿六丁目交番,131041,東京都,新宿区,新宿７丁目,2020-09-01,12,４階建て以上共同住宅,駐車（輪）場,30歳代,その他,施錠した
窃盗,自転車盗,新宿,新宿六丁目交番,131041,東京都,新宿区,新宿７丁目,2020-09-20,18,駐車（輪）場,駐車（輪）場,20歳代,その他,施錠した
窃盗,自転車盗,新宿,新宿六丁目交番,131041,東京都,新宿区,新宿７丁目,2020-10-02,14,道路上,その他,20歳代,その他,施錠した
窃盗,自転車盗,新宿,歌舞伎町交番,131041,東京都,新宿区,歌舞伎町１丁目,2019-12-24,16,道路上,その他,50歳代,その他,施錠した
窃盗,自転車盗,新宿,歌舞伎町交番,131041,東京都,新宿区,歌舞伎町１丁目,2019-12-30,17,道路上,その他,65-69歳,その他,施錠した
窃盗,自転車盗,新宿,歌舞伎町交番,131041,東京都,新宿区,歌舞伎町１丁目,2020-01-31,21,駐車（輪）場,駐車（輪）場,30歳代,その他,施錠した
窃盗,自転車盗,新宿,歌舞伎町交番,131041,東京都,新宿区,歌舞伎町１丁目,2020-03-01,10,道路上,その他,20歳代,その他,施錠した
窃盗,自転車盗,新宿,歌舞伎町交番,131041,東京都,新宿区,歌舞伎町１丁目,2020-03-01,20,道路上,その他,30歳代,その他,施錠した
窃盗,自転車盗,新宿,歌舞伎町交番,131041,東京都,新宿区,歌舞伎町１丁目,2020-03-27,10,駐車（輪）場,駐車（輪）場,40歳代,その他,施錠した
窃盗,自転車盗,新宿,歌舞伎町交番,131041,東京都,新宿区,歌舞伎町１丁目,2020-04-16,06,道路上,その他,20歳代,その他,施錠した
窃盗,自転車盗,新宿,歌舞伎町交番,131041,東京都,新宿区,歌舞伎町１丁目,2020-05-04,04,道路上,その他,40歳代,その他,施錠した
窃盗,自転車盗,新宿,歌舞伎町交番,131041,東京都,新宿区,歌舞伎町１丁目,2020-07-13,13,道路上,その他,20歳代,その他,施錠した
窃盗,自転車盗,新宿,歌舞伎町交番,131041,東京都,新宿区,歌舞伎町１丁目,2020-09-17,01,道路上,その他,20歳代,その他,施錠した
窃盗,自転車盗,新宿,歌舞伎町交番,131041,東京都,新宿区,歌舞伎町１丁目,2020-09-24,22,道路上,その他,40歳代,その他,施錠した
窃盗,自転車盗,新宿,歌舞伎町交番,131041,東京都,新宿区,歌舞伎町１丁目,2020-10-15,09,駐車（輪）場,駐車（輪）場,20歳代,その他,施錠した
窃盗,自転車盗,新宿,歌舞伎町交番,131041,東京都,新宿区,歌舞伎町１丁目,2020-10-20,06,道路上,その他,法人・団体、被害者なし,法人・団体、被害者なし,施錠した
窃盗,自転車盗,新宿,歌舞伎町交番,131041,東京都,新宿区,歌舞伎町１丁目,2020-10-20,15,道路上,その他,70歳以上,その他,施錠した
窃盗,自転車盗,新宿,歌舞伎町交番,131041,東京都,新宿区,歌舞伎町１丁目,2020-10-26,18,道路上,その他,20歳代,その他,施錠した
窃盗,自転車盗,新宿,歌舞伎町交番,131041,東京都,新宿区,歌舞伎町１丁目,2020-11-13,19,道路上,その他,30歳代,その他,施錠した
窃盗,自転車盗,新宿,歌舞伎町交番,131041,東京都,新宿区,歌舞伎町１丁目,2020-11-21,17,道路上,その他,20歳代,その他,施錠した
窃盗,自転車盗,新宿,歌舞伎町交番,131041,東京都,新宿区,歌舞伎町２丁目,2019-11-20,12,道路上,その他,40歳代,その他,施錠した
窃盗,自転車盗,新宿,歌舞伎町交番,131041,東京都,新宿区,歌舞伎町２丁目,2020-01-01,13,道路上,その他,20歳代,その他,施錠した
窃盗,自転車盗,新宿,歌舞伎町交番,131041,東京都,新宿区,歌舞伎町２丁目,2020-01-04,22,道路上,その他,40歳代,その他,施錠した
窃盗,自転車盗,新宿,歌舞伎町交番,131041,東京都,新宿区,歌舞伎町２丁目,2020-01-21,03,道路上,その他,30歳代,その他,施錠した
窃盗,自転車盗,新宿,歌舞伎町交番,131041,東京都,新宿区,歌舞伎町２丁目,2020-01-26,02,４階建て以上共同住宅,その他,20歳代,大学生,施錠した
窃盗,自転車盗,新宿,歌舞伎町交番,131041,東京都,新宿区,歌舞伎町２丁目,2020-01-30,21,道路上,その他,40歳代,その他,施錠した
窃盗,自転車盗,新宿,歌舞伎町交番,131041,東京都,新宿区,歌舞伎町２丁目,2020-02-01,16,道路上,その他,30歳代,その他,施錠した
窃盗,自転車盗,新宿,歌舞伎町交番,131041,東京都,新宿区,歌舞伎町２丁目,2020-02-07,19,道路上,その他,30歳代,その他,施錠した
窃盗,自転車盗,新宿,歌舞伎町交番,131041,東京都,新宿区,歌舞伎町２丁目,2020-02-10,18,４階建て以上共同住宅,駐車（輪）場,30歳代,その他,施錠した
窃盗,自転車盗,新宿,歌舞伎町交番,131041,東京都,新宿区,歌舞伎町２丁目,2020-03-01,22,道路上,その他,60-64歳,その他,施錠した
窃盗,自転車盗,新宿,歌舞伎町交番,131041,東京都,新宿区,歌舞伎町２丁目,2020-03-26,22,道路上,その他,40歳代,その他,施錠した
窃盗,自転車盗,新宿,歌舞伎町交番,131041,東京都,新宿区,歌舞伎町２丁目,2020-06-05,06,４階建て以上共同住宅,その他,20歳代,その他,施錠した
窃盗,自転車盗,新宿,歌舞伎町交番,131041,東京都,新宿区,歌舞伎町２丁目,2020-06-26,19,その他の住宅（３階建て以下共同住宅等）,その他,30歳代,その他,施錠した
窃盗,自転車盗,新宿,歌舞伎町交番,131041,東京都,新宿区,歌舞伎町２丁目,2020-06-27,14,駐車（輪）場,駐車（輪）場,30歳代,その他,施錠した
窃盗,自転車盗,新宿,歌舞伎町交番,131041,東京都,新宿区,歌舞伎町２丁目,2020-07-07,22,道路上,その他,30歳代,その他,施錠した
窃盗,自転車盗,新宿,歌舞伎町交番,131041,東京都,新宿区,歌舞伎町２丁目,2020-07-17,21,道路上,その他,50歳代,その他,施錠した
窃盗,自転車盗,新宿,歌舞伎町交番,131041,東京都,新宿区,歌舞伎町２丁目,2020-07-29,20,道路上,その他,30歳代,その他,施錠した
窃盗,自転車盗,新宿,歌舞伎町交番,131041,東京都,新宿区,歌舞伎町２丁目,2020-08-11,03,道路上,その他,30歳代,その他,施錠した
窃盗,自転車盗,新宿,歌舞伎町交番,131041,東京都,新宿区,歌舞伎町２丁目,2020-08-18,02,道路上,その他,20歳代,その他,施錠した
窃盗,自転車盗,新宿,歌舞伎町交番,131041,東京都,新宿区,歌舞伎町２丁目,2020-08-20,18,道路上,その他,50歳代,その他,施錠した
窃盗,自転車盗,新宿,歌舞伎町交番,131041,東京都,新宿区,歌舞伎町２丁目,2020-09-08,05,道路上,その他,20歳代,その他,施錠した
窃盗,自転車盗,新宿,歌舞伎町交番,131041,東京都,新宿区,歌舞伎町２丁目,2020-09-11,18,道路上,その他,30歳代,その他,施錠した
窃盗,自転車盗,新宿,歌舞伎町交番,131041,東京都,新宿区,歌舞伎町２丁目,2020-09-15,23,その他,その他,30歳代,その他,施錠した
窃盗,自転車盗,新宿,歌舞伎町交番,131041,東京都,新宿区,歌舞伎町２丁目,2020-09-18,01,道路上,その他,70歳以上,その他,施錠した
窃盗,自転車盗,新宿,歌舞伎町交番,131041,東京都,新宿区,歌舞伎町２丁目,2020-09-22,00,道路上,その他,30歳代,その他,施錠した
窃盗,自転車盗,新宿,歌舞伎町交番,131041,東京都,新宿区,歌舞伎町２丁目,2020-09-22,16,道路上,その他,20歳代,その他,施錠した
窃盗,自転車盗,新宿,歌舞伎町交番,131041,東京都,新宿区,歌舞伎町２丁目,2020-11-01,00,道路上,その他,40歳代,その他,施錠した
窃盗,自転車盗,新宿,歌舞伎町交番,131041,東京都,新宿区,歌舞伎町２丁目,2020-11-10,20,駐車（輪）場,駐車（輪）場,60-64歳,その他,施錠した
窃盗,自転車盗,新宿,歌舞伎町交番,131041,東京都,新宿区,歌舞伎町２丁目,2020-11-14,16,道路上,その他,60-64歳,その他,施錠した
窃盗,自転車盗,新宿,歌舞伎町交番,131041,東京都,新宿区,歌舞伎町２丁目,2020-11-20,21,道路上,その他,20歳代,その他,施錠した
窃盗,自転車盗,新宿,歌舞伎町交番,131041,東京都,新宿区,歌舞伎町２丁目,2020-12-05,03,道路上,その他,30歳代,その他,施錠した
窃盗,自転車盗,新宿,歌舞伎町交番,131041,東京都,新宿区,西新宿７丁目,2020-01-16,12,駐車（輪）場,駐車（輪）場,40歳代,その他,施錠した
窃盗,自転車盗,新宿,新宿駅東口交番,131041,東京都,新宿区,新宿３丁目,2020-01-02,18,道路上,その他,10歳代,大学生,施錠した
窃盗,自転車盗,新宿,新宿駅東口交番,131041,東京都,新宿区,新宿３丁目,2020-01-15,22,駐車（輪）場,駐車（輪）場,20歳代,大学生,施錠した
窃盗,自転車盗,新宿,新宿駅東口交番,131041,東京都,新宿区,新宿３丁目,2020-01-25,21,道路上,その他,30歳代,その他,施錠した
窃盗,自転車盗,新宿,新宿駅東口交番,131041,東京都,新宿区,新宿３丁目,2020-02-17,23,道路上,その他,20歳代,大学生,施錠した
窃盗,自転車盗,新宿,新宿駅東口交番,131041,東京都,新宿区,新宿３丁目,2020-02-19,18,道路上,その他,10歳代,高校生,施錠した
窃盗,自転車盗,新宿,新宿駅東口交番,131041,東京都,新宿区,新宿３丁目,2020-02-20,17,駐車（輪）場,駐車（輪）場,20歳代,その他,施錠した
窃盗,自転車盗,新宿,新宿駅東口交番,131041,東京都,新宿区,新宿３丁目,2020-02-27,10,道路上,その他,30歳代,その他,施錠した
窃盗,自転車盗,新宿,新宿駅東口交番,131041,東京都,新宿区,新宿３丁目,2020-03-15,19,道路上,その他,20歳代,その他,施錠した
窃盗,自転車盗,新宿,新宿駅東口交番,131041,東京都,新宿区,新宿３丁目,2020-04-01,21,道路上,その他,30歳代,その他,施錠した
窃盗,自転車盗,新宿,新宿駅東口交番,131041,東京都,新宿区,新宿３丁目,2020-04-17,09,駐車（輪）場,駐車（輪）場,30歳代,その他,施錠した
窃盗,自転車盗,新宿,新宿駅東口交番,131041,東京都,新宿区,新宿３丁目,2020-05-12,09,道路上,その他,50歳代,その他,施錠した
窃盗,自転車盗,新宿,新宿駅東口交番,131041,東京都,新宿区,新宿３丁目,2020-05-30,14,道路上,その他,20歳代,その他,施錠した
窃盗,自転車盗,新宿,新宿駅東口交番,131041,東京都,新宿区,新宿３丁目,2020-07-04,15,道路上,その他,70歳以上,その他,施錠した
窃盗,自転車盗,新宿,新宿駅東口交番,131041,東京都,新宿区,新宿３丁目,2020-08-01,19,道路上,その他,20歳代,その他,施錠した
窃盗,自転車盗,新宿,新宿駅東口交番,131041,東京都,新宿区,新宿３丁目,2020-08-04,09,駐車（輪）場,駐車（輪）場,30歳代,その他,施錠した
窃盗,自転車盗,新宿,新宿駅東口交番,131041,東京都,新宿区,新宿３丁目,2020-08-07,15,駐車（輪）場,駐車（輪）場,30歳代,その他,施錠した
窃盗,自転車盗,新宿,新宿駅東口交番,131041,東京都,新宿区,新宿３丁目,2020-08-13,10,道路上,その他,20歳代,その他,施錠した
窃盗,自転車盗,新宿,新宿駅東口交番,131041,東京都,新宿区,新宿３丁目,2020-08-16,08,道路上,その他,30歳代,その他,施錠した
窃盗,自転車盗,新宿,新宿駅東口交番,131041,東京都,新宿区,新宿３丁目,2020-08-16,08,道路上,その他,50歳代,その他,施錠した
窃盗,自転車盗,新宿,新宿駅東口交番,131041,東京都,新宿区,新宿３丁目,2020-08-29,02,道路上,その他,20歳代,その他,施錠した
窃盗,自転車盗,新宿,新宿駅東口交番,131041,東京都,新宿区,新宿３丁目,2020-09-06,09,道路上,その他,20歳代,その他,施錠した
窃盗,自転車盗,新宿,新宿駅東口交番,131041,東京都,新宿区,新宿３丁目,2020-09-09,10,駐車（輪）場,駐車（輪）場,20歳代,その他,施錠した
窃盗,自転車盗,新宿,新宿駅東口交番,131041,東京都,新宿区,新宿３丁目,2020-11-02,14,駐車（輪）場,駐車（輪）場,20歳代,その他,施錠した
窃盗,自転車盗,新宿,新宿駅東口交番,131041,東京都,新宿区,新宿３丁目,2020-11-05,07,駐車（輪）場,駐車（輪）場,40歳代,その他,施錠した
窃盗,自転車盗,新宿,新宿駅東口交番,131041,東京都,新宿区,新宿３丁目,2020-11-07,06,道路上,その他,30歳代,その他,施錠した
窃盗,自転車盗,新宿,新宿駅東口交番,131041,東京都,新宿区,新宿３丁目,2020-11-20,10,道路上,その他,20歳代,その他,施錠した
窃盗,自転車盗,戸塚,戸塚一丁目交番,131041,東京都,新宿区,高田馬場２丁目,2020-03-20,11,４階建て以上共同住宅,駐車（輪）場,10歳代,高校生,施錠した
窃盗,自転車盗,戸塚,戸塚一丁目交番,131041,東京都,新宿区,西早稲田１丁目,2020-02-21,11,４階建て以上共同住宅,駐車（輪）場,20歳代,大学生,施錠した
窃盗,自転車盗,戸塚,戸塚一丁目交番,131041,東京都,新宿区,西早稲田１丁目,2020-03-13,10,道路上,その他,20歳代,大学生,施錠した
窃盗,自転車盗,戸塚,戸塚一丁目交番,131041,東京都,新宿区,西早稲田１丁目,2020-05-31,14,道路上,その他,50歳代,その他,施錠した
窃盗,自転車盗,戸塚,戸塚一丁目交番,131041,東京都,新宿区,西早稲田１丁目,2020-07-10,09,道路上,その他,40歳代,その他,施錠した
窃盗,自転車盗,戸塚,戸塚一丁目交番,131041,東京都,新宿区,西早稲田１丁目,2020-11-06,14,４階建て以上共同住宅,駐車（輪）場,70歳以上,その他,施錠した
窃盗,自転車盗,戸塚,戸塚一丁目交番,131041,東京都,新宿区,西早稲田１丁目,2020-11-16,14,４階建て以上共同住宅,駐車（輪）場,50歳代,その他,施錠した
窃盗,自転車盗,戸塚,戸塚一丁目交番,131041,東京都,新宿区,西早稲田２丁目,2019-11-30,22,４階建て以上共同住宅,駐車（輪）場,30歳代,その他,施錠した
窃盗,自転車盗,戸塚,戸塚一丁目交番,131041,東京都,新宿区,西早稲田２丁目,2020-01-13,18,４階建て以上共同住宅,駐車（輪）場,20歳代,その他,施錠した
窃盗,自転車盗,戸塚,戸塚一丁目交番,131041,東京都,新宿区,西早稲田２丁目,2020-01-30,22,その他の住宅（３階建て以下共同住宅等）,その他,20歳代,大学生,施錠した
窃盗,自転車盗,戸塚,戸塚一丁目交番,131041,東京都,新宿区,西早稲田２丁目,2020-02-21,15,４階建て以上共同住宅,駐車（輪）場,30歳代,その他,施錠した
窃盗,自転車盗,戸塚,戸塚一丁目交番,131041,東京都,新宿区,西早稲田２丁目,2020-04-10,19,道路上,その他,70歳以上,その他,施錠した
窃盗,自転車盗,戸塚,戸塚一丁目交番,131041,東京都,新宿区,西早稲田２丁目,2020-05-11,20,その他の住宅（３階建て以下共同住宅等）,その他,30歳代,その他,施錠した
窃盗,自転車盗,戸塚,戸塚一丁目交番,131041,東京都,新宿区,西早稲田２丁目,2020-06-28,17,その他の住宅（３階建て以下共同住宅等）,駐車（輪）場,20歳代,大学生,施錠した
窃盗,自転車盗,戸塚,戸塚一丁目交番,131041,東京都,新宿区,西早稲田２丁目,2020-07-04,17,一戸建住宅,その他,10歳未満,小学生,施錠した
窃盗,自転車盗,戸塚,戸塚一丁目交番,131041,東京都,新宿区,西早稲田２丁目,2020-10-05,12,道路上,その他,20歳代,大学生,施錠した
窃盗,自転車盗,戸塚,戸塚一丁目交番,131041,東京都,新宿区,西早稲田２丁目,2020-12-06,15,４階建て以上共同住宅,駐車（輪）場,70歳以上,その他,施錠した
窃盗,自転車盗,戸塚,戸塚一丁目交番,131041,東京都,新宿区,西早稲田３丁目,2020-06-11,07,その他の住宅（３階建て以下共同住宅等）,駐車（輪）場,20歳代,大学生,施錠した
窃盗,自転車盗,戸塚,戸塚一丁目交番,131041,東京都,新宿区,西早稲田３丁目,2020-07-12,16,４階建て以上共同住宅,駐車（輪）場,10歳代,中学生,施錠した
窃盗,自転車盗,戸塚,高田馬場駅前交番,131041,東京都,新宿区,高田馬場１丁目,2020-03-01,14,道路上,その他,20歳代,その他,施錠した
窃盗,自転車盗,戸塚,高田馬場駅前交番,131041,東京都,新宿区,高田馬場１丁目,2020-05-21,13,道路上,その他,40歳代,その他,施錠した
窃盗,自転車盗,戸塚,高田馬場駅前交番,131041,東京都,新宿区,高田馬場１丁目,2020-06-01,16,道路上,その他,20歳代,その他,施錠した
窃盗,自転車盗,戸塚,高田馬場駅前交番,131041,東京都,新宿区,高田馬場１丁目,2020-06-05,08,駐車（輪）場,駐車（輪）場,60-64歳,その他,施錠した
窃盗,自転車盗,戸塚,高田馬場駅前交番,131041,東京都,新宿区,高田馬場１丁目,2020-06-05,17,その他の住宅（３階建て以下共同住宅等）,駐車（輪）場,50歳代,その他,施錠した
窃盗,自転車盗,戸塚,高田馬場駅前交番,131041,東京都,新宿区,高田馬場１丁目,2020-07-27,11,その他,その他,40歳代,その他,施錠した
窃盗,自転車盗,戸塚,高田馬場駅前交番,131041,東京都,新宿区,高田馬場１丁目,2020-08-07,12,その他,その他,30歳代,その他,施錠した
窃盗,自転車盗,戸塚,高田馬場駅前交番,131041,東京都,新宿区,高田馬場１丁目,2020-08-15,00,道路上,その他,10歳代,中学生,施錠した
窃盗,自転車盗,戸塚,高田馬場駅前交番,131041,東京都,新宿区,高田馬場１丁目,2020-08-29,10,道路上,その他,65-69歳,その他,施錠した
窃盗,自転車盗,戸塚,高田馬場駅前交番,131041,東京都,新宿区,高田馬場１丁目,2020-10-02,10,道路上,その他,40歳代,その他,施錠した
窃盗,自転車盗,戸塚,高田馬場駅前交番,131041,東京都,新宿区,高田馬場１丁目,2020-10-06,09,４階建て以上共同住宅,駐車（輪）場,10歳代,高校生,施錠した
窃盗,自転車盗,戸塚,高田馬場駅前交番,131041,東京都,新宿区,高田馬場１丁目,2020-10-17,13,道路上,その他,10歳代,高校生,施錠した
窃盗,自転車盗,戸塚,高田馬場駅前交番,131041,東京都,新宿区,高田馬場１丁目,2020-12-05,19,その他,駐車（輪）場,20歳代,その他,施錠した
窃盗,自転車盗,戸塚,高田馬場駅前交番,131041,東京都,新宿区,高田馬場２丁目,2019-11-07,02,道路上,その他,50歳代,その他,施錠した
窃盗,自転車盗,戸塚,高田馬場駅前交番,131041,東京都,新宿区,高田馬場２丁目,2019-12-20,14,道路上,その他,30歳代,その他,施錠した
窃盗,自転車盗,戸塚,高田馬場駅前交番,131041,東京都,新宿区,高田馬場２丁目,2020-01-21,13,道路上,その他,20歳代,大学生,施錠した
窃盗,自転車盗,戸塚,高田馬場駅前交番,131041,東京都,新宿区,高田馬場２丁目,2020-02-24,15,道路上,その他,40歳代,その他,施錠した
窃盗,自転車盗,戸塚,高田馬場駅前交番,131041,東京都,新宿区,高田馬場２丁目,2020-02-25,01,道路上,その他,50歳代,その他,施錠した
窃盗,自転車盗,戸塚,高田馬場駅前交番,131041,東京都,新宿区,高田馬場２丁目,2020-05-19,17,道路上,その他,20歳代,その他,施錠した
窃盗,自転車盗,戸塚,高田馬場駅前交番,131041,東京都,新宿区,高田馬場２丁目,2020-05-21,17,道路上,その他,20歳代,大学生,施錠した
窃盗,自転車盗,戸塚,高田馬場駅前交番,131041,東京都,新宿区,高田馬場２丁目,2020-07-12,16,道路上,その他,30歳代,その他,施錠した
窃盗,自転車盗,戸塚,高田馬場駅前交番,131041,東京都,新宿区,高田馬場２丁目,2020-08-29,18,駐車（輪）場,駐車（輪）場,法人・団体、被害者なし,法人・団体、被害者なし,施錠した
窃盗,自転車盗,戸塚,高田馬場駅前交番,131041,東京都,新宿区,高田馬場２丁目,2020-09-16,11,道路上,その他,50歳代,その他,施錠した
窃盗,自転車盗,戸塚,高田馬場駅前交番,131041,東京都,新宿区,高田馬場２丁目,2020-09-20,18,道路上,その他,50歳代,その他,施錠した
窃盗,自転車盗,戸塚,高田馬場駅前交番,131041,東京都,新宿区,高田馬場２丁目,2020-10-23,19,道路上,その他,法人・団体、被害者なし,法人・団体、被害者なし,施錠した
窃盗,自転車盗,戸塚,高田馬場駅前交番,131041,東京都,新宿区,高田馬場２丁目,2020-11-04,11,駐車（輪）場,駐車（輪）場,20歳代,その他,施錠した
窃盗,自転車盗,戸塚,高田馬場駅前交番,131041,東京都,新宿区,高田馬場２丁目,2020-11-28,06,４階建て以上共同住宅,駐車（輪）場,50歳代,その他,施錠した
窃盗,自転車盗,戸塚,高田馬場駅前交番,131041,東京都,新宿区,高田馬場３丁目,2020-01-07,18,その他の住宅（３階建て以下共同住宅等）,その他,20歳代,その他,施錠した
窃盗,自転車盗,戸塚,高田馬場駅前交番,131041,東京都,新宿区,高田馬場３丁目,2020-01-22,13,４階建て以上共同住宅,その他,20歳代,その他,施錠した
窃盗,自転車盗,戸塚,高田馬場駅前交番,131041,東京都,新宿区,高田馬場３丁目,2020-03-10,14,道路上,その他,10歳代,その他,施錠した
窃盗,自転車盗,戸塚,高田馬場駅前交番,131041,東京都,新宿区,高田馬場３丁目,2020-03-30,14,道路上,その他,30歳代,その他,施錠した
窃盗,自転車盗,戸塚,高田馬場駅前交番,131041,東京都,新宿区,高田馬場３丁目,2020-04-03,11,その他の住宅（３階建て以下共同住宅等）,その他,20歳代,その他,施錠した
窃盗,自転車盗,戸塚,高田馬場駅前交番,131041,東京都,新宿区,高田馬場３丁目,2020-05-06,14,道路上,その他,30歳代,その他,施錠した
窃盗,自転車盗,戸塚,高田馬場駅前交番,131041,東京都,新宿区,高田馬場３丁目,2020-05-21,22,道路上,その他,30歳代,その他,施錠した
窃盗,自転車盗,戸塚,高田馬場駅前交番,131041,東京都,新宿区,高田馬場３丁目,2020-05-29,17,４階建て以上共同住宅,駐車（輪）場,30歳代,その他,施錠した
窃盗,自転車盗,戸塚,高田馬場駅前交番,131041,東京都,新宿区,高田馬場３丁目,2020-06-15,07,道路上,その他,70歳以上,その他,施錠した
窃盗,自転車盗,戸塚,高田馬場駅前交番,131041,東京都,新宿区,高田馬場３丁目,2020-06-27,17,道路上,その他,20歳代,その他,施錠した
窃盗,自転車盗,戸塚,高田馬場駅前交番,131041,東京都,新宿区,高田馬場３丁目,2020-07-21,13,その他,駐車（輪）場,20歳代,その他,施錠した
窃盗,自転車盗,戸塚,高田馬場駅前交番,131041,東京都,新宿区,高田馬場３丁目,2020-09-08,08,道路上,その他,20歳代,その他,施錠した
窃盗,自転車盗,戸塚,高田馬場駅前交番,131041,東京都,新宿区,高田馬場３丁目,2020-12-25,06,駐車（輪）場,駐車（輪）場,20歳代,その他,施錠した
窃盗,自転車盗,戸塚,高田馬場駅前交番,131041,東京都,新宿区,高田馬場４丁目,2019-12-23,12,４階建て以上共同住宅,駐車（輪）場,30歳代,その他,施錠した
窃盗,自転車盗,戸塚,高田馬場駅前交番,131041,東京都,新宿区,高田馬場４丁目,2020-03-13,00,道路上,その他,30歳代,その他,施錠した
窃盗,自転車盗,戸塚,高田馬場駅前交番,131041,東京都,新宿区,高田馬場４丁目,2020-04-12,12,駐車（輪）場,駐車（輪）場,50歳代,その他,施錠した
窃盗,自転車盗,戸塚,高田馬場駅前交番,131041,東京都,新宿区,高田馬場４丁目,2020-04-21,15,道路上,その他,30歳代,その他,施錠した
窃盗,自転車盗,戸塚,高田馬場駅前交番,131041,東京都,新宿区,高田馬場４丁目,2020-08-14,17,その他,駐車（輪）場,65-69歳,その他,施錠した
窃盗,自転車盗,戸塚,高田馬場駅前交番,131041,東京都,新宿区,高田馬場４丁目,2020-08-15,10,道路上,その他,30歳代,その他,施錠した
窃盗,自転車盗,戸塚,高田馬場駅前交番,131041,東京都,新宿区,高田馬場４丁目,2020-10-11,13,駐車（輪）場,駐車（輪）場,20歳代,その他,施錠した
窃盗,自転車盗,戸塚,高田馬場駅前交番,131041,東京都,新宿区,高田馬場４丁目,2020-11-03,16,その他の住宅（３階建て以下共同住宅等）,その他,30歳代,その他,施錠した
窃盗,自転車盗,戸塚,高田馬場駅前交番,131041,東京都,新宿区,百人町４丁目,2020-03-10,13,４階建て以上共同住宅,その他,10歳代,大学生,施錠した
窃盗,自転車盗,戸塚,下落合駅前交番,131041,東京都,新宿区,上落合１丁目,2019-12-26,不明,４階建て以上共同住宅,その他,20歳代,大学生,施錠した
窃盗,自転車盗,戸塚,下落合駅前交番,131041,東京都,新宿区,上落合１丁目,2020-02-28,16,その他,駐車（輪）場,法人・団体、被害者なし,法人・団体、被害者なし,施錠した
窃盗,自転車盗,戸塚,下落合駅前交番,131041,東京都,新宿区,上落合１丁目,2020-03-08,01,その他,駐車（輪）場,30歳代,その他,施錠した
窃盗,自転車盗,戸塚,下落合駅前交番,131041,東京都,新宿区,上落合１丁目,2020-05-17,17,４階建て以上共同住宅,駐車（輪）場,30歳代,その他,施錠した
窃盗,自転車盗,戸塚,下落合駅前交番,131041,東京都,新宿区,上落合１丁目,2020-09-16,07,道路上,その他,50歳代,その他,施錠した
窃盗,自転車盗,戸塚,下落合駅前交番,131041,東京都,新宿区,上落合１丁目,2020-11-07,12,その他の住宅（３階建て以下共同住宅等）,駐車（輪）場,30歳代,その他,施錠した
窃盗,自転車盗,戸塚,下落合駅前交番,131041,東京都,新宿区,上落合２丁目,2020-08-08,15,４階建て以上共同住宅,駐車（輪）場,10歳代,その他,施錠した
窃盗,自転車盗,戸塚,下落合駅前交番,131041,東京都,新宿区,下落合１丁目,2019-12-26,19,その他,その他,20歳代,その他,施錠した
窃盗,自転車盗,戸塚,下落合駅前交番,131041,東京都,新宿区,下落合１丁目,2020-06-06,23,道路上,その他,20歳代,その他,施錠した
窃盗,自転車盗,戸塚,下落合駅前交番,131041,東京都,新宿区,下落合１丁目,2020-06-21,14,４階建て以上共同住宅,駐車（輪）場,65-69歳,その他,施錠した
窃盗,自転車盗,戸塚,下落合駅前交番,131041,東京都,新宿区,下落合１丁目,2020-08-04,19,４階建て以上共同住宅,駐車（輪）場,70歳以上,その他,施錠した
窃盗,自転車盗,戸塚,下落合駅前交番,131041,東京都,新宿区,下落合３丁目,2020-06-03,17,４階建て以上共同住宅,駐車（輪）場,30歳代,その他,施錠した
窃盗,自転車盗,戸塚,下落合駅前交番,131041,東京都,新宿区,下落合３丁目,2020-06-25,14,道路上,その他,65-69歳,その他,施錠した
窃盗,自転車盗,戸塚,下落合駅前交番,131041,東京都,新宿区,下落合４丁目,2020-03-26,11,駐車（輪）場,駐車（輪）場,20歳代,大学生,施錠した
窃盗,自転車盗,戸塚,下落合駅前交番,131041,東京都,新宿区,下落合４丁目,2020-04-11,22,道路上,その他,40歳代,その他,施錠した
窃盗,自転車盗,戸塚,下落合駅前交番,131041,東京都,新宿区,中落合１丁目,2020-08-30,19,その他の住宅（３階建て以下共同住宅等）,駐車（輪）場,20歳代,その他,施錠した
窃盗,自転車盗,戸塚,下落合駅前交番,131041,東京都,新宿区,中落合２丁目,2020-05-25,12,４階建て以上共同住宅,駐車（輪）場,30歳代,その他,施錠した
窃盗,自転車盗,戸塚,中落合交番,131041,東京都,新宿区,上落合３丁目,2020-11-15,20,その他の住宅（３階建て以下共同住宅等）,その他,30歳代,その他,施錠した
窃盗,自転車盗,戸塚,中落合交番,131041,東京都,新宿区,中落合４丁目,2020-02-11,21,４階建て以上共同住宅,駐車（輪）場,10歳代,中学生,施錠した
窃盗,自転車盗,戸塚,西落合交番,131041,東京都,新宿区,中落合３丁目,2019-09-28,23,その他の住宅（３階建て以下共同住宅等）,駐車（輪）場,30歳代,その他,施錠した
窃盗,自転車盗,戸塚,西落合交番,131041,東京都,新宿区,中落合３丁目,2020-06-08,19,４階建て以上共同住宅,駐車（輪）場,20歳代,大学生,施錠した
窃盗,自転車盗,戸塚,西落合交番,131041,東京都,新宿区,中落合３丁目,2020-07-09,14,その他の住宅（３階建て以下共同住宅等）,その他,20歳代,大学生,施錠した
窃盗,自転車盗,戸塚,西落合交番,131041,東京都,新宿区,西落合１丁目,2019-11-06,19,道路上,その他,20歳代,その他,施錠した
窃盗,自転車盗,戸塚,西落合交番,131041,東京都,新宿区,西落合１丁目,2019-11-06,19,道路上,その他,20歳代,その他,施錠した
窃盗,自転車盗,戸塚,西落合交番,131041,東京都,新宿区,西落合２丁目,2020-03-21,13,４階建て以上共同住宅,駐車（輪）場,20歳代,その他,施錠した
窃盗,自転車盗,戸塚,西落合交番,131041,東京都,新宿区,西落合２丁目,2020-08-01,15,道路上,その他,30歳代,その他,施錠した
窃盗,自転車盗,戸塚,西落合交番,131041,東京都,新宿区,西落合３丁目,2020-03-17,08,道路上,その他,30歳代,その他,施錠した
窃盗,自転車盗,戸塚,西落合交番,131041,東京都,新宿区,西落合３丁目,2020-04-11,20,駐車（輪）場,駐車（輪）場,20歳代,大学生,施錠した
窃盗,自転車盗,戸塚,西落合交番,131041,東京都,新宿区,西落合３丁目,2020-08-02,15,道路上,その他,10歳代,大学生,施錠した
窃盗,自転車盗,戸塚,西落合交番,131041,東京都,新宿区,西落合３丁目,2020-08-25,08,その他,その他,40歳代,その他,施錠した
窃盗,自転車盗,戸塚,上落合交番,131041,東京都,新宿区,上落合１丁目,2020-03-04,23,その他,駐車（輪）場,30歳代,その他,施錠した
窃盗,自転車盗,戸塚,上落合交番,131041,東京都,新宿区,上落合２丁目,2020-01-10,05,道路上,その他,10歳代,高校生,施錠した
窃盗,自転車盗,戸塚,上落合交番,131041,東京都,新宿区,上落合２丁目,2020-07-11,08,４階建て以上共同住宅,その他,65-69歳,その他,施錠した
窃盗,自転車盗,戸塚,上落合交番,131041,東京都,新宿区,上落合２丁目,2020-07-12,12,４階建て以上共同住宅,駐車（輪）場,20歳代,その他,施錠した
窃盗,自転車盗,戸塚,上落合交番,131041,東京都,新宿区,上落合２丁目,2020-11-02,08,駐車（輪）場,駐車（輪）場,10歳代,高校生,施錠した
窃盗,自転車盗,戸塚,上落合交番,131041,東京都,新宿区,上落合３丁目,2020-01-18,18,４階建て以上共同住宅,駐車（輪）場,50歳代,その他,施錠した
窃盗,自転車盗,戸塚,上落合交番,131041,東京都,新宿区,上落合３丁目,2020-06-18,19,その他の住宅（３階建て以下共同住宅等）,駐車（輪）場,20歳代,その他,施錠した
窃盗,自転車盗,戸塚,上落合交番,131041,東京都,新宿区,上落合３丁目,2020-09-23,14,駐車（輪）場,駐車（輪）場,10歳代,中学生,施錠した
窃盗,自転車盗,戸塚,上落合交番,131041,東京都,新宿区,中井１丁目,2020-08-01,13,その他の住宅（３階建て以下共同住宅等）,駐車（輪）場,20歳代,その他,施錠した
窃盗,自転車盗,戸塚,上落合交番,131041,東京都,新宿区,中落合１丁目,2020-08-24,14,道路上,その他,70歳以上,その他,施錠した
窃盗,自転車盗,戸塚,上落合交番,131041,東京都,新宿区,中落合１丁目,2020-10-16,18,道路上,その他,70歳以上,その他,施錠した
窃盗,自転車盗,戸塚,下落合三丁目駐在所,131041,東京都,新宿区,下落合２丁目,2020-02-28,17,その他の住宅（３階建て以下共同住宅等）,その他,30歳代,その他,施錠した
窃盗,自転車盗,戸塚,下落合三丁目駐在所,131041,東京都,新宿区,下落合３丁目,2020-08-26,19,道路上,その他,70歳以上,その他,施錠した
窃盗,自転車盗,四谷,四谷見附交番,131041,東京都,新宿区,三栄町,2020-11-06,18,その他,その他,70歳以上,その他,施錠した
窃盗,自転車盗,四谷,四谷見附交番,131041,東京都,新宿区,三栄町,2020-11-27,18,４階建て以上共同住宅,その他,70歳以上,その他,施錠した
窃盗,自転車盗,四谷,四谷見附交番,131041,東京都,新宿区,四谷１丁目,2020-03-26,10,道路上,その他,40歳代,その他,施錠した
窃盗,自転車盗,四谷,四谷見附交番,131041,東京都,新宿区,四谷１丁目,2020-06-10,00,道路上,その他,40歳代,その他,施錠した
窃盗,自転車盗,四谷,四谷見附交番,131041,東京都,新宿区,四谷１丁目,2020-11-13,23,その他,その他,30歳代,その他,施錠した
窃盗,自転車盗,四谷,四谷見附交番,131041,東京都,新宿区,四谷２丁目,2017-07-21,00,４階建て以上共同住宅,駐車（輪）場,40歳代,その他,施錠した
窃盗,自転車盗,四谷,四谷見附交番,131041,東京都,新宿区,若葉２丁目,2020-04-05,20,道路上,その他,20歳代,その他,施錠した
窃盗,自転車盗,四谷,四谷三丁目交番,131041,東京都,新宿区,愛住町,2020-01-10,00,道路上,その他,30歳代,その他,施錠した
窃盗,自転車盗,四谷,四谷三丁目交番,131041,東京都,新宿区,愛住町,2020-10-02,09,道路上,その他,30歳代,その他,施錠した
窃盗,自転車盗,四谷,四谷三丁目交番,131041,東京都,新宿区,荒木町,2020-04-02,09,その他の住宅（３階建て以下共同住宅等）,その他,40歳代,その他,施錠した
窃盗,自転車盗,四谷,四谷三丁目交番,131041,東京都,新宿区,新宿３丁目,2019-12-08,20,道路上,その他,20歳代,大学生,施錠した
窃盗,自転車盗,四谷,四谷三丁目交番,131041,東京都,新宿区,新宿３丁目,2020-08-05,17,道路上,その他,65-69歳,その他,施錠した
窃盗,自転車盗,四谷,四谷三丁目交番,131041,東京都,新宿区,舟町,2019-10-05,09,４階建て以上共同住宅,駐車（輪）場,20歳代,その他,施錠した
窃盗,自転車盗,四谷,四谷三丁目交番,131041,東京都,新宿区,舟町,2020-04-24,14,４階建て以上共同住宅,駐車（輪）場,40歳代,その他,施錠した
窃盗,自転車盗,四谷,四谷三丁目交番,131041,東京都,新宿区,舟町,2020-08-20,17,道路上,その他,50歳代,その他,施錠した
窃盗,自転車盗,四谷,四谷三丁目交番,131041,東京都,新宿区,四谷３丁目,2019-12-19,11,その他,駐車（輪）場,法人・団体、被害者なし,法人・団体、被害者なし,施錠した
窃盗,自転車盗,四谷,四谷三丁目交番,131041,東京都,新宿区,四谷３丁目,2020-02-28,14,道路上,その他,70歳以上,その他,施錠した
窃盗,自転車盗,四谷,四谷三丁目交番,131041,東京都,新宿区,四谷３丁目,2020-06-26,05,その他,駐車（輪）場,40歳代,その他,施錠した
窃盗,自転車盗,四谷,四谷三丁目交番,131041,東京都,新宿区,四谷３丁目,2020-09-18,20,道路上,その他,50歳代,その他,施錠した
窃盗,自転車盗,四谷,四谷三丁目交番,131041,東京都,新宿区,四谷４丁目,2020-03-01,10,４階建て以上共同住宅,駐車（輪）場,50歳代,その他,施錠した
窃盗,自転車盗,四谷,四谷三丁目交番,131041,東京都,新宿区,四谷４丁目,2020-07-05,17,４階建て以上共同住宅,駐車（輪）場,20歳代,その他,施錠した
窃盗,自転車盗,四谷,四谷三丁目交番,131041,東京都,新宿区,四谷４丁目,2020-07-11,23,道路上,その他,50歳代,その他,施錠した
窃盗,自転車盗,四谷,四谷三丁目交番,131041,東京都,新宿区,四谷４丁目,2020-07-20,08,道路上,その他,20歳代,その他,施錠した
窃盗,自転車盗,四谷,四谷三丁目交番,131041,東京都,新宿区,四谷４丁目,2020-07-25,15,駐車（輪）場,駐車（輪）場,10歳代,中学生,施錠した
窃盗,自転車盗,四谷,信濃町交番,131041,東京都,新宿区,左門町,2020-09-15,14,駐車（輪）場,駐車（輪）場,60-64歳,その他,施錠した
窃盗,自転車盗,四谷,信濃町交番,131041,東京都,新宿区,信濃町,2020-01-17,13,道路上,その他,40歳代,その他,施錠した
窃盗,自転車盗,四谷,信濃町交番,131041,東京都,新宿区,信濃町,2020-07-10,07,道路上,その他,40歳代,その他,施錠した
窃盗,自転車盗,四谷,信濃町交番,131041,東京都,新宿区,四谷３丁目,2020-04-07,20,道路上,その他,30歳代,その他,施錠した
窃盗,自転車盗,四谷,信濃町交番,131041,東京都,新宿区,若葉２丁目,2020-02-01,00,その他の住宅（３階建て以下共同住宅等）,駐車（輪）場,20歳代,その他,施錠した
窃盗,自転車盗,四谷,大京町交番,131041,東京都,新宿区,大京町,2020-09-30,17,駐車（輪）場,駐車（輪）場,20歳代,その他,施錠した
窃盗,自転車盗,四谷,大京町交番,131041,東京都,新宿区,大京町,2020-11-13,15,４階建て以上共同住宅,駐車（輪）場,20歳代,その他,施錠した
窃盗,自転車盗,四谷,大京町交番,131041,東京都,新宿区,内藤町,2020-06-02,03,一戸建住宅,その他,20歳代,その他,施錠した
窃盗,自転車盗,四谷,新宿交番,131041,東京都,新宿区,新宿１丁目,2019-12-24,10,道路上,その他,法人・団体、被害者なし,法人・団体、被害者なし,施錠した
窃盗,自転車盗,四谷,新宿交番,131041,東京都,新宿区,新宿１丁目,2020-02-11,17,道路上,その他,50歳代,その他,施錠した
窃盗,自転車盗,四谷,新宿交番,131041,東京都,新宿区,新宿１丁目,2020-02-16,12,道路上,その他,30歳代,その他,施錠した
窃盗,自転車盗,四谷,新宿交番,131041,東京都,新宿区,新宿１丁目,2020-03-31,23,道路上,その他,30歳代,その他,施錠した
窃盗,自転車盗,四谷,新宿交番,131041,東京都,新宿区,新宿１丁目,2020-05-16,06,道路上,その他,40歳代,その他,施錠した
窃盗,自転車盗,四谷,新宿交番,131041,東京都,新宿区,新宿１丁目,2020-06-04,19,道路上,その他,40歳代,その他,施錠した
窃盗,自転車盗,四谷,新宿交番,131041,東京都,新宿区,新宿１丁目,2020-06-25,14,道路上,その他,20歳代,その他,施錠した
窃盗,自転車盗,四谷,新宿交番,131041,東京都,新宿区,新宿１丁目,2020-07-03,08,道路上,その他,20歳代,その他,施錠した
窃盗,自転車盗,四谷,新宿交番,131041,東京都,新宿区,新宿１丁目,2020-07-05,15,その他,その他,30歳代,その他,施錠した
窃盗,自転車盗,四谷,新宿交番,131041,東京都,新宿区,新宿１丁目,2020-07-08,13,道路上,その他,40歳代,その他,施錠した
窃盗,自転車盗,四谷,新宿交番,131041,東京都,新宿区,新宿１丁目,2020-07-20,00,道路上,その他,40歳代,その他,施錠した
窃盗,自転車盗,四谷,新宿交番,131041,東京都,新宿区,新宿１丁目,2020-07-31,19,道路上,その他,30歳代,その他,施錠した
窃盗,自転車盗,四谷,新宿交番,131041,東京都,新宿区,新宿１丁目,2020-08-12,20,道路上,その他,20歳代,その他,施錠した
窃盗,自転車盗,四谷,新宿交番,131041,東京都,新宿区,新宿１丁目,2020-10-14,12,道路上,その他,70歳以上,その他,施錠した
窃盗,自転車盗,四谷,新宿交番,131041,東京都,新宿区,新宿２丁目,2020-07-07,22,道路上,その他,40歳代,その他,施錠した
窃盗,自転車盗,四谷,新宿交番,131041,東京都,新宿区,新宿２丁目,2020-08-19,06,駐車（輪）場,駐車（輪）場,30歳代,その他,施錠した
窃盗,自転車盗,四谷,新宿交番,131041,東京都,新宿区,新宿２丁目,2020-08-24,00,道路上,その他,40歳代,その他,施錠した
窃盗,自転車盗,四谷,新宿交番,131041,東京都,新宿区,新宿２丁目,2020-09-20,01,道路上,その他,30歳代,その他,施錠した
窃盗,自転車盗,四谷,新宿交番,131041,東京都,新宿区,新宿５丁目,2020-07-12,18,道路上,その他,65-69歳,その他,施錠した
窃盗,自転車盗,四谷,御苑大通交番,131041,東京都,新宿区,新宿１丁目,2020-03-13,17,道路上,その他,20歳代,大学生,施錠した
窃盗,自転車盗,四谷,御苑大通交番,131041,東京都,新宿区,新宿１丁目,2020-03-18,12,道路上,その他,30歳代,その他,施錠した
窃盗,自転車盗,四谷,御苑大通交番,131041,東京都,新宿区,新宿１丁目,2020-04-11,15,４階建て以上共同住宅,駐車（輪）場,20歳代,その他,施錠した
窃盗,自転車盗,四谷,御苑大通交番,131041,東京都,新宿区,新宿１丁目,2020-10-17,10,道路上,その他,60-64歳,その他,施錠した
窃盗,自転車盗,四谷,御苑大通交番,131041,東京都,新宿区,新宿２丁目,2020-03-11,16,道路上,その他,30歳代,その他,施錠した
窃盗,自転車盗,四谷,御苑大通交番,131041,東京都,新宿区,新宿２丁目,2020-10-13,13,道路上,その他,30歳代,その他,施錠した
窃盗,自転車盗,四谷,御苑大通交番,131041,東京都,新宿区,新宿２丁目,2020-10-20,18,駐車（輪）場,駐車（輪）場,30歳代,その他,施錠した
窃盗,自転車盗,四谷,御苑大通交番,131041,東京都,新宿区,新宿３丁目,2020-08-09,06,道路上,その他,50歳代,その他,施錠した
窃盗,自転車盗,四谷,御苑大通交番,131041,東京都,新宿区,新宿５丁目,2020-03-22,21,４階建て以上共同住宅,駐車（輪）場,30歳代,その他,施錠した
窃盗,自転車盗,四谷,御苑大通交番,131041,東京都,新宿区,新宿５丁目,2020-11-17,21,道路上,その他,10歳代,高校生,施錠した
窃盗,自転車盗,四谷,追分交番,131041,東京都,新宿区,新宿２丁目,2020-08-05,15,駐車（輪）場,駐車（輪）場,30歳代,その他,施錠した
窃盗,自転車盗,四谷,追分交番,131041,東京都,新宿区,新宿３丁目,2019-12-13,09,道路上,その他,30歳代,その他,施錠した
窃盗,自転車盗,四谷,追分交番,131041,東京都,新宿区,新宿３丁目,2020-02-07,09,駐車（輪）場,駐車（輪）場,20歳代,その他,施錠した
窃盗,自転車盗,四谷,追分交番,131041,東京都,新宿区,新宿３丁目,2020-02-21,20,道路上,その他,20歳代,その他,施錠した
窃盗,自転車盗,四谷,追分交番,131041,東京都,新宿区,新宿３丁目,2020-03-11,14,道路上,その他,40歳代,その他,施錠した
窃盗,自転車盗,四谷,追分交番,131041,東京都,新宿区,新宿３丁目,2020-03-19,08,駐車（輪）場,駐車（輪）場,20歳代,その他,施錠した
窃盗,自転車盗,四谷,追分交番,131041,東京都,新宿区,新宿３丁目,2020-03-27,15,道路上,その他,40歳代,その他,施錠した
窃盗,自転車盗,四谷,追分交番,131041,東京都,新宿区,新宿３丁目,2020-09-21,23,道路上,その他,50歳代,その他,施錠した
窃盗,自転車盗,四谷,新宿四丁目交番,131041,東京都,新宿区,新宿２丁目,2020-09-04,11,駐車（輪）場,駐車（輪）場,50歳代,その他,施錠した
窃盗,自転車盗,四谷,新宿四丁目交番,131041,東京都,新宿区,新宿２丁目,2020-11-18,14,道路上,その他,20歳代,大学生,施錠した
窃盗,自転車盗,四谷,新宿四丁目交番,131041,東京都,新宿区,新宿４丁目,2020-11-07,19,道路上,その他,50歳代,その他,施錠した
窃盗,自転車盗,四谷,花園交番,131041,東京都,新宿区,歌舞伎町１丁目,2020-01-30,10,道路上,その他,30歳代,その他,施錠した
窃盗,自転車盗,四谷,花園交番,131041,東京都,新宿区,歌舞伎町１丁目,2020-10-03,22,その他,駐車（輪）場,65-69歳,その他,施錠した
窃盗,自転車盗,四谷,花園交番,131041,東京都,新宿区,歌舞伎町１丁目,2020-10-06,00,道路上,その他,30歳代,その他,施錠した
窃盗,自転車盗,四谷,花園交番,131041,東京都,新宿区,新宿５丁目,2019-12-23,12,道路上,その他,20歳代,その他,施錠した
窃盗,自転車盗,四谷,花園交番,131041,東京都,新宿区,新宿５丁目,2020-01-09,20,４階建て以上共同住宅,駐車（輪）場,40歳代,その他,施錠した
窃盗,自転車盗,四谷,花園交番,131041,東京都,新宿区,新宿５丁目,2020-01-19,18,４階建て以上共同住宅,駐車（輪）場,30歳代,その他,施錠した
窃盗,自転車盗,四谷,花園交番,131041,東京都,新宿区,新宿５丁目,2020-05-02,20,４階建て以上共同住宅,駐車（輪）場,20歳代,その他,施錠した
窃盗,自転車盗,四谷,花園交番,131041,東京都,新宿区,新宿５丁目,2020-05-17,13,４階建て以上共同住宅,駐車（輪）場,30歳代,その他,施錠した
窃盗,自転車盗,四谷,花園交番,131041,東京都,新宿区,新宿５丁目,2020-06-07,18,道路上,その他,40歳代,その他,施錠した
窃盗,自転車盗,四谷,花園交番,131041,東京都,新宿区,新宿５丁目,2020-07-29,21,４階建て以上共同住宅,駐車（輪）場,法人・団体、被害者なし,法人・団体、被害者なし,施錠した
窃盗,自転車盗,四谷,花園交番,131041,東京都,新宿区,新宿５丁目,2020-11-21,19,道路上,その他,30歳代,その他,施錠した
窃盗,自転車盗,中野,中野坂上交番,131148,東京都,中野区,中央１丁目,2020-04-09,18,４階建て以上共同住宅,その他,30歳代,その他,施錠した
窃盗,自転車盗,中野,中野坂上交番,131148,東京都,中野区,中央１丁目,2020-06-18,17,道路上,その他,30歳代,その他,施錠した
窃盗,自転車盗,中野,中野坂上交番,131148,東京都,中野区,中央１丁目,2020-08-24,05,４階建て以上共同住宅,駐車（輪）場,20歳代,その他,施錠した
窃盗,自転車盗,中野,中野坂上交番,131148,東京都,中野区,中央１丁目,2020-10-15,19,４階建て以上共同住宅,駐車（輪）場,40歳代,その他,施錠した
窃盗,自転車盗,中野,中野坂上交番,131148,東京都,中野区,中央２丁目,2020-01-29,11,４階建て以上共同住宅,駐車（輪）場,30歳代,その他,施錠した
窃盗,自転車盗,中野,中野坂上交番,131148,東京都,中野区,中央２丁目,2020-09-02,09,道路上,その他,30歳代,その他,施錠した
窃盗,自転車盗,中野,中野坂上交番,131148,東京都,中野区,中央２丁目,2020-10-07,10,道路上,その他,20歳代,その他,施錠した
窃盗,自転車盗,中野,中野坂上交番,131148,東京都,中野区,本町１丁目,2020-03-27,00,道路上,その他,30歳代,その他,施錠した
窃盗,自転車盗,中野,中野坂上交番,131148,東京都,中野区,本町１丁目,2020-05-03,22,４階建て以上共同住宅,駐車（輪）場,20歳代,その他,施錠した
窃盗,自転車盗,中野,中野坂上交番,131148,東京都,中野区,本町１丁目,2020-06-23,19,４階建て以上共同住宅,駐車（輪）場,40歳代,その他,施錠した
窃盗,自転車盗,中野,中野坂上交番,131148,東京都,中野区,本町１丁目,2020-07-11,20,４階建て以上共同住宅,駐車（輪）場,20歳代,大学生,施錠した
窃盗,自転車盗,中野,中野坂上交番,131148,東京都,中野区,本町１丁目,2020-07-15,23,４階建て以上共同住宅,駐車（輪）場,50歳代,その他,施錠した
窃盗,自転車盗,中野,中野坂上交番,131148,東京都,中野区,本町１丁目,2020-07-28,19,４階建て以上共同住宅,駐車（輪）場,70歳以上,その他,施錠した
窃盗,自転車盗,中野,中野坂上交番,131148,東京都,中野区,本町１丁目,2020-08-15,14,４階建て以上共同住宅,駐車（輪）場,50歳代,その他,施錠した
窃盗,自転車盗,中野,中野坂上交番,131148,東京都,中野区,本町１丁目,2020-08-25,08,その他,駐車（輪）場,30歳代,その他,施錠した
窃盗,自転車盗,中野,中野坂上交番,131148,東京都,中野区,本町２丁目,2020-07-01,13,４階建て以上共同住宅,駐車（輪）場,20歳代,その他,施錠した
窃盗,自転車盗,中野,中野坂上交番,131148,東京都,中野区,本町２丁目,2020-08-16,17,その他の住宅（３階建て以下共同住宅等）,駐車（輪）場,40歳代,その他,施錠した
窃盗,自転車盗,中野,中野坂上交番,131148,東京都,中野区,本町２丁目,2020-09-23,10,その他の住宅（３階建て以下共同住宅等）,駐車（輪）場,30歳代,その他,施錠した
窃盗,自転車盗,中野,中野坂上交番,131148,東京都,中野区,本町２丁目,2020-10-03,20,４階建て以上共同住宅,駐車（輪）場,20歳代,その他,施錠した
窃盗,自転車盗,中野,中野坂上交番,131148,東京都,中野区,本町２丁目,2020-10-29,08,４階建て以上共同住宅,駐車（輪）場,65-69歳,その他,施錠した
窃盗,自転車盗,中野,中野坂上交番,131148,東京都,中野区,本町２丁目,2020-12-12,19,４階建て以上共同住宅,駐車（輪）場,30歳代,その他,施錠した
窃盗,自転車盗,中野,中野坂上交番,131148,東京都,中野区,本町３丁目,2020-04-24,17,４階建て以上共同住宅,駐車（輪）場,30歳代,その他,施錠した
窃盗,自転車盗,中野,東中野駅前交番,131041,東京都,新宿区,上落合１丁目,2020-03-07,21,道路上,その他,20歳代,その他,施錠した
窃盗,自転車盗,中野,東中野駅前交番,131148,東京都,中野区,中野２丁目,2020-04-18,19,その他の住宅（３階建て以下共同住宅等）,駐車（輪）場,20歳代,その他,施錠した
窃盗,自転車盗,中野,東中野駅前交番,131148,東京都,中野区,東中野１丁目,2019-07-25,23,その他の住宅（３階建て以下共同住宅等）,駐車（輪）場,20歳代,その他,施錠した
窃盗,自転車盗,中野,東中野駅前交番,131148,東京都,中野区,東中野１丁目,2019-12-31,17,駐車（輪）場,駐車（輪）場,20歳代,その他,施錠した
窃盗,自転車盗,中野,東中野駅前交番,131148,東京都,中野区,東中野１丁目,2020-01-16,06,一戸建住宅,その他,40歳代,その他,施錠した
窃盗,自転車盗,中野,東中野駅前交番,131148,東京都,中野区,東中野１丁目,2020-03-23,00,道路上,その他,50歳代,その他,施錠した
窃盗,自転車盗,中野,東中野駅前交番,131148,東京都,中野区,東中野１丁目,2020-05-17,18,４階建て以上共同住宅,その他,20歳代,その他,施錠した
窃盗,自転車盗,中野,東中野駅前交番,131148,東京都,中野区,東中野１丁目,2020-07-11,13,一戸建住宅,その他,60-64歳,その他,施錠した
窃盗,自転車盗,中野,東中野駅前交番,131148,東京都,中野区,東中野１丁目,2020-11-06,16,道路上,その他,30歳代,その他,施錠した
窃盗,自転車盗,中野,東中野駅前交番,131148,東京都,中野区,東中野２丁目,2020-01-24,06,駐車（輪）場,駐車（輪）場,20歳代,大学生,施錠した
窃盗,自転車盗,中野,東中野駅前交番,131148,東京都,中野区,東中野２丁目,2020-07-05,22,その他の住宅（３階建て以下共同住宅等）,駐車（輪）場,30歳代,その他,施錠した
窃盗,自転車盗,中野,東中野駅前交番,131148,東京都,中野区,東中野４丁目,2020-02-08,15,道路上,その他,50歳代,その他,施錠した
窃盗,自転車盗,中野,東中野駅前交番,131148,東京都,中野区,東中野４丁目,2020-04-02,05,その他,その他,20歳代,大学生,施錠した
窃盗,自転車盗,中野,東中野駅前交番,131148,東京都,中野区,東中野４丁目,2020-09-06,23,４階建て以上共同住宅,駐車（輪）場,60-64歳,その他,施錠した
窃盗,自転車盗,中野,東中野駅前交番,131148,東京都,中野区,東中野４丁目,2020-11-13,19,その他,その他,法人・団体、被害者なし,法人・団体、被害者なし,施錠した
窃盗,自転車盗,中野,東中野駅前交番,131148,東京都,中野区,東中野５丁目,2020-05-23,19,４階建て以上共同住宅,駐車（輪）場,20歳代,その他,施錠した
窃盗,自転車盗,中野,東中野駅前交番,131148,東京都,中野区,東中野５丁目,2020-07-01,20,４階建て以上共同住宅,駐車（輪）場,40歳代,その他,施錠した
窃盗,自転車盗,中野,東中野駅前交番,131148,東京都,中野区,東中野５丁目,2020-07-10,00,道路上,その他,30歳代,その他,施錠した
窃盗,自転車盗,中野,東中野駅前交番,131148,東京都,中野区,東中野５丁目,2020-08-20,18,道路上,その他,20歳代,その他,施錠した
窃盗,自転車盗,中野,早稲田通交番,131148,東京都,中野区,中野１丁目,2020-01-25,18,一戸建住宅,その他,50歳代,その他,施錠した
窃盗,自転車盗,中野,早稲田通交番,131148,東京都,中野区,中野１丁目,2020-02-12,21,４階建て以上共同住宅,駐車（輪）場,50歳代,その他,施錠した
窃盗,自転車盗,中野,早稲田通交番,131148,東京都,中野区,中野１丁目,2020-07-14,02,４階建て以上共同住宅,駐車（輪）場,30歳代,その他,施錠した
窃盗,自転車盗,中野,早稲田通交番,131148,東京都,中野区,中野１丁目,2020-07-14,02,４階建て以上共同住宅,駐車（輪）場,30歳代,その他,施錠した
窃盗,自転車盗,中野,早稲田通交番,131148,東京都,中野区,中野１丁目,2020-07-20,17,４階建て以上共同住宅,駐車（輪）場,50歳代,その他,施錠した
窃盗,自転車盗,中野,早稲田通交番,131148,東京都,中野区,中野１丁目,2020-10-12,12,その他の住宅（３階建て以下共同住宅等）,その他,30歳代,その他,施錠した
窃盗,自転車盗,中野,早稲田通交番,131148,東京都,中野区,中野１丁目,2020-10-21,10,その他,駐車（輪）場,50歳代,その他,施錠した
窃盗,自転車盗,中野,早稲田通交番,131148,東京都,中野区,中野１丁目,2020-11-15,20,その他の住宅（３階建て以下共同住宅等）,駐車（輪）場,40歳代,その他,施錠した
窃盗,自転車盗,中野,早稲田通交番,131148,東京都,中野区,中野５丁目,2020-02-05,20,その他の住宅（３階建て以下共同住宅等）,駐車（輪）場,40歳代,その他,施錠した
窃盗,自転車盗,中野,早稲田通交番,131148,東京都,中野区,中野５丁目,2020-03-17,21,道路上,その他,65-69歳,その他,施錠した
窃盗,自転車盗,中野,早稲田通交番,131148,東京都,中野区,中野５丁目,2020-07-08,13,４階建て以上共同住宅,その他,20歳代,その他,施錠した
窃盗,自転車盗,中野,早稲田通交番,131148,東京都,中野区,中野５丁目,2020-09-22,18,４階建て以上共同住宅,駐車（輪）場,20歳代,その他,施錠した
窃盗,自転車盗,中野,早稲田通交番,131148,東京都,中野区,中野５丁目,2020-09-25,11,４階建て以上共同住宅,駐車（輪）場,20歳代,その他,施錠した
窃盗,自転車盗,中野,早稲田通交番,131148,東京都,中野区,中野６丁目,2020-03-29,19,４階建て以上共同住宅,その他,20歳代,その他,施錠した
窃盗,自転車盗,中野,早稲田通交番,131148,東京都,中野区,中野６丁目,2020-10-12,07,４階建て以上共同住宅,駐車（輪）場,50歳代,その他,施錠した
窃盗,自転車盗,中野,早稲田通交番,131148,東京都,中野区,東中野３丁目,2020-02-10,11,道路上,その他,10歳代,高校生,施錠した
窃盗,自転車盗,中野,早稲田通交番,131148,東京都,中野区,本町６丁目,2020-08-02,18,道路上,その他,20歳代,その他,施錠した
窃盗,自転車盗,中野,中野駅前交番,131148,東京都,中野区,本町５丁目,2020-01-16,14,道路上,その他,30歳代,その他,施錠した
窃盗,自転車盗,中野,中野駅前交番,131148,東京都,中野区,中央４丁目,2020-05-07,18,４階建て以上共同住宅,その他,65-69歳,その他,施錠した
窃盗,自転車盗,中野,中野駅前交番,131148,東京都,中野区,中央４丁目,2020-08-23,15,４階建て以上共同住宅,駐車（輪）場,10歳代,小学生,施錠した
窃盗,自転車盗,中野,中野駅前交番,131148,東京都,中野区,中央５丁目,2020-02-01,19,４階建て以上共同住宅,その他,30歳代,その他,施錠した
窃盗,自転車盗,中野,中野駅前交番,131148,東京都,中野区,中野１丁目,2020-02-25,10,その他の住宅（３階建て以下共同住宅等）,駐車（輪）場,10歳代,小学生,施錠した
窃盗,自転車盗,中野,中野駅前交番,131148,東京都,中野区,中野１丁目,2020-06-02,16,その他の住宅（３階建て以下共同住宅等）,駐車（輪）場,50歳代,その他,施錠した
窃盗,自転車盗,中野,中野駅前交番,131148,東京都,中野区,中野１丁目,2020-11-01,22,その他の住宅（３階建て以下共同住宅等）,駐車（輪）場,30歳代,その他,施錠した
窃盗,自転車盗,中野,中野駅前交番,131148,東京都,中野区,中野２丁目,2020-05-13,12,道路上,その他,50歳代,その他,施錠した
窃盗,自転車盗,中野,中野駅前交番,131148,東京都,中野区,中野２丁目,2020-07-17,14,道路上,その他,70歳以上,その他,施錠した
窃盗,自転車盗,中野,中野駅前交番,131148,東京都,中野区,中野２丁目,2020-12-24,17,４階建て以上共同住宅,駐車（輪）場,30歳代,その他,施錠した
窃盗,自転車盗,中野,中野駅前交番,131148,東京都,中野区,中野３丁目,2020-01-11,23,道路上,その他,30歳代,その他,施錠した
窃盗,自転車盗,中野,中野駅前交番,131148,東京都,中野区,中野３丁目,2020-04-25,01,道路上,その他,30歳代,その他,施錠した
窃盗,自転車盗,中野,中野駅前交番,131148,東京都,中野区,中野３丁目,2020-06-15,13,４階建て以上共同住宅,駐車（輪）場,30歳代,その他,施錠した
窃盗,自転車盗,中野,中野駅前交番,131148,東京都,中野区,中野３丁目,2020-06-19,14,その他の住宅（３階建て以下共同住宅等）,その他,30歳代,その他,施錠した
窃盗,自転車盗,中野,中野駅前交番,131148,東京都,中野区,中野３丁目,2020-09-08,13,その他,駐車（輪）場,30歳代,その他,施錠した
窃盗,自転車盗,中野,中野駅前交番,131148,東京都,中野区,中野３丁目,2020-09-15,08,道路上,その他,30歳代,その他,施錠した
窃盗,自転車盗,中野,中野駅前交番,131148,東京都,中野区,中野３丁目,2020-10-15,12,その他の住宅（３階建て以下共同住宅等）,駐車（輪）場,40歳代,その他,施錠した
窃盗,自転車盗,中野,中野駅前交番,131148,東京都,中野区,中野３丁目,2020-10-31,22,道路上,その他,20歳代,その他,施錠した
窃盗,自転車盗,中野,中野駅前交番,131148,東京都,中野区,中野３丁目,2020-11-10,02,その他,駐車（輪）場,40歳代,その他,施錠した
窃盗,自転車盗,中野,中野駅前交番,131148,東京都,中野区,中野４丁目,2019-12-13,08,駐車（輪）場,駐車（輪）場,20歳代,その他,施錠した
窃盗,自転車盗,中野,中野駅前交番,131148,東京都,中野区,中野５丁目,2019-12-17,20,道路上,その他,20歳代,その他,施錠した
窃盗,自転車盗,中野,中野駅前交番,131148,東京都,中野区,中野５丁目,2020-01-08,10,道路上,その他,30歳代,その他,施錠した
窃盗,自転車盗,中野,中野駅前交番,131148,東京都,中野区,中野５丁目,2020-01-12,19,道路上,その他,30歳代,その他,施錠した
窃盗,自転車盗,中野,中野駅前交番,131148,東京都,中野区,中野５丁目,2020-01-12,22,その他の住宅（３階建て以下共同住宅等）,その他,40歳代,その他,施錠した
窃盗,自転車盗,中野,中野駅前交番,131148,東京都,中野区,中野５丁目,2020-01-26,13,道路上,その他,60-64歳,その他,施錠した
窃盗,自転車盗,中野,中野駅前交番,131148,東京都,中野区,中野５丁目,2020-01-26,17,道路上,その他,30歳代,その他,施錠した
窃盗,自転車盗,中野,中野駅前交番,131148,東京都,中野区,中野５丁目,2020-02-04,13,駐車（輪）場,駐車（輪）場,30歳代,その他,施錠した
窃盗,自転車盗,中野,中野駅前交番,131148,東京都,中野区,中野５丁目,2020-02-04,23,道路上,その他,20歳代,その他,施錠した
窃盗,自転車盗,中野,中野駅前交番,131148,東京都,中野区,中野５丁目,2020-02-08,12,道路上,その他,30歳代,その他,施錠した
窃盗,自転車盗,中野,中野駅前交番,131148,東京都,中野区,中野５丁目,2020-02-28,15,道路上,その他,70歳以上,その他,施錠した
窃盗,自転車盗,中野,中野駅前交番,131148,東京都,中野区,中野５丁目,2020-03-09,23,その他,駐車（輪）場,20歳代,その他,施錠した
窃盗,自転車盗,中野,中野駅前交番,131148,東京都,中野区,中野５丁目,2020-03-31,12,その他,駐車（輪）場,30歳代,その他,施錠した
窃盗,自転車盗,中野,中野駅前交番,131148,東京都,中野区,中野５丁目,2020-03-31,17,道路上,その他,10歳代,高校生,施錠した
窃盗,自転車盗,中野,中野駅前交番,131148,東京都,中野区,中野５丁目,2020-05-28,18,道路上,その他,10歳代,大学生,施錠した
窃盗,自転車盗,中野,中野駅前交番,131148,東京都,中野区,中野５丁目,2020-06-08,08,その他,その他,40歳代,その他,施錠した
窃盗,自転車盗,中野,中野駅前交番,131148,東京都,中野区,中野５丁目,2020-06-08,21,道路上,その他,30歳代,その他,施錠した
窃盗,自転車盗,中野,中野駅前交番,131148,東京都,中野区,中野５丁目,2020-06-12,22,その他,駐車（輪）場,70歳以上,その他,施錠した
窃盗,自転車盗,中野,中野駅前交番,131148,東京都,中野区,中野５丁目,2020-06-20,19,道路上,その他,40歳代,その他,施錠した
窃盗,自転車盗,中野,中野駅前交番,131148,東京都,中野区,中野５丁目,2020-06-27,20,その他,駐車（輪）場,30歳代,その他,施錠した
窃盗,自転車盗,中野,中野駅前交番,131148,東京都,中野区,中野５丁目,2020-07-10,18,駐車（輪）場,駐車（輪）場,40歳代,その他,施錠した
窃盗,自転車盗,中野,中野駅前交番,131148,東京都,中野区,中野５丁目,2020-07-11,17,道路上,その他,50歳代,その他,施錠した
窃盗,自転車盗,中野,中野駅前交番,131148,東京都,中野区,中野５丁目,2020-07-25,17,道路上,その他,30歳代,その他,施錠した
窃盗,自転車盗,中野,中野駅前交番,131148,東京都,中野区,中野５丁目,2020-08-23,09,道路上,その他,20歳代,大学生,施錠した
窃盗,自転車盗,中野,中野駅前交番,131148,東京都,中野区,中野５丁目,2020-10-29,18,道路上,その他,20歳代,大学生,施錠した
窃盗,自転車盗,中野,中野駅前交番,131148,東京都,中野区,中野５丁目,2020-11-20,15,道路上,その他,30歳代,その他,施錠した
窃盗,自転車盗,中野,本郷通交番,131148,東京都,中野区,本町５丁目,2020-05-11,16,その他の住宅（３階建て以下共同住宅等）,駐車（輪）場,10歳代,大学生,施錠した
窃盗,自転車盗,中野,本郷通交番,131148,東京都,中野区,本町５丁目,2020-07-05,16,その他の住宅（３階建て以下共同住宅等）,その他,20歳代,その他,施錠した
窃盗,自転車盗,中野,本郷通交番,131148,東京都,中野区,本町５丁目,2020-09-16,22,道路上,その他,20歳代,その他,施錠した
窃盗,自転車盗,中野,本郷通交番,131148,東京都,中野区,本町５丁目,2020-10-03,22,４階建て以上共同住宅,駐車（輪）場,30歳代,その他,施錠した
窃盗,自転車盗,中野,本郷通交番,131148,東京都,中野区,本町５丁目,2020-10-27,21,その他の住宅（３階建て以下共同住宅等）,駐車（輪）場,30歳代,その他,施錠した
窃盗,自転車盗,中野,本郷通交番,131148,東京都,中野区,弥生町１丁目,2020-01-20,20,４階建て以上共同住宅,駐車（輪）場,30歳代,その他,施錠した
窃盗,自転車盗,中野,本郷通交番,131148,東京都,中野区,弥生町１丁目,2020-03-24,22,４階建て以上共同住宅,駐車（輪）場,40歳代,その他,施錠した
窃盗,自転車盗,中野,本郷通交番,131148,東京都,中野区,弥生町１丁目,2020-08-21,19,その他の住宅（３階建て以下共同住宅等）,その他,20歳代,その他,施錠した
窃盗,自転車盗,中野,本郷通交番,131148,東京都,中野区,弥生町１丁目,2020-10-07,08,その他の住宅（３階建て以下共同住宅等）,その他,30歳代,その他,施錠した
窃盗,自転車盗,中野,本郷通交番,131148,東京都,中野区,弥生町１丁目,2020-10-25,15,４階建て以上共同住宅,駐車（輪）場,50歳代,その他,施錠した
窃盗,自転車盗,中野,本郷通交番,131148,東京都,中野区,弥生町２丁目,2020-01-17,09,その他,その他,30歳代,その他,施錠した
窃盗,自転車盗,中野,本郷通交番,131148,東京都,中野区,弥生町２丁目,2020-03-20,19,その他の住宅（３階建て以下共同住宅等）,その他,20歳代,その他,施錠した
窃盗,自転車盗,中野,本郷通交番,131148,東京都,中野区,弥生町２丁目,2020-07-04,18,一戸建住宅,その他,50歳代,その他,施錠した
窃盗,自転車盗,中野,本郷通交番,131148,東京都,中野区,弥生町２丁目,2020-08-08,10,道路上,その他,50歳代,その他,施錠した
窃盗,自転車盗,中野,本郷通交番,131148,東京都,中野区,弥生町２丁目,2020-11-01,16,４階建て以上共同住宅,駐車（輪）場,30歳代,その他,施錠した
窃盗,自転車盗,中野,本郷通交番,131148,東京都,中野区,弥生町２丁目,2020-11-12,22,４階建て以上共同住宅,駐車（輪）場,10歳代,高校生,施錠した
窃盗,自転車盗,中野,本郷通交番,131148,東京都,中野区,弥生町３丁目,2020-08-24,01,その他の住宅（３階建て以下共同住宅等）,駐車（輪）場,20歳代,その他,施錠した
窃盗,自転車盗,中野,本郷通交番,131148,東京都,中野区,弥生町３丁目,2020-10-04,00,４階建て以上共同住宅,その他,40歳代,その他,施錠した
窃盗,自転車盗,中野,本郷通交番,131148,東京都,中野区,弥生町４丁目,2020-10-16,20,４階建て以上共同住宅,駐車（輪）場,20歳代,その他,施錠した
窃盗,自転車盗,中野,鍋屋横丁交番,131148,東京都,中野区,中央２丁目,2020-07-22,15,４階建て以上共同住宅,駐車（輪）場,10歳代,大学生,施錠した
窃盗,自転車盗,中野,鍋屋横丁交番,131148,東京都,中野区,中央３丁目,2020-07-18,00,一戸建住宅,その他,30歳代,その他,施錠した
窃盗,自転車盗,中野,鍋屋横丁交番,131148,東京都,中野区,中央３丁目,2020-12-15,13,その他の住宅（３階建て以下共同住宅等）,駐車（輪）場,30歳代,その他,施錠した
窃盗,自転車盗,中野,鍋屋横丁交番,131148,東京都,中野区,本町３丁目,2020-02-22,22,４階建て以上共同住宅,その他,30歳代,その他,施錠した
窃盗,自転車盗,中野,鍋屋横丁交番,131148,東京都,中野区,本町３丁目,2020-03-10,09,４階建て以上共同住宅,駐車（輪）場,40歳代,その他,施錠した
窃盗,自転車盗,中野,鍋屋横丁交番,131148,東京都,中野区,本町３丁目,2020-05-29,20,４階建て以上共同住宅,駐車（輪）場,30歳代,その他,施錠した
窃盗,自転車盗,中野,鍋屋横丁交番,131148,東京都,中野区,本町３丁目,2020-10-16,18,４階建て以上共同住宅,その他,40歳代,その他,施錠した
窃盗,自転車盗,中野,鍋屋横丁交番,131148,東京都,中野区,本町３丁目,2020-10-26,06,その他の住宅（３階建て以下共同住宅等）,駐車（輪）場,30歳代,その他,施錠した
窃盗,自転車盗,中野,南台交番,131148,東京都,中野区,中野２丁目,2020-10-23,21,道路上,その他,30歳代,その他,施錠した
窃盗,自転車盗,中野,南台交番,131148,東京都,中野区,南台１丁目,2020-06-21,00,その他の住宅（３階建て以下共同住宅等）,駐車（輪）場,30歳代,その他,施錠した
窃盗,自転車盗,中野,南台交番,131148,東京都,中野区,南台１丁目,2020-10-15,20,４階建て以上共同住宅,駐車（輪）場,30歳代,その他,施錠した
窃盗,自転車盗,中野,南台交番,131148,東京都,中野区,南台２丁目,2020-02-03,17,４階建て以上共同住宅,駐車（輪）場,20歳代,その他,施錠した
窃盗,自転車盗,中野,南台交番,131148,東京都,中野区,南台２丁目,2020-02-10,09,その他の住宅（３階建て以下共同住宅等）,駐車（輪）場,40歳代,その他,施錠した
窃盗,自転車盗,中野,南台交番,131148,東京都,中野区,南台２丁目,2020-04-18,18,４階建て以上共同住宅,駐車（輪）場,50歳代,その他,施錠した
窃盗,自転車盗,中野,南台交番,131148,東京都,中野区,南台２丁目,2020-06-04,08,４階建て以上共同住宅,駐車（輪）場,50歳代,その他,施錠した
窃盗,自転車盗,中野,南台交番,131148,東京都,中野区,南台３丁目,2020-01-06,07,４階建て以上共同住宅,その他,20歳代,その他,施錠した
窃盗,自転車盗,中野,南台交番,131148,東京都,中野区,南台３丁目,2020-06-14,08,その他の住宅（３階建て以下共同住宅等）,駐車（輪）場,法人・団体、被害者なし,法人・団体、被害者なし,施錠した
窃盗,自転車盗,中野,南台交番,131148,東京都,中野区,南台３丁目,2020-08-22,20,４階建て以上共同住宅,駐車（輪）場,10歳未満,小学生,施錠した
窃盗,自転車盗,中野,南台交番,131148,東京都,中野区,南台３丁目,2020-11-21,20,４階建て以上共同住宅,駐車（輪）場,20歳代,その他,施錠した
窃盗,自転車盗,中野,南台交番,131148,東京都,中野区,南台３丁目,2020-11-28,05,その他,その他,30歳代,その他,施錠した
窃盗,自転車盗,中野,南台交番,131148,東京都,中野区,南台３丁目,2020-12-08,09,その他,駐車（輪）場,10歳代,高校生,施錠した
窃盗,自転車盗,中野,南台交番,131148,東京都,中野区,南台４丁目,2019-12-23,09,その他の住宅（３階建て以下共同住宅等）,その他,20歳代,その他,施錠した
窃盗,自転車盗,中野,南台交番,131148,東京都,中野区,南台４丁目,2020-03-24,09,その他の住宅（３階建て以下共同住宅等）,その他,20歳代,その他,施錠した
窃盗,自転車盗,中野,南台交番,131148,東京都,中野区,南台４丁目,2020-05-15,18,その他の住宅（３階建て以下共同住宅等）,駐車（輪）場,30歳代,その他,施錠した
窃盗,自転車盗,中野,南台交番,131148,東京都,中野区,南台４丁目,2020-08-24,22,一戸建住宅,駐車（輪）場,10歳代,大学生,施錠した
窃盗,自転車盗,中野,南台交番,131148,東京都,中野区,南台４丁目,2020-09-01,17,道路上,その他,40歳代,その他,施錠した
窃盗,自転車盗,中野,南台交番,131148,東京都,中野区,南台５丁目,2020-04-26,15,その他の住宅（３階建て以下共同住宅等）,その他,20歳代,その他,施錠した
窃盗,自転車盗,中野,南台交番,131148,東京都,中野区,弥生町３丁目,2020-02-01,14,４階建て以上共同住宅,駐車（輪）場,40歳代,その他,施錠した
窃盗,自転車盗,中野,南台交番,131148,東京都,中野区,弥生町４丁目,2020-08-03,10,道路上,その他,70歳以上,その他,施錠した
窃盗,自転車盗,中野,南台交番,131148,東京都,中野区,弥生町５丁目,2020-08-11,13,道路上,その他,40歳代,その他,施錠した
窃盗,自転車盗,中野,南台交番,131148,東京都,中野区,弥生町５丁目,2020-10-01,06,その他,駐車（輪）場,10歳代,高校生,施錠した
窃盗,自転車盗,中野,昭和さくら駐在所,131148,東京都,中野区,上高田１丁目,2020-07-22,16,その他の住宅（３階建て以下共同住宅等）,駐車（輪）場,20歳代,その他,施錠した
窃盗,自転車盗,中野,昭和さくら駐在所,131148,東京都,中野区,上高田１丁目,2020-11-03,01,その他の住宅（３階建て以下共同住宅等）,駐車（輪）場,法人・団体、被害者なし,法人・団体、被害者なし,施錠した
窃盗,自転車盗,中野,昭和さくら駐在所,131148,東京都,中野区,東中野３丁目,2020-01-18,19,４階建て以上共同住宅,駐車（輪）場,20歳代,その他,施錠した
窃盗,自転車盗,中野,中央五丁目交番,131148,東京都,中野区,中央４丁目,2020-02-02,01,４階建て以上共同住宅,その他,20歳代,大学生,施錠した
窃盗,自転車盗,中野,中央五丁目交番,131148,東京都,中野区,中央４丁目,2020-02-11,19,その他,駐車（輪）場,30歳代,その他,施錠した
窃盗,自転車盗,中野,中央五丁目交番,131148,東京都,中野区,中央４丁目,2020-06-30,18,その他の住宅（３階建て以下共同住宅等）,駐車（輪）場,20歳代,その他,施錠した
窃盗,自転車盗,中野,中央五丁目交番,131148,東京都,中野区,中央４丁目,2020-08-15,18,一戸建住宅,その他,30歳代,その他,施錠した
窃盗,自転車盗,中野,中央五丁目交番,131148,東京都,中野区,中央４丁目,2020-12-07,18,４階建て以上共同住宅,その他,40歳代,その他,施錠した
窃盗,自転車盗,中野,中央五丁目交番,131148,東京都,中野区,中央５丁目,2020-04-23,22,４階建て以上共同住宅,駐車（輪）場,40歳代,その他,施錠した
窃盗,自転車盗,中野,中央五丁目交番,131148,東京都,中野区,中央５丁目,2020-08-08,08,その他の住宅（３階建て以下共同住宅等）,駐車（輪）場,30歳代,その他,施錠した
窃盗,自転車盗,中野,中央五丁目交番,131148,東京都,中野区,中央５丁目,2020-08-31,08,４階建て以上共同住宅,駐車（輪）場,30歳代,その他,施錠した
窃盗,自転車盗,中野,中央五丁目交番,131148,東京都,中野区,中央５丁目,2020-11-04,00,４階建て以上共同住宅,駐車（輪）場,30歳代,その他,施錠した
窃盗,自転車盗,中野,中央五丁目交番,131148,東京都,中野区,中央５丁目,2020-11-10,22,道路上,その他,10歳代,高校生,施錠した
窃盗,自転車盗,中野,中央五丁目交番,131148,東京都,中野区,中野５丁目,2020-11-26,11,その他,駐車（輪）場,20歳代,その他,施錠した
窃盗,自転車盗,中野,中央五丁目交番,131148,東京都,中野区,本町４丁目,2020-05-24,22,４階建て以上共同住宅,駐車（輪）場,40歳代,その他,施錠した
窃盗,自転車盗,中野,中央五丁目交番,131148,東京都,中野区,本町４丁目,2020-08-07,22,一戸建住宅,駐車（輪）場,65-69歳,その他,施錠した
窃盗,自転車盗,中野,中央五丁目交番,131148,東京都,中野区,本町４丁目,2020-10-11,20,その他の住宅（３階建て以下共同住宅等）,その他,30歳代,その他,施錠した
窃盗,自転車盗,中野,中央五丁目交番,131148,東京都,中野区,本町６丁目,2020-02-27,16,その他の住宅（３階建て以下共同住宅等）,その他,20歳代,その他,施錠した
窃盗,自転車盗,中野,中央五丁目交番,131148,東京都,中野区,本町６丁目,2020-07-23,01,道路上,その他,30歳代,その他,施錠した
窃盗,自転車盗,中野,中央五丁目交番,131148,東京都,中野区,本町６丁目,2020-09-08,09,その他,駐車（輪）場,20歳代,その他,施錠した
窃盗,自転車盗,野方,薬師駅前交番,131148,東京都,中野区,新井１丁目,2020-01-13,12,その他の住宅（３階建て以下共同住宅等）,その他,40歳代,その他,施錠した
窃盗,自転車盗,野方,薬師駅前交番,131148,東京都,中野区,新井１丁目,2020-01-13,13,その他の住宅（３階建て以下共同住宅等）,駐車（輪）場,20歳代,その他,施錠した
窃盗,自転車盗,野方,薬師駅前交番,131148,東京都,中野区,新井１丁目,2020-06-03,18,４階建て以上共同住宅,駐車（輪）場,40歳代,その他,施錠した
窃盗,自転車盗,野方,薬師駅前交番,131148,東京都,中野区,新井１丁目,2020-09-22,18,駐車（輪）場,駐車（輪）場,30歳代,その他,施錠した
窃盗,自転車盗,野方,薬師駅前交番,131148,東京都,中野区,新井２丁目,2019-12-17,13,道路上,その他,50歳代,その他,施錠した
窃盗,自転車盗,野方,薬師駅前交番,131148,東京都,中野区,新井５丁目,2020-01-09,22,４階建て以上共同住宅,駐車（輪）場,40歳代,その他,施錠した
窃盗,自転車盗,野方,薬師駅前交番,131148,東京都,中野区,新井５丁目,2020-03-28,11,道路上,その他,30歳代,その他,施錠した
窃盗,自転車盗,野方,薬師駅前交番,131148,東京都,中野区,新井５丁目,2020-11-21,10,４階建て以上共同住宅,駐車（輪）場,30歳代,その他,施錠した
窃盗,自転車盗,野方,薬師駅前交番,131148,東京都,中野区,上高田３丁目,2020-03-02,20,その他の住宅（３階建て以下共同住宅等）,駐車（輪）場,20歳代,その他,施錠した
窃盗,自転車盗,野方,薬師駅前交番,131148,東京都,中野区,上高田３丁目,2020-04-15,21,４階建て以上共同住宅,駐車（輪）場,20歳代,その他,施錠した
窃盗,自転車盗,野方,薬師駅前交番,131148,東京都,中野区,上高田３丁目,2020-04-21,18,４階建て以上共同住宅,その他,60-64歳,その他,施錠した
窃盗,自転車盗,野方,薬師駅前交番,131148,東京都,中野区,上高田３丁目,2020-06-25,12,４階建て以上共同住宅,駐車（輪）場,30歳代,その他,施錠した
窃盗,自転車盗,野方,薬師駅前交番,131148,東京都,中野区,上高田３丁目,2020-09-07,21,その他の住宅（３階建て以下共同住宅等）,駐車（輪）場,20歳代,大学生,施錠した
窃盗,自転車盗,野方,薬師駅前交番,131148,東京都,中野区,上高田３丁目,2020-10-31,14,その他の住宅（３階建て以下共同住宅等）,その他,30歳代,その他,施錠した
窃盗,自転車盗,野方,薬師駅前交番,131148,東京都,中野区,上高田３丁目,2020-11-25,19,その他の住宅（３階建て以下共同住宅等）,駐車（輪）場,40歳代,その他,施錠した
窃盗,自転車盗,野方,薬師駅前交番,131148,東京都,中野区,上高田５丁目,2020-03-20,10,駐車（輪）場,駐車（輪）場,10歳代,大学生,施錠した
窃盗,自転車盗,野方,薬師駅前交番,131148,東京都,中野区,上高田５丁目,2020-07-31,08,その他の住宅（３階建て以下共同住宅等）,その他,30歳代,その他,施錠した
窃盗,自転車盗,野方,薬師駅前交番,131148,東京都,中野区,中野５丁目,2020-10-25,15,道路上,その他,40歳代,その他,施錠した
窃盗,自転車盗,野方,薬師駅前交番,131148,東京都,中野区,松が丘１丁目,2020-02-26,11,その他の住宅（３階建て以下共同住宅等）,駐車（輪）場,40歳代,その他,施錠した
窃盗,自転車盗,野方,上高田交番,131148,東京都,中野区,上高田１丁目,2019-12-16,20,道路上,その他,70歳以上,その他,施錠した
窃盗,自転車盗,野方,上高田交番,131148,東京都,中野区,上高田１丁目,2020-05-03,20,４階建て以上共同住宅,その他,20歳代,その他,施錠した
窃盗,自転車盗,野方,上高田交番,131148,東京都,中野区,上高田１丁目,2020-06-04,15,その他の住宅（３階建て以下共同住宅等）,駐車（輪）場,30歳代,その他,施錠した
窃盗,自転車盗,野方,上高田交番,131148,東京都,中野区,上高田１丁目,2020-10-03,10,その他の住宅（３階建て以下共同住宅等）,駐車（輪）場,30歳代,その他,施錠した
窃盗,自転車盗,野方,上高田交番,131148,東京都,中野区,上高田１丁目,2020-10-28,10,その他の住宅（３階建て以下共同住宅等）,駐車（輪）場,20歳代,その他,施錠した
窃盗,自転車盗,野方,上高田交番,131148,東京都,中野区,上高田１丁目,2020-11-28,12,道路上,その他,40歳代,その他,施錠した
窃盗,自転車盗,野方,上高田交番,131148,東京都,中野区,上高田２丁目,2020-10-27,16,その他の住宅（３階建て以下共同住宅等）,その他,20歳代,その他,施錠した
窃盗,自転車盗,野方,上高田交番,131148,東京都,中野区,上高田３丁目,2020-01-03,17,その他の住宅（３階建て以下共同住宅等）,駐車（輪）場,30歳代,その他,施錠した
窃盗,自転車盗,野方,上高田交番,131148,東京都,中野区,上高田４丁目,2019-12-16,07,４階建て以上共同住宅,駐車（輪）場,10歳代,中学生,施錠した
窃盗,自転車盗,野方,上高田交番,131148,東京都,中野区,上高田４丁目,2020-01-01,13,その他の住宅（３階建て以下共同住宅等）,駐車（輪）場,20歳代,その他,施錠した
窃盗,自転車盗,野方,上高田交番,131148,東京都,中野区,上高田５丁目,2020-09-20,12,その他の住宅（３階建て以下共同住宅等）,駐車（輪）場,50歳代,その他,施錠した
窃盗,自転車盗,野方,江原町交番,131148,東京都,中野区,江原町１丁目,2020-08-13,14,４階建て以上共同住宅,駐車（輪）場,70歳以上,その他,施錠した
窃盗,自転車盗,野方,江原町交番,131148,東京都,中野区,江原町２丁目,2020-02-25,22,その他,駐車（輪）場,20歳代,その他,施錠した
窃盗,自転車盗,野方,江原町交番,131148,東京都,中野区,江原町２丁目,2020-03-11,16,４階建て以上共同住宅,駐車（輪）場,10歳代,高校生,施錠した
窃盗,自転車盗,野方,江原町交番,131148,東京都,中野区,江原町２丁目,2020-04-19,12,その他の住宅（３階建て以下共同住宅等）,駐車（輪）場,30歳代,その他,施錠した
窃盗,自転車盗,野方,江原町交番,131148,東京都,中野区,江原町２丁目,2020-04-29,02,その他,駐車（輪）場,30歳代,その他,施錠した
窃盗,自転車盗,野方,江原町交番,131148,東京都,中野区,江原町２丁目,2020-06-19,15,道路上,その他,20歳代,その他,施錠した
窃盗,自転車盗,野方,江原町交番,131148,東京都,中野区,江原町２丁目,2020-07-12,19,その他,駐車（輪）場,30歳代,その他,施錠した
窃盗,自転車盗,野方,江原町交番,131148,東京都,中野区,江原町２丁目,2020-07-19,19,その他,その他,20歳代,その他,施錠した
窃盗,自転車盗,野方,江原町交番,131148,東京都,中野区,江原町２丁目,2020-10-12,16,４階建て以上共同住宅,駐車（輪）場,10歳代,中学生,施錠した
窃盗,自転車盗,野方,江原町交番,131148,東京都,中野区,江原町２丁目,2020-11-08,20,その他の住宅（３階建て以下共同住宅等）,駐車（輪）場,20歳代,その他,施錠した
窃盗,自転車盗,野方,江原町交番,131148,東京都,中野区,江原町２丁目,2020-11-14,06,４階建て以上共同住宅,駐車（輪）場,10歳代,中学生,施錠した
窃盗,自転車盗,野方,江原町交番,131148,東京都,中野区,江原町２丁目,2020-11-25,01,その他の住宅（３階建て以下共同住宅等）,駐車（輪）場,40歳代,その他,施錠した
窃盗,自転車盗,野方,江原町交番,131148,東京都,中野区,江原町３丁目,2020-02-01,09,その他の住宅（３階建て以下共同住宅等）,駐車（輪）場,65-69歳,その他,施錠した
窃盗,自転車盗,野方,江原町交番,131148,東京都,中野区,江原町３丁目,2020-03-09,12,道路上,その他,50歳代,その他,施錠した
窃盗,自転車盗,野方,江原町交番,131148,東京都,中野区,江原町３丁目,2020-07-17,18,その他,駐車（輪）場,30歳代,その他,施錠した
窃盗,自転車盗,野方,江古田四丁目交番,131148,東京都,中野区,江古田２丁目,2019-11-15,00,４階建て以上共同住宅,駐車（輪）場,30歳代,その他,施錠した
窃盗,自転車盗,野方,江古田四丁目交番,131148,東京都,中野区,江古田３丁目,2020-02-06,06,４階建て以上共同住宅,駐車（輪）場,40歳代,その他,施錠した
窃盗,自転車盗,野方,江古田四丁目交番,131148,東京都,中野区,江古田３丁目,2020-05-29,04,道路上,その他,30歳代,その他,施錠した
窃盗,自転車盗,野方,江古田四丁目交番,131148,東京都,中野区,江古田３丁目,2020-08-03,11,道路上,その他,20歳代,その他,施錠した
窃盗,自転車盗,野方,江古田四丁目交番,131148,東京都,中野区,江古田４丁目,2020-01-11,19,道路上,その他,30歳代,その他,施錠した
窃盗,自転車盗,野方,江古田四丁目交番,131148,東京都,中野区,江古田４丁目,2020-04-07,21,４階建て以上共同住宅,駐車（輪）場,10歳代,中学生,施錠した
窃盗,自転車盗,野方,江古田四丁目交番,131148,東京都,中野区,江古田４丁目,2020-08-30,18,その他の住宅（３階建て以下共同住宅等）,その他,30歳代,その他,施錠した
窃盗,自転車盗,野方,江古田四丁目交番,131148,東京都,中野区,江古田４丁目,2020-10-27,22,その他の住宅（３階建て以下共同住宅等）,駐車（輪）場,50歳代,その他,施錠した
窃盗,自転車盗,野方,江古田四丁目交番,131148,東京都,中野区,江原町２丁目,2020-01-26,12,道路上,その他,10歳代,中学生,施錠した
窃盗,自転車盗,野方,江古田四丁目交番,131148,東京都,中野区,沼袋２丁目,2020-01-02,22,道路上,その他,30歳代,その他,施錠した
窃盗,自転車盗,野方,江古田四丁目交番,131148,東京都,中野区,沼袋２丁目,2020-01-18,13,その他,駐車（輪）場,30歳代,その他,施錠した
窃盗,自転車盗,野方,江古田四丁目交番,131148,東京都,中野区,沼袋４丁目,2020-07-03,19,その他の住宅（３階建て以下共同住宅等）,駐車（輪）場,20歳代,大学生,施錠した
窃盗,自転車盗,野方,江古田四丁目交番,131148,東京都,中野区,松が丘２丁目,2020-08-25,23,道路上,その他,20歳代,その他,施錠した
窃盗,自転車盗,野方,沼袋交番,131148,東京都,中野区,新井２丁目,2020-07-16,19,その他,駐車（輪）場,10歳代,中学生,施錠した
窃盗,自転車盗,野方,沼袋交番,131148,東京都,中野区,新井２丁目,2020-11-07,21,その他の住宅（３階建て以下共同住宅等）,駐車（輪）場,50歳代,その他,施錠した
窃盗,自転車盗,野方,沼袋交番,131148,東京都,中野区,新井３丁目,2020-01-26,16,４階建て以上共同住宅,駐車（輪）場,50歳代,その他,施錠した
窃盗,自転車盗,野方,沼袋交番,131148,東京都,中野区,新井３丁目,2020-01-26,17,その他,その他,65-69歳,その他,施錠した
窃盗,自転車盗,野方,沼袋交番,131148,東京都,中野区,新井３丁目,2020-03-03,22,その他の住宅（３階建て以下共同住宅等）,駐車（輪）場,20歳代,その他,施錠した
窃盗,自転車盗,野方,沼袋交番,131148,東京都,中野区,新井３丁目,2020-09-22,19,その他,駐車（輪）場,10歳代,中学生,施錠した
窃盗,自転車盗,野方,沼袋交番,131148,東京都,中野区,新井３丁目,2020-09-22,20,その他,その他,20歳代,大学生,施錠した
窃盗,自転車盗,野方,沼袋交番,131148,東京都,中野区,新井４丁目,2020-02-05,15,４階建て以上共同住宅,駐車（輪）場,50歳代,その他,施錠した
窃盗,自転車盗,野方,沼袋交番,131148,東京都,中野区,新井４丁目,2020-03-07,12,その他の住宅（３階建て以下共同住宅等）,駐車（輪）場,50歳代,その他,施錠した
窃盗,自転車盗,野方,沼袋交番,131148,東京都,中野区,沼袋１丁目,2020-01-14,19,道路上,その他,40歳代,その他,施錠した
窃盗,自転車盗,野方,沼袋交番,131148,東京都,中野区,沼袋１丁目,2020-08-08,14,その他の住宅（３階建て以下共同住宅等）,その他,30歳代,その他,施錠した
窃盗,自転車盗,野方,沼袋交番,131148,東京都,中野区,沼袋２丁目,2019-12-14,10,その他の住宅（３階建て以下共同住宅等）,駐車（輪）場,30歳代,その他,施錠した
窃盗,自転車盗,野方,沼袋交番,131148,東京都,中野区,沼袋３丁目,2019-12-07,12,その他の住宅（３階建て以下共同住宅等）,その他,20歳代,その他,施錠した
窃盗,自転車盗,野方,沼袋交番,131148,東京都,中野区,沼袋３丁目,2020-01-02,17,その他の住宅（３階建て以下共同住宅等）,その他,40歳代,その他,施錠した
窃盗,自転車盗,野方,沼袋交番,131148,東京都,中野区,沼袋３丁目,2020-01-28,20,４階建て以上共同住宅,駐車（輪）場,40歳代,その他,施錠した
窃盗,自転車盗,野方,沼袋交番,131148,東京都,中野区,沼袋３丁目,2020-05-25,17,道路上,その他,20歳代,大学生,施錠した
窃盗,自転車盗,野方,沼袋交番,131148,東京都,中野区,沼袋４丁目,2020-09-21,13,その他の住宅（３階建て以下共同住宅等）,駐車（輪）場,65-69歳,その他,施錠した
窃盗,自転車盗,野方,沼袋交番,131148,東京都,中野区,松が丘１丁目,2020-08-07,18,道路上,その他,70歳以上,その他,施錠した
窃盗,自転車盗,野方,沼袋交番,131148,東京都,中野区,松が丘２丁目,2020-06-01,18,一戸建住宅,駐車（輪）場,10歳代,中学生,施錠した
窃盗,自転車盗,野方,野方駅前交番,131148,東京都,中野区,野方３丁目,2020-11-15,17,４階建て以上共同住宅,駐車（輪）場,40歳代,その他,施錠した
窃盗,自転車盗,野方,野方駅前交番,131148,東京都,中野区,野方４丁目,2020-04-17,22,その他の住宅（３階建て以下共同住宅等）,駐車（輪）場,30歳代,その他,施錠した
窃盗,自転車盗,野方,野方駅前交番,131148,東京都,中野区,野方４丁目,2020-05-16,16,駐車（輪）場,駐車（輪）場,30歳代,その他,施錠した
窃盗,自転車盗,野方,野方駅前交番,131148,東京都,中野区,野方４丁目,2020-10-21,不明,その他の住宅（３階建て以下共同住宅等）,駐車（輪）場,40歳代,その他,施錠した
窃盗,自転車盗,野方,野方駅前交番,131148,東京都,中野区,野方５丁目,2020-02-11,00,道路上,その他,50歳代,その他,施錠した
窃盗,自転車盗,野方,野方駅前交番,131148,東京都,中野区,野方５丁目,2020-02-13,03,その他,駐車（輪）場,50歳代,その他,施錠した
窃盗,自転車盗,野方,野方駅前交番,131148,東京都,中野区,野方５丁目,2020-02-22,16,道路上,その他,50歳代,その他,施錠した
窃盗,自転車盗,野方,野方駅前交番,131148,東京都,中野区,野方５丁目,2020-03-15,16,一戸建住宅,その他,40歳代,その他,施錠した
窃盗,自転車盗,野方,野方駅前交番,131148,東京都,中野区,野方５丁目,2020-03-19,18,その他の住宅（３階建て以下共同住宅等）,駐車（輪）場,20歳代,その他,施錠した
窃盗,自転車盗,野方,野方駅前交番,131148,東京都,中野区,野方５丁目,2020-04-15,18,道路上,その他,20歳代,その他,施錠した
窃盗,自転車盗,野方,野方駅前交番,131148,東京都,中野区,野方５丁目,2020-06-02,12,道路上,その他,20歳代,その他,施錠した
窃盗,自転車盗,野方,野方駅前交番,131148,東京都,中野区,野方５丁目,2020-06-30,13,その他の住宅（３階建て以下共同住宅等）,駐車（輪）場,10歳代,高校生,施錠した
窃盗,自転車盗,野方,野方駅前交番,131148,東京都,中野区,野方５丁目,2020-08-28,11,道路上,その他,20歳代,その他,施錠した
窃盗,自転車盗,野方,野方駅前交番,131148,東京都,中野区,野方５丁目,2020-09-16,18,その他の住宅（３階建て以下共同住宅等）,駐車（輪）場,30歳代,その他,施錠した
窃盗,自転車盗,野方,野方駅前交番,131148,東京都,中野区,野方６丁目,2020-01-06,08,駐車（輪）場,駐車（輪）場,10歳代,大学生,施錠した
窃盗,自転車盗,野方,野方駅前交番,131148,東京都,中野区,野方６丁目,2020-02-11,21,４階建て以上共同住宅,駐車（輪）場,10歳代,大学生,施錠した
窃盗,自転車盗,野方,野方駅前交番,131148,東京都,中野区,野方６丁目,2020-07-19,08,道路上,その他,10歳代,大学生,施錠した
窃盗,自転車盗,野方,野方駅前交番,131148,東京都,中野区,丸山１丁目,2020-08-03,19,その他の住宅（３階建て以下共同住宅等）,駐車（輪）場,20歳代,大学生,施錠した
窃盗,自転車盗,野方,野方駅前交番,131148,東京都,中野区,丸山２丁目,2020-02-05,19,一戸建住宅,その他,20歳代,その他,施錠した
窃盗,自転車盗,野方,野方駅前交番,131148,東京都,中野区,丸山２丁目,2020-06-15,18,４階建て以上共同住宅,駐車（輪）場,50歳代,その他,施錠した
窃盗,自転車盗,野方,野方駅前交番,131148,東京都,中野区,若宮１丁目,2020-04-19,22,その他の住宅（３階建て以下共同住宅等）,駐車（輪）場,40歳代,その他,施錠した
窃盗,自転車盗,野方,家政通交番,131148,東京都,中野区,鷺宮１丁目,2020-02-10,12,その他の住宅（３階建て以下共同住宅等）,駐車（輪）場,30歳代,その他,施錠した
窃盗,自転車盗,野方,家政通交番,131148,東京都,中野区,鷺宮１丁目,2020-02-22,07,道路上,その他,40歳代,その他,施錠した
窃盗,自転車盗,野方,家政通交番,131148,東京都,中野区,鷺宮２丁目,2020-10-26,12,その他の住宅（３階建て以下共同住宅等）,駐車（輪）場,30歳代,その他,施錠した
窃盗,自転車盗,野方,家政通交番,131148,東京都,中野区,鷺宮３丁目,2020-11-02,14,その他の住宅（３階建て以下共同住宅等）,駐車（輪）場,20歳代,その他,施錠した
窃盗,自転車盗,野方,家政通交番,131148,東京都,中野区,若宮１丁目,2019-12-25,17,その他,駐車（輪）場,20歳代,その他,施錠した
窃盗,自転車盗,野方,家政通交番,131148,東京都,中野区,若宮３丁目,2020-03-23,15,その他の住宅（３階建て以下共同住宅等）,駐車（輪）場,10歳代,大学生,施錠した
窃盗,自転車盗,野方,家政通交番,131148,東京都,中野区,若宮３丁目,2020-04-27,06,その他,駐車（輪）場,50歳代,その他,施錠した
窃盗,自転車盗,野方,家政通交番,131148,東京都,中野区,若宮３丁目,2020-05-31,22,その他の住宅（３階建て以下共同住宅等）,駐車（輪）場,10歳代,中学生,施錠した
窃盗,自転車盗,野方,鷺宮駅前交番,131148,東京都,中野区,鷺宮３丁目,2020-01-19,20,道路上,その他,70歳以上,その他,施錠した
窃盗,自転車盗,野方,鷺宮駅前交番,131148,東京都,中野区,鷺宮３丁目,2020-02-24,21,道路上,その他,30歳代,その他,施錠した
窃盗,自転車盗,野方,鷺宮駅前交番,131148,東京都,中野区,鷺宮３丁目,2020-03-31,06,４階建て以上共同住宅,駐車（輪）場,70歳以上,その他,施錠した
窃盗,自転車盗,野方,鷺宮駅前交番,131148,東京都,中野区,鷺宮３丁目,2020-04-02,22,その他,駐車（輪）場,50歳代,その他,施錠した
窃盗,自転車盗,野方,鷺宮駅前交番,131148,東京都,中野区,鷺宮３丁目,2020-06-13,16,その他の住宅（３階建て以下共同住宅等）,その他,30歳代,その他,施錠した
窃盗,自転車盗,野方,鷺宮駅前交番,131148,東京都,中野区,鷺宮３丁目,2020-10-10,02,道路上,その他,30歳代,その他,施錠した
窃盗,自転車盗,野方,鷺宮駅前交番,131148,東京都,中野区,鷺宮４丁目,2020-11-02,06,その他の住宅（３階建て以下共同住宅等）,その他,30歳代,その他,施錠した
窃盗,自転車盗,野方,鷺宮駅前交番,131148,東京都,中野区,白鷺１丁目,2020-03-19,16,道路上,その他,10歳代,小学生,施錠した
窃盗,自転車盗,野方,鷺宮駅前交番,131148,東京都,中野区,白鷺１丁目,2020-11-09,10,駐車（輪）場,駐車（輪）場,40歳代,その他,施錠した
窃盗,自転車盗,野方,鷺宮駅前交番,131148,東京都,中野区,白鷺２丁目,2019-12-12,18,一戸建住宅,駐車（輪）場,50歳代,その他,施錠した
窃盗,自転車盗,野方,鷺宮駅前交番,131148,東京都,中野区,中野４丁目,2020-08-30,18,その他,その他,10歳代,その他,施錠した
窃盗,自転車盗,野方,鷺宮駅前交番,131148,東京都,中野区,若宮３丁目,2020-09-30,00,駐車（輪）場,駐車（輪）場,30歳代,その他,施錠した
窃盗,自転車盗,野方,若宮交番,131148,東京都,中野区,大和町１丁目,2020-07-10,20,その他の住宅（３階建て以下共同住宅等）,駐車（輪）場,20歳代,その他,施錠した
窃盗,自転車盗,野方,若宮交番,131148,東京都,中野区,大和町３丁目,2020-01-12,19,一戸建住宅,その他,40歳代,その他,施錠した
窃盗,自転車盗,野方,若宮交番,131148,東京都,中野区,大和町３丁目,2020-03-01,10,一戸建住宅,その他,70歳以上,その他,施錠した
窃盗,自転車盗,野方,若宮交番,131148,東京都,中野区,大和町３丁目,2020-10-05,01,道路上,その他,30歳代,その他,施錠した
窃盗,自転車盗,野方,若宮交番,131148,東京都,中野区,大和町４丁目,2019-12-24,21,その他の住宅（３階建て以下共同住宅等）,その他,10歳代,中学生,施錠した
窃盗,自転車盗,野方,若宮交番,131148,東京都,中野区,大和町４丁目,2019-12-27,18,その他の住宅（３階建て以下共同住宅等）,駐車（輪）場,20歳代,その他,施錠した
窃盗,自転車盗,野方,若宮交番,131148,東京都,中野区,大和町４丁目,2020-05-21,23,４階建て以上共同住宅,駐車（輪）場,20歳代,大学生,施錠した
窃盗,自転車盗,野方,若宮交番,131148,東京都,中野区,大和町４丁目,2020-07-12,17,一戸建住宅,その他,20歳代,その他,施錠した
窃盗,自転車盗,野方,若宮交番,131148,東京都,中野区,大和町４丁目,2020-07-13,01,一戸建住宅,駐車（輪）場,50歳代,その他,施錠した
窃盗,自転車盗,野方,若宮交番,131148,東京都,中野区,大和町４丁目,2020-08-31,12,その他の住宅（３階建て以下共同住宅等）,その他,20歳代,その他,施錠した
窃盗,自転車盗,野方,若宮交番,131148,東京都,中野区,大和町４丁目,2020-10-26,13,道路上,その他,70歳以上,その他,施錠した
窃盗,自転車盗,野方,若宮交番,131148,東京都,中野区,若宮１丁目,2020-10-24,17,道路上,その他,70歳以上,その他,施錠した
窃盗,自転車盗,野方,若宮交番,131148,東京都,中野区,若宮２丁目,2020-01-21,07,駐車（輪）場,駐車（輪）場,20歳代,その他,施錠した
窃盗,自転車盗,野方,若宮交番,131148,東京都,中野区,若宮２丁目,2020-07-24,17,一戸建住宅,その他,70歳以上,その他,施錠した
窃盗,自転車盗,野方,野方一丁目交番,131148,東京都,中野区,新井２丁目,2019-12-24,09,その他,駐車（輪）場,法人・団体、被害者なし,法人・団体、被害者なし,施錠した
窃盗,自転車盗,野方,野方一丁目交番,131148,東京都,中野区,中野４丁目,2019-12-18,08,その他,駐車（輪）場,20歳代,その他,施錠した
窃盗,自転車盗,野方,野方一丁目交番,131148,東京都,中野区,中野４丁目,2020-01-11,10,その他,その他,30歳代,その他,施錠した
窃盗,自転車盗,野方,野方一丁目交番,131148,東京都,中野区,中野４丁目,2020-01-22,10,その他,駐車（輪）場,10歳代,高校生,施錠した
窃盗,自転車盗,野方,野方一丁目交番,131148,東京都,中野区,中野４丁目,2020-01-30,15,その他,駐車（輪）場,20歳代,その他,施錠した
窃盗,自転車盗,野方,野方一丁目交番,131148,東京都,中野区,中野４丁目,2020-02-10,07,その他,駐車（輪）場,20歳代,その他,施錠した
窃盗,自転車盗,野方,野方一丁目交番,131148,東京都,中野区,中野４丁目,2020-03-20,18,道路上,その他,50歳代,その他,施錠した
窃盗,自転車盗,野方,野方一丁目交番,131148,東京都,中野区,中野４丁目,2020-08-19,13,道路上,その他,10歳代,高校生,施錠した
窃盗,自転車盗,野方,野方一丁目交番,131148,東京都,中野区,中野４丁目,2020-08-21,10,道路上,その他,70歳以上,その他,施錠した
窃盗,自転車盗,野方,野方一丁目交番,131148,東京都,中野区,中野４丁目,2020-09-04,15,道路上,その他,60-64歳,その他,施錠した
窃盗,自転車盗,野方,野方一丁目交番,131148,東京都,中野区,中野４丁目,2020-09-11,19,その他,その他,10歳代,大学生,施錠した
窃盗,自転車盗,野方,野方一丁目交番,131148,東京都,中野区,中野４丁目,2020-09-30,12,道路上,その他,10歳代,大学生,施錠した
窃盗,自転車盗,野方,野方一丁目交番,131148,東京都,中野区,中野４丁目,2020-10-27,14,その他,駐車（輪）場,20歳代,その他,施錠した
窃盗,自転車盗,野方,野方一丁目交番,131148,東京都,中野区,中野４丁目,2020-11-23,14,その他,その他,40歳代,その他,施錠した
窃盗,自転車盗,野方,野方一丁目交番,131148,東京都,中野区,中野５丁目,2019-12-16,19,道路上,その他,20歳代,その他,施錠した
窃盗,自転車盗,野方,野方一丁目交番,131148,東京都,中野区,中野５丁目,2019-12-22,00,道路上,その他,30歳代,その他,施錠した
窃盗,自転車盗,野方,野方一丁目交番,131148,東京都,中野区,中野５丁目,2019-12-25,08,道路上,その他,20歳代,その他,施錠した
窃盗,自転車盗,野方,野方一丁目交番,131148,東京都,中野区,中野５丁目,2020-03-27,03,道路上,その他,30歳代,その他,施錠した
窃盗,自転車盗,野方,野方一丁目交番,131148,東京都,中野区,中野５丁目,2020-06-21,05,道路上,その他,30歳代,その他,施錠した
窃盗,自転車盗,野方,野方一丁目交番,131148,東京都,中野区,中野５丁目,2020-11-24,15,その他,駐車（輪）場,30歳代,その他,施錠した
窃盗,自転車盗,野方,野方一丁目交番,131148,東京都,中野区,野方１丁目,2020-04-21,17,４階建て以上共同住宅,駐車（輪）場,30歳代,その他,施錠した
窃盗,自転車盗,野方,野方一丁目交番,131148,東京都,中野区,野方１丁目,2020-05-17,11,道路上,その他,30歳代,その他,施錠した
窃盗,自転車盗,野方,野方一丁目交番,131148,東京都,中野区,野方１丁目,2020-05-26,16,その他,その他,20歳代,その他,施錠した
窃盗,自転車盗,野方,野方一丁目交番,131148,東京都,中野区,野方１丁目,2020-11-12,14,その他の住宅（３階建て以下共同住宅等）,駐車（輪）場,30歳代,その他,施錠した
窃盗,自転車盗,野方,野方一丁目交番,131148,東京都,中野区,野方２丁目,2019-12-20,23,その他の住宅（３階建て以下共同住宅等）,駐車（輪）場,30歳代,その他,施錠した
窃盗,自転車盗,野方,野方一丁目交番,131148,東京都,中野区,野方２丁目,2020-02-28,20,４階建て以上共同住宅,駐車（輪）場,20歳代,その他,施錠した
窃盗,自転車盗,野方,野方一丁目交番,131148,東京都,中野区,大和町１丁目,2019-12-30,20,４階建て以上共同住宅,その他,30歳代,その他,施錠した
窃盗,自転車盗,野方,野方一丁目交番,131148,東京都,中野区,大和町１丁目,2020-02-21,10,４階建て以上共同住宅,駐車（輪）場,20歳代,大学生,施錠した
窃盗,自転車盗,野方,野方一丁目交番,131148,東京都,中野区,大和町１丁目,2020-10-31,07,その他の住宅（３階建て以下共同住宅等）,駐車（輪）場,50歳代,その他,施錠した
窃盗,自転車盗,野方,白鷺駐在所,131148,東京都,中野区,白鷺１丁目,2020-11-01,15,その他の住宅（３階建て以下共同住宅等）,駐車（輪）場,30歳代,その他,施錠した
窃盗,自転車盗,野方,鷺宮六丁目交番,131148,東京都,中野区,上鷺宮５丁目,2020-02-18,13,その他の住宅（３階建て以下共同住宅等）,駐車（輪）場,30歳代,その他,施錠した
窃盗,自転車盗,野方,鷺宮六丁目交番,131148,東京都,中野区,上鷺宮５丁目,2020-09-18,17,４階建て以上共同住宅,駐車（輪）場,70歳以上,その他,施錠した
窃盗,自転車盗,野方,鷺宮六丁目交番,131148,東京都,中野区,上鷺宮５丁目,2020-11-19,17,４階建て以上共同住宅,駐車（輪）場,10歳代,大学生,施錠した
窃盗,自転車盗,野方,上鷺宮駐在所,131148,東京都,中野区,上鷺宮３丁目,2019-12-04,20,一戸建住宅,その他,30歳代,その他,施錠した
窃盗,自転車盗,野方,上鷺宮駐在所,131148,東京都,中野区,上鷺宮４丁目,2020-02-21,20,４階建て以上共同住宅,駐車（輪）場,30歳代,その他,施錠した
窃盗,自転車盗,杉並,東田町交番,131156,東京都,杉並区,阿佐谷南１丁目,2019-12-16,21,その他の住宅（３階建て以下共同住宅等）,その他,20歳代,その他,施錠した
窃盗,自転車盗,杉並,東田町交番,131156,東京都,杉並区,阿佐谷南１丁目,2020-02-02,12,その他,駐車（輪）場,40歳代,その他,施錠した
窃盗,自転車盗,杉並,東田町交番,131156,東京都,杉並区,阿佐谷南１丁目,2020-02-26,08,その他の住宅（３階建て以下共同住宅等）,その他,30歳代,その他,施錠した
窃盗,自転車盗,杉並,東田町交番,131156,東京都,杉並区,阿佐谷南１丁目,2020-02-28,17,道路上,その他,70歳以上,その他,施錠した
窃盗,自転車盗,杉並,東田町交番,131156,東京都,杉並区,阿佐谷南１丁目,2020-04-30,17,４階建て以上共同住宅,駐車（輪）場,20歳代,その他,施錠した
窃盗,自転車盗,杉並,東田町交番,131156,東京都,杉並区,阿佐谷南１丁目,2020-05-13,18,道路上,その他,70歳以上,その他,施錠した
窃盗,自転車盗,杉並,東田町交番,131156,東京都,杉並区,阿佐谷南１丁目,2020-06-06,15,その他の住宅（３階建て以下共同住宅等）,駐車（輪）場,30歳代,その他,施錠した
窃盗,自転車盗,杉並,東田町交番,131156,東京都,杉並区,阿佐谷南１丁目,2020-06-18,17,一戸建住宅,その他,70歳以上,その他,施錠した
窃盗,自転車盗,杉並,東田町交番,131156,東京都,杉並区,阿佐谷南１丁目,2020-07-12,14,駐車（輪）場,駐車（輪）場,50歳代,その他,施錠した
窃盗,自転車盗,杉並,東田町交番,131156,東京都,杉並区,阿佐谷南１丁目,2020-12-15,18,その他の住宅（３階建て以下共同住宅等）,駐車（輪）場,60-64歳,その他,施錠した
窃盗,自転車盗,杉並,東田町交番,131156,東京都,杉並区,梅里２丁目,2020-01-26,21,４階建て以上共同住宅,その他,30歳代,その他,施錠した
窃盗,自転車盗,杉並,東田町交番,131156,東京都,杉並区,成田東４丁目,2020-02-06,08,その他の住宅（３階建て以下共同住宅等）,その他,20歳代,その他,施錠した
窃盗,自転車盗,杉並,東田町交番,131156,東京都,杉並区,成田東４丁目,2020-02-27,16,一戸建住宅,その他,50歳代,その他,施錠した
窃盗,自転車盗,杉並,東田町交番,131156,東京都,杉並区,成田東４丁目,2020-03-15,16,一戸建住宅,その他,50歳代,その他,施錠した
窃盗,自転車盗,杉並,東田町交番,131156,東京都,杉並区,成田東４丁目,2020-05-23,00,一戸建住宅,その他,50歳代,その他,施錠した
窃盗,自転車盗,杉並,東田町交番,131156,東京都,杉並区,成田東４丁目,2020-08-01,17,４階建て以上共同住宅,駐車（輪）場,30歳代,その他,施錠した
窃盗,自転車盗,杉並,東田町交番,131156,東京都,杉並区,成田東４丁目,2020-11-13,09,道路上,その他,20歳代,その他,施錠した
窃盗,自転車盗,杉並,新高円寺駅前交番,131156,東京都,杉並区,梅里１丁目,2019-10-10,16,道路上,その他,20歳代,大学生,施錠した
窃盗,自転車盗,杉並,新高円寺駅前交番,131156,東京都,杉並区,梅里１丁目,2019-12-14,09,道路上,その他,20歳代,その他,施錠した
窃盗,自転車盗,杉並,新高円寺駅前交番,131156,東京都,杉並区,梅里１丁目,2020-05-03,07,一戸建住宅,その他,30歳代,その他,施錠した
窃盗,自転車盗,杉並,新高円寺駅前交番,131156,東京都,杉並区,梅里１丁目,2020-08-19,09,その他,駐車（輪）場,10歳代,高校生,施錠した
窃盗,自転車盗,杉並,新高円寺駅前交番,131156,東京都,杉並区,梅里２丁目,2019-12-18,16,その他,駐車（輪）場,50歳代,その他,施錠した
窃盗,自転車盗,杉並,新高円寺駅前交番,131156,東京都,杉並区,梅里２丁目,2020-04-23,07,道路上,その他,20歳代,その他,施錠した
窃盗,自転車盗,杉並,新高円寺駅前交番,131156,東京都,杉並区,高円寺北３丁目,2020-07-22,19,その他の住宅（３階建て以下共同住宅等）,駐車（輪）場,30歳代,その他,施錠した
窃盗,自転車盗,杉並,新高円寺駅前交番,131156,東京都,杉並区,高円寺南２丁目,2020-08-09,16,道路上,その他,70歳以上,その他,施錠した
窃盗,自転車盗,杉並,新高円寺駅前交番,131156,東京都,杉並区,高円寺南２丁目,2020-08-21,19,４階建て以上共同住宅,駐車（輪）場,40歳代,その他,施錠した
窃盗,自転車盗,杉並,新高円寺駅前交番,131156,東京都,杉並区,高円寺南３丁目,2019-11-23,17,その他の住宅（３階建て以下共同住宅等）,駐車（輪）場,30歳代,その他,施錠した
窃盗,自転車盗,杉並,新高円寺駅前交番,131156,東京都,杉並区,高円寺南３丁目,2019-11-25,23,道路上,その他,30歳代,その他,施錠した
窃盗,自転車盗,杉並,新高円寺駅前交番,131156,東京都,杉並区,高円寺南３丁目,2020-01-09,15,道路上,その他,30歳代,その他,施錠した
窃盗,自転車盗,杉並,新高円寺駅前交番,131156,東京都,杉並区,高円寺南３丁目,2020-01-14,04,４階建て以上共同住宅,駐車（輪）場,30歳代,その他,施錠した
窃盗,自転車盗,杉並,新高円寺駅前交番,131156,東京都,杉並区,高円寺南３丁目,2020-02-28,13,一戸建住宅,その他,30歳代,その他,施錠した
窃盗,自転車盗,杉並,新高円寺駅前交番,131156,東京都,杉並区,高円寺南３丁目,2020-07-14,00,４階建て以上共同住宅,駐車（輪）場,40歳代,その他,施錠した
窃盗,自転車盗,杉並,新高円寺駅前交番,131156,東京都,杉並区,高円寺南３丁目,2020-09-25,21,道路上,その他,20歳代,その他,施錠した
窃盗,自転車盗,杉並,新高円寺駅前交番,131156,東京都,杉並区,高円寺南３丁目,2020-10-16,17,その他の住宅（３階建て以下共同住宅等）,駐車（輪）場,60-64歳,その他,施錠した
窃盗,自転車盗,杉並,新高円寺駅前交番,131156,東京都,杉並区,高円寺南３丁目,2020-11-03,15,道路上,その他,10歳代,高校生,施錠した
窃盗,自転車盗,杉並,新高円寺駅前交番,131156,東京都,杉並区,松ノ木３丁目,2020-05-29,10,その他の住宅（３階建て以下共同住宅等）,駐車（輪）場,20歳代,その他,施錠した
窃盗,自転車盗,杉並,新高円寺駅前交番,131156,東京都,杉並区,松ノ木３丁目,2020-09-14,07,４階建て以上共同住宅,駐車（輪）場,20歳代,その他,施錠した
窃盗,自転車盗,杉並,新高円寺駅前交番,131156,東京都,杉並区,松ノ木３丁目,2020-11-12,18,一戸建住宅,その他,10歳代,中学生,施錠した
窃盗,自転車盗,杉並,堀ノ内交番,131156,東京都,杉並区,梅里１丁目,2020-05-22,10,一戸建住宅,その他,40歳代,その他,施錠した
窃盗,自転車盗,杉並,堀ノ内交番,131156,東京都,杉並区,堀ノ内２丁目,2019-11-20,10,４階建て以上共同住宅,駐車（輪）場,20歳代,その他,施錠した
窃盗,自転車盗,杉並,堀ノ内交番,131156,東京都,杉並区,堀ノ内２丁目,2020-01-29,22,その他の住宅（３階建て以下共同住宅等）,駐車（輪）場,20歳代,大学生,施錠した
窃盗,自転車盗,杉並,堀ノ内交番,131156,東京都,杉並区,堀ノ内２丁目,2020-05-02,21,道路上,その他,40歳代,その他,施錠した
窃盗,自転車盗,杉並,堀ノ内交番,131156,東京都,杉並区,堀ノ内２丁目,2020-05-09,08,その他の住宅（３階建て以下共同住宅等）,駐車（輪）場,20歳代,大学生,施錠した
窃盗,自転車盗,杉並,堀ノ内交番,131156,東京都,杉並区,堀ノ内２丁目,2020-08-29,23,一戸建住宅,その他,40歳代,その他,施錠した
窃盗,自転車盗,杉並,堀ノ内交番,131156,東京都,杉並区,堀ノ内２丁目,2020-11-24,00,その他の住宅（３階建て以下共同住宅等）,その他,50歳代,その他,施錠した
窃盗,自転車盗,杉並,堀ノ内交番,131156,東京都,杉並区,堀ノ内３丁目,2020-02-29,15,一戸建住宅,その他,40歳代,その他,施錠した
窃盗,自転車盗,杉並,堀ノ内交番,131156,東京都,杉並区,堀ノ内３丁目,2020-04-26,21,道路上,その他,10歳代,小学生,施錠した
窃盗,自転車盗,杉並,堀ノ内交番,131156,東京都,杉並区,堀ノ内３丁目,2020-12-13,10,４階建て以上共同住宅,駐車（輪）場,70歳以上,その他,施錠した
窃盗,自転車盗,杉並,堀ノ内交番,131156,東京都,杉並区,和田３丁目,2020-08-23,02,４階建て以上共同住宅,駐車（輪）場,50歳代,その他,施錠した
窃盗,自転車盗,杉並,和田本町交番,131156,東京都,杉並区,和田１丁目,2019-12-31,20,その他の住宅（３階建て以下共同住宅等）,その他,20歳代,その他,施錠した
窃盗,自転車盗,杉並,和田本町交番,131156,東京都,杉並区,和田１丁目,2020-06-26,17,その他の住宅（３階建て以下共同住宅等）,駐車（輪）場,30歳代,その他,施錠した
窃盗,自転車盗,杉並,和田本町交番,131156,東京都,杉並区,和田２丁目,2020-05-23,08,その他の住宅（３階建て以下共同住宅等）,駐車（輪）場,20歳代,その他,施錠した
窃盗,自転車盗,杉並,高円寺交番,131156,東京都,杉並区,梅里１丁目,2019-12-15,16,その他,駐車（輪）場,30歳代,その他,施錠した
窃盗,自転車盗,杉並,高円寺交番,131156,東京都,杉並区,梅里１丁目,2020-05-30,10,その他の住宅（３階建て以下共同住宅等）,駐車（輪）場,30歳代,その他,施錠した
窃盗,自転車盗,杉並,高円寺交番,131156,東京都,杉並区,高円寺南１丁目,2020-04-06,19,道路上,その他,30歳代,その他,施錠した
窃盗,自転車盗,杉並,高円寺交番,131156,東京都,杉並区,高円寺南１丁目,2020-05-09,15,道路上,その他,40歳代,その他,施錠した
窃盗,自転車盗,杉並,高円寺交番,131156,東京都,杉並区,高円寺南１丁目,2020-07-05,12,その他の住宅（３階建て以下共同住宅等）,その他,50歳代,その他,施錠した
窃盗,自転車盗,杉並,高円寺交番,131156,東京都,杉並区,高円寺南２丁目,2020-03-02,21,４階建て以上共同住宅,その他,40歳代,その他,施錠した
窃盗,自転車盗,杉並,高円寺交番,131156,東京都,杉並区,高円寺南２丁目,2020-05-01,00,４階建て以上共同住宅,駐車（輪）場,50歳代,その他,施錠した
窃盗,自転車盗,杉並,高円寺交番,131156,東京都,杉並区,高円寺南２丁目,2020-05-23,17,その他,駐車（輪）場,20歳代,その他,施錠した
窃盗,自転車盗,杉並,高円寺交番,131156,東京都,杉並区,和田３丁目,2019-12-14,22,４階建て以上共同住宅,駐車（輪）場,20歳代,その他,施錠した
窃盗,自転車盗,杉並,高円寺交番,131156,東京都,杉並区,和田３丁目,2019-12-16,13,４階建て以上共同住宅,駐車（輪）場,40歳代,その他,施錠した
窃盗,自転車盗,杉並,高円寺交番,131156,東京都,杉並区,和田３丁目,2020-02-28,11,４階建て以上共同住宅,その他,20歳代,その他,施錠した
窃盗,自転車盗,杉並,高円寺交番,131156,東京都,杉並区,和田３丁目,2020-05-04,16,４階建て以上共同住宅,その他,20歳代,その他,施錠した
窃盗,自転車盗,杉並,高円寺交番,131156,東京都,杉並区,和田３丁目,2020-06-02,10,道路上,その他,20歳代,その他,施錠した
窃盗,自転車盗,杉並,高円寺交番,131156,東京都,杉並区,和田３丁目,2020-10-20,10,４階建て以上共同住宅,駐車（輪）場,40歳代,その他,施錠した
窃盗,自転車盗,杉並,高円寺交番,131156,東京都,杉並区,和田３丁目,2020-12-17,10,駐車（輪）場,駐車（輪）場,60-64歳,その他,施錠した
窃盗,自転車盗,杉並,高円寺南四丁目交番,131156,東京都,杉並区,高円寺北１丁目,2019-12-15,02,その他の住宅（３階建て以下共同住宅等）,その他,20歳代,その他,施錠した
窃盗,自転車盗,杉並,高円寺南四丁目交番,131156,東京都,杉並区,高円寺南２丁目,2020-01-01,08,４階建て以上共同住宅,その他,30歳代,その他,施錠した
窃盗,自転車盗,杉並,高円寺南四丁目交番,131156,東京都,杉並区,高円寺南２丁目,2020-07-02,21,その他の住宅（３階建て以下共同住宅等）,駐車（輪）場,20歳代,その他,施錠した
窃盗,自転車盗,杉並,高円寺南四丁目交番,131156,東京都,杉並区,高円寺南２丁目,2020-11-05,21,４階建て以上共同住宅,その他,20歳代,大学生,施錠した
窃盗,自転車盗,杉並,高円寺南四丁目交番,131156,東京都,杉並区,高円寺南４丁目,2020-02-15,15,その他の住宅（３階建て以下共同住宅等）,その他,20歳代,その他,施錠した
窃盗,自転車盗,杉並,高円寺南四丁目交番,131156,東京都,杉並区,高円寺南４丁目,2020-03-13,11,道路上,その他,50歳代,その他,施錠した
窃盗,自転車盗,杉並,高円寺南四丁目交番,131156,東京都,杉並区,高円寺南５丁目,2020-01-25,20,４階建て以上共同住宅,その他,30歳代,その他,施錠した
窃盗,自転車盗,杉並,高円寺南四丁目交番,131156,東京都,杉並区,高円寺南５丁目,2020-03-15,07,４階建て以上共同住宅,その他,20歳代,その他,施錠した
窃盗,自転車盗,杉並,高円寺南四丁目交番,131156,東京都,杉並区,高円寺南５丁目,2020-10-01,18,４階建て以上共同住宅,駐車（輪）場,10歳代,中学生,施錠した
窃盗,自転車盗,杉並,高円寺駅前交番,131156,東京都,杉並区,高円寺北２丁目,2019-12-03,18,４階建て以上共同住宅,駐車（輪）場,30歳代,その他,施錠した
窃盗,自転車盗,杉並,高円寺駅前交番,131156,東京都,杉並区,高円寺北２丁目,2019-12-05,20,道路上,その他,50歳代,その他,施錠した
窃盗,自転車盗,杉並,高円寺駅前交番,131156,東京都,杉並区,高円寺北２丁目,2020-01-09,18,道路上,その他,20歳代,大学生,施錠した
窃盗,自転車盗,杉並,高円寺駅前交番,131156,東京都,杉並区,高円寺北２丁目,2020-03-07,19,その他の住宅（３階建て以下共同住宅等）,駐車（輪）場,20歳代,大学生,施錠した
窃盗,自転車盗,杉並,高円寺駅前交番,131156,東京都,杉並区,高円寺北２丁目,2020-04-02,18,道路上,その他,50歳代,その他,施錠した
窃盗,自転車盗,杉並,高円寺駅前交番,131156,東京都,杉並区,高円寺北２丁目,2020-04-23,12,道路上,その他,30歳代,その他,施錠した
窃盗,自転車盗,杉並,高円寺駅前交番,131156,東京都,杉並区,高円寺北２丁目,2020-06-20,00,道路上,その他,50歳代,その他,施錠した
窃盗,自転車盗,杉並,高円寺駅前交番,131156,東京都,杉並区,高円寺北２丁目,2020-07-24,20,道路上,その他,50歳代,その他,施錠した
窃盗,自転車盗,杉並,高円寺駅前交番,131156,東京都,杉並区,高円寺北２丁目,2020-07-27,22,その他の住宅（３階建て以下共同住宅等）,駐車（輪）場,40歳代,その他,施錠した
窃盗,自転車盗,杉並,高円寺駅前交番,131156,東京都,杉並区,高円寺北２丁目,2020-08-22,15,道路上,その他,40歳代,その他,施錠した
窃盗,自転車盗,杉並,高円寺駅前交番,131156,東京都,杉並区,高円寺北２丁目,2020-08-22,17,道路上,その他,50歳代,その他,施錠した
窃盗,自転車盗,杉並,高円寺駅前交番,131156,東京都,杉並区,高円寺北２丁目,2020-11-04,20,道路上,その他,30歳代,その他,施錠した
窃盗,自転車盗,杉並,高円寺駅前交番,131156,東京都,杉並区,高円寺北３丁目,2019-11-28,19,一戸建住宅,その他,60-64歳,その他,施錠した
窃盗,自転車盗,杉並,高円寺駅前交番,131156,東京都,杉並区,高円寺北３丁目,2019-12-03,16,その他の住宅（３階建て以下共同住宅等）,駐車（輪）場,30歳代,その他,施錠した
窃盗,自転車盗,杉並,高円寺駅前交番,131156,東京都,杉並区,高円寺北３丁目,2019-12-05,08,駐車（輪）場,駐車（輪）場,30歳代,その他,施錠した
窃盗,自転車盗,杉並,高円寺駅前交番,131156,東京都,杉並区,高円寺北３丁目,2019-12-06,23,道路上,その他,20歳代,その他,施錠した
窃盗,自転車盗,杉並,高円寺駅前交番,131156,東京都,杉並区,高円寺北３丁目,2019-12-15,10,一戸建住宅,その他,10歳代,中学生,施錠した
窃盗,自転車盗,杉並,高円寺駅前交番,131156,東京都,杉並区,高円寺北３丁目,2019-12-20,22,一戸建住宅,その他,40歳代,その他,施錠した
窃盗,自転車盗,杉並,高円寺駅前交番,131156,東京都,杉並区,高円寺北３丁目,2020-01-29,20,４階建て以上共同住宅,その他,30歳代,その他,施錠した
窃盗,自転車盗,杉並,高円寺駅前交番,131156,東京都,杉並区,高円寺北３丁目,2020-02-07,00,道路上,その他,30歳代,その他,施錠した
窃盗,自転車盗,杉並,高円寺駅前交番,131156,東京都,杉並区,高円寺北３丁目,2020-02-10,22,その他の住宅（３階建て以下共同住宅等）,その他,20歳代,その他,施錠した
窃盗,自転車盗,杉並,高円寺駅前交番,131156,東京都,杉並区,高円寺北３丁目,2020-03-02,16,一戸建住宅,その他,法人・団体、被害者なし,法人・団体、被害者なし,施錠した
窃盗,自転車盗,杉並,高円寺駅前交番,131156,東京都,杉並区,高円寺北３丁目,2020-03-05,12,道路上,その他,20歳代,その他,施錠した
窃盗,自転車盗,杉並,高円寺駅前交番,131156,東京都,杉並区,高円寺北３丁目,2020-03-10,09,駐車（輪）場,駐車（輪）場,30歳代,その他,施錠した
窃盗,自転車盗,杉並,高円寺駅前交番,131156,東京都,杉並区,高円寺北３丁目,2020-03-18,08,駐車（輪）場,駐車（輪）場,30歳代,その他,施錠した
窃盗,自転車盗,杉並,高円寺駅前交番,131156,東京都,杉並区,高円寺北３丁目,2020-05-04,18,４階建て以上共同住宅,駐車（輪）場,法人・団体、被害者なし,法人・団体、被害者なし,施錠した
窃盗,自転車盗,杉並,高円寺駅前交番,131156,東京都,杉並区,高円寺北３丁目,2020-05-12,21,道路上,その他,60-64歳,その他,施錠した
窃盗,自転車盗,杉並,高円寺駅前交番,131156,東京都,杉並区,高円寺北３丁目,2020-06-07,17,一戸建住宅,その他,10歳代,中学生,施錠した
窃盗,自転車盗,杉並,高円寺駅前交番,131156,東京都,杉並区,高円寺北３丁目,2020-06-16,22,道路上,その他,20歳代,その他,施錠した
窃盗,自転車盗,杉並,高円寺駅前交番,131156,東京都,杉並区,高円寺北３丁目,2020-06-27,20,その他の住宅（３階建て以下共同住宅等）,駐車（輪）場,20歳代,その他,施錠した
窃盗,自転車盗,杉並,高円寺駅前交番,131156,東京都,杉並区,高円寺北３丁目,2020-10-10,08,道路上,その他,30歳代,その他,施錠した
窃盗,自転車盗,杉並,高円寺駅前交番,131156,東京都,杉並区,高円寺北４丁目,2019-11-11,15,道路上,その他,40歳代,その他,施錠した
窃盗,自転車盗,杉並,高円寺駅前交番,131156,東京都,杉並区,高円寺北４丁目,2020-02-23,23,その他の住宅（３階建て以下共同住宅等）,駐車（輪）場,10歳代,小学生,施錠した
窃盗,自転車盗,杉並,高円寺駅前交番,131156,東京都,杉並区,高円寺北４丁目,2020-10-23,19,４階建て以上共同住宅,駐車（輪）場,30歳代,その他,施錠した
窃盗,自転車盗,杉並,高円寺駅前交番,131156,東京都,杉並区,高円寺南３丁目,2020-05-10,17,駐車（輪）場,駐車（輪）場,30歳代,その他,施錠した
窃盗,自転車盗,杉並,高円寺駅前交番,131156,東京都,杉並区,高円寺南３丁目,2020-06-04,03,その他,その他,30歳代,その他,施錠した
窃盗,自転車盗,杉並,高円寺駅前交番,131156,東京都,杉並区,高円寺南３丁目,2020-07-04,20,４階建て以上共同住宅,その他,10歳代,高校生,施錠した
窃盗,自転車盗,杉並,高円寺駅前交番,131156,東京都,杉並区,高円寺南３丁目,2020-08-20,22,４階建て以上共同住宅,駐車（輪）場,20歳代,その他,施錠した
窃盗,自転車盗,杉並,高円寺駅前交番,131156,東京都,杉並区,高円寺南３丁目,2020-08-22,11,道路上,その他,30歳代,その他,施錠した
窃盗,自転車盗,杉並,高円寺駅前交番,131156,東京都,杉並区,高円寺南３丁目,2020-08-30,06,一戸建住宅,その他,10歳代,大学生,施錠した
窃盗,自転車盗,杉並,高円寺駅前交番,131156,東京都,杉並区,高円寺南３丁目,2020-09-14,10,その他の住宅（３階建て以下共同住宅等）,その他,20歳代,その他,施錠した
窃盗,自転車盗,杉並,高円寺駅前交番,131156,東京都,杉並区,高円寺南３丁目,2020-10-16,13,駐車（輪）場,駐車（輪）場,40歳代,その他,施錠した
窃盗,自転車盗,杉並,高円寺駅前交番,131156,東京都,杉並区,高円寺南３丁目,2020-10-18,15,４階建て以上共同住宅,駐車（輪）場,30歳代,その他,施錠した
窃盗,自転車盗,杉並,高円寺駅前交番,131156,東京都,杉並区,高円寺南４丁目,2019-12-03,00,道路上,その他,50歳代,その他,施錠した
窃盗,自転車盗,杉並,高円寺駅前交番,131156,東京都,杉並区,高円寺南４丁目,2019-12-14,12,その他,駐車（輪）場,10歳代,大学生,施錠した
窃盗,自転車盗,杉並,高円寺駅前交番,131156,東京都,杉並区,高円寺南４丁目,2019-12-21,00,道路上,その他,20歳代,大学生,施錠した
窃盗,自転車盗,杉並,高円寺駅前交番,131156,東京都,杉並区,高円寺南４丁目,2020-01-05,10,道路上,その他,10歳代,小学生,施錠した
窃盗,自転車盗,杉並,高円寺駅前交番,131156,東京都,杉並区,高円寺南４丁目,2020-01-17,10,駐車（輪）場,駐車（輪）場,20歳代,大学生,施錠した
窃盗,自転車盗,杉並,高円寺駅前交番,131156,東京都,杉並区,高円寺南４丁目,2020-01-24,22,４階建て以上共同住宅,駐車（輪）場,10歳代,大学生,施錠した
窃盗,自転車盗,杉並,高円寺駅前交番,131156,東京都,杉並区,高円寺南４丁目,2020-01-26,03,道路上,その他,40歳代,その他,施錠した
窃盗,自転車盗,杉並,高円寺駅前交番,131156,東京都,杉並区,高円寺南４丁目,2020-02-10,12,道路上,その他,40歳代,その他,施錠した
窃盗,自転車盗,杉並,高円寺駅前交番,131156,東京都,杉並区,高円寺南４丁目,2020-03-15,13,道路上,その他,20歳代,その他,施錠した
窃盗,自転車盗,杉並,高円寺駅前交番,131156,東京都,杉並区,高円寺南４丁目,2020-04-30,17,道路上,その他,30歳代,その他,施錠した
窃盗,自転車盗,杉並,高円寺駅前交番,131156,東京都,杉並区,高円寺南４丁目,2020-07-20,08,４階建て以上共同住宅,駐車（輪）場,30歳代,その他,施錠した
窃盗,自転車盗,杉並,高円寺駅前交番,131156,東京都,杉並区,高円寺南４丁目,2020-11-09,07,４階建て以上共同住宅,その他,10歳代,その他,施錠した
窃盗,自転車盗,杉並,阿佐谷北交番,131156,東京都,杉並区,阿佐谷北４丁目,2019-08-01,20,４階建て以上共同住宅,駐車（輪）場,50歳代,その他,施錠した
窃盗,自転車盗,杉並,阿佐谷北交番,131156,東京都,杉並区,阿佐谷北４丁目,2020-03-17,00,４階建て以上共同住宅,駐車（輪）場,20歳代,その他,施錠した
窃盗,自転車盗,杉並,阿佐谷北交番,131156,東京都,杉並区,阿佐谷北４丁目,2020-12-06,15,その他の住宅（３階建て以下共同住宅等）,駐車（輪）場,50歳代,その他,施錠した
窃盗,自転車盗,杉並,阿佐谷北交番,131156,東京都,杉並区,阿佐谷北６丁目,2019-11-17,05,駐車（輪）場,駐車（輪）場,40歳代,その他,施錠した
窃盗,自転車盗,杉並,阿佐谷北交番,131156,東京都,杉並区,阿佐谷北６丁目,2019-12-15,16,一戸建住宅,その他,10歳代,高校生,施錠した
窃盗,自転車盗,杉並,阿佐谷北交番,131156,東京都,杉並区,阿佐谷南２丁目,2020-07-27,12,その他,駐車（輪）場,50歳代,その他,施錠した
窃盗,自転車盗,杉並,阿佐谷駅前交番,131156,東京都,杉並区,阿佐谷北１丁目,2019-11-30,06,その他,駐車（輪）場,20歳代,その他,施錠した
窃盗,自転車盗,杉並,阿佐谷駅前交番,131156,東京都,杉並区,阿佐谷北１丁目,2019-12-29,17,その他,駐車（輪）場,10歳未満,小学生,施錠した
窃盗,自転車盗,杉並,阿佐谷駅前交番,131156,東京都,杉並区,阿佐谷北１丁目,2020-01-28,07,その他,駐車（輪）場,20歳代,その他,施錠した
窃盗,自転車盗,杉並,阿佐谷駅前交番,131156,東京都,杉並区,阿佐谷北１丁目,2020-07-30,21,道路上,その他,20歳代,その他,施錠した
窃盗,自転車盗,杉並,阿佐谷駅前交番,131156,東京都,杉並区,阿佐谷北１丁目,2020-10-10,02,道路上,その他,30歳代,その他,施錠した
窃盗,自転車盗,杉並,阿佐谷駅前交番,131156,東京都,杉並区,阿佐谷北１丁目,2020-10-11,08,道路上,その他,20歳代,その他,施錠した
窃盗,自転車盗,杉並,阿佐谷駅前交番,131156,東京都,杉並区,阿佐谷北１丁目,2020-11-08,16,その他,駐車（輪）場,20歳代,その他,施錠した
窃盗,自転車盗,杉並,阿佐谷駅前交番,131156,東京都,杉並区,阿佐谷北１丁目,2020-11-25,02,一戸建住宅,その他,10歳代,その他,施錠した
窃盗,自転車盗,杉並,阿佐谷駅前交番,131156,東京都,杉並区,阿佐谷北２丁目,2020-01-12,01,道路上,その他,50歳代,その他,施錠した
窃盗,自転車盗,杉並,阿佐谷駅前交番,131156,東京都,杉並区,阿佐谷北２丁目,2020-02-14,21,その他の住宅（３階建て以下共同住宅等）,その他,20歳代,その他,施錠した
窃盗,自転車盗,杉並,阿佐谷駅前交番,131156,東京都,杉並区,阿佐谷北２丁目,2020-03-18,22,その他の住宅（３階建て以下共同住宅等）,その他,40歳代,その他,施錠した
窃盗,自転車盗,杉並,阿佐谷駅前交番,131156,東京都,杉並区,阿佐谷北２丁目,2020-06-17,16,４階建て以上共同住宅,駐車（輪）場,40歳代,その他,施錠した
窃盗,自転車盗,杉並,阿佐谷駅前交番,131156,東京都,杉並区,阿佐谷北２丁目,2020-09-01,09,駐車（輪）場,駐車（輪）場,50歳代,その他,施錠した
窃盗,自転車盗,杉並,阿佐谷駅前交番,131156,東京都,杉並区,阿佐谷北３丁目,2020-02-15,23,４階建て以上共同住宅,その他,10歳代,大学生,施錠した
窃盗,自転車盗,杉並,阿佐谷駅前交番,131156,東京都,杉並区,阿佐谷北３丁目,2020-07-27,15,その他,その他,20歳代,その他,施錠した
窃盗,自転車盗,杉並,阿佐谷駅前交番,131156,東京都,杉並区,阿佐谷北３丁目,2020-11-08,17,その他の住宅（３階建て以下共同住宅等）,駐車（輪）場,30歳代,その他,施錠した
窃盗,自転車盗,杉並,阿佐谷駅前交番,131156,東京都,杉並区,阿佐谷北４丁目,2020-03-05,00,その他の住宅（３階建て以下共同住宅等）,その他,20歳代,その他,施錠した
窃盗,自転車盗,杉並,阿佐谷駅前交番,131156,東京都,杉並区,阿佐谷北５丁目,2020-08-28,17,一戸建住宅,その他,40歳代,その他,施錠した
窃盗,自転車盗,杉並,阿佐谷駅前交番,131156,東京都,杉並区,阿佐谷北５丁目,2020-09-12,23,その他の住宅（３階建て以下共同住宅等）,その他,20歳代,その他,施錠した
窃盗,自転車盗,杉並,阿佐谷駅前交番,131156,東京都,杉並区,阿佐谷南１丁目,2020-06-18,20,その他の住宅（３階建て以下共同住宅等）,駐車（輪）場,30歳代,その他,施錠した
窃盗,自転車盗,杉並,阿佐谷駅前交番,131156,東京都,杉並区,阿佐谷南１丁目,2020-08-06,09,駐車（輪）場,駐車（輪）場,10歳代,中学生,施錠した
窃盗,自転車盗,杉並,阿佐谷駅前交番,131156,東京都,杉並区,阿佐谷南１丁目,2020-09-10,18,道路上,その他,20歳代,大学生,施錠した
窃盗,自転車盗,杉並,阿佐谷駅前交番,131156,東京都,杉並区,阿佐谷南２丁目,2019-11-30,16,道路上,その他,20歳代,その他,施錠した
窃盗,自転車盗,杉並,阿佐谷駅前交番,131156,東京都,杉並区,阿佐谷南２丁目,2019-12-05,17,駐車（輪）場,駐車（輪）場,10歳代,中学生,施錠した
窃盗,自転車盗,杉並,阿佐谷駅前交番,131156,東京都,杉並区,阿佐谷南２丁目,2020-01-10,03,その他の住宅（３階建て以下共同住宅等）,駐車（輪）場,30歳代,その他,施錠した
窃盗,自転車盗,杉並,阿佐谷駅前交番,131156,東京都,杉並区,阿佐谷南２丁目,2020-04-20,21,道路上,その他,20歳代,大学生,施錠した
窃盗,自転車盗,杉並,阿佐谷駅前交番,131156,東京都,杉並区,阿佐谷南２丁目,2020-05-13,16,道路上,その他,50歳代,その他,施錠した
窃盗,自転車盗,杉並,阿佐谷駅前交番,131156,東京都,杉並区,阿佐谷南２丁目,2020-06-19,21,その他の住宅（３階建て以下共同住宅等）,駐車（輪）場,20歳代,その他,施錠した
窃盗,自転車盗,杉並,阿佐谷駅前交番,131156,東京都,杉並区,阿佐谷南２丁目,2020-11-17,21,その他,駐車（輪）場,30歳代,その他,施錠した
窃盗,自転車盗,杉並,阿佐谷駅前交番,131156,東京都,杉並区,阿佐谷南３丁目,2019-12-27,09,駐車（輪）場,駐車（輪）場,20歳代,その他,施錠した
窃盗,自転車盗,杉並,阿佐谷駅前交番,131156,東京都,杉並区,阿佐谷南３丁目,2019-12-29,03,道路上,その他,50歳代,その他,施錠した
窃盗,自転車盗,杉並,阿佐谷駅前交番,131156,東京都,杉並区,阿佐谷南３丁目,2020-01-06,19,駐車（輪）場,駐車（輪）場,30歳代,その他,施錠した
窃盗,自転車盗,杉並,阿佐谷駅前交番,131156,東京都,杉並区,阿佐谷南３丁目,2020-01-13,13,道路上,その他,70歳以上,その他,施錠した
窃盗,自転車盗,杉並,阿佐谷駅前交番,131156,東京都,杉並区,阿佐谷南３丁目,2020-01-25,17,その他,その他,60-64歳,その他,施錠した
窃盗,自転車盗,杉並,阿佐谷駅前交番,131156,東京都,杉並区,阿佐谷南３丁目,2020-01-28,16,駐車（輪）場,駐車（輪）場,30歳代,その他,施錠した
窃盗,自転車盗,杉並,阿佐谷駅前交番,131156,東京都,杉並区,阿佐谷南３丁目,2020-02-28,17,その他,駐車（輪）場,20歳代,大学生,施錠した
窃盗,自転車盗,杉並,阿佐谷駅前交番,131156,東京都,杉並区,阿佐谷南３丁目,2020-09-26,14,道路上,その他,60-64歳,その他,施錠した
窃盗,自転車盗,杉並,阿佐谷駅前交番,131156,東京都,杉並区,阿佐谷南３丁目,2020-11-01,20,４階建て以上共同住宅,駐車（輪）場,20歳代,その他,施錠した
窃盗,自転車盗,杉並,阿佐谷駅前交番,131156,東京都,杉並区,阿佐谷南３丁目,2020-12-09,17,その他の住宅（３階建て以下共同住宅等）,その他,30歳代,その他,施錠した
窃盗,自転車盗,杉並,阿佐谷駅前交番,131156,東京都,杉並区,阿佐谷南３丁目,2020-12-13,14,駐車（輪）場,駐車（輪）場,10歳代,高校生,施錠した
窃盗,自転車盗,杉並,阿佐谷駅前交番,131156,東京都,杉並区,阿佐谷南３丁目,2020-12-14,10,その他,駐車（輪）場,70歳以上,その他,施錠した
窃盗,自転車盗,杉並,阿佐谷駅前交番,131156,東京都,杉並区,高円寺南２丁目,2020-02-11,11,道路上,その他,10歳代,その他,施錠した
窃盗,自転車盗,杉並,成宗交番,131156,東京都,杉並区,阿佐谷南３丁目,2019-11-20,18,４階建て以上共同住宅,駐車（輪）場,30歳代,その他,施錠した
窃盗,自転車盗,杉並,成宗交番,131156,東京都,杉並区,阿佐谷南３丁目,2020-02-24,15,道路上,その他,50歳代,その他,施錠した
窃盗,自転車盗,杉並,成宗交番,131156,東京都,杉並区,阿佐谷南３丁目,2020-03-27,15,道路上,その他,70歳以上,その他,施錠した
窃盗,自転車盗,杉並,成宗交番,131156,東京都,杉並区,阿佐谷南３丁目,2020-07-10,19,道路上,その他,20歳代,その他,施錠した
窃盗,自転車盗,杉並,成宗交番,131156,東京都,杉並区,阿佐谷南３丁目,2020-11-27,10,その他の住宅（３階建て以下共同住宅等）,駐車（輪）場,30歳代,その他,施錠した
窃盗,自転車盗,杉並,成宗交番,131156,東京都,杉並区,成田東５丁目,2020-02-04,08,駐車（輪）場,駐車（輪）場,40歳代,その他,施錠した
窃盗,自転車盗,杉並,成宗交番,131156,東京都,杉並区,成田東５丁目,2020-08-01,00,４階建て以上共同住宅,駐車（輪）場,50歳代,その他,施錠した
窃盗,自転車盗,杉並,成宗交番,131156,東京都,杉並区,成田東５丁目,2020-08-19,09,４階建て以上共同住宅,駐車（輪）場,40歳代,その他,施錠した
窃盗,自転車盗,杉並,成田交番,131156,東京都,杉並区,成田東１丁目,2019-12-17,08,一戸建住宅,その他,20歳代,大学生,施錠した
窃盗,自転車盗,杉並,成田交番,131156,東京都,杉並区,成田東１丁目,2020-01-17,17,道路上,その他,60-64歳,その他,施錠した
窃盗,自転車盗,杉並,成田交番,131156,東京都,杉並区,成田東１丁目,2020-05-01,12,４階建て以上共同住宅,駐車（輪）場,40歳代,その他,施錠した
窃盗,自転車盗,杉並,成田交番,131156,東京都,杉並区,成田東１丁目,2020-09-01,09,４階建て以上共同住宅,駐車（輪）場,20歳代,その他,施錠した
窃盗,自転車盗,杉並,成田交番,131156,東京都,杉並区,成田東１丁目,2020-12-21,21,その他の住宅（３階建て以下共同住宅等）,駐車（輪）場,30歳代,その他,施錠した
窃盗,自転車盗,杉並,成田交番,131156,東京都,杉並区,成田東２丁目,2020-04-01,00,４階建て以上共同住宅,駐車（輪）場,40歳代,その他,施錠した
窃盗,自転車盗,杉並,成田交番,131156,東京都,杉並区,成田東２丁目,2020-07-22,19,その他の住宅（３階建て以下共同住宅等）,駐車（輪）場,20歳代,その他,施錠した
窃盗,自転車盗,杉並,成田交番,131156,東京都,杉並区,成田東２丁目,2020-08-03,07,その他の住宅（３階建て以下共同住宅等）,その他,40歳代,その他,施錠した
窃盗,自転車盗,杉並,成田交番,131156,東京都,杉並区,成田東２丁目,2020-08-20,21,その他の住宅（３階建て以下共同住宅等）,駐車（輪）場,20歳代,その他,施錠した
窃盗,自転車盗,杉並,成田交番,131156,東京都,杉並区,成田東２丁目,2020-08-30,18,一戸建住宅,その他,20歳代,その他,施錠した
窃盗,自転車盗,杉並,成田交番,131156,東京都,杉並区,松ノ木２丁目,2020-09-09,08,道路上,その他,50歳代,その他,施錠した
窃盗,自転車盗,杉並,成田西駐在所,131156,東京都,杉並区,成田西２丁目,2020-02-01,10,一戸建住宅,その他,50歳代,その他,施錠した
窃盗,自転車盗,杉並,成田西駐在所,131156,東京都,杉並区,成田西２丁目,2020-02-16,21,その他の住宅（３階建て以下共同住宅等）,駐車（輪）場,10歳代,高校生,施錠した
窃盗,自転車盗,杉並,成田西駐在所,131156,東京都,杉並区,成田西２丁目,2020-07-05,10,一戸建住宅,駐車（輪）場,20歳代,その他,施錠した
窃盗,自転車盗,杉並,成田西駐在所,131156,東京都,杉並区,成田西２丁目,2020-08-04,11,その他の住宅（３階建て以下共同住宅等）,駐車（輪）場,30歳代,その他,施錠した
窃盗,自転車盗,杉並,成田西駐在所,131156,東京都,杉並区,成田西３丁目,2020-06-29,12,その他の住宅（３階建て以下共同住宅等）,駐車（輪）場,30歳代,その他,施錠した
窃盗,自転車盗,杉並,成田西駐在所,131156,東京都,杉並区,成田西３丁目,2020-10-01,17,４階建て以上共同住宅,駐車（輪）場,20歳代,その他,施錠した
窃盗,自転車盗,高井戸,泉南交番,131156,東京都,杉並区,和泉１丁目,2020-01-05,12,その他の住宅（３階建て以下共同住宅等）,駐車（輪）場,20歳代,その他,施錠した
窃盗,自転車盗,高井戸,泉南交番,131156,東京都,杉並区,和泉１丁目,2020-03-24,08,その他の住宅（３階建て以下共同住宅等）,駐車（輪）場,40歳代,その他,施錠した
窃盗,自転車盗,高井戸,泉南交番,131156,東京都,杉並区,和泉１丁目,2020-05-02,21,駐車（輪）場,駐車（輪）場,20歳代,その他,施錠した
窃盗,自転車盗,高井戸,泉南交番,131156,東京都,杉並区,和泉１丁目,2020-09-13,19,４階建て以上共同住宅,その他,40歳代,その他,施錠した
窃盗,自転車盗,高井戸,泉南交番,131156,東京都,杉並区,和泉１丁目,2020-10-29,21,４階建て以上共同住宅,駐車（輪）場,30歳代,その他,施錠した
窃盗,自転車盗,高井戸,泉南交番,131156,東京都,杉並区,和泉１丁目,2020-11-24,00,その他の住宅（３階建て以下共同住宅等）,その他,20歳代,その他,施錠した
窃盗,自転車盗,高井戸,泉南交番,131156,東京都,杉並区,和泉２丁目,2020-01-25,10,４階建て以上共同住宅,駐車（輪）場,20歳代,その他,施錠した
窃盗,自転車盗,高井戸,泉南交番,131156,東京都,杉並区,和泉２丁目,2020-03-27,18,その他,駐車（輪）場,20歳代,大学生,施錠した
窃盗,自転車盗,高井戸,泉南交番,131156,東京都,杉並区,和泉２丁目,2020-07-05,22,その他の住宅（３階建て以下共同住宅等）,駐車（輪）場,30歳代,その他,施錠した
窃盗,自転車盗,高井戸,泉南交番,131156,東京都,杉並区,和泉２丁目,2020-08-05,12,その他の住宅（３階建て以下共同住宅等）,駐車（輪）場,40歳代,その他,施錠した
窃盗,自転車盗,高井戸,泉南交番,131156,東京都,杉並区,和泉４丁目,2020-08-15,22,その他の住宅（３階建て以下共同住宅等）,駐車（輪）場,40歳代,その他,施錠した
窃盗,自転車盗,高井戸,泉南交番,131156,東京都,杉並区,方南１丁目,2020-01-15,00,その他の住宅（３階建て以下共同住宅等）,その他,20歳代,その他,施錠した
窃盗,自転車盗,高井戸,泉南交番,131156,東京都,杉並区,方南１丁目,2020-03-13,18,その他の住宅（３階建て以下共同住宅等）,駐車（輪）場,30歳代,その他,施錠した
窃盗,自転車盗,高井戸,泉南交番,131156,東京都,杉並区,方南１丁目,2020-10-19,23,その他の住宅（３階建て以下共同住宅等）,駐車（輪）場,40歳代,その他,施錠した
窃盗,自転車盗,高井戸,永福町駅前交番,131156,東京都,杉並区,和泉３丁目,2019-12-07,10,駐車（輪）場,駐車（輪）場,30歳代,その他,施錠した
窃盗,自転車盗,高井戸,永福町駅前交番,131156,東京都,杉並区,和泉３丁目,2020-03-20,10,その他の住宅（３階建て以下共同住宅等）,駐車（輪）場,10歳代,大学生,施錠した
窃盗,自転車盗,高井戸,永福町駅前交番,131156,東京都,杉並区,和泉３丁目,2020-06-27,12,その他の住宅（３階建て以下共同住宅等）,駐車（輪）場,30歳代,その他,施錠した
窃盗,自転車盗,高井戸,永福町駅前交番,131156,東京都,杉並区,和泉３丁目,2020-08-09,16,その他の住宅（３階建て以下共同住宅等）,駐車（輪）場,40歳代,その他,施錠した
窃盗,自転車盗,高井戸,永福町駅前交番,131156,東京都,杉並区,和泉３丁目,2020-10-22,08,駐車（輪）場,駐車（輪）場,60-64歳,その他,施錠した
窃盗,自転車盗,高井戸,永福町駅前交番,131156,東京都,杉並区,和泉３丁目,2020-10-22,19,一戸建住宅,駐車（輪）場,50歳代,その他,施錠した
窃盗,自転車盗,高井戸,永福町駅前交番,131156,東京都,杉並区,永福１丁目,2020-09-14,18,一戸建住宅,駐車（輪）場,40歳代,その他,施錠した
窃盗,自転車盗,高井戸,永福町駅前交番,131156,東京都,杉並区,永福２丁目,2020-02-01,16,４階建て以上共同住宅,駐車（輪）場,30歳代,その他,施錠した
窃盗,自転車盗,高井戸,永福町駅前交番,131156,東京都,杉並区,永福２丁目,2020-05-23,02,４階建て以上共同住宅,駐車（輪）場,20歳代,その他,施錠した
窃盗,自転車盗,高井戸,永福町駅前交番,131156,東京都,杉並区,永福２丁目,2020-08-19,08,駐車（輪）場,駐車（輪）場,30歳代,その他,施錠した
窃盗,自転車盗,高井戸,永福町駅前交番,131156,東京都,杉並区,永福４丁目,2020-08-15,15,駐車（輪）場,駐車（輪）場,30歳代,その他,施錠した
窃盗,自転車盗,高井戸,宗源寺前交番,131156,東京都,杉並区,下高井戸４丁目,2020-09-16,14,その他の住宅（３階建て以下共同住宅等）,その他,20歳代,その他,施錠した
窃盗,自転車盗,高井戸,宗源寺前交番,131156,東京都,杉並区,下高井戸５丁目,2020-06-07,14,その他の住宅（３階建て以下共同住宅等）,駐車（輪）場,10歳代,その他,施錠した
窃盗,自転車盗,高井戸,宗源寺前交番,131156,東京都,杉並区,高井戸西１丁目,2020-10-01,17,４階建て以上共同住宅,駐車（輪）場,65-69歳,その他,施錠した
窃盗,自転車盗,高井戸,西永福駅前交番,131156,東京都,杉並区,永福３丁目,2020-03-19,12,その他の住宅（３階建て以下共同住宅等）,駐車（輪）場,30歳代,その他,施錠した
窃盗,自転車盗,高井戸,西永福駅前交番,131156,東京都,杉並区,永福３丁目,2020-03-19,17,その他の住宅（３階建て以下共同住宅等）,駐車（輪）場,20歳代,その他,施錠した
窃盗,自転車盗,高井戸,西永福駅前交番,131156,東京都,杉並区,永福３丁目,2020-06-01,18,道路上,その他,20歳代,その他,施錠した
窃盗,自転車盗,高井戸,西永福駅前交番,131156,東京都,杉並区,永福３丁目,2020-07-08,22,道路上,その他,20歳代,その他,施錠した
窃盗,自転車盗,高井戸,西永福駅前交番,131156,東京都,杉並区,永福３丁目,2020-07-18,12,駐車（輪）場,駐車（輪）場,20歳代,その他,施錠した
窃盗,自転車盗,高井戸,西永福駅前交番,131156,東京都,杉並区,永福３丁目,2020-08-29,22,道路上,その他,20歳代,その他,施錠した
窃盗,自転車盗,高井戸,西永福駅前交番,131156,東京都,杉並区,永福３丁目,2020-09-13,16,道路上,その他,50歳代,その他,施錠した
窃盗,自転車盗,高井戸,西永福駅前交番,131156,東京都,杉並区,永福３丁目,2020-09-14,08,駐車（輪）場,駐車（輪）場,40歳代,その他,施錠した
窃盗,自転車盗,高井戸,西永福駅前交番,131156,東京都,杉並区,永福３丁目,2020-09-27,09,道路上,その他,20歳代,その他,施錠した
窃盗,自転車盗,高井戸,西永福駅前交番,131156,東京都,杉並区,永福３丁目,2020-10-28,10,その他,駐車（輪）場,50歳代,その他,施錠した
窃盗,自転車盗,高井戸,西永福駅前交番,131156,東京都,杉並区,永福４丁目,2020-01-11,10,その他の住宅（３階建て以下共同住宅等）,駐車（輪）場,40歳代,その他,施錠した
窃盗,自転車盗,高井戸,西永福駅前交番,131156,東京都,杉並区,永福４丁目,2020-07-12,23,その他の住宅（３階建て以下共同住宅等）,駐車（輪）場,50歳代,その他,施錠した
窃盗,自転車盗,高井戸,西永福駅前交番,131156,東京都,杉並区,大宮２丁目,2020-01-25,20,道路上,その他,20歳代,大学生,施錠した
窃盗,自転車盗,高井戸,西永福駅前交番,131156,東京都,杉並区,浜田山３丁目,2020-12-05,17,一戸建住宅,駐車（輪）場,30歳代,その他,施錠した
窃盗,自転車盗,高井戸,西永福駅前交番,131156,東京都,杉並区,浜田山４丁目,2020-08-04,08,その他の住宅（３階建て以下共同住宅等）,その他,20歳代,その他,施錠した
窃盗,自転車盗,高井戸,方南交番,131156,東京都,杉並区,和泉４丁目,2020-05-23,13,その他の住宅（３階建て以下共同住宅等）,その他,50歳代,その他,施錠した
窃盗,自転車盗,高井戸,方南交番,131156,東京都,杉並区,方南１丁目,2020-07-14,20,その他の住宅（３階建て以下共同住宅等）,駐車（輪）場,20歳代,その他,施錠した
窃盗,自転車盗,高井戸,方南交番,131156,東京都,杉並区,方南２丁目,2020-03-04,22,その他の住宅（３階建て以下共同住宅等）,駐車（輪）場,30歳代,その他,施錠した
窃盗,自転車盗,高井戸,方南交番,131156,東京都,杉並区,方南２丁目,2020-03-22,10,道路上,その他,30歳代,その他,施錠した
窃盗,自転車盗,高井戸,方南交番,131156,東京都,杉並区,方南２丁目,2020-06-12,14,４階建て以上共同住宅,駐車（輪）場,65-69歳,その他,施錠した
窃盗,自転車盗,高井戸,方南交番,131156,東京都,杉並区,方南２丁目,2020-10-29,21,その他の住宅（３階建て以下共同住宅等）,駐車（輪）場,30歳代,その他,施錠した
窃盗,自転車盗,高井戸,方南交番,131156,東京都,杉並区,堀ノ内１丁目,2020-02-19,07,その他の住宅（３階建て以下共同住宅等）,駐車（輪）場,20歳代,その他,施錠した
窃盗,自転車盗,高井戸,方南交番,131156,東京都,杉並区,堀ノ内１丁目,2020-04-19,18,４階建て以上共同住宅,駐車（輪）場,10歳代,中学生,施錠した
窃盗,自転車盗,高井戸,西荻南交番,131156,東京都,杉並区,松庵２丁目,2020-12-02,16,その他,その他,30歳代,その他,施錠した
窃盗,自転車盗,高井戸,西荻南交番,131156,東京都,杉並区,松庵３丁目,2020-01-06,08,道路上,その他,30歳代,その他,施錠した
窃盗,自転車盗,高井戸,西荻南交番,131156,東京都,杉並区,松庵３丁目,2020-02-29,13,駐車（輪）場,駐車（輪）場,50歳代,その他,施錠した
窃盗,自転車盗,高井戸,西荻南交番,131156,東京都,杉並区,松庵３丁目,2020-05-18,10,駐車（輪）場,駐車（輪）場,20歳代,その他,施錠した
窃盗,自転車盗,高井戸,西荻南交番,131156,東京都,杉並区,西荻南２丁目,2019-12-30,23,道路上,その他,40歳代,その他,施錠した
窃盗,自転車盗,高井戸,西荻南交番,131156,東京都,杉並区,西荻南２丁目,2020-08-04,19,その他の住宅（３階建て以下共同住宅等）,駐車（輪）場,20歳代,その他,施錠した
窃盗,自転車盗,高井戸,西荻南交番,131156,東京都,杉並区,西荻南２丁目,2020-08-30,19,４階建て以上共同住宅,駐車（輪）場,40歳代,その他,施錠した
窃盗,自転車盗,高井戸,西荻南交番,131156,東京都,杉並区,西荻南２丁目,2020-09-18,13,その他の住宅（３階建て以下共同住宅等）,駐車（輪）場,30歳代,その他,施錠した
窃盗,自転車盗,高井戸,西荻南交番,131156,東京都,杉並区,西荻南２丁目,2020-09-21,22,その他の住宅（３階建て以下共同住宅等）,駐車（輪）場,20歳代,大学生,施錠した
窃盗,自転車盗,高井戸,西荻南交番,131156,東京都,杉並区,宮前３丁目,2020-06-02,15,一戸建住宅,駐車（輪）場,30歳代,その他,施錠した
窃盗,自転車盗,高井戸,西荻南交番,131156,東京都,杉並区,宮前５丁目,2020-12-22,16,一戸建住宅,その他,70歳以上,その他,施錠した
窃盗,自転車盗,高井戸,久我山交番,131156,東京都,杉並区,久我山１丁目,2020-04-14,09,その他の住宅（３階建て以下共同住宅等）,駐車（輪）場,70歳以上,その他,施錠した
窃盗,自転車盗,高井戸,久我山交番,131156,東京都,杉並区,久我山１丁目,2020-04-22,22,道路上,その他,40歳代,その他,施錠した
窃盗,自転車盗,高井戸,久我山交番,131156,東京都,杉並区,久我山１丁目,2020-08-07,22,道路上,その他,40歳代,その他,施錠した
窃盗,自転車盗,高井戸,久我山交番,131156,東京都,杉並区,久我山２丁目,2020-07-30,23,一戸建住宅,駐車（輪）場,20歳代,大学生,施錠した
窃盗,自転車盗,高井戸,久我山交番,131156,東京都,杉並区,久我山２丁目,2020-08-09,11,道路上,その他,50歳代,その他,施錠した
窃盗,自転車盗,高井戸,久我山交番,131156,東京都,杉並区,久我山３丁目,2020-07-29,13,駐車（輪）場,駐車（輪）場,20歳代,大学生,施錠した
窃盗,自転車盗,高井戸,久我山交番,131156,東京都,杉並区,久我山３丁目,2020-10-11,11,その他,駐車（輪）場,20歳代,その他,施錠した
窃盗,自転車盗,高井戸,久我山交番,131156,東京都,杉並区,久我山３丁目,2020-11-26,15,駐車（輪）場,駐車（輪）場,20歳代,その他,施錠した
窃盗,自転車盗,高井戸,久我山交番,131156,東京都,杉並区,久我山４丁目,2020-02-28,09,その他の住宅（３階建て以下共同住宅等）,駐車（輪）場,30歳代,その他,施錠した
窃盗,自転車盗,高井戸,久我山交番,131156,東京都,杉並区,久我山５丁目,2020-02-27,05,駐車（輪）場,駐車（輪）場,50歳代,その他,施錠した
窃盗,自転車盗,高井戸,久我山交番,131156,東京都,杉並区,久我山５丁目,2020-05-01,15,その他の住宅（３階建て以下共同住宅等）,その他,30歳代,その他,施錠した
窃盗,自転車盗,高井戸,下高井戸交番,131156,東京都,杉並区,永福１丁目,2020-04-09,20,その他の住宅（３階建て以下共同住宅等）,駐車（輪）場,50歳代,その他,施錠した
窃盗,自転車盗,高井戸,下高井戸交番,131156,東京都,杉並区,下高井戸１丁目,2019-12-28,02,道路上,その他,40歳代,その他,施錠した
窃盗,自転車盗,高井戸,下高井戸交番,131156,東京都,杉並区,下高井戸１丁目,2020-02-17,18,道路上,その他,50歳代,その他,施錠した
窃盗,自転車盗,高井戸,下高井戸交番,131156,東京都,杉並区,下高井戸１丁目,2020-08-17,19,その他の住宅（３階建て以下共同住宅等）,駐車（輪）場,40歳代,その他,施錠した
窃盗,自転車盗,高井戸,下高井戸交番,131156,東京都,杉並区,下高井戸１丁目,2020-11-21,14,４階建て以上共同住宅,駐車（輪）場,50歳代,その他,施錠した
窃盗,自転車盗,高井戸,下高井戸交番,131156,東京都,杉並区,下高井戸２丁目,2020-11-15,18,４階建て以上共同住宅,駐車（輪）場,30歳代,その他,施錠した
窃盗,自転車盗,高井戸,上高井戸交番,131156,東京都,杉並区,上高井戸１丁目,2020-02-08,18,その他の住宅（３階建て以下共同住宅等）,駐車（輪）場,20歳代,その他,施錠した
窃盗,自転車盗,高井戸,上高井戸交番,131156,東京都,杉並区,上高井戸１丁目,2020-03-17,20,その他の住宅（３階建て以下共同住宅等）,駐車（輪）場,20歳代,その他,施錠した
窃盗,自転車盗,高井戸,上高井戸交番,131156,東京都,杉並区,上高井戸１丁目,2020-05-01,09,駐車（輪）場,駐車（輪）場,40歳代,その他,施錠した
窃盗,自転車盗,高井戸,上高井戸交番,131156,東京都,杉並区,上高井戸１丁目,2020-07-02,08,４階建て以上共同住宅,駐車（輪）場,20歳代,その他,施錠した
窃盗,自転車盗,高井戸,上高井戸交番,131156,東京都,杉並区,上高井戸１丁目,2020-08-25,16,その他,駐車（輪）場,30歳代,その他,施錠した
窃盗,自転車盗,高井戸,上高井戸交番,131156,東京都,杉並区,上高井戸１丁目,2020-09-19,19,道路上,その他,20歳代,大学生,施錠した
窃盗,自転車盗,高井戸,上高井戸交番,131156,東京都,杉並区,上高井戸１丁目,2020-09-23,21,その他,駐車（輪）場,20歳代,大学生,施錠した
窃盗,自転車盗,高井戸,上高井戸交番,131156,東京都,杉並区,上高井戸１丁目,2020-09-26,02,その他の住宅（３階建て以下共同住宅等）,駐車（輪）場,20歳代,その他,施錠した
窃盗,自転車盗,高井戸,上高井戸交番,131156,東京都,杉並区,上高井戸１丁目,2020-11-13,08,４階建て以上共同住宅,その他,20歳代,その他,施錠した
窃盗,自転車盗,高井戸,上高井戸交番,131156,東京都,杉並区,上高井戸２丁目,2020-05-27,17,４階建て以上共同住宅,駐車（輪）場,30歳代,その他,施錠した
窃盗,自転車盗,高井戸,高井戸西交番,131156,東京都,杉並区,高井戸西１丁目,2020-01-21,10,４階建て以上共同住宅,駐車（輪）場,10歳代,その他,施錠した
窃盗,自転車盗,高井戸,高井戸西交番,131156,東京都,杉並区,高井戸西１丁目,2020-02-26,14,その他の住宅（３階建て以下共同住宅等）,駐車（輪）場,70歳以上,その他,施錠した
窃盗,自転車盗,高井戸,高井戸西交番,131156,東京都,杉並区,高井戸西１丁目,2020-03-30,18,４階建て以上共同住宅,駐車（輪）場,20歳代,その他,施錠した
窃盗,自転車盗,高井戸,高井戸西交番,131156,東京都,杉並区,高井戸西１丁目,2020-08-29,18,一戸建住宅,駐車（輪）場,30歳代,その他,施錠した
窃盗,自転車盗,高井戸,高井戸西交番,131156,東京都,杉並区,高井戸東２丁目,2020-02-29,20,駐車（輪）場,駐車（輪）場,20歳代,その他,施錠した
窃盗,自転車盗,高井戸,大宮八幡駐在所,131156,東京都,杉並区,堀ノ内１丁目,2020-04-28,19,その他の住宅（３階建て以下共同住宅等）,駐車（輪）場,法人・団体、被害者なし,法人・団体、被害者なし,施錠した
窃盗,自転車盗,高井戸,大宮八幡駐在所,131156,東京都,杉並区,宮前４丁目,2020-04-04,20,その他,駐車（輪）場,40歳代,その他,施錠した
窃盗,自転車盗,高井戸,宮前駐在所,131156,東京都,杉並区,宮前１丁目,2020-11-13,13,道路上,その他,50歳代,その他,施錠した
窃盗,自転車盗,高井戸,宮前駐在所,131156,東京都,杉並区,宮前４丁目,2020-07-25,00,その他の住宅（３階建て以下共同住宅等）,その他,40歳代,その他,施錠した
窃盗,自転車盗,高井戸,浜田山交番,131156,東京都,杉並区,浜田山１丁目,2020-03-08,18,４階建て以上共同住宅,駐車（輪）場,40歳代,その他,施錠した
窃盗,自転車盗,高井戸,浜田山交番,131156,東京都,杉並区,浜田山３丁目,2020-02-03,10,道路上,その他,30歳代,その他,施錠した
窃盗,自転車盗,高井戸,浜田山交番,131156,東京都,杉並区,浜田山３丁目,2020-02-20,16,その他,駐車（輪）場,40歳代,その他,施錠した
窃盗,自転車盗,高井戸,浜田山交番,131156,東京都,杉並区,浜田山３丁目,2020-04-25,18,道路上,その他,20歳代,その他,施錠した
窃盗,自転車盗,高井戸,浜田山交番,131156,東京都,杉並区,浜田山３丁目,2020-06-01,16,道路上,その他,30歳代,その他,施錠した
窃盗,自転車盗,高井戸,浜田山交番,131156,東京都,杉並区,浜田山３丁目,2020-06-28,16,４階建て以上共同住宅,駐車（輪）場,40歳代,その他,施錠した
窃盗,自転車盗,高井戸,浜田山交番,131156,東京都,杉並区,浜田山３丁目,2020-09-05,09,その他,駐車（輪）場,20歳代,大学生,施錠した
窃盗,自転車盗,荻窪,桃井四丁目交番,131156,東京都,杉並区,上荻３丁目,2020-03-02,19,一戸建住宅,駐車（輪）場,10歳代,高校生,施錠した
窃盗,自転車盗,荻窪,桃井四丁目交番,131156,東京都,杉並区,上荻３丁目,2020-08-18,17,その他の住宅（３階建て以下共同住宅等）,駐車（輪）場,30歳代,その他,施錠した
窃盗,自転車盗,荻窪,桃井四丁目交番,131156,東京都,杉並区,上荻４丁目,2020-10-10,16,その他の住宅（３階建て以下共同住宅等）,駐車（輪）場,20歳代,その他,施錠した
窃盗,自転車盗,荻窪,桃井四丁目交番,131156,東京都,杉並区,桃井１丁目,2020-01-24,14,４階建て以上共同住宅,駐車（輪）場,30歳代,その他,施錠した
窃盗,自転車盗,荻窪,善福寺交番,131156,東京都,杉並区,善福寺１丁目,2020-06-12,16,一戸建住宅,駐車（輪）場,70歳以上,その他,施錠した
窃盗,自転車盗,荻窪,善福寺交番,131156,東京都,杉並区,善福寺２丁目,2020-04-03,12,道路上,その他,20歳代,その他,施錠した
窃盗,自転車盗,荻窪,善福寺交番,131156,東京都,杉並区,善福寺４丁目,2020-11-10,06,４階建て以上共同住宅,駐車（輪）場,50歳代,その他,施錠した
窃盗,自転車盗,荻窪,西荻窪交番,131156,東京都,杉並区,西荻北１丁目,2020-01-15,17,その他の住宅（３階建て以下共同住宅等）,その他,30歳代,その他,施錠した
窃盗,自転車盗,荻窪,西荻窪交番,131156,東京都,杉並区,西荻北１丁目,2020-02-25,12,その他の住宅（３階建て以下共同住宅等）,駐車（輪）場,30歳代,その他,施錠した
窃盗,自転車盗,荻窪,西荻窪交番,131156,東京都,杉並区,西荻北１丁目,2020-04-22,21,その他の住宅（３階建て以下共同住宅等）,駐車（輪）場,30歳代,その他,施錠した
窃盗,自転車盗,荻窪,西荻窪交番,131156,東京都,杉並区,西荻北２丁目,2020-02-26,15,駐車（輪）場,駐車（輪）場,50歳代,その他,施錠した
窃盗,自転車盗,荻窪,西荻窪交番,131156,東京都,杉並区,西荻北２丁目,2020-03-07,21,その他,駐車（輪）場,30歳代,その他,施錠した
窃盗,自転車盗,荻窪,西荻窪交番,131156,東京都,杉並区,西荻北２丁目,2020-05-17,21,その他の住宅（３階建て以下共同住宅等）,駐車（輪）場,20歳代,その他,施錠した
窃盗,自転車盗,荻窪,西荻窪交番,131156,東京都,杉並区,西荻北３丁目,2019-10-16,06,道路上,その他,10歳代,中学生,施錠した
窃盗,自転車盗,荻窪,西荻窪交番,131156,東京都,杉並区,西荻北３丁目,2019-12-25,10,駐車（輪）場,駐車（輪）場,10歳代,高校生,施錠した
窃盗,自転車盗,荻窪,西荻窪交番,131156,東京都,杉並区,西荻北３丁目,2020-01-14,18,その他の住宅（３階建て以下共同住宅等）,駐車（輪）場,30歳代,その他,施錠した
窃盗,自転車盗,荻窪,西荻窪交番,131156,東京都,杉並区,西荻北３丁目,2020-07-12,02,道路上,その他,30歳代,その他,施錠した
窃盗,自転車盗,荻窪,西荻窪交番,131156,東京都,杉並区,西荻北３丁目,2020-07-29,17,道路上,その他,70歳以上,その他,施錠した
窃盗,自転車盗,荻窪,西荻窪交番,131156,東京都,杉並区,西荻北３丁目,2020-08-20,07,４階建て以上共同住宅,駐車（輪）場,65-69歳,その他,施錠した
窃盗,自転車盗,荻窪,西荻窪交番,131156,東京都,杉並区,西荻北３丁目,2020-09-02,18,一戸建住宅,駐車（輪）場,40歳代,その他,施錠した
窃盗,自転車盗,荻窪,西荻窪交番,131156,東京都,杉並区,西荻北３丁目,2020-10-07,00,その他の住宅（３階建て以下共同住宅等）,駐車（輪）場,65-69歳,その他,施錠した
窃盗,自転車盗,荻窪,西荻窪交番,131156,東京都,杉並区,西荻北４丁目,2020-03-10,11,その他の住宅（３階建て以下共同住宅等）,駐車（輪）場,50歳代,その他,施錠した
窃盗,自転車盗,荻窪,西荻窪交番,131156,東京都,杉並区,西荻北４丁目,2020-04-22,10,４階建て以上共同住宅,駐車（輪）場,20歳代,大学生,施錠した
窃盗,自転車盗,荻窪,西荻窪交番,131156,東京都,杉並区,西荻南３丁目,2020-02-03,19,一戸建住宅,その他,50歳代,その他,施錠した
窃盗,自転車盗,荻窪,西荻窪交番,131156,東京都,杉並区,西荻南３丁目,2020-02-12,20,その他,駐車（輪）場,30歳代,その他,施錠した
窃盗,自転車盗,荻窪,西荻窪交番,131156,東京都,杉並区,西荻南３丁目,2020-03-19,10,道路上,その他,10歳代,中学生,施錠した
窃盗,自転車盗,荻窪,西荻窪交番,131156,東京都,杉並区,西荻南３丁目,2020-05-02,20,道路上,その他,30歳代,その他,施錠した
窃盗,自転車盗,荻窪,西荻窪交番,131156,東京都,杉並区,西荻南３丁目,2020-05-29,08,駐車（輪）場,駐車（輪）場,40歳代,その他,施錠した
窃盗,自転車盗,荻窪,西荻窪交番,131156,東京都,杉並区,西荻南３丁目,2020-12-01,09,駐車（輪）場,駐車（輪）場,50歳代,その他,施錠した
窃盗,自転車盗,荻窪,荻窪五丁目交番,131156,東京都,杉並区,荻窪１丁目,2020-03-09,23,道路上,その他,30歳代,その他,施錠した
窃盗,自転車盗,荻窪,荻窪五丁目交番,131156,東京都,杉並区,荻窪５丁目,2020-01-15,18,道路上,その他,20歳代,その他,施錠した
窃盗,自転車盗,荻窪,荻窪五丁目交番,131156,東京都,杉並区,荻窪５丁目,2020-02-10,18,道路上,その他,50歳代,その他,施錠した
窃盗,自転車盗,荻窪,荻窪五丁目交番,131156,東京都,杉並区,荻窪５丁目,2020-09-06,20,道路上,その他,65-69歳,その他,施錠した
窃盗,自転車盗,荻窪,荻窪五丁目交番,131156,東京都,杉並区,荻窪５丁目,2020-10-27,18,その他,駐車（輪）場,40歳代,その他,施錠した
窃盗,自転車盗,荻窪,荻窪五丁目交番,131156,東京都,杉並区,荻窪５丁目,2020-11-23,13,道路上,その他,40歳代,その他,施錠した
窃盗,自転車盗,荻窪,荻窪五丁目交番,131156,東京都,杉並区,南荻窪１丁目,2019-12-26,00,道路上,その他,50歳代,その他,施錠した
窃盗,自転車盗,荻窪,荻窪五丁目交番,131156,東京都,杉並区,南荻窪１丁目,2020-09-15,20,その他の住宅（３階建て以下共同住宅等）,駐車（輪）場,20歳代,その他,施錠した
窃盗,自転車盗,荻窪,荻窪五丁目交番,131156,東京都,杉並区,南荻窪４丁目,2020-11-24,12,その他の住宅（３階建て以下共同住宅等）,駐車（輪）場,20歳代,その他,施錠した
窃盗,自転車盗,荻窪,荻窪駅南口交番,131156,東京都,杉並区,荻窪５丁目,2019-12-20,23,道路上,その他,30歳代,その他,施錠した
窃盗,自転車盗,荻窪,荻窪駅南口交番,131156,東京都,杉並区,荻窪５丁目,2020-03-23,12,その他,駐車（輪）場,60-64歳,その他,施錠した
窃盗,自転車盗,荻窪,荻窪駅南口交番,131156,東京都,杉並区,荻窪５丁目,2020-03-29,11,駐車（輪）場,駐車（輪）場,70歳以上,その他,施錠した
窃盗,自転車盗,荻窪,荻窪駅南口交番,131156,東京都,杉並区,荻窪５丁目,2020-09-19,08,その他,駐車（輪）場,40歳代,その他,施錠した
窃盗,自転車盗,荻窪,荻窪駅南口交番,131156,東京都,杉並区,荻窪５丁目,2020-11-13,23,道路上,その他,50歳代,その他,施錠した
窃盗,自転車盗,荻窪,荻窪駅南口交番,131156,東京都,杉並区,荻窪５丁目,2020-11-22,23,その他,駐車（輪）場,20歳代,その他,施錠した
窃盗,自転車盗,荻窪,荻窪駅北口交番,131156,東京都,杉並区,天沼２丁目,2020-12-06,18,一戸建住宅,駐車（輪）場,30歳代,その他,施錠した
窃盗,自転車盗,荻窪,荻窪駅北口交番,131156,東京都,杉並区,天沼３丁目,2020-02-07,16,４階建て以上共同住宅,駐車（輪）場,20歳代,その他,施錠した
窃盗,自転車盗,荻窪,荻窪駅北口交番,131156,東京都,杉並区,天沼３丁目,2020-02-12,11,駐車（輪）場,駐車（輪）場,70歳以上,その他,施錠した
窃盗,自転車盗,荻窪,荻窪駅北口交番,131156,東京都,杉並区,天沼３丁目,2020-03-28,15,その他の住宅（３階建て以下共同住宅等）,駐車（輪）場,50歳代,その他,施錠した
窃盗,自転車盗,荻窪,荻窪駅北口交番,131156,東京都,杉並区,天沼３丁目,2020-05-13,20,その他の住宅（３階建て以下共同住宅等）,駐車（輪）場,30歳代,その他,施錠した
窃盗,自転車盗,荻窪,荻窪駅北口交番,131156,東京都,杉並区,天沼３丁目,2020-06-28,00,道路上,その他,20歳代,その他,施錠した
窃盗,自転車盗,荻窪,荻窪駅北口交番,131156,東京都,杉並区,天沼３丁目,2020-09-08,12,４階建て以上共同住宅,駐車（輪）場,40歳代,その他,施錠した
窃盗,自転車盗,荻窪,荻窪駅北口交番,131156,東京都,杉並区,天沼３丁目,2020-11-16,07,その他,駐車（輪）場,60-64歳,その他,施錠した
窃盗,自転車盗,荻窪,荻窪駅北口交番,131156,東京都,杉並区,天沼３丁目,2020-11-20,17,その他の住宅（３階建て以下共同住宅等）,駐車（輪）場,40歳代,その他,施錠した
窃盗,自転車盗,荻窪,荻窪駅北口交番,131156,東京都,杉並区,上荻１丁目,2019-12-12,16,道路上,その他,20歳代,大学生,施錠した
窃盗,自転車盗,荻窪,荻窪駅北口交番,131156,東京都,杉並区,上荻１丁目,2020-01-02,00,４階建て以上共同住宅,駐車（輪）場,30歳代,その他,施錠した
窃盗,自転車盗,荻窪,荻窪駅北口交番,131156,東京都,杉並区,上荻１丁目,2020-05-09,14,その他,駐車（輪）場,40歳代,その他,施錠した
窃盗,自転車盗,荻窪,荻窪駅北口交番,131156,東京都,杉並区,上荻１丁目,2020-09-12,08,駐車（輪）場,駐車（輪）場,50歳代,その他,施錠した
窃盗,自転車盗,荻窪,荻窪駅北口交番,131156,東京都,杉並区,上荻１丁目,2020-10-19,06,駐車（輪）場,駐車（輪）場,10歳代,中学生,施錠した
窃盗,自転車盗,荻窪,荻窪駅北口交番,131156,東京都,杉並区,上荻１丁目,2020-11-16,18,４階建て以上共同住宅,駐車（輪）場,30歳代,その他,施錠した
窃盗,自転車盗,荻窪,荻窪駅北口交番,131156,東京都,杉並区,上荻２丁目,2020-07-02,08,その他の住宅（３階建て以下共同住宅等）,駐車（輪）場,20歳代,その他,施錠した
窃盗,自転車盗,荻窪,荻窪駅北口交番,131156,東京都,杉並区,上荻２丁目,2020-10-16,10,その他の住宅（３階建て以下共同住宅等）,駐車（輪）場,20歳代,その他,施錠した
窃盗,自転車盗,荻窪,荻窪駅北口交番,131156,東京都,杉並区,清水１丁目,2020-04-12,12,その他の住宅（３階建て以下共同住宅等）,駐車（輪）場,30歳代,その他,施錠した
窃盗,自転車盗,荻窪,天沼交番,131156,東京都,杉並区,清水２丁目,2020-03-12,16,一戸建住宅,その他,70歳以上,その他,施錠した
窃盗,自転車盗,荻窪,天沼交番,131156,東京都,杉並区,清水３丁目,2020-05-01,19,一戸建住宅,その他,50歳代,その他,施錠した
窃盗,自転車盗,荻窪,天沼交番,131156,東京都,杉並区,清水３丁目,2020-12-09,08,一戸建住宅,駐車（輪）場,10歳代,高校生,施錠した
窃盗,自転車盗,荻窪,天沼交番,131156,東京都,杉並区,本天沼１丁目,2020-04-04,08,道路上,その他,50歳代,その他,施錠した
窃盗,自転車盗,荻窪,天沼交番,131156,東京都,杉並区,本天沼１丁目,2020-04-22,18,その他の住宅（３階建て以下共同住宅等）,駐車（輪）場,30歳代,その他,施錠した
窃盗,自転車盗,荻窪,天沼交番,131156,東京都,杉並区,本天沼２丁目,2020-02-08,09,道路上,その他,40歳代,その他,施錠した
窃盗,自転車盗,荻窪,天沼交番,131156,東京都,杉並区,本天沼３丁目,2020-08-10,11,その他の住宅（３階建て以下共同住宅等）,駐車（輪）場,30歳代,その他,施錠した
窃盗,自転車盗,荻窪,下井草駅前交番,131156,東京都,杉並区,井草１丁目,2020-10-22,22,その他,駐車（輪）場,20歳代,その他,施錠した
窃盗,自転車盗,荻窪,下井草駅前交番,131156,東京都,杉並区,井草１丁目,2020-12-09,09,その他,駐車（輪）場,70歳以上,その他,施錠した
窃盗,自転車盗,荻窪,下井草駅前交番,131156,東京都,杉並区,井草２丁目,2019-12-29,20,４階建て以上共同住宅,駐車（輪）場,20歳代,その他,施錠した
窃盗,自転車盗,荻窪,下井草駅前交番,131156,東京都,杉並区,井草２丁目,2020-11-05,13,道路上,その他,40歳代,その他,施錠した
窃盗,自転車盗,荻窪,下井草駅前交番,131156,東京都,杉並区,下井草１丁目,2020-09-14,04,道路上,その他,20歳代,その他,施錠した
窃盗,自転車盗,荻窪,下井草駅前交番,131156,東京都,杉並区,下井草２丁目,2020-01-26,14,その他,駐車（輪）場,40歳代,その他,施錠した
窃盗,自転車盗,荻窪,下井草駅前交番,131156,東京都,杉並区,下井草３丁目,2019-12-31,11,一戸建住宅,その他,20歳代,その他,施錠した
窃盗,自転車盗,荻窪,下井草駅前交番,131156,東京都,杉並区,下井草３丁目,2020-09-03,15,一戸建住宅,駐車（輪）場,50歳代,その他,施錠した
窃盗,自転車盗,荻窪,下井草駅前交番,131156,東京都,杉並区,下井草３丁目,2020-12-08,16,４階建て以上共同住宅,駐車（輪）場,10歳代,小学生,施錠した
窃盗,自転車盗,荻窪,上井草駅前交番,131156,東京都,杉並区,上井草２丁目,2020-01-31,12,その他の住宅（３階建て以下共同住宅等）,駐車（輪）場,40歳代,その他,施錠した
窃盗,自転車盗,荻窪,上井草駅前交番,131156,東京都,杉並区,上井草３丁目,2020-01-19,13,その他の住宅（３階建て以下共同住宅等）,駐車（輪）場,20歳代,大学生,施錠した
窃盗,自転車盗,荻窪,井荻駅前交番,131156,東京都,杉並区,井草２丁目,2020-10-29,19,その他の住宅（３階建て以下共同住宅等）,駐車（輪）場,20歳代,その他,施錠した
窃盗,自転車盗,荻窪,井荻駅前交番,131156,東京都,杉並区,井草３丁目,2020-04-06,22,その他の住宅（３階建て以下共同住宅等）,駐車（輪）場,20歳代,大学生,施錠した
窃盗,自転車盗,荻窪,井荻駅前交番,131156,東京都,杉並区,井草３丁目,2020-09-09,08,その他,駐車（輪）場,20歳代,その他,施錠した
窃盗,自転車盗,荻窪,井荻駅前交番,131156,東京都,杉並区,井草４丁目,2020-03-15,00,その他の住宅（３階建て以下共同住宅等）,駐車（輪）場,10歳代,その他,施錠した
窃盗,自転車盗,荻窪,井荻駅前交番,131156,東京都,杉並区,井草４丁目,2020-07-23,06,その他,駐車（輪）場,50歳代,その他,施錠した
窃盗,自転車盗,荻窪,井荻駅前交番,131156,東京都,杉並区,井草４丁目,2020-11-21,14,その他,駐車（輪）場,20歳代,その他,施錠した
窃盗,自転車盗,荻窪,井荻駅前交番,131156,東京都,杉並区,下井草４丁目,2020-03-02,07,その他の住宅（３階建て以下共同住宅等）,その他,30歳代,その他,施錠した
窃盗,自転車盗,荻窪,井荻駅前交番,131156,東京都,杉並区,下井草４丁目,2020-05-31,21,一戸建住宅,駐車（輪）場,40歳代,その他,施錠した
窃盗,自転車盗,荻窪,今川交番,131156,東京都,杉並区,今川２丁目,2020-06-29,23,その他の住宅（３階建て以下共同住宅等）,駐車（輪）場,10歳代,大学生,施錠した
窃盗,自転車盗,荻窪,今川交番,131156,東京都,杉並区,桃井１丁目,2020-07-24,00,その他の住宅（３階建て以下共同住宅等）,駐車（輪）場,30歳代,その他,施錠した
窃盗,自転車盗,荻窪,神明駐在所,131156,東京都,杉並区,南荻窪３丁目,2020-04-08,17,その他の住宅（３階建て以下共同住宅等）,駐車（輪）場,20歳代,その他,施錠した
窃盗,自転車盗,荻窪,神明駐在所,131156,東京都,杉並区,南荻窪３丁目,2020-09-22,15,一戸建住宅,駐車（輪）場,50歳代,その他,施錠した
窃盗,自転車盗,富坂,春日交番,131059,東京都,文京区,春日１丁目,2020-07-12,12,４階建て以上共同住宅,駐車（輪）場,50歳代,その他,施錠した
窃盗,自転車盗,富坂,春日交番,131059,東京都,文京区,春日１丁目,2020-08-26,09,駐車（輪）場,駐車（輪）場,20歳代,大学生,施錠した
窃盗,自転車盗,富坂,春日交番,131059,東京都,文京区,小石川１丁目,2019-11-18,18,道路上,その他,40歳代,その他,施錠した
窃盗,自転車盗,富坂,春日交番,131059,東京都,文京区,小石川１丁目,2020-04-25,18,道路上,その他,30歳代,その他,施錠した
窃盗,自転車盗,富坂,春日交番,131059,東京都,文京区,後楽１丁目,2020-08-30,14,道路上,その他,20歳代,大学生,施錠した
窃盗,自転車盗,富坂,春日交番,131059,東京都,文京区,白山１丁目,2020-10-23,23,道路上,その他,30歳代,その他,施錠した
窃盗,自転車盗,富坂,春日交番,131059,東京都,文京区,本郷１丁目,2020-08-01,19,４階建て以上共同住宅,駐車（輪）場,30歳代,その他,施錠した
窃盗,自転車盗,富坂,春日交番,131059,東京都,文京区,本郷１丁目,2020-10-03,22,４階建て以上共同住宅,駐車（輪）場,50歳代,その他,施錠した
窃盗,自転車盗,富坂,春日交番,131059,東京都,文京区,本郷１丁目,2020-10-03,23,４階建て以上共同住宅,駐車（輪）場,60-64歳,その他,施錠した
窃盗,自転車盗,富坂,春日交番,131059,東京都,文京区,本郷１丁目,2020-11-05,11,その他,駐車（輪）場,30歳代,その他,施錠した
窃盗,自転車盗,富坂,白山交番,131059,東京都,文京区,白山１丁目,2020-02-27,00,４階建て以上共同住宅,その他,20歳代,その他,施錠した
窃盗,自転車盗,富坂,白山交番,131059,東京都,文京区,白山３丁目,2020-04-01,07,４階建て以上共同住宅,駐車（輪）場,20歳代,その他,施錠した
窃盗,自転車盗,富坂,白山交番,131059,東京都,文京区,白山４丁目,2020-06-18,21,４階建て以上共同住宅,駐車（輪）場,40歳代,その他,施錠した
窃盗,自転車盗,富坂,白山交番,131059,東京都,文京区,白山４丁目,2020-09-17,14,道路上,その他,50歳代,その他,施錠した
窃盗,自転車盗,富坂,白山交番,131059,東京都,文京区,白山５丁目,2020-02-13,00,駐車（輪）場,駐車（輪）場,20歳代,大学生,施錠した
窃盗,自転車盗,富坂,白山交番,131059,東京都,文京区,白山５丁目,2020-03-22,11,４階建て以上共同住宅,駐車（輪）場,20歳代,大学生,施錠した
窃盗,自転車盗,富坂,千石一丁目交番,131059,東京都,文京区,千石１丁目,2020-10-12,11,駐車（輪）場,駐車（輪）場,30歳代,その他,施錠した
窃盗,自転車盗,富坂,千石一丁目交番,131059,東京都,文京区,千石３丁目,2020-09-25,08,その他の住宅（３階建て以下共同住宅等）,その他,50歳代,その他,施錠した
窃盗,自転車盗,富坂,千石一丁目交番,131059,東京都,文京区,千石４丁目,2020-01-01,10,その他の住宅（３階建て以下共同住宅等）,駐車（輪）場,20歳代,大学生,施錠した
窃盗,自転車盗,富坂,千石一丁目交番,131059,東京都,文京区,千石４丁目,2020-03-04,13,４階建て以上共同住宅,駐車（輪）場,30歳代,その他,施錠した
窃盗,自転車盗,富坂,千石一丁目交番,131059,東京都,文京区,白山５丁目,2020-06-02,10,４階建て以上共同住宅,駐車（輪）場,70歳以上,その他,施錠した
窃盗,自転車盗,富坂,千石一丁目交番,131059,東京都,文京区,本駒込２丁目,2020-07-11,11,道路上,その他,50歳代,その他,施錠した
窃盗,自転車盗,富坂,千石一丁目交番,131059,東京都,文京区,本駒込６丁目,2020-01-26,17,４階建て以上共同住宅,駐車（輪）場,20歳代,その他,施錠した
窃盗,自転車盗,富坂,小石川御殿町交番,131059,東京都,文京区,大塚３丁目,2020-06-06,07,その他の住宅（３階建て以下共同住宅等）,駐車（輪）場,30歳代,その他,施錠した
窃盗,自転車盗,富坂,小石川御殿町交番,131059,東京都,文京区,千石２丁目,2020-05-27,18,その他の住宅（３階建て以下共同住宅等）,駐車（輪）場,20歳代,その他,施錠した
窃盗,自転車盗,富坂,小石川御殿町交番,131059,東京都,文京区,千石３丁目,2020-08-10,08,４階建て以上共同住宅,駐車（輪）場,30歳代,その他,施錠した
窃盗,自転車盗,富坂,竹早交番,131059,東京都,文京区,小石川４丁目,2019-07-01,00,４階建て以上共同住宅,駐車（輪）場,20歳代,大学生,施錠した
窃盗,自転車盗,富坂,竹早交番,131059,東京都,文京区,小石川５丁目,2019-12-28,16,駐車（輪）場,駐車（輪）場,50歳代,その他,施錠した
窃盗,自転車盗,富坂,後楽交番,131059,東京都,文京区,春日１丁目,2020-07-16,18,道路上,その他,65-69歳,その他,施錠した
窃盗,自転車盗,富坂,後楽交番,131059,東京都,文京区,春日２丁目,2020-07-04,23,４階建て以上共同住宅,その他,20歳代,その他,施錠した
窃盗,自転車盗,富坂,後楽交番,131059,東京都,文京区,小石川２丁目,2019-06-01,00,４階建て以上共同住宅,駐車（輪）場,30歳代,その他,施錠した
窃盗,自転車盗,富坂,後楽交番,131059,東京都,文京区,後楽１丁目,2020-02-02,08,道路上,その他,10歳代,大学生,施錠した
窃盗,自転車盗,富坂,後楽交番,131059,東京都,文京区,後楽１丁目,2020-10-29,08,道路上,その他,50歳代,その他,施錠した
窃盗,自転車盗,富坂,後楽交番,131059,東京都,文京区,後楽２丁目,2020-05-15,15,その他の住宅（３階建て以下共同住宅等）,その他,20歳代,その他,施錠した
窃盗,自転車盗,大塚,茗荷谷駅前交番,131059,東京都,文京区,大塚３丁目,2020-02-02,11,４階建て以上共同住宅,駐車（輪）場,30歳代,その他,施錠した
窃盗,自転車盗,大塚,茗荷谷駅前交番,131059,東京都,文京区,大塚３丁目,2020-11-19,14,道路上,その他,50歳代,その他,施錠した
窃盗,自転車盗,大塚,茗荷谷駅前交番,131059,東京都,文京区,小日向４丁目,2020-02-01,16,道路上,その他,60-64歳,その他,施錠した
窃盗,自転車盗,大塚,茗荷谷駅前交番,131059,東京都,文京区,小日向４丁目,2020-11-19,20,駐車（輪）場,駐車（輪）場,20歳代,大学生,施錠した
窃盗,自転車盗,大塚,大塚六丁目交番,131059,東京都,文京区,大塚５丁目,2020-01-01,07,一戸建住宅,駐車（輪）場,40歳代,その他,施錠した
窃盗,自転車盗,大塚,大塚六丁目交番,131059,東京都,文京区,大塚５丁目,2020-02-28,15,４階建て以上共同住宅,駐車（輪）場,40歳代,その他,施錠した
窃盗,自転車盗,大塚,大塚六丁目交番,131059,東京都,文京区,大塚６丁目,2020-02-01,15,４階建て以上共同住宅,駐車（輪）場,20歳代,その他,施錠した
窃盗,自転車盗,大塚,護国寺前交番,131059,東京都,文京区,大塚５丁目,2020-09-20,12,４階建て以上共同住宅,駐車（輪）場,30歳代,その他,施錠した
窃盗,自転車盗,大塚,護国寺前交番,131059,東京都,文京区,音羽２丁目,2020-03-02,21,４階建て以上共同住宅,駐車（輪）場,10歳代,大学生,施錠した
窃盗,自転車盗,大塚,護国寺前交番,131059,東京都,文京区,音羽２丁目,2020-12-09,19,道路上,その他,40歳代,その他,施錠した
窃盗,自転車盗,大塚,護国寺前交番,131059,東京都,文京区,目白台３丁目,2020-09-14,00,その他の住宅（３階建て以下共同住宅等）,駐車（輪）場,40歳代,その他,施錠した
窃盗,自転車盗,大塚,目白台交番,131059,東京都,文京区,目白台１丁目,2019-12-29,12,４階建て以上共同住宅,駐車（輪）場,20歳代,その他,施錠した
窃盗,自転車盗,大塚,目白台交番,131059,東京都,文京区,目白台１丁目,2020-09-18,12,４階建て以上共同住宅,駐車（輪）場,70歳以上,その他,施錠した
窃盗,自転車盗,大塚,目白台交番,131059,東京都,文京区,目白台３丁目,2020-05-30,09,４階建て以上共同住宅,その他,40歳代,その他,施錠した
窃盗,自転車盗,大塚,江戸川橋交番,131059,東京都,文京区,音羽１丁目,2020-10-16,08,４階建て以上共同住宅,駐車（輪）場,30歳代,その他,施錠した
窃盗,自転車盗,大塚,江戸川橋交番,131059,東京都,文京区,水道１丁目,2019-12-25,14,道路上,その他,30歳代,その他,施錠した
窃盗,自転車盗,大塚,江戸川橋交番,131059,東京都,文京区,水道１丁目,2020-02-20,22,４階建て以上共同住宅,駐車（輪）場,20歳代,その他,施錠した
窃盗,自転車盗,大塚,江戸川橋交番,131059,東京都,文京区,水道２丁目,2020-11-27,22,４階建て以上共同住宅,駐車（輪）場,20歳代,その他,施錠した
窃盗,自転車盗,大塚,江戸川橋交番,131059,東京都,文京区,関口１丁目,2019-12-25,20,４階建て以上共同住宅,駐車（輪）場,30歳代,その他,施錠した
窃盗,自転車盗,大塚,江戸川橋交番,131059,東京都,文京区,関口１丁目,2020-03-16,07,駐車（輪）場,駐車（輪）場,40歳代,その他,施錠した
窃盗,自転車盗,大塚,江戸川橋交番,131059,東京都,文京区,関口１丁目,2020-03-21,12,４階建て以上共同住宅,駐車（輪）場,20歳代,その他,施錠した
窃盗,自転車盗,大塚,江戸川橋交番,131059,東京都,文京区,関口１丁目,2020-10-29,20,４階建て以上共同住宅,駐車（輪）場,40歳代,その他,施錠した
窃盗,自転車盗,大塚,江戸川橋交番,131059,東京都,文京区,関口１丁目,2020-11-08,16,４階建て以上共同住宅,駐車（輪）場,20歳代,その他,施錠した
窃盗,自転車盗,本富士,本郷交番,131059,東京都,文京区,西片１丁目,2020-01-03,17,一戸建住宅,その他,70歳以上,その他,施錠した
窃盗,自転車盗,本富士,本郷交番,131059,東京都,文京区,西片１丁目,2020-09-19,12,４階建て以上共同住宅,駐車（輪）場,40歳代,その他,施錠した
窃盗,自転車盗,本富士,本郷交番,131059,東京都,文京区,本郷２丁目,2019-12-06,17,その他の住宅（３階建て以下共同住宅等）,駐車（輪）場,20歳代,大学生,施錠した
窃盗,自転車盗,本富士,本郷交番,131059,東京都,文京区,本郷２丁目,2020-08-25,10,駐車（輪）場,駐車（輪）場,70歳以上,その他,施錠した
窃盗,自転車盗,本富士,本郷交番,131059,東京都,文京区,本郷３丁目,2020-02-03,23,道路上,その他,20歳代,大学生,施錠した
窃盗,自転車盗,本富士,本郷交番,131059,東京都,文京区,本郷３丁目,2020-11-17,12,駐車（輪）場,駐車（輪）場,40歳代,大学生,施錠した
窃盗,自転車盗,本富士,本郷交番,131059,東京都,文京区,本郷４丁目,2020-03-20,13,一戸建住宅,駐車（輪）場,65-69歳,その他,施錠した
窃盗,自転車盗,本富士,本郷交番,131059,東京都,文京区,本郷４丁目,2020-04-04,09,道路上,その他,20歳代,その他,施錠した
窃盗,自転車盗,本富士,本郷交番,131059,東京都,文京区,本郷４丁目,2020-08-09,06,道路上,その他,20歳代,その他,施錠した
窃盗,自転車盗,本富士,本郷交番,131059,東京都,文京区,本郷４丁目,2020-11-12,09,一戸建住宅,駐車（輪）場,10歳代,大学生,施錠した
窃盗,自転車盗,本富士,本郷交番,131059,東京都,文京区,本郷５丁目,2020-11-11,21,４階建て以上共同住宅,駐車（輪）場,20歳代,大学生,施錠した
窃盗,自転車盗,本富士,本郷交番,131059,東京都,文京区,本郷５丁目,2020-11-19,20,その他の住宅（３階建て以下共同住宅等）,駐車（輪）場,20歳代,その他,施錠した
窃盗,自転車盗,本富士,本郷交番,131059,東京都,文京区,本郷７丁目,2019-07-05,12,駐車（輪）場,駐車（輪）場,20歳代,大学生,施錠した
窃盗,自転車盗,本富士,本郷交番,131059,東京都,文京区,本郷７丁目,2020-01-21,20,その他,駐車（輪）場,20歳代,大学生,施錠した
窃盗,自転車盗,本富士,本郷交番,131059,東京都,文京区,本郷７丁目,2020-02-29,17,その他,駐車（輪）場,20歳代,大学生,施錠した
窃盗,自転車盗,本富士,本郷交番,131059,東京都,文京区,本郷７丁目,2020-06-30,11,道路上,その他,20歳代,大学生,施錠した
窃盗,自転車盗,本富士,本郷交番,131059,東京都,文京区,本郷７丁目,2020-07-29,09,その他,駐車（輪）場,20歳代,大学生,施錠した
窃盗,自転車盗,本富士,本郷交番,131059,東京都,文京区,本郷７丁目,2020-10-12,19,その他,駐車（輪）場,20歳代,その他,施錠した
窃盗,自転車盗,本富士,本郷交番,131059,東京都,文京区,湯島３丁目,2020-11-24,16,道路上,その他,30歳代,その他,施錠した
窃盗,自転車盗,本富士,本郷交番,131059,東京都,文京区,湯島４丁目,2020-07-15,18,４階建て以上共同住宅,駐車（輪）場,50歳代,その他,施錠した
窃盗,自転車盗,本富士,壱岐坂交番,131059,東京都,文京区,本郷１丁目,2019-12-08,18,駐車（輪）場,駐車（輪）場,20歳代,大学生,施錠した
窃盗,自転車盗,本富士,壱岐坂交番,131059,東京都,文京区,本郷２丁目,2019-11-25,22,４階建て以上共同住宅,駐車（輪）場,20歳代,大学生,施錠した
窃盗,自転車盗,本富士,壱岐坂交番,131059,東京都,文京区,本郷２丁目,2020-05-10,19,道路上,その他,40歳代,その他,施錠した
窃盗,自転車盗,本富士,壱岐坂交番,131059,東京都,文京区,本郷２丁目,2020-07-15,23,４階建て以上共同住宅,駐車（輪）場,20歳代,大学生,施錠した
窃盗,自転車盗,本富士,壱岐坂交番,131059,東京都,文京区,本郷３丁目,2020-07-24,00,道路上,その他,20歳代,その他,施錠した
窃盗,自転車盗,本富士,壱岐坂交番,131059,東京都,文京区,湯島１丁目,2020-03-19,15,その他,その他,70歳以上,その他,施錠した
窃盗,自転車盗,本富士,壱岐坂交番,131059,東京都,文京区,湯島１丁目,2020-09-10,09,４階建て以上共同住宅,駐車（輪）場,40歳代,その他,施錠した
窃盗,自転車盗,本富士,天神町交番,131059,東京都,文京区,本郷３丁目,2019-12-05,12,４階建て以上共同住宅,駐車（輪）場,法人・団体、被害者なし,法人・団体、被害者なし,施錠した
窃盗,自転車盗,本富士,天神町交番,131059,東京都,文京区,湯島２丁目,2020-04-21,20,４階建て以上共同住宅,駐車（輪）場,30歳代,その他,施錠した
窃盗,自転車盗,本富士,天神町交番,131059,東京都,文京区,湯島２丁目,2020-08-06,13,４階建て以上共同住宅,駐車（輪）場,20歳代,その他,施錠した
窃盗,自転車盗,本富士,天神町交番,131059,東京都,文京区,湯島２丁目,2020-09-22,12,駐車（輪）場,駐車（輪）場,40歳代,その他,施錠した
窃盗,自転車盗,本富士,天神町交番,131059,東京都,文京区,湯島２丁目,2020-11-18,19,４階建て以上共同住宅,駐車（輪）場,50歳代,その他,施錠した
窃盗,自転車盗,本富士,天神町交番,131059,東京都,文京区,湯島３丁目,2019-12-13,21,駐車（輪）場,駐車（輪）場,20歳代,その他,施錠した
窃盗,自転車盗,本富士,天神町交番,131059,東京都,文京区,湯島３丁目,2020-05-22,23,４階建て以上共同住宅,駐車（輪）場,40歳代,その他,施錠した
窃盗,自転車盗,本富士,天神町交番,131059,東京都,文京区,湯島３丁目,2020-07-06,21,４階建て以上共同住宅,駐車（輪）場,20歳代,その他,施錠した
窃盗,自転車盗,本富士,天神町交番,131059,東京都,文京区,湯島３丁目,2020-09-29,19,道路上,その他,20歳代,大学生,施錠した
窃盗,自転車盗,本富士,天神町交番,131059,東京都,文京区,湯島３丁目,2020-10-31,09,道路上,その他,20歳代,その他,施錠した
窃盗,自転車盗,本富士,天神町交番,131059,東京都,文京区,湯島４丁目,2018-12-01,00,４階建て以上共同住宅,駐車（輪）場,70歳以上,その他,施錠した
窃盗,自転車盗,本富士,天神町交番,131059,東京都,文京区,湯島４丁目,2020-09-13,18,４階建て以上共同住宅,駐車（輪）場,50歳代,その他,施錠した
窃盗,自転車盗,本富士,根津交番,131059,東京都,文京区,根津１丁目,2020-03-10,22,駐車（輪）場,駐車（輪）場,20歳代,その他,施錠した
窃盗,自転車盗,本富士,根津交番,131059,東京都,文京区,根津１丁目,2020-06-09,07,その他,駐車（輪）場,40歳代,その他,施錠した
窃盗,自転車盗,本富士,根津交番,131059,東京都,文京区,根津１丁目,2020-06-30,19,４階建て以上共同住宅,駐車（輪）場,30歳代,その他,施錠した
窃盗,自転車盗,本富士,根津交番,131059,東京都,文京区,根津２丁目,2020-03-25,17,４階建て以上共同住宅,駐車（輪）場,30歳代,その他,施錠した
窃盗,自転車盗,本富士,根津交番,131059,東京都,文京区,根津２丁目,2020-04-04,16,道路上,その他,70歳以上,その他,施錠した
窃盗,自転車盗,本富士,根津交番,131059,東京都,文京区,根津２丁目,2020-05-03,09,道路上,その他,40歳代,その他,施錠した
窃盗,自転車盗,本富士,弥生町交番,131059,東京都,文京区,西片２丁目,2020-06-24,10,４階建て以上共同住宅,駐車（輪）場,40歳代,その他,施錠した
窃盗,自転車盗,本富士,弥生町交番,131059,東京都,文京区,本郷６丁目,2020-01-30,07,４階建て以上共同住宅,駐車（輪）場,30歳代,その他,施錠した
窃盗,自転車盗,本富士,弥生町交番,131059,東京都,文京区,向丘１丁目,2020-10-27,17,４階建て以上共同住宅,駐車（輪）場,65-69歳,その他,施錠した
窃盗,自転車盗,本富士,弥生町交番,131059,東京都,文京区,向丘２丁目,2019-12-02,18,その他,駐車（輪）場,20歳代,その他,施錠した
窃盗,自転車盗,駒込,上富士前交番,131059,東京都,文京区,本駒込２丁目,2019-12-01,不明,４階建て以上共同住宅,駐車（輪）場,50歳代,その他,施錠した
窃盗,自転車盗,駒込,上富士前交番,131059,東京都,文京区,本駒込２丁目,2019-12-01,不明,４階建て以上共同住宅,駐車（輪）場,50歳代,その他,施錠した
窃盗,自転車盗,駒込,上富士前交番,131059,東京都,文京区,本駒込５丁目,2020-02-08,15,道路上,その他,40歳代,その他,施錠した
窃盗,自転車盗,駒込,上富士前交番,131059,東京都,文京区,本駒込５丁目,2020-02-25,04,４階建て以上共同住宅,駐車（輪）場,10歳代,大学生,施錠した
窃盗,自転車盗,駒込,上富士前交番,131059,東京都,文京区,本駒込５丁目,2020-03-27,17,その他の住宅（３階建て以下共同住宅等）,その他,20歳代,大学生,施錠した
窃盗,自転車盗,駒込,上富士前交番,131059,東京都,文京区,本駒込５丁目,2020-04-10,16,４階建て以上共同住宅,駐車（輪）場,40歳代,その他,施錠した
窃盗,自転車盗,駒込,上富士前交番,131059,東京都,文京区,本駒込５丁目,2020-09-01,20,４階建て以上共同住宅,駐車（輪）場,20歳代,大学生,施錠した
窃盗,自転車盗,駒込,上富士前交番,131059,東京都,文京区,本駒込６丁目,2020-01-04,16,道路上,その他,40歳代,その他,施錠した
窃盗,自転車盗,駒込,上富士前交番,131059,東京都,文京区,本駒込６丁目,2020-05-18,11,その他の住宅（３階建て以下共同住宅等）,駐車（輪）場,20歳代,その他,施錠した
窃盗,自転車盗,駒込,浅嘉交番,131059,東京都,文京区,本駒込１丁目,2020-01-08,08,道路上,その他,60-64歳,その他,施錠した
窃盗,自転車盗,駒込,浅嘉交番,131059,東京都,文京区,向丘１丁目,2020-10-11,18,道路上,その他,20歳代,大学生,施錠した
窃盗,自転車盗,駒込,浅嘉交番,131059,東京都,文京区,向丘２丁目,2020-03-15,07,その他,駐車（輪）場,20歳代,その他,施錠した
窃盗,自転車盗,駒込,浅嘉交番,131059,東京都,文京区,向丘２丁目,2020-09-27,02,その他の住宅（３階建て以下共同住宅等）,駐車（輪）場,20歳代,大学生,施錠した
窃盗,自転車盗,駒込,動坂交番,131059,東京都,文京区,千駄木４丁目,2020-04-27,23,４階建て以上共同住宅,駐車（輪）場,70歳以上,その他,施錠した
窃盗,自転車盗,駒込,動坂交番,131059,東京都,文京区,千駄木４丁目,2020-11-16,15,４階建て以上共同住宅,駐車（輪）場,40歳代,その他,施錠した
窃盗,自転車盗,駒込,動坂交番,131059,東京都,文京区,千駄木５丁目,2020-10-23,17,４階建て以上共同住宅,駐車（輪）場,30歳代,その他,施錠した
窃盗,自転車盗,駒込,動坂交番,131059,東京都,文京区,本駒込３丁目,2020-01-19,11,その他,駐車（輪）場,30歳代,その他,施錠した
窃盗,自転車盗,駒込,動坂交番,131059,東京都,文京区,本駒込３丁目,2020-09-06,22,一戸建住宅,駐車（輪）場,40歳代,その他,施錠した
窃盗,自転車盗,駒込,動坂交番,131059,東京都,文京区,本駒込３丁目,2020-11-17,07,その他,駐車（輪）場,40歳代,その他,施錠した
窃盗,自転車盗,駒込,動坂交番,131059,東京都,文京区,本駒込４丁目,2019-11-28,07,その他の住宅（３階建て以下共同住宅等）,駐車（輪）場,30歳代,その他,施錠した
窃盗,自転車盗,駒込,動坂交番,131059,東京都,文京区,本駒込４丁目,2020-02-20,11,４階建て以上共同住宅,駐車（輪）場,20歳代,大学生,施錠した
窃盗,自転車盗,駒込,動坂交番,131059,東京都,文京区,本駒込４丁目,2020-06-10,20,その他の住宅（３階建て以下共同住宅等）,駐車（輪）場,20歳代,その他,施錠した
窃盗,自転車盗,駒込,団子坂交番,131059,東京都,文京区,千駄木１丁目,2020-08-04,19,４階建て以上共同住宅,駐車（輪）場,20歳代,その他,施錠した
窃盗,自転車盗,駒込,団子坂交番,131059,東京都,文京区,千駄木２丁目,2019-12-14,21,道路上,その他,65-69歳,その他,施錠した
窃盗,自転車盗,駒込,団子坂交番,131059,東京都,文京区,千駄木２丁目,2019-12-30,13,４階建て以上共同住宅,駐車（輪）場,40歳代,その他,施錠した
窃盗,自転車盗,駒込,団子坂交番,131059,東京都,文京区,千駄木２丁目,2020-08-19,15,道路上,その他,50歳代,その他,施錠した
窃盗,自転車盗,駒込,団子坂交番,131059,東京都,文京区,千駄木３丁目,2020-04-10,20,４階建て以上共同住宅,駐車（輪）場,30歳代,その他,施錠した
窃盗,自転車盗,駒込,団子坂交番,131059,東京都,文京区,千駄木３丁目,2020-06-14,17,その他,駐車（輪）場,10歳代,高校生,施錠した
窃盗,自転車盗,駒込,団子坂交番,131059,東京都,文京区,千駄木５丁目,2020-09-01,18,その他の住宅（３階建て以下共同住宅等）,駐車（輪）場,30歳代,その他,施錠した
窃盗,自転車盗,巣鴨,巣鴨駅前交番,131164,東京都,豊島区,駒込５丁目,2020-06-01,18,４階建て以上共同住宅,駐車（輪）場,10歳代,高校生,施錠した
窃盗,自転車盗,巣鴨,巣鴨駅前交番,131164,東京都,豊島区,巣鴨１丁目,2020-01-09,18,道路上,その他,30歳代,その他,施錠した
窃盗,自転車盗,巣鴨,巣鴨駅前交番,131164,東京都,豊島区,巣鴨１丁目,2020-06-30,23,４階建て以上共同住宅,駐車（輪）場,40歳代,その他,施錠した
窃盗,自転車盗,巣鴨,巣鴨駅前交番,131164,東京都,豊島区,巣鴨１丁目,2020-07-06,08,その他,駐車（輪）場,30歳代,その他,施錠した
窃盗,自転車盗,巣鴨,巣鴨駅前交番,131164,東京都,豊島区,巣鴨１丁目,2020-09-11,17,道路上,その他,20歳代,その他,施錠した
窃盗,自転車盗,巣鴨,巣鴨駅前交番,131164,東京都,豊島区,巣鴨１丁目,2020-09-21,06,道路上,その他,40歳代,その他,施錠した
窃盗,自転車盗,巣鴨,巣鴨駅前交番,131164,東京都,豊島区,巣鴨１丁目,2020-11-10,12,道路上,その他,50歳代,その他,施錠した
窃盗,自転車盗,巣鴨,巣鴨駅前交番,131164,東京都,豊島区,巣鴨２丁目,2020-06-08,08,駐車（輪）場,駐車（輪）場,30歳代,その他,施錠した
窃盗,自転車盗,巣鴨,巣鴨駅前交番,131164,東京都,豊島区,巣鴨２丁目,2020-10-16,17,道路上,その他,10歳代,高校生,施錠した
窃盗,自転車盗,巣鴨,巣鴨駅前交番,131164,東京都,豊島区,巣鴨３丁目,2020-01-18,14,駐車（輪）場,駐車（輪）場,30歳代,その他,施錠した
窃盗,自転車盗,巣鴨,巣鴨駅前交番,131164,東京都,豊島区,巣鴨３丁目,2020-03-25,09,駐車（輪）場,駐車（輪）場,40歳代,その他,施錠した
窃盗,自転車盗,巣鴨,巣鴨駅前交番,131164,東京都,豊島区,巣鴨３丁目,2020-08-30,23,道路上,その他,40歳代,その他,施錠した
窃盗,自転車盗,巣鴨,巣鴨駅前交番,131164,東京都,豊島区,巣鴨４丁目,2020-04-06,19,道路上,その他,30歳代,その他,施錠した
窃盗,自転車盗,巣鴨,巣鴨駅前交番,131164,東京都,豊島区,巣鴨５丁目,2020-07-18,12,４階建て以上共同住宅,その他,40歳代,その他,施錠した
窃盗,自転車盗,巣鴨,駒込駅前交番,131164,東京都,豊島区,駒込１丁目,2019-12-23,12,４階建て以上共同住宅,駐車（輪）場,20歳代,その他,施錠した
窃盗,自転車盗,巣鴨,駒込駅前交番,131164,東京都,豊島区,駒込１丁目,2020-01-05,18,その他の住宅（３階建て以下共同住宅等）,その他,30歳代,その他,施錠した
窃盗,自転車盗,巣鴨,駒込駅前交番,131164,東京都,豊島区,駒込１丁目,2020-01-27,22,道路上,その他,10歳代,大学生,施錠した
窃盗,自転車盗,巣鴨,駒込駅前交番,131164,東京都,豊島区,駒込１丁目,2020-05-21,17,道路上,その他,40歳代,その他,施錠した
窃盗,自転車盗,巣鴨,駒込駅前交番,131164,東京都,豊島区,駒込３丁目,2020-04-04,11,その他の住宅（３階建て以下共同住宅等）,駐車（輪）場,20歳代,大学生,施錠した
窃盗,自転車盗,巣鴨,庚申塚交番,131164,東京都,豊島区,巣鴨４丁目,2020-04-13,18,道路上,その他,30歳代,その他,施錠した
窃盗,自転車盗,巣鴨,庚申塚交番,131164,東京都,豊島区,巣鴨５丁目,2020-08-10,21,道路上,その他,20歳代,その他,施錠した
窃盗,自転車盗,巣鴨,庚申塚交番,131164,東京都,豊島区,西巣鴨２丁目,2020-03-25,17,その他,駐車（輪）場,法人・団体、被害者なし,法人・団体、被害者なし,施錠した
窃盗,自転車盗,巣鴨,庚申塚交番,131164,東京都,豊島区,西巣鴨２丁目,2020-06-24,23,４階建て以上共同住宅,駐車（輪）場,30歳代,大学生,施錠した
窃盗,自転車盗,巣鴨,庚申塚交番,131164,東京都,豊島区,西巣鴨２丁目,2020-10-29,18,一戸建住宅,その他,30歳代,その他,施錠した
窃盗,自転車盗,巣鴨,庚申塚交番,131164,東京都,豊島区,西巣鴨３丁目,2020-03-23,18,道路上,その他,10歳代,高校生,施錠した
窃盗,自転車盗,巣鴨,庚申塚交番,131164,東京都,豊島区,西巣鴨３丁目,2020-07-06,14,道路上,その他,30歳代,その他,施錠した
窃盗,自転車盗,巣鴨,庚申塚交番,131164,東京都,豊島区,西巣鴨３丁目,2020-07-30,16,道路上,その他,50歳代,その他,施錠した
窃盗,自転車盗,巣鴨,庚申塚交番,131164,東京都,豊島区,西巣鴨３丁目,2020-10-20,15,道路上,その他,30歳代,その他,施錠した
窃盗,自転車盗,巣鴨,庚申塚交番,131164,東京都,豊島区,西巣鴨４丁目,2020-03-11,20,道路上,その他,20歳代,大学生,施錠した
窃盗,自転車盗,巣鴨,大塚駅前交番,131164,東京都,豊島区,北大塚１丁目,2020-10-16,15,その他の住宅（３階建て以下共同住宅等）,駐車（輪）場,10歳代,大学生,施錠した
窃盗,自転車盗,巣鴨,大塚駅前交番,131164,東京都,豊島区,北大塚２丁目,2019-07-18,15,道路上,その他,20歳代,その他,施錠した
窃盗,自転車盗,巣鴨,大塚駅前交番,131164,東京都,豊島区,北大塚２丁目,2020-01-21,12,道路上,その他,20歳代,その他,施錠した
窃盗,自転車盗,巣鴨,大塚駅前交番,131164,東京都,豊島区,北大塚２丁目,2020-01-21,23,道路上,その他,50歳代,その他,施錠した
窃盗,自転車盗,巣鴨,大塚駅前交番,131164,東京都,豊島区,北大塚２丁目,2020-02-20,06,４階建て以上共同住宅,駐車（輪）場,40歳代,その他,施錠した
窃盗,自転車盗,巣鴨,大塚駅前交番,131164,東京都,豊島区,北大塚２丁目,2020-03-09,23,道路上,その他,20歳代,その他,施錠した
窃盗,自転車盗,巣鴨,大塚駅前交番,131164,東京都,豊島区,北大塚２丁目,2020-03-13,17,道路上,その他,10歳代,その他,施錠した
窃盗,自転車盗,巣鴨,大塚駅前交番,131164,東京都,豊島区,北大塚２丁目,2020-04-27,14,４階建て以上共同住宅,その他,40歳代,その他,施錠した
窃盗,自転車盗,巣鴨,大塚駅前交番,131164,東京都,豊島区,北大塚２丁目,2020-06-23,15,駐車（輪）場,駐車（輪）場,30歳代,その他,施錠した
窃盗,自転車盗,巣鴨,大塚駅前交番,131164,東京都,豊島区,北大塚２丁目,2020-07-01,18,駐車（輪）場,駐車（輪）場,60-64歳,その他,施錠した
窃盗,自転車盗,巣鴨,大塚駅前交番,131164,東京都,豊島区,北大塚２丁目,2020-08-11,07,道路上,その他,20歳代,大学生,施錠した
窃盗,自転車盗,巣鴨,大塚駅前交番,131164,東京都,豊島区,北大塚２丁目,2020-10-15,17,道路上,その他,30歳代,その他,施錠した
窃盗,自転車盗,巣鴨,大塚駅前交番,131164,東京都,豊島区,北大塚２丁目,2020-11-13,17,４階建て以上共同住宅,その他,20歳代,その他,施錠した
窃盗,自転車盗,巣鴨,大塚駅前交番,131164,東京都,豊島区,北大塚２丁目,2020-11-18,20,道路上,その他,30歳代,その他,施錠した
窃盗,自転車盗,巣鴨,大塚駅前交番,131164,東京都,豊島区,北大塚２丁目,2020-11-21,16,４階建て以上共同住宅,駐車（輪）場,30歳代,その他,施錠した
窃盗,自転車盗,巣鴨,大塚駅前交番,131164,東京都,豊島区,南大塚１丁目,2019-12-11,不明,４階建て以上共同住宅,駐車（輪）場,20歳代,大学生,施錠した
窃盗,自転車盗,巣鴨,大塚駅前交番,131164,東京都,豊島区,南大塚１丁目,2019-12-20,18,４階建て以上共同住宅,その他,50歳代,その他,施錠した
窃盗,自転車盗,巣鴨,大塚駅前交番,131164,東京都,豊島区,南大塚１丁目,2020-03-13,07,４階建て以上共同住宅,駐車（輪）場,30歳代,その他,施錠した
窃盗,自転車盗,巣鴨,大塚駅前交番,131164,東京都,豊島区,南大塚２丁目,2020-02-19,09,道路上,その他,65-69歳,その他,施錠した
窃盗,自転車盗,巣鴨,大塚駅前交番,131164,東京都,豊島区,南大塚２丁目,2020-06-24,19,道路上,その他,20歳代,大学生,施錠した
窃盗,自転車盗,巣鴨,大塚駅前交番,131164,東京都,豊島区,南大塚２丁目,2020-08-24,22,４階建て以上共同住宅,駐車（輪）場,10歳代,その他,施錠した
窃盗,自転車盗,巣鴨,大塚駅前交番,131164,東京都,豊島区,南大塚３丁目,2019-12-29,17,道路上,その他,70歳以上,その他,施錠した
窃盗,自転車盗,巣鴨,大塚駅前交番,131164,東京都,豊島区,南大塚３丁目,2020-01-01,不明,駐車（輪）場,駐車（輪）場,10歳代,高校生,施錠した
窃盗,自転車盗,巣鴨,大塚駅前交番,131164,東京都,豊島区,南大塚３丁目,2020-01-16,08,駐車（輪）場,駐車（輪）場,30歳代,その他,施錠した
窃盗,自転車盗,巣鴨,大塚駅前交番,131164,東京都,豊島区,南大塚３丁目,2020-02-01,17,道路上,その他,30歳代,その他,施錠した
窃盗,自転車盗,巣鴨,大塚駅前交番,131164,東京都,豊島区,南大塚３丁目,2020-02-07,05,４階建て以上共同住宅,駐車（輪）場,40歳代,その他,施錠した
窃盗,自転車盗,巣鴨,大塚駅前交番,131164,東京都,豊島区,南大塚３丁目,2020-03-19,22,４階建て以上共同住宅,駐車（輪）場,20歳代,大学生,施錠した
窃盗,自転車盗,巣鴨,大塚駅前交番,131164,東京都,豊島区,南大塚３丁目,2020-05-02,17,道路上,その他,60-64歳,その他,施錠した
窃盗,自転車盗,巣鴨,大塚駅前交番,131164,東京都,豊島区,南大塚３丁目,2020-05-11,17,道路上,その他,50歳代,その他,施錠した
窃盗,自転車盗,巣鴨,大塚駅前交番,131164,東京都,豊島区,南大塚３丁目,2020-11-26,23,４階建て以上共同住宅,駐車（輪）場,40歳代,その他,施錠した
窃盗,自転車盗,巣鴨,巣鴨新田交番,131164,東京都,豊島区,上池袋１丁目,2020-02-07,15,４階建て以上共同住宅,駐車（輪）場,10歳未満,小学生,施錠した
窃盗,自転車盗,巣鴨,巣鴨新田交番,131164,東京都,豊島区,上池袋１丁目,2020-03-23,17,４階建て以上共同住宅,駐車（輪）場,20歳代,その他,施錠した
窃盗,自転車盗,巣鴨,巣鴨新田交番,131164,東京都,豊島区,上池袋１丁目,2020-07-30,10,道路上,その他,50歳代,その他,施錠した
窃盗,自転車盗,巣鴨,巣鴨新田交番,131164,東京都,豊島区,上池袋１丁目,2020-08-15,20,その他の住宅（３階建て以下共同住宅等）,その他,20歳代,その他,施錠した
窃盗,自転車盗,巣鴨,巣鴨新田交番,131164,東京都,豊島区,上池袋１丁目,2020-11-16,14,道路上,その他,70歳以上,その他,施錠した
窃盗,自転車盗,巣鴨,巣鴨新田交番,131164,東京都,豊島区,北大塚３丁目,2020-02-13,22,道路上,その他,50歳代,その他,施錠した
窃盗,自転車盗,巣鴨,巣鴨新田交番,131164,東京都,豊島区,北大塚３丁目,2020-06-29,08,４階建て以上共同住宅,駐車（輪）場,30歳代,その他,施錠した
窃盗,自転車盗,巣鴨,巣鴨新田交番,131164,東京都,豊島区,西巣鴨１丁目,2020-01-26,14,４階建て以上共同住宅,駐車（輪）場,20歳代,その他,施錠した
窃盗,自転車盗,巣鴨,巣鴨新田交番,131164,東京都,豊島区,西巣鴨１丁目,2020-08-26,15,一戸建住宅,その他,40歳代,その他,施錠した
窃盗,自転車盗,巣鴨,巣鴨新田交番,131164,東京都,豊島区,西巣鴨１丁目,2020-09-12,10,その他の住宅（３階建て以下共同住宅等）,その他,70歳以上,その他,施錠した
窃盗,自転車盗,巣鴨,サンシャイン前交番,131164,東京都,豊島区,東池袋２丁目,2020-03-18,07,一戸建住宅,その他,30歳代,その他,施錠した
窃盗,自転車盗,巣鴨,サンシャイン前交番,131164,東京都,豊島区,東池袋２丁目,2020-07-06,19,４階建て以上共同住宅,駐車（輪）場,20歳代,その他,施錠した
窃盗,自転車盗,巣鴨,サンシャイン前交番,131164,東京都,豊島区,東池袋２丁目,2020-08-28,13,４階建て以上共同住宅,その他,30歳代,その他,施錠した
窃盗,自転車盗,巣鴨,サンシャイン前交番,131164,東京都,豊島区,東池袋３丁目,2020-10-19,15,道路上,その他,30歳代,その他,施錠した
窃盗,自転車盗,巣鴨,サンシャイン前交番,131164,東京都,豊島区,東池袋５丁目,2020-02-21,14,道路上,その他,20歳代,その他,施錠した
窃盗,自転車盗,巣鴨,サンシャイン前交番,131164,東京都,豊島区,東池袋５丁目,2020-03-24,00,道路上,その他,65-69歳,その他,施錠した
窃盗,自転車盗,池袋,六つ又交番,131164,東京都,豊島区,池袋２丁目,2020-01-26,14,道路上,その他,70歳以上,その他,施錠した
窃盗,自転車盗,池袋,六つ又交番,131164,東京都,豊島区,上池袋１丁目,2020-06-29,07,４階建て以上共同住宅,駐車（輪）場,20歳代,その他,施錠した
窃盗,自転車盗,池袋,六つ又交番,131164,東京都,豊島区,上池袋１丁目,2020-09-25,16,道路上,その他,50歳代,その他,施錠した
窃盗,自転車盗,池袋,六つ又交番,131164,東京都,豊島区,上池袋２丁目,2020-08-01,09,その他,駐車（輪）場,10歳代,大学生,施錠した
窃盗,自転車盗,池袋,六つ又交番,131164,東京都,豊島区,上池袋２丁目,2020-09-05,18,その他の住宅（３階建て以下共同住宅等）,その他,70歳以上,その他,施錠した
窃盗,自転車盗,池袋,六つ又交番,131164,東京都,豊島区,上池袋２丁目,2020-10-14,17,その他,駐車（輪）場,10歳代,小学生,施錠した
窃盗,自転車盗,池袋,六つ又交番,131164,東京都,豊島区,上池袋２丁目,2020-11-03,19,その他,その他,30歳代,その他,施錠した
窃盗,自転車盗,池袋,六つ又交番,131164,東京都,豊島区,上池袋２丁目,2020-12-08,10,４階建て以上共同住宅,駐車（輪）場,30歳代,その他,施錠した
窃盗,自転車盗,池袋,六つ又交番,131164,東京都,豊島区,上池袋３丁目,2020-01-04,18,その他の住宅（３階建て以下共同住宅等）,駐車（輪）場,20歳代,その他,施錠した
窃盗,自転車盗,池袋,六つ又交番,131164,東京都,豊島区,東池袋１丁目,2020-10-27,10,４階建て以上共同住宅,その他,60-64歳,その他,施錠した
窃盗,自転車盗,池袋,六つ又交番,131164,東京都,豊島区,東池袋２丁目,2020-09-27,13,道路上,その他,40歳代,その他,施錠した
窃盗,自転車盗,池袋,六つ又交番,131164,東京都,豊島区,東池袋３丁目,2020-02-22,18,４階建て以上共同住宅,駐車（輪）場,30歳代,その他,施錠した
窃盗,自転車盗,池袋,池袋二又交番,131164,東京都,豊島区,池袋２丁目,2019-12-01,13,道路上,その他,50歳代,その他,施錠した
窃盗,自転車盗,池袋,池袋二又交番,131164,東京都,豊島区,池袋２丁目,2020-02-29,18,道路上,その他,20歳代,大学生,施錠した
窃盗,自転車盗,池袋,池袋二又交番,131164,東京都,豊島区,池袋２丁目,2020-07-11,16,道路上,その他,20歳代,大学生,施錠した
窃盗,自転車盗,池袋,池袋二又交番,131164,東京都,豊島区,池袋２丁目,2020-08-01,15,その他の住宅（３階建て以下共同住宅等）,駐車（輪）場,40歳代,その他,施錠した
窃盗,自転車盗,池袋,池袋二又交番,131164,東京都,豊島区,池袋２丁目,2020-08-10,22,その他の住宅（３階建て以下共同住宅等）,駐車（輪）場,30歳代,その他,施錠した
窃盗,自転車盗,池袋,池袋二又交番,131164,東京都,豊島区,池袋２丁目,2020-10-12,18,一戸建住宅,その他,10歳代,高校生,施錠した
窃盗,自転車盗,池袋,池袋二又交番,131164,東京都,豊島区,池袋２丁目,2020-10-26,13,道路上,その他,30歳代,その他,施錠した
窃盗,自転車盗,池袋,池袋二又交番,131164,東京都,豊島区,池袋２丁目,2020-10-26,13,道路上,その他,40歳代,その他,施錠した
窃盗,自転車盗,池袋,池袋二又交番,131164,東京都,豊島区,池袋２丁目,2020-11-06,15,道路上,その他,50歳代,その他,施錠した
窃盗,自転車盗,池袋,池袋二又交番,131164,東京都,豊島区,池袋３丁目,2020-02-17,09,その他の住宅（３階建て以下共同住宅等）,駐車（輪）場,40歳代,その他,施錠した
窃盗,自転車盗,池袋,池袋二又交番,131164,東京都,豊島区,池袋３丁目,2020-06-22,10,その他,その他,70歳以上,その他,施錠した
窃盗,自転車盗,池袋,池袋二又交番,131164,東京都,豊島区,西池袋３丁目,2019-12-04,12,その他,駐車（輪）場,20歳代,大学生,施錠した
窃盗,自転車盗,池袋,池袋二又交番,131164,東京都,豊島区,西池袋３丁目,2020-01-10,09,その他,駐車（輪）場,10歳代,大学生,施錠した
窃盗,自転車盗,池袋,池袋二又交番,131164,東京都,豊島区,西池袋３丁目,2020-04-07,23,駐車（輪）場,駐車（輪）場,40歳代,その他,施錠した
窃盗,自転車盗,池袋,池袋二又交番,131164,東京都,豊島区,西池袋３丁目,2020-07-10,17,４階建て以上共同住宅,駐車（輪）場,50歳代,その他,施錠した
窃盗,自転車盗,池袋,池袋二又交番,131164,東京都,豊島区,西池袋４丁目,2019-12-25,21,一戸建住宅,その他,40歳代,その他,施錠した
窃盗,自転車盗,池袋,池袋二又交番,131164,東京都,豊島区,西池袋５丁目,2020-01-30,13,４階建て以上共同住宅,駐車（輪）場,40歳代,その他,施錠した
窃盗,自転車盗,池袋,池袋二又交番,131164,東京都,豊島区,西池袋５丁目,2020-02-24,19,４階建て以上共同住宅,駐車（輪）場,30歳代,その他,施錠した
窃盗,自転車盗,池袋,池袋二又交番,131164,東京都,豊島区,西池袋５丁目,2020-02-28,08,道路上,その他,20歳代,その他,施錠した
窃盗,自転車盗,池袋,池袋二又交番,131164,東京都,豊島区,西池袋５丁目,2020-06-26,11,その他,駐車（輪）場,20歳代,その他,施錠した
窃盗,自転車盗,池袋,池袋二又交番,131164,東京都,豊島区,西池袋５丁目,2020-08-11,18,その他,駐車（輪）場,20歳代,大学生,施錠した
窃盗,自転車盗,池袋,池袋本町交番,131164,東京都,豊島区,池袋本町２丁目,2020-04-30,17,その他の住宅（３階建て以下共同住宅等）,駐車（輪）場,50歳代,その他,施錠した
窃盗,自転車盗,池袋,池袋本町交番,131164,東京都,豊島区,池袋本町３丁目,2020-04-01,20,４階建て以上共同住宅,その他,50歳代,その他,施錠した
窃盗,自転車盗,池袋,池袋本町交番,131164,東京都,豊島区,池袋本町３丁目,2020-12-09,06,その他の住宅（３階建て以下共同住宅等）,駐車（輪）場,20歳代,大学生,施錠した
窃盗,自転車盗,池袋,池袋本町交番,131164,東京都,豊島区,池袋本町３丁目,2020-12-23,17,一戸建住宅,その他,60-64歳,その他,施錠した
窃盗,自転車盗,池袋,池袋本町交番,131164,東京都,豊島区,池袋本町４丁目,2020-04-30,20,駐車（輪）場,駐車（輪）場,10歳代,高校生,施錠した
窃盗,自転車盗,池袋,池袋本町交番,131164,東京都,豊島区,池袋本町４丁目,2020-08-12,22,その他の住宅（３階建て以下共同住宅等）,その他,30歳代,その他,施錠した
窃盗,自転車盗,池袋,池袋本町交番,131164,東京都,豊島区,池袋本町４丁目,2020-12-10,18,その他の住宅（３階建て以下共同住宅等）,駐車（輪）場,20歳代,大学生,施錠した
窃盗,自転車盗,池袋,池袋駅東口交番,131164,東京都,豊島区,東池袋１丁目,2019-12-13,18,道路上,その他,40歳代,その他,施錠した
窃盗,自転車盗,池袋,池袋駅東口交番,131164,東京都,豊島区,東池袋１丁目,2019-12-13,18,道路上,その他,70歳以上,その他,施錠した
窃盗,自転車盗,池袋,池袋駅東口交番,131164,東京都,豊島区,東池袋１丁目,2020-01-04,09,駐車（輪）場,駐車（輪）場,40歳代,その他,施錠した
窃盗,自転車盗,池袋,池袋駅東口交番,131164,東京都,豊島区,東池袋１丁目,2020-02-03,15,その他,駐車（輪）場,30歳代,その他,施錠した
窃盗,自転車盗,池袋,池袋駅東口交番,131164,東京都,豊島区,東池袋１丁目,2020-02-03,17,その他,駐車（輪）場,20歳代,大学生,施錠した
窃盗,自転車盗,池袋,池袋駅東口交番,131164,東京都,豊島区,東池袋１丁目,2020-02-14,11,道路上,その他,50歳代,その他,施錠した
窃盗,自転車盗,池袋,池袋駅東口交番,131164,東京都,豊島区,東池袋１丁目,2020-02-14,13,道路上,その他,40歳代,その他,施錠した
窃盗,自転車盗,池袋,池袋駅東口交番,131164,東京都,豊島区,東池袋１丁目,2020-02-23,21,道路上,その他,40歳代,その他,施錠した
窃盗,自転車盗,池袋,池袋駅東口交番,131164,東京都,豊島区,東池袋１丁目,2020-03-27,15,道路上,その他,10歳代,中学生,施錠した
窃盗,自転車盗,池袋,池袋駅東口交番,131164,東京都,豊島区,東池袋１丁目,2020-03-27,17,道路上,その他,40歳代,その他,施錠した
窃盗,自転車盗,池袋,池袋駅東口交番,131164,東京都,豊島区,東池袋１丁目,2020-04-09,17,道路上,その他,30歳代,その他,施錠した
窃盗,自転車盗,池袋,池袋駅東口交番,131164,東京都,豊島区,東池袋１丁目,2020-06-20,18,その他の住宅（３階建て以下共同住宅等）,その他,30歳代,その他,施錠した
窃盗,自転車盗,池袋,池袋駅東口交番,131164,東京都,豊島区,東池袋１丁目,2020-08-14,11,道路上,その他,30歳代,その他,施錠した
窃盗,自転車盗,池袋,池袋駅東口交番,131164,東京都,豊島区,東池袋１丁目,2020-08-18,10,４階建て以上共同住宅,その他,30歳代,その他,施錠した
窃盗,自転車盗,池袋,池袋駅東口交番,131164,東京都,豊島区,東池袋１丁目,2020-08-24,08,その他,その他,10歳代,その他,施錠した
窃盗,自転車盗,池袋,池袋駅西口交番,131164,東京都,豊島区,池袋１丁目,2020-03-03,21,４階建て以上共同住宅,駐車（輪）場,40歳代,その他,施錠した
窃盗,自転車盗,池袋,池袋駅西口交番,131164,東京都,豊島区,池袋２丁目,2020-01-06,18,道路上,その他,30歳代,その他,施錠した
窃盗,自転車盗,池袋,池袋駅西口交番,131164,東京都,豊島区,池袋２丁目,2020-03-24,17,道路上,その他,40歳代,その他,施錠した
窃盗,自転車盗,池袋,池袋駅西口交番,131164,東京都,豊島区,池袋２丁目,2020-03-31,13,道路上,その他,20歳代,その他,施錠した
窃盗,自転車盗,池袋,池袋駅西口交番,131164,東京都,豊島区,池袋２丁目,2020-04-03,18,道路上,その他,30歳代,その他,施錠した
窃盗,自転車盗,池袋,池袋駅西口交番,131164,東京都,豊島区,池袋２丁目,2020-09-03,15,駐車（輪）場,駐車（輪）場,30歳代,その他,施錠した
窃盗,自転車盗,池袋,池袋駅西口交番,131164,東京都,豊島区,池袋２丁目,2020-11-17,17,４階建て以上共同住宅,その他,70歳以上,その他,施錠した
窃盗,自転車盗,池袋,池袋駅西口交番,131164,東京都,豊島区,西池袋１丁目,2019-12-12,18,道路上,その他,40歳代,その他,施錠した
窃盗,自転車盗,池袋,池袋駅西口交番,131164,東京都,豊島区,西池袋１丁目,2019-12-31,21,道路上,その他,40歳代,その他,施錠した
窃盗,自転車盗,池袋,池袋駅西口交番,131164,東京都,豊島区,西池袋１丁目,2020-01-10,13,駐車（輪）場,駐車（輪）場,20歳代,その他,施錠した
窃盗,自転車盗,池袋,池袋駅西口交番,131164,東京都,豊島区,西池袋１丁目,2020-01-14,10,駐車（輪）場,駐車（輪）場,40歳代,その他,施錠した
窃盗,自転車盗,池袋,池袋駅西口交番,131164,東京都,豊島区,西池袋１丁目,2020-01-14,16,駐車（輪）場,駐車（輪）場,40歳代,その他,施錠した
窃盗,自転車盗,池袋,池袋駅西口交番,131164,東京都,豊島区,西池袋１丁目,2020-02-06,08,駐車（輪）場,駐車（輪）場,20歳代,その他,施錠した
窃盗,自転車盗,池袋,池袋駅西口交番,131164,東京都,豊島区,西池袋１丁目,2020-02-06,16,道路上,その他,20歳代,その他,施錠した
窃盗,自転車盗,池袋,池袋駅西口交番,131164,東京都,豊島区,西池袋１丁目,2020-03-17,21,道路上,その他,30歳代,その他,施錠した
窃盗,自転車盗,池袋,池袋駅西口交番,131164,東京都,豊島区,西池袋１丁目,2020-03-30,09,駐車（輪）場,駐車（輪）場,20歳代,その他,施錠した
窃盗,自転車盗,池袋,池袋駅西口交番,131164,東京都,豊島区,西池袋１丁目,2020-03-30,17,道路上,その他,10歳代,小学生,施錠した
窃盗,自転車盗,池袋,池袋駅西口交番,131164,東京都,豊島区,西池袋１丁目,2020-04-11,16,道路上,その他,20歳代,その他,施錠した
窃盗,自転車盗,池袋,池袋駅西口交番,131164,東京都,豊島区,西池袋１丁目,2020-06-04,17,駐車（輪）場,駐車（輪）場,70歳以上,その他,施錠した
窃盗,自転車盗,池袋,池袋駅西口交番,131164,東京都,豊島区,西池袋１丁目,2020-06-07,10,駐車（輪）場,駐車（輪）場,40歳代,その他,施錠した
窃盗,自転車盗,池袋,池袋駅西口交番,131164,東京都,豊島区,西池袋１丁目,2020-06-23,19,駐車（輪）場,駐車（輪）場,30歳代,その他,施錠した
窃盗,自転車盗,池袋,池袋駅西口交番,131164,東京都,豊島区,西池袋１丁目,2020-07-03,06,駐車（輪）場,駐車（輪）場,40歳代,その他,施錠した
窃盗,自転車盗,池袋,池袋駅西口交番,131164,東京都,豊島区,西池袋１丁目,2020-07-04,18,駐車（輪）場,駐車（輪）場,50歳代,その他,施錠した
窃盗,自転車盗,池袋,池袋駅西口交番,131164,東京都,豊島区,西池袋１丁目,2020-07-16,10,駐車（輪）場,駐車（輪）場,20歳代,大学生,施錠した
窃盗,自転車盗,池袋,池袋駅西口交番,131164,東京都,豊島区,西池袋１丁目,2020-10-01,19,道路上,その他,20歳代,その他,施錠した
窃盗,自転車盗,池袋,池袋駅西口交番,131164,東京都,豊島区,西池袋１丁目,2020-10-16,10,駐車（輪）場,駐車（輪）場,30歳代,その他,施錠した
窃盗,自転車盗,池袋,池袋駅西口交番,131164,東京都,豊島区,西池袋１丁目,2020-10-22,07,その他,駐車（輪）場,10歳代,高校生,施錠した
窃盗,自転車盗,池袋,池袋駅西口交番,131164,東京都,豊島区,西池袋１丁目,2020-11-09,09,駐車（輪）場,駐車（輪）場,65-69歳,その他,施錠した
窃盗,自転車盗,池袋,池袋駅西口交番,131164,東京都,豊島区,西池袋１丁目,2020-12-14,18,駐車（輪）場,駐車（輪）場,50歳代,その他,施錠した
窃盗,自転車盗,池袋,池袋駅西口交番,131164,東京都,豊島区,西池袋３丁目,2020-01-24,13,道路上,その他,30歳代,その他,施錠した
窃盗,自転車盗,池袋,池袋駅西口交番,131164,東京都,豊島区,西池袋３丁目,2020-01-25,14,道路上,その他,20歳代,大学生,施錠した
窃盗,自転車盗,池袋,池袋駅西口交番,131164,東京都,豊島区,西池袋３丁目,2020-02-29,03,その他,その他,50歳代,その他,施錠した
窃盗,自転車盗,池袋,池袋駅西口交番,131164,東京都,豊島区,西池袋３丁目,2020-03-05,17,４階建て以上共同住宅,駐車（輪）場,20歳代,その他,施錠した
窃盗,自転車盗,池袋,池袋駅西口交番,131164,東京都,豊島区,西池袋３丁目,2020-03-15,12,４階建て以上共同住宅,駐車（輪）場,50歳代,その他,施錠した
窃盗,自転車盗,池袋,池袋駅西口交番,131164,東京都,豊島区,西池袋３丁目,2020-04-27,10,その他,駐車（輪）場,70歳以上,その他,施錠した
窃盗,自転車盗,池袋,池袋駅西口交番,131164,東京都,豊島区,西池袋３丁目,2020-06-28,07,その他,その他,30歳代,その他,施錠した
窃盗,自転車盗,池袋,池袋駅西口交番,131164,東京都,豊島区,西池袋３丁目,2020-07-10,10,道路上,その他,30歳代,その他,施錠した
窃盗,自転車盗,池袋,池袋駅西口交番,131164,東京都,豊島区,西池袋３丁目,2020-07-10,12,その他,その他,60-64歳,その他,施錠した
窃盗,自転車盗,池袋,池袋駅西口交番,131164,東京都,豊島区,西池袋３丁目,2020-07-15,19,道路上,その他,20歳代,その他,施錠した
窃盗,自転車盗,池袋,池袋駅西口交番,131164,東京都,豊島区,西池袋３丁目,2020-07-21,07,４階建て以上共同住宅,駐車（輪）場,30歳代,その他,施錠した
窃盗,自転車盗,池袋,池袋駅西口交番,131164,東京都,豊島区,西池袋３丁目,2020-07-28,18,道路上,その他,20歳代,その他,施錠した
窃盗,自転車盗,池袋,池袋駅西口交番,131164,東京都,豊島区,西池袋３丁目,2020-07-31,23,道路上,その他,30歳代,その他,施錠した
窃盗,自転車盗,池袋,池袋駅西口交番,131164,東京都,豊島区,西池袋３丁目,2020-08-16,18,その他,駐車（輪）場,30歳代,その他,施錠した
窃盗,自転車盗,池袋,池袋駅西口交番,131164,東京都,豊島区,西池袋３丁目,2020-09-26,17,道路上,その他,20歳代,その他,施錠した
窃盗,自転車盗,池袋,池袋駅西口交番,131164,東京都,豊島区,西池袋３丁目,2020-10-23,17,道路上,その他,20歳代,大学生,施錠した
窃盗,自転車盗,池袋,池袋駅西口交番,131164,東京都,豊島区,西池袋３丁目,2020-10-23,18,道路上,その他,40歳代,その他,施錠した
窃盗,自転車盗,池袋,池袋駅西口交番,131164,東京都,豊島区,西池袋３丁目,2020-11-14,12,その他,駐車（輪）場,50歳代,その他,施錠した
窃盗,自転車盗,池袋,上池袋交番,131164,東京都,豊島区,池袋本町４丁目,2020-04-08,12,４階建て以上共同住宅,駐車（輪）場,40歳代,その他,施錠した
窃盗,自転車盗,池袋,上池袋交番,131164,東京都,豊島区,池袋本町４丁目,2020-07-14,19,４階建て以上共同住宅,駐車（輪）場,20歳代,その他,施錠した
窃盗,自転車盗,池袋,上池袋交番,131164,東京都,豊島区,池袋本町４丁目,2020-08-05,17,駐車（輪）場,駐車（輪）場,40歳代,その他,施錠した
窃盗,自転車盗,池袋,上池袋交番,131164,東京都,豊島区,上池袋３丁目,2020-05-04,03,４階建て以上共同住宅,その他,30歳代,その他,施錠した
窃盗,自転車盗,池袋,上池袋交番,131164,東京都,豊島区,上池袋３丁目,2020-08-11,20,４階建て以上共同住宅,その他,30歳代,その他,施錠した
窃盗,自転車盗,池袋,上池袋交番,131164,東京都,豊島区,上池袋４丁目,2019-12-15,16,道路上,その他,50歳代,その他,施錠した
窃盗,自転車盗,池袋,上池袋交番,131164,東京都,豊島区,上池袋４丁目,2020-01-04,18,その他の住宅（３階建て以下共同住宅等）,駐車（輪）場,10歳代,その他,施錠した
窃盗,自転車盗,池袋,上池袋交番,131164,東京都,豊島区,上池袋４丁目,2020-01-27,17,駐車（輪）場,駐車（輪）場,40歳代,その他,施錠した
窃盗,自転車盗,池袋,上池袋交番,131164,東京都,豊島区,上池袋４丁目,2020-08-10,13,４階建て以上共同住宅,駐車（輪）場,50歳代,その他,施錠した
窃盗,自転車盗,池袋,上池袋交番,131164,東京都,豊島区,上池袋４丁目,2020-09-05,08,駐車（輪）場,駐車（輪）場,50歳代,その他,施錠した
窃盗,自転車盗,池袋,上池袋交番,131164,東京都,豊島区,上池袋４丁目,2020-09-10,12,その他の住宅（３階建て以下共同住宅等）,駐車（輪）場,20歳代,その他,施錠した
窃盗,自転車盗,池袋,川越通交番,131164,東京都,豊島区,池袋１丁目,2020-02-18,02,道路上,その他,30歳代,その他,施錠した
窃盗,自転車盗,池袋,川越通交番,131164,東京都,豊島区,池袋１丁目,2020-10-02,22,道路上,その他,20歳代,大学生,施錠した
窃盗,自転車盗,池袋,川越通交番,131164,東京都,豊島区,池袋２丁目,2020-05-07,20,その他,その他,40歳代,その他,施錠した
窃盗,自転車盗,池袋,川越通交番,131164,東京都,豊島区,池袋２丁目,2020-06-01,22,４階建て以上共同住宅,駐車（輪）場,30歳代,その他,施錠した
窃盗,自転車盗,池袋,川越通交番,131164,東京都,豊島区,池袋３丁目,2019-12-23,23,道路上,その他,20歳代,その他,施錠した
窃盗,自転車盗,池袋,川越通交番,131164,東京都,豊島区,池袋３丁目,2020-03-15,16,その他の住宅（３階建て以下共同住宅等）,駐車（輪）場,20歳代,大学生,施錠した
窃盗,自転車盗,池袋,川越通交番,131164,東京都,豊島区,池袋３丁目,2020-03-20,18,４階建て以上共同住宅,駐車（輪）場,10歳代,高校生,施錠した
窃盗,自転車盗,池袋,川越通交番,131164,東京都,豊島区,池袋３丁目,2020-09-15,15,４階建て以上共同住宅,駐車（輪）場,60-64歳,その他,施錠した
窃盗,自転車盗,池袋,川越通交番,131164,東京都,豊島区,池袋３丁目,2020-09-29,13,その他の住宅（３階建て以下共同住宅等）,駐車（輪）場,20歳代,その他,施錠した
窃盗,自転車盗,池袋,川越通交番,131164,東京都,豊島区,池袋３丁目,2020-10-15,01,４階建て以上共同住宅,駐車（輪）場,40歳代,その他,施錠した
窃盗,自転車盗,池袋,川越通交番,131164,東京都,豊島区,池袋３丁目,2020-11-14,03,その他の住宅（３階建て以下共同住宅等）,駐車（輪）場,40歳代,その他,施錠した
窃盗,自転車盗,池袋,川越通交番,131164,東京都,豊島区,池袋３丁目,2020-12-01,02,４階建て以上共同住宅,駐車（輪）場,30歳代,その他,施錠した
窃盗,自転車盗,池袋,川越通交番,131164,東京都,豊島区,池袋４丁目,2020-06-04,19,一戸建住宅,駐車（輪）場,50歳代,その他,施錠した
窃盗,自転車盗,池袋,川越通交番,131164,東京都,豊島区,池袋４丁目,2020-06-07,06,駐車（輪）場,駐車（輪）場,20歳代,その他,施錠した
窃盗,自転車盗,池袋,川越通交番,131164,東京都,豊島区,池袋４丁目,2020-09-13,20,その他の住宅（３階建て以下共同住宅等）,駐車（輪）場,40歳代,その他,施錠した
窃盗,自転車盗,池袋,川越通交番,131164,東京都,豊島区,池袋４丁目,2020-10-16,23,一戸建住宅,駐車（輪）場,30歳代,その他,施錠した
窃盗,自転車盗,池袋,川越通交番,131164,東京都,豊島区,池袋本町１丁目,2020-07-15,18,４階建て以上共同住宅,駐車（輪）場,40歳代,その他,施錠した
窃盗,自転車盗,池袋,川越通交番,131164,東京都,豊島区,池袋本町２丁目,2020-01-09,22,駐車（輪）場,駐車（輪）場,20歳代,その他,施錠した
窃盗,自転車盗,池袋,川越通交番,131164,東京都,豊島区,池袋本町２丁目,2020-03-13,05,道路上,その他,30歳代,その他,施錠した
窃盗,自転車盗,池袋,川越通交番,131164,東京都,豊島区,池袋本町２丁目,2020-05-20,21,その他の住宅（３階建て以下共同住宅等）,その他,30歳代,その他,施錠した
窃盗,自転車盗,池袋,川越通交番,131164,東京都,豊島区,池袋本町２丁目,2020-06-01,22,４階建て以上共同住宅,駐車（輪）場,30歳代,その他,施錠した
窃盗,自転車盗,池袋,川越通交番,131164,東京都,豊島区,池袋本町２丁目,2020-06-02,19,４階建て以上共同住宅,駐車（輪）場,40歳代,その他,施錠した
窃盗,自転車盗,池袋,川越通交番,131164,東京都,豊島区,池袋本町２丁目,2020-09-10,22,その他の住宅（３階建て以下共同住宅等）,その他,30歳代,その他,施錠した
窃盗,自転車盗,池袋,川越通交番,131164,東京都,豊島区,池袋本町２丁目,2020-09-15,18,４階建て以上共同住宅,駐車（輪）場,30歳代,その他,施錠した
窃盗,自転車盗,池袋,平和通交番,131164,東京都,豊島区,池袋１丁目,2020-02-17,19,４階建て以上共同住宅,その他,50歳代,その他,施錠した
窃盗,自転車盗,池袋,平和通交番,131164,東京都,豊島区,池袋１丁目,2020-12-27,18,その他の住宅（３階建て以下共同住宅等）,駐車（輪）場,20歳代,その他,施錠した
窃盗,自転車盗,池袋,平和通交番,131164,東京都,豊島区,池袋２丁目,2020-01-09,17,駐車（輪）場,駐車（輪）場,30歳代,その他,施錠した
窃盗,自転車盗,池袋,平和通交番,131164,東京都,豊島区,池袋２丁目,2020-01-12,07,その他の住宅（３階建て以下共同住宅等）,駐車（輪）場,20歳代,その他,施錠した
窃盗,自転車盗,池袋,平和通交番,131164,東京都,豊島区,池袋２丁目,2020-01-23,14,道路上,その他,30歳代,その他,施錠した
窃盗,自転車盗,池袋,平和通交番,131164,東京都,豊島区,池袋２丁目,2020-02-03,14,４階建て以上共同住宅,駐車（輪）場,40歳代,その他,施錠した
窃盗,自転車盗,池袋,平和通交番,131164,東京都,豊島区,池袋２丁目,2020-06-29,10,４階建て以上共同住宅,その他,30歳代,その他,施錠した
窃盗,自転車盗,池袋,平和通交番,131164,東京都,豊島区,池袋２丁目,2020-07-17,20,４階建て以上共同住宅,駐車（輪）場,20歳代,その他,施錠した
窃盗,自転車盗,池袋,平和通交番,131164,東京都,豊島区,池袋２丁目,2020-08-07,17,その他,その他,40歳代,その他,施錠した
窃盗,自転車盗,池袋,平和通交番,131164,東京都,豊島区,池袋２丁目,2020-08-16,01,その他の住宅（３階建て以下共同住宅等）,その他,20歳代,その他,施錠した
窃盗,自転車盗,池袋,平和通交番,131164,東京都,豊島区,池袋２丁目,2020-11-06,12,その他,その他,20歳代,その他,施錠した
窃盗,自転車盗,池袋,東池袋交番,131164,東京都,豊島区,池袋３丁目,2020-02-01,17,駐車（輪）場,駐車（輪）場,30歳代,その他,施錠した
窃盗,自転車盗,池袋,東池袋交番,131164,東京都,豊島区,東池袋１丁目,2020-02-15,12,道路上,その他,70歳以上,その他,施錠した
窃盗,自転車盗,池袋,東池袋交番,131164,東京都,豊島区,東池袋１丁目,2020-06-14,15,道路上,その他,40歳代,その他,施錠した
窃盗,自転車盗,池袋,東池袋交番,131164,東京都,豊島区,東池袋３丁目,2020-10-18,15,４階建て以上共同住宅,駐車（輪）場,20歳代,その他,施錠した
窃盗,自転車盗,池袋,東池袋交番,131164,東京都,豊島区,南池袋２丁目,2020-03-19,18,道路上,その他,10歳代,中学生,施錠した
窃盗,自転車盗,池袋,東池袋交番,131164,東京都,豊島区,南池袋２丁目,2020-04-15,08,駐車（輪）場,駐車（輪）場,40歳代,その他,施錠した
窃盗,自転車盗,目白,雑司が谷交番,131164,東京都,豊島区,雑司が谷１丁目,2020-03-26,08,その他の住宅（３階建て以下共同住宅等）,その他,30歳代,その他,施錠した
窃盗,自転車盗,目白,雑司が谷交番,131164,東京都,豊島区,雑司が谷１丁目,2020-08-06,19,駐車（輪）場,駐車（輪）場,40歳代,その他,施錠した
窃盗,自転車盗,目白,雑司が谷交番,131164,東京都,豊島区,東池袋４丁目,2020-03-27,09,道路上,その他,20歳代,その他,施錠した
窃盗,自転車盗,目白,雑司が谷交番,131164,東京都,豊島区,東池袋５丁目,2020-10-24,01,４階建て以上共同住宅,駐車（輪）場,40歳代,その他,施錠した
窃盗,自転車盗,目白,雑司が谷交番,131164,東京都,豊島区,南池袋２丁目,2020-04-26,18,道路上,その他,20歳代,その他,施錠した
窃盗,自転車盗,目白,南池袋交番,131164,東京都,豊島区,雑司が谷３丁目,2020-01-15,14,道路上,その他,30歳代,その他,施錠した
窃盗,自転車盗,目白,南池袋交番,131164,東京都,豊島区,南池袋１丁目,2020-03-19,18,道路上,その他,20歳代,その他,施錠した
窃盗,自転車盗,目白,南池袋交番,131164,東京都,豊島区,南池袋１丁目,2020-06-19,19,道路上,その他,20歳代,その他,施錠した
窃盗,自転車盗,目白,南池袋交番,131164,東京都,豊島区,南池袋１丁目,2020-08-08,16,４階建て以上共同住宅,駐車（輪）場,20歳代,その他,施錠した
窃盗,自転車盗,目白,南池袋交番,131164,東京都,豊島区,南池袋１丁目,2020-09-28,09,道路上,その他,50歳代,その他,施錠した
窃盗,自転車盗,目白,南池袋交番,131164,東京都,豊島区,南池袋１丁目,2020-10-06,15,４階建て以上共同住宅,その他,30歳代,その他,施錠した
窃盗,自転車盗,目白,南池袋交番,131164,東京都,豊島区,南池袋１丁目,2020-11-10,00,４階建て以上共同住宅,その他,30歳代,その他,施錠した
窃盗,自転車盗,目白,南池袋交番,131164,東京都,豊島区,南池袋２丁目,2020-09-17,09,その他,その他,40歳代,その他,施錠した
窃盗,自転車盗,目白,南池袋交番,131164,東京都,豊島区,南池袋２丁目,2020-09-30,18,その他,その他,30歳代,その他,施錠した
窃盗,自転車盗,目白,南池袋交番,131164,東京都,豊島区,南池袋２丁目,2020-10-16,20,４階建て以上共同住宅,その他,65-69歳,その他,施錠した
窃盗,自転車盗,目白,南池袋交番,131164,東京都,豊島区,南池袋３丁目,2020-02-18,15,道路上,その他,60-64歳,その他,施錠した
窃盗,自転車盗,目白,目白駅前交番,131164,東京都,豊島区,西池袋２丁目,2020-10-21,10,その他の住宅（３階建て以下共同住宅等）,駐車（輪）場,40歳代,その他,施錠した
窃盗,自転車盗,目白,目白駅前交番,131164,東京都,豊島区,目白１丁目,2020-03-06,13,その他,駐車（輪）場,20歳代,大学生,施錠した
窃盗,自転車盗,目白,目白駅前交番,131164,東京都,豊島区,目白１丁目,2020-08-15,00,４階建て以上共同住宅,駐車（輪）場,30歳代,その他,施錠した
窃盗,自転車盗,目白,目白駅前交番,131164,東京都,豊島区,目白３丁目,2020-01-30,08,駐車（輪）場,駐車（輪）場,20歳代,その他,施錠した
窃盗,自転車盗,目白,目白駅前交番,131164,東京都,豊島区,目白３丁目,2020-02-15,13,道路上,その他,50歳代,その他,施錠した
窃盗,自転車盗,目白,目白駅前交番,131164,東京都,豊島区,目白３丁目,2020-03-24,11,道路上,その他,20歳代,その他,施錠した
窃盗,自転車盗,目白,目白駅前交番,131164,東京都,豊島区,目白３丁目,2020-07-16,11,道路上,その他,10歳代,その他,施錠した
窃盗,自転車盗,目白,目白駅前交番,131164,東京都,豊島区,目白３丁目,2020-08-27,17,道路上,その他,70歳以上,その他,施錠した
窃盗,自転車盗,目白,目白駅前交番,131164,東京都,豊島区,目白５丁目,2020-08-18,02,４階建て以上共同住宅,駐車（輪）場,20歳代,大学生,施錠した
窃盗,自転車盗,目白,目白駅前交番,131164,東京都,豊島区,目白５丁目,2020-11-09,17,４階建て以上共同住宅,その他,50歳代,その他,施錠した
窃盗,自転車盗,目白,椎名町駅前交番,131164,東京都,豊島区,長崎１丁目,2020-11-09,11,４階建て以上共同住宅,その他,70歳以上,その他,施錠した
窃盗,自転車盗,目白,椎名町駅前交番,131164,東京都,豊島区,長崎２丁目,2020-03-26,09,その他の住宅（３階建て以下共同住宅等）,その他,20歳代,大学生,施錠した
窃盗,自転車盗,目白,椎名町駅前交番,131164,東京都,豊島区,長崎２丁目,2020-07-23,12,その他の住宅（３階建て以下共同住宅等）,その他,20歳代,その他,施錠した
窃盗,自転車盗,目白,椎名町駅前交番,131164,東京都,豊島区,長崎２丁目,2020-09-27,16,その他の住宅（３階建て以下共同住宅等）,駐車（輪）場,50歳代,その他,施錠した
窃盗,自転車盗,目白,椎名町駅前交番,131164,東京都,豊島区,西池袋４丁目,2020-01-05,21,４階建て以上共同住宅,駐車（輪）場,20歳代,大学生,施錠した
窃盗,自転車盗,目白,椎名町駅前交番,131164,東京都,豊島区,西池袋４丁目,2020-04-01,18,４階建て以上共同住宅,駐車（輪）場,20歳代,その他,施錠した
窃盗,自転車盗,目白,椎名町駅前交番,131164,東京都,豊島区,南長崎１丁目,2020-01-03,15,一戸建住宅,その他,65-69歳,その他,施錠した
窃盗,自転車盗,目白,椎名町駅前交番,131164,東京都,豊島区,南長崎１丁目,2020-08-06,00,その他,駐車（輪）場,10歳代,中学生,施錠した
窃盗,自転車盗,目白,椎名町駅前交番,131164,東京都,豊島区,南長崎１丁目,2020-10-02,07,駐車（輪）場,駐車（輪）場,50歳代,その他,施錠した
窃盗,自転車盗,目白,椎名町駅前交番,131164,東京都,豊島区,南長崎１丁目,2020-11-15,19,駐車（輪）場,駐車（輪）場,50歳代,その他,施錠した
窃盗,自転車盗,目白,椎名町駅前交番,131164,東京都,豊島区,南長崎３丁目,2020-03-08,00,道路上,その他,20歳代,大学生,施錠した
窃盗,自転車盗,目白,椎名町駅前交番,131164,東京都,豊島区,南長崎３丁目,2020-10-23,17,その他の住宅（３階建て以下共同住宅等）,駐車（輪）場,50歳代,その他,施錠した
窃盗,自転車盗,目白,椎名町駅前交番,131164,東京都,豊島区,目白５丁目,2020-07-04,20,駐車（輪）場,駐車（輪）場,50歳代,その他,施錠した
窃盗,自転車盗,目白,椎名町駅前交番,131164,東京都,豊島区,目白５丁目,2020-09-21,18,一戸建住宅,駐車（輪）場,40歳代,その他,施錠した
窃盗,自転車盗,目白,椎名町駅前交番,131164,東京都,豊島区,目白５丁目,2020-09-24,08,４階建て以上共同住宅,駐車（輪）場,40歳代,その他,施錠した
窃盗,自転車盗,目白,椎名町駅前交番,131164,東京都,豊島区,千早２丁目,2020-06-25,22,その他の住宅（３階建て以下共同住宅等）,駐車（輪）場,20歳代,大学生,施錠した
窃盗,自転車盗,目白,椎名町駅前交番,131164,東京都,豊島区,千早２丁目,2020-08-09,22,一戸建住宅,駐車（輪）場,40歳代,その他,施錠した
窃盗,自転車盗,目白,南長崎交番,131164,東京都,豊島区,長崎２丁目,2020-03-04,23,その他,駐車（輪）場,40歳代,その他,施錠した
窃盗,自転車盗,目白,南長崎交番,131164,東京都,豊島区,長崎３丁目,2020-10-30,12,４階建て以上共同住宅,駐車（輪）場,10歳代,大学生,施錠した
窃盗,自転車盗,目白,南長崎交番,131164,東京都,豊島区,南長崎１丁目,2020-07-04,23,一戸建住宅,駐車（輪）場,40歳代,その他,施錠した
窃盗,自転車盗,目白,南長崎交番,131164,東京都,豊島区,南長崎１丁目,2020-08-13,21,４階建て以上共同住宅,駐車（輪）場,20歳代,その他,施錠した
窃盗,自転車盗,目白,東長崎駅前交番,131164,東京都,豊島区,長崎３丁目,2020-05-01,17,その他の住宅（３階建て以下共同住宅等）,駐車（輪）場,20歳代,その他,施錠した
窃盗,自転車盗,目白,東長崎駅前交番,131164,東京都,豊島区,長崎４丁目,2020-02-01,12,４階建て以上共同住宅,その他,40歳代,その他,施錠した
窃盗,自転車盗,目白,東長崎駅前交番,131164,東京都,豊島区,長崎４丁目,2020-02-18,23,４階建て以上共同住宅,駐車（輪）場,20歳代,その他,施錠した
窃盗,自転車盗,目白,東長崎駅前交番,131164,東京都,豊島区,長崎４丁目,2020-03-10,17,駐車（輪）場,駐車（輪）場,40歳代,その他,施錠した
窃盗,自転車盗,目白,東長崎駅前交番,131164,東京都,豊島区,長崎４丁目,2020-10-13,21,その他の住宅（３階建て以下共同住宅等）,駐車（輪）場,30歳代,その他,施錠した
窃盗,自転車盗,目白,東長崎駅前交番,131164,東京都,豊島区,長崎４丁目,2020-10-30,00,その他の住宅（３階建て以下共同住宅等）,駐車（輪）場,30歳代,その他,施錠した
窃盗,自転車盗,目白,東長崎駅前交番,131164,東京都,豊島区,南長崎４丁目,2020-02-12,08,道路上,その他,30歳代,その他,施錠した
窃盗,自転車盗,目白,東長崎駅前交番,131164,東京都,豊島区,南長崎５丁目,2019-12-30,13,その他,駐車（輪）場,20歳代,その他,施錠した
窃盗,自転車盗,目白,東長崎駅前交番,131164,東京都,豊島区,南長崎５丁目,2020-01-10,09,駐車（輪）場,駐車（輪）場,40歳代,その他,施錠した
窃盗,自転車盗,目白,東長崎駅前交番,131164,東京都,豊島区,南長崎５丁目,2020-03-10,10,その他の住宅（３階建て以下共同住宅等）,駐車（輪）場,20歳代,その他,施錠した
窃盗,自転車盗,目白,東長崎駅前交番,131164,東京都,豊島区,南長崎５丁目,2020-04-08,18,道路上,その他,50歳代,その他,施錠した
窃盗,自転車盗,目白,東長崎駅前交番,131164,東京都,豊島区,南長崎５丁目,2020-05-06,12,道路上,その他,20歳代,大学生,施錠した
窃盗,自転車盗,目白,東長崎駅前交番,131164,東京都,豊島区,南長崎５丁目,2020-06-09,16,道路上,その他,70歳以上,その他,施錠した
窃盗,自転車盗,目白,東長崎駅前交番,131164,東京都,豊島区,南長崎５丁目,2020-07-04,20,道路上,その他,50歳代,その他,施錠した
窃盗,自転車盗,目白,東長崎駅前交番,131164,東京都,豊島区,南長崎６丁目,2020-01-15,14,一戸建住宅,その他,10歳代,中学生,施錠した
窃盗,自転車盗,目白,東長崎駅前交番,131164,東京都,豊島区,南長崎６丁目,2020-09-07,00,４階建て以上共同住宅,その他,20歳代,その他,施錠した
窃盗,自転車盗,目白,東長崎駅前交番,131164,東京都,豊島区,南長崎６丁目,2020-10-01,19,道路上,その他,50歳代,その他,施錠した
窃盗,自転車盗,目白,要町交番,131164,東京都,豊島区,池袋３丁目,2020-08-25,20,４階建て以上共同住宅,駐車（輪）場,30歳代,その他,施錠した
窃盗,自転車盗,目白,要町交番,131164,東京都,豊島区,要町１丁目,2019-12-24,09,駐車（輪）場,駐車（輪）場,30歳代,その他,施錠した
窃盗,自転車盗,目白,要町交番,131164,東京都,豊島区,要町１丁目,2020-01-06,17,道路上,その他,10歳代,小学生,施錠した
窃盗,自転車盗,目白,要町交番,131164,東京都,豊島区,要町１丁目,2020-01-06,17,道路上,その他,30歳代,その他,施錠した
窃盗,自転車盗,目白,要町交番,131164,東京都,豊島区,要町１丁目,2020-01-12,10,その他,その他,50歳代,その他,施錠した
窃盗,自転車盗,目白,要町交番,131164,東京都,豊島区,要町１丁目,2020-01-20,19,４階建て以上共同住宅,その他,30歳代,その他,施錠した
窃盗,自転車盗,目白,要町交番,131164,東京都,豊島区,要町１丁目,2020-03-18,07,道路上,その他,20歳代,その他,施錠した
窃盗,自転車盗,目白,要町交番,131164,東京都,豊島区,要町１丁目,2020-04-27,09,駐車（輪）場,駐車（輪）場,60-64歳,その他,施錠した
窃盗,自転車盗,目白,要町交番,131164,東京都,豊島区,要町１丁目,2020-06-07,20,道路上,その他,30歳代,その他,施錠した
窃盗,自転車盗,目白,要町交番,131164,東京都,豊島区,要町１丁目,2020-07-14,06,駐車（輪）場,駐車（輪）場,30歳代,その他,施錠した
窃盗,自転車盗,目白,要町交番,131164,東京都,豊島区,要町１丁目,2020-08-06,11,道路上,その他,20歳代,その他,施錠した
窃盗,自転車盗,目白,要町交番,131164,東京都,豊島区,要町１丁目,2020-09-05,14,４階建て以上共同住宅,駐車（輪）場,30歳代,その他,施錠した
窃盗,自転車盗,目白,要町交番,131164,東京都,豊島区,要町１丁目,2020-10-02,23,４階建て以上共同住宅,駐車（輪）場,30歳代,その他,施錠した
窃盗,自転車盗,目白,要町交番,131164,東京都,豊島区,要町１丁目,2020-10-02,23,駐車（輪）場,駐車（輪）場,20歳代,その他,施錠した
窃盗,自転車盗,目白,要町交番,131164,東京都,豊島区,要町１丁目,2020-10-04,16,４階建て以上共同住宅,駐車（輪）場,50歳代,その他,施錠した
窃盗,自転車盗,目白,要町交番,131164,東京都,豊島区,要町１丁目,2020-10-23,09,その他の住宅（３階建て以下共同住宅等）,駐車（輪）場,30歳代,その他,施錠した
窃盗,自転車盗,目白,要町交番,131164,東京都,豊島区,高松１丁目,2020-01-19,19,４階建て以上共同住宅,駐車（輪）場,40歳代,その他,施錠した
窃盗,自転車盗,目白,要町交番,131164,東京都,豊島区,高松２丁目,2020-03-03,18,一戸建住宅,その他,10歳代,中学生,施錠した
窃盗,自転車盗,目白,要町交番,131164,東京都,豊島区,高松３丁目,2020-01-05,13,４階建て以上共同住宅,駐車（輪）場,30歳代,その他,施錠した
窃盗,自転車盗,目白,要町交番,131164,東京都,豊島区,高松３丁目,2020-02-20,21,その他の住宅（３階建て以下共同住宅等）,駐車（輪）場,20歳代,その他,施錠した
窃盗,自転車盗,目白,要町交番,131164,東京都,豊島区,西池袋５丁目,2020-02-18,15,４階建て以上共同住宅,駐車（輪）場,30歳代,その他,施錠した
窃盗,自転車盗,目白,要町交番,131164,東京都,豊島区,千早１丁目,2020-07-01,18,道路上,その他,70歳以上,その他,施錠した
窃盗,自転車盗,目白,千川交番,131164,東京都,豊島区,要町１丁目,2020-06-08,17,道路上,その他,30歳代,その他,施錠した
窃盗,自転車盗,目白,千川交番,131164,東京都,豊島区,要町１丁目,2020-09-10,13,４階建て以上共同住宅,その他,60-64歳,その他,施錠した
窃盗,自転車盗,目白,千川交番,131164,東京都,豊島区,要町２丁目,2020-06-06,23,道路上,その他,50歳代,その他,施錠した
窃盗,自転車盗,目白,千川交番,131164,東京都,豊島区,要町３丁目,2020-01-30,18,駐車（輪）場,駐車（輪）場,10歳代,中学生,施錠した
窃盗,自転車盗,目白,千川交番,131164,東京都,豊島区,要町３丁目,2020-03-27,10,駐車（輪）場,駐車（輪）場,50歳代,その他,施錠した
窃盗,自転車盗,目白,千川交番,131164,東京都,豊島区,要町３丁目,2020-04-04,06,道路上,その他,20歳代,その他,施錠した
窃盗,自転車盗,目白,千川交番,131164,東京都,豊島区,要町３丁目,2020-07-03,08,道路上,その他,20歳代,その他,施錠した
窃盗,自転車盗,目白,千川交番,131164,東京都,豊島区,要町３丁目,2020-08-12,10,その他,駐車（輪）場,20歳代,その他,施錠した
窃盗,自転車盗,目白,千川交番,131164,東京都,豊島区,要町３丁目,2020-10-16,09,駐車（輪）場,駐車（輪）場,30歳代,その他,施錠した
窃盗,自転車盗,目白,千川交番,131164,東京都,豊島区,高松２丁目,2020-08-29,17,駐車（輪）場,駐車（輪）場,20歳代,その他,施錠した
窃盗,自転車盗,目白,千川交番,131164,東京都,豊島区,千川１丁目,2020-09-06,18,駐車（輪）場,駐車（輪）場,50歳代,その他,施錠した
窃盗,自転車盗,目白,千川交番,131164,東京都,豊島区,千早２丁目,2020-04-25,16,その他の住宅（３階建て以下共同住宅等）,駐車（輪）場,20歳代,その他,施錠した
窃盗,自転車盗,目白,千川交番,131164,東京都,豊島区,千早２丁目,2020-04-26,13,４階建て以上共同住宅,その他,30歳代,その他,施錠した
窃盗,自転車盗,目白,千川交番,131164,東京都,豊島区,千早４丁目,2020-04-03,16,その他の住宅（３階建て以下共同住宅等）,駐車（輪）場,60-64歳,その他,施錠した
窃盗,自転車盗,目白,千川交番,131164,東京都,豊島区,千早４丁目,2020-10-10,22,道路上,その他,20歳代,その他,施錠した
窃盗,自転車盗,目白,千登世橋交番,131164,東京都,豊島区,雑司が谷２丁目,2020-08-20,16,道路上,その他,40歳代,その他,施錠した
窃盗,自転車盗,目白,千登世橋交番,131164,東京都,豊島区,雑司が谷３丁目,2020-01-12,17,道路上,その他,40歳代,その他,施錠した
窃盗,自転車盗,目白,千登世橋交番,131164,東京都,豊島区,高田１丁目,2020-01-18,03,その他の住宅（３階建て以下共同住宅等）,駐車（輪）場,20歳代,大学生,施錠した
窃盗,自転車盗,目白,千登世橋交番,131164,東京都,豊島区,高田２丁目,2020-07-11,20,駐車（輪）場,駐車（輪）場,20歳代,その他,施錠した
窃盗,自転車盗,目白,千登世橋交番,131164,東京都,豊島区,高田２丁目,2020-09-25,13,その他の住宅（３階建て以下共同住宅等）,駐車（輪）場,20歳代,大学生,施錠した
窃盗,自転車盗,目白,千登世橋交番,131164,東京都,豊島区,高田３丁目,2020-03-01,13,４階建て以上共同住宅,その他,20歳代,大学生,施錠した
窃盗,自転車盗,目白,千登世橋交番,131164,東京都,豊島区,高田３丁目,2020-03-15,01,道路上,その他,30歳代,その他,施錠した
窃盗,自転車盗,目白,千登世橋交番,131164,東京都,豊島区,高田３丁目,2020-03-18,08,道路上,その他,40歳代,その他,施錠した
窃盗,自転車盗,目白,千登世橋交番,131164,東京都,豊島区,高田３丁目,2020-06-11,11,駐車（輪）場,駐車（輪）場,40歳代,その他,施錠した
窃盗,自転車盗,目白,千登世橋交番,131164,東京都,豊島区,高田３丁目,2020-06-18,19,一戸建住宅,駐車（輪）場,50歳代,その他,施錠した
窃盗,自転車盗,目白,千登世橋交番,131164,東京都,豊島区,高田３丁目,2020-06-30,19,道路上,その他,20歳代,大学生,施錠した
窃盗,自転車盗,目白,千登世橋交番,131164,東京都,豊島区,南池袋２丁目,2020-09-14,17,その他,駐車（輪）場,60-64歳,その他,施錠した
窃盗,自転車盗,目白,千登世橋交番,131164,東京都,豊島区,目白２丁目,2020-01-20,18,４階建て以上共同住宅,駐車（輪）場,40歳代,その他,施錠した
窃盗,自転車盗,滝野川,板橋駅東口交番,131172,東京都,北区,滝野川４丁目,2020-08-18,19,道路上,その他,20歳代,その他,施錠した
窃盗,自転車盗,滝野川,板橋駅東口交番,131172,東京都,北区,滝野川６丁目,2020-01-20,17,道路上,その他,30歳代,その他,施錠した
窃盗,自転車盗,滝野川,板橋駅東口交番,131172,東京都,北区,滝野川６丁目,2020-07-04,12,４階建て以上共同住宅,駐車（輪）場,40歳代,その他,施錠した
窃盗,自転車盗,滝野川,板橋駅東口交番,131172,東京都,北区,滝野川６丁目,2020-08-02,12,その他,駐車（輪）場,10歳代,中学生,施錠した
窃盗,自転車盗,滝野川,板橋駅東口交番,131172,東京都,北区,滝野川６丁目,2020-09-09,00,４階建て以上共同住宅,駐車（輪）場,30歳代,その他,施錠した
窃盗,自転車盗,滝野川,板橋駅東口交番,131172,東京都,北区,滝野川７丁目,2018-09-17,09,その他の住宅（３階建て以下共同住宅等）,その他,70歳以上,その他,施錠した
窃盗,自転車盗,滝野川,板橋駅東口交番,131172,東京都,北区,滝野川７丁目,2020-01-10,09,道路上,その他,30歳代,その他,施錠した
窃盗,自転車盗,滝野川,板橋駅東口交番,131172,東京都,北区,滝野川７丁目,2020-03-31,10,道路上,その他,60-64歳,その他,施錠した
窃盗,自転車盗,滝野川,板橋駅東口交番,131172,東京都,北区,滝野川７丁目,2020-06-15,06,道路上,その他,20歳代,その他,施錠した
窃盗,自転車盗,滝野川,板橋駅東口交番,131172,東京都,北区,滝野川７丁目,2020-07-17,18,４階建て以上共同住宅,その他,65-69歳,その他,施錠した
窃盗,自転車盗,滝野川,板橋駅東口交番,131172,東京都,北区,滝野川７丁目,2020-08-23,13,その他,その他,40歳代,その他,施錠した
窃盗,自転車盗,滝野川,板橋駅東口交番,131172,東京都,北区,滝野川７丁目,2020-09-03,18,４階建て以上共同住宅,駐車（輪）場,40歳代,その他,施錠した
窃盗,自転車盗,滝野川,飛鳥山交番,131172,東京都,北区,滝野川１丁目,2020-03-18,20,道路上,その他,50歳代,その他,施錠した
窃盗,自転車盗,滝野川,飛鳥山交番,131172,東京都,北区,滝野川２丁目,2020-11-10,18,一戸建住宅,その他,50歳代,その他,施錠した
窃盗,自転車盗,滝野川,滝野川一丁目交番,131172,東京都,北区,滝野川１丁目,2020-08-16,18,４階建て以上共同住宅,駐車（輪）場,20歳代,その他,施錠した
窃盗,自転車盗,滝野川,滝野川一丁目交番,131172,東京都,北区,西ケ原４丁目,2020-09-09,09,一戸建住宅,その他,40歳代,その他,施錠した
窃盗,自転車盗,滝野川,西ケ原交番,131172,東京都,北区,上中里１丁目,2019-12-21,16,一戸建住宅,駐車（輪）場,10歳代,高校生,施錠した
窃盗,自転車盗,滝野川,西ケ原交番,131172,東京都,北区,中里３丁目,2020-10-11,18,その他の住宅（３階建て以下共同住宅等）,その他,30歳代,その他,施錠した
窃盗,自転車盗,滝野川,西ケ原交番,131172,東京都,北区,西ケ原１丁目,2020-02-28,09,道路上,その他,70歳以上,その他,施錠した
窃盗,自転車盗,滝野川,西ケ原交番,131172,東京都,北区,西ケ原１丁目,2020-06-30,23,道路上,その他,40歳代,その他,施錠した
窃盗,自転車盗,滝野川,田端高台交番,131172,東京都,北区,田端１丁目,2020-01-17,17,その他の住宅（３階建て以下共同住宅等）,駐車（輪）場,20歳代,その他,施錠した
窃盗,自転車盗,滝野川,田端高台交番,131172,東京都,北区,田端１丁目,2020-04-26,20,その他の住宅（３階建て以下共同住宅等）,駐車（輪）場,20歳代,大学生,施錠した
窃盗,自転車盗,滝野川,田端高台交番,131172,東京都,北区,田端２丁目,2020-01-19,16,４階建て以上共同住宅,駐車（輪）場,50歳代,その他,施錠した
窃盗,自転車盗,滝野川,田端高台交番,131172,東京都,北区,田端４丁目,2020-01-05,18,４階建て以上共同住宅,駐車（輪）場,20歳代,大学生,施錠した
窃盗,自転車盗,滝野川,田端高台交番,131172,東京都,北区,田端５丁目,2020-08-30,18,その他の住宅（３階建て以下共同住宅等）,駐車（輪）場,20歳代,その他,施錠した
窃盗,自転車盗,滝野川,中里交番,131172,東京都,北区,上中里３丁目,2020-10-03,22,その他,駐車（輪）場,40歳代,その他,施錠した
窃盗,自転車盗,滝野川,中里交番,131172,東京都,北区,中里１丁目,2020-04-24,16,道路上,その他,10歳代,大学生,施錠した
窃盗,自転車盗,滝野川,中里交番,131172,東京都,北区,中里１丁目,2020-06-18,13,駐車（輪）場,駐車（輪）場,20歳代,その他,施錠した
窃盗,自転車盗,滝野川,中里交番,131172,東京都,北区,中里１丁目,2020-07-10,18,駐車（輪）場,駐車（輪）場,30歳代,その他,施錠した
窃盗,自転車盗,滝野川,尾久駅前交番,131172,東京都,北区,上中里２丁目,2019-12-22,09,一戸建住宅,その他,40歳代,その他,施錠した
窃盗,自転車盗,滝野川,尾久駅前交番,131172,東京都,北区,栄町,2020-03-19,18,一戸建住宅,その他,40歳代,その他,施錠した
窃盗,自転車盗,滝野川,尾久駅前交番,131172,東京都,北区,栄町,2020-06-13,11,一戸建住宅,その他,40歳代,その他,施錠した
窃盗,自転車盗,滝野川,尾久駅前交番,131172,東京都,北区,昭和町２丁目,2020-04-27,00,その他,駐車（輪）場,10歳未満,小学生,施錠した
窃盗,自転車盗,滝野川,東田端交番,131172,東京都,北区,田端１丁目,2020-05-22,16,その他,駐車（輪）場,30歳代,その他,施錠した
窃盗,自転車盗,滝野川,東田端交番,131172,東京都,北区,田端新町１丁目,2020-07-12,08,道路上,その他,65-69歳,その他,施錠した
窃盗,自転車盗,滝野川,東田端交番,131172,東京都,北区,田端新町２丁目,2020-04-10,18,道路上,その他,70歳以上,その他,施錠した
窃盗,自転車盗,滝野川,東田端交番,131172,東京都,北区,田端新町２丁目,2020-04-24,14,４階建て以上共同住宅,駐車（輪）場,20歳代,その他,施錠した
窃盗,自転車盗,滝野川,東田端交番,131172,東京都,北区,田端新町２丁目,2020-09-21,17,その他の住宅（３階建て以下共同住宅等）,駐車（輪）場,20歳代,その他,施錠した
窃盗,自転車盗,滝野川,東田端交番,131172,東京都,北区,田端新町２丁目,2020-10-27,00,４階建て以上共同住宅,駐車（輪）場,40歳代,その他,施錠した
窃盗,自転車盗,滝野川,東田端交番,131172,東京都,北区,田端新町２丁目,2020-12-11,19,４階建て以上共同住宅,駐車（輪）場,20歳代,その他,施錠した
窃盗,自転車盗,滝野川,東田端交番,131172,東京都,北区,田端新町３丁目,2019-12-23,16,道路上,その他,20歳代,その他,施錠した
窃盗,自転車盗,滝野川,東田端交番,131172,東京都,北区,東田端１丁目,2020-01-04,18,駐車（輪）場,駐車（輪）場,50歳代,その他,施錠した
窃盗,自転車盗,滝野川,東田端交番,131172,東京都,北区,東田端１丁目,2020-04-14,05,駐車（輪）場,駐車（輪）場,40歳代,その他,施錠した
窃盗,自転車盗,滝野川,東田端交番,131172,東京都,北区,東田端１丁目,2020-05-11,18,その他,駐車（輪）場,20歳代,その他,施錠した
窃盗,自転車盗,滝野川,東田端交番,131172,東京都,北区,東田端１丁目,2020-05-16,19,４階建て以上共同住宅,駐車（輪）場,20歳代,その他,施錠した
窃盗,自転車盗,滝野川,東田端交番,131172,東京都,北区,東田端１丁目,2020-06-26,11,駐車（輪）場,駐車（輪）場,20歳代,その他,施錠した
窃盗,自転車盗,滝野川,東田端交番,131172,東京都,北区,東田端１丁目,2020-07-13,13,４階建て以上共同住宅,駐車（輪）場,40歳代,その他,施錠した
窃盗,自転車盗,滝野川,東田端交番,131172,東京都,北区,東田端１丁目,2020-07-19,14,駐車（輪）場,駐車（輪）場,30歳代,その他,施錠した
窃盗,自転車盗,滝野川,東田端交番,131172,東京都,北区,東田端１丁目,2020-08-14,07,その他,駐車（輪）場,20歳代,大学生,施錠した
窃盗,自転車盗,滝野川,東田端交番,131172,東京都,北区,東田端１丁目,2020-09-04,08,駐車（輪）場,駐車（輪）場,20歳代,その他,施錠した
窃盗,自転車盗,滝野川,東田端交番,131172,東京都,北区,東田端１丁目,2020-09-12,22,その他,駐車（輪）場,10歳代,大学生,施錠した
窃盗,自転車盗,滝野川,東田端交番,131172,東京都,北区,東田端１丁目,2020-09-17,14,駐車（輪）場,駐車（輪）場,50歳代,その他,施錠した
窃盗,自転車盗,滝野川,東田端交番,131172,東京都,北区,東田端１丁目,2020-10-13,05,駐車（輪）場,駐車（輪）場,40歳代,その他,施錠した
窃盗,自転車盗,滝野川,東田端交番,131172,東京都,北区,東田端１丁目,2020-11-09,08,駐車（輪）場,駐車（輪）場,10歳代,高校生,施錠した
窃盗,自転車盗,滝野川,東田端交番,131172,東京都,北区,東田端２丁目,2018-08-16,10,駐車（輪）場,駐車（輪）場,20歳代,大学生,施錠した
窃盗,自転車盗,滝野川,東田端交番,131172,東京都,北区,東田端２丁目,2020-01-12,07,駐車（輪）場,駐車（輪）場,20歳代,その他,施錠した
窃盗,自転車盗,滝野川,東田端交番,131172,東京都,北区,東田端２丁目,2020-01-29,07,駐車（輪）場,駐車（輪）場,20歳代,その他,施錠した
窃盗,自転車盗,滝野川,東田端交番,131172,東京都,北区,東田端２丁目,2020-03-03,07,駐車（輪）場,駐車（輪）場,60-64歳,その他,施錠した
窃盗,自転車盗,滝野川,東田端交番,131172,東京都,北区,東田端２丁目,2020-06-25,07,駐車（輪）場,駐車（輪）場,20歳代,その他,施錠した
窃盗,自転車盗,滝野川,東田端交番,131172,東京都,北区,東田端２丁目,2020-06-25,18,その他,駐車（輪）場,20歳代,その他,施錠した
窃盗,自転車盗,滝野川,東田端交番,131172,東京都,北区,東田端２丁目,2020-06-26,08,駐車（輪）場,駐車（輪）場,20歳代,その他,施錠した
窃盗,自転車盗,滝野川,東田端交番,131172,東京都,北区,東田端２丁目,2020-07-07,08,駐車（輪）場,駐車（輪）場,20歳代,その他,施錠した
窃盗,自転車盗,滝野川,東田端交番,131172,東京都,北区,東田端２丁目,2020-08-05,09,駐車（輪）場,駐車（輪）場,40歳代,その他,施錠した
窃盗,自転車盗,滝野川,東田端交番,131172,東京都,北区,東田端２丁目,2020-08-21,08,駐車（輪）場,駐車（輪）場,40歳代,その他,施錠した
窃盗,自転車盗,滝野川,東田端交番,131172,東京都,北区,東田端２丁目,2020-08-27,06,駐車（輪）場,駐車（輪）場,10歳代,大学生,施錠した
窃盗,自転車盗,王子,王子駅前交番,131172,東京都,北区,王子１丁目,2019-12-05,16,道路上,その他,40歳代,その他,施錠した
窃盗,自転車盗,王子,王子駅前交番,131172,東京都,北区,王子１丁目,2019-12-13,16,道路上,その他,10歳未満,小学生,施錠した
窃盗,自転車盗,王子,王子駅前交番,131172,東京都,北区,王子１丁目,2020-01-20,19,その他,駐車（輪）場,10歳代,中学生,施錠した
窃盗,自転車盗,王子,王子駅前交番,131172,東京都,北区,王子１丁目,2020-01-25,10,その他,駐車（輪）場,10歳代,中学生,施錠した
窃盗,自転車盗,王子,王子駅前交番,131172,東京都,北区,王子１丁目,2020-01-29,06,駐車（輪）場,駐車（輪）場,30歳代,その他,施錠した
窃盗,自転車盗,王子,王子駅前交番,131172,東京都,北区,王子１丁目,2020-02-19,16,その他,駐車（輪）場,60-64歳,その他,施錠した
窃盗,自転車盗,王子,王子駅前交番,131172,東京都,北区,王子１丁目,2020-03-17,08,道路上,その他,10歳代,高校生,施錠した
窃盗,自転車盗,王子,王子駅前交番,131172,東京都,北区,王子１丁目,2020-03-18,08,駐車（輪）場,駐車（輪）場,20歳代,その他,施錠した
窃盗,自転車盗,王子,王子駅前交番,131172,東京都,北区,王子１丁目,2020-03-25,07,駐車（輪）場,駐車（輪）場,60-64歳,その他,施錠した
窃盗,自転車盗,王子,王子駅前交番,131172,東京都,北区,王子１丁目,2020-04-14,09,駐車（輪）場,駐車（輪）場,20歳代,大学生,施錠した
窃盗,自転車盗,王子,王子駅前交番,131172,東京都,北区,王子１丁目,2020-06-08,10,道路上,その他,65-69歳,その他,施錠した
窃盗,自転車盗,王子,王子駅前交番,131172,東京都,北区,王子１丁目,2020-06-15,21,道路上,その他,50歳代,その他,施錠した
窃盗,自転車盗,王子,王子駅前交番,131172,東京都,北区,王子１丁目,2020-07-19,19,道路上,その他,70歳以上,その他,施錠した
窃盗,自転車盗,王子,王子駅前交番,131172,東京都,北区,王子１丁目,2020-07-25,22,その他の住宅（３階建て以下共同住宅等）,駐車（輪）場,10歳代,その他,施錠した
窃盗,自転車盗,王子,王子駅前交番,131172,東京都,北区,王子１丁目,2020-08-18,10,駐車（輪）場,駐車（輪）場,10歳代,高校生,施錠した
窃盗,自転車盗,王子,王子駅前交番,131172,東京都,北区,王子１丁目,2020-08-19,15,道路上,その他,10歳代,高校生,施錠した
窃盗,自転車盗,王子,王子駅前交番,131172,東京都,北区,王子１丁目,2020-09-11,09,駐車（輪）場,駐車（輪）場,30歳代,その他,施錠した
窃盗,自転車盗,王子,王子駅前交番,131172,東京都,北区,王子１丁目,2020-09-28,05,駐車（輪）場,駐車（輪）場,40歳代,その他,施錠した
窃盗,自転車盗,王子,王子駅前交番,131172,東京都,北区,王子１丁目,2020-10-24,18,道路上,その他,20歳代,その他,施錠した
窃盗,自転車盗,王子,王子駅前交番,131172,東京都,北区,王子１丁目,2020-10-25,14,４階建て以上共同住宅,駐車（輪）場,10歳代,高校生,施錠した
窃盗,自転車盗,王子,王子駅前交番,131172,東京都,北区,王子１丁目,2020-11-09,04,駐車（輪）場,駐車（輪）場,70歳以上,その他,施錠した
窃盗,自転車盗,王子,王子駅前交番,131172,東京都,北区,王子１丁目,2020-12-28,06,駐車（輪）場,駐車（輪）場,40歳代,その他,施錠した
窃盗,自転車盗,王子,王子駅前交番,131172,東京都,北区,王子２丁目,2020-02-08,22,一戸建住宅,駐車（輪）場,40歳代,その他,施錠した
窃盗,自転車盗,王子,王子駅前交番,131172,東京都,北区,王子２丁目,2020-10-21,09,その他,駐車（輪）場,20歳代,その他,施錠した
窃盗,自転車盗,王子,王子駅前交番,131172,東京都,北区,王子２丁目,2020-11-17,15,４階建て以上共同住宅,駐車（輪）場,60-64歳,その他,施錠した
窃盗,自転車盗,王子,王子駅前交番,131172,東京都,北区,豊島１丁目,2020-01-08,13,４階建て以上共同住宅,駐車（輪）場,10歳代,大学生,施錠した
窃盗,自転車盗,王子,王子駅前交番,131172,東京都,北区,豊島１丁目,2020-02-27,08,道路上,その他,30歳代,その他,施錠した
窃盗,自転車盗,王子,王子駅前交番,131172,東京都,北区,豊島１丁目,2020-05-01,07,４階建て以上共同住宅,駐車（輪）場,50歳代,その他,施錠した
窃盗,自転車盗,王子,王子駅前交番,131172,東京都,北区,豊島２丁目,2020-01-20,06,道路上,その他,30歳代,その他,施錠した
窃盗,自転車盗,王子,王子駅前交番,131172,東京都,北区,堀船１丁目,2020-02-15,19,４階建て以上共同住宅,駐車（輪）場,65-69歳,その他,施錠した
窃盗,自転車盗,王子,王子駅前交番,131172,東京都,北区,堀船１丁目,2020-04-19,21,その他,駐車（輪）場,10歳代,高校生,施錠した
窃盗,自転車盗,王子,王子駅前交番,131172,東京都,北区,堀船１丁目,2020-05-28,08,道路上,その他,40歳代,その他,施錠した
窃盗,自転車盗,王子,王子駅前交番,131172,東京都,北区,堀船１丁目,2020-08-09,10,その他,駐車（輪）場,40歳代,その他,施錠した
窃盗,自転車盗,王子,王子駅前交番,131172,東京都,北区,堀船１丁目,2020-08-09,18,その他,駐車（輪）場,30歳代,その他,施錠した
窃盗,自転車盗,王子,王子駅前交番,131172,東京都,北区,堀船２丁目,2019-12-30,17,道路上,その他,40歳代,その他,施錠した
窃盗,自転車盗,王子,王子駅前交番,131172,東京都,北区,堀船２丁目,2020-03-15,22,４階建て以上共同住宅,駐車（輪）場,10歳代,高校生,施錠した
窃盗,自転車盗,王子,王子駅前交番,131172,東京都,北区,堀船２丁目,2020-05-27,23,その他,その他,法人・団体、被害者なし,法人・団体、被害者なし,施錠した
窃盗,自転車盗,王子,王子駅前交番,131172,東京都,北区,堀船３丁目,2020-08-10,22,その他の住宅（３階建て以下共同住宅等）,駐車（輪）場,65-69歳,その他,施錠した
窃盗,自転車盗,王子,王子駅前交番,131172,東京都,北区,堀船４丁目,2020-09-21,20,その他の住宅（３階建て以下共同住宅等）,その他,法人・団体、被害者なし,法人・団体、被害者なし,施錠した
窃盗,自転車盗,王子,豊島五丁目駐在所,131172,東京都,北区,豊島５丁目,2020-03-11,16,４階建て以上共同住宅,駐車（輪）場,70歳以上,その他,施錠した
窃盗,自転車盗,王子,豊島五丁目駐在所,131172,東京都,北区,豊島５丁目,2020-03-25,00,４階建て以上共同住宅,駐車（輪）場,50歳代,その他,施錠した
窃盗,自転車盗,王子,豊島五丁目駐在所,131172,東京都,北区,豊島５丁目,2020-06-16,02,４階建て以上共同住宅,駐車（輪）場,70歳以上,その他,施錠した
窃盗,自転車盗,王子,豊島五丁目駐在所,131172,東京都,北区,豊島５丁目,2020-08-14,19,道路上,その他,65-69歳,その他,施錠した
窃盗,自転車盗,王子,豊島五丁目駐在所,131172,東京都,北区,豊島５丁目,2020-10-22,23,４階建て以上共同住宅,駐車（輪）場,40歳代,その他,施錠した
窃盗,自転車盗,王子,豊島五丁目駐在所,131172,東京都,北区,豊島５丁目,2020-11-12,22,４階建て以上共同住宅,駐車（輪）場,10歳代,中学生,施錠した
窃盗,自転車盗,王子,王子五丁目交番,131172,東京都,北区,王子５丁目,2020-04-09,10,道路上,その他,50歳代,その他,施錠した
窃盗,自転車盗,王子,王子五丁目交番,131172,東京都,北区,王子５丁目,2020-04-09,20,４階建て以上共同住宅,その他,40歳代,その他,施錠した
窃盗,自転車盗,王子,王子五丁目交番,131172,東京都,北区,王子５丁目,2020-09-27,08,４階建て以上共同住宅,その他,10歳代,高校生,施錠した
窃盗,自転車盗,王子,王子五丁目交番,131172,東京都,北区,王子５丁目,2020-10-17,17,４階建て以上共同住宅,駐車（輪）場,30歳代,その他,施錠した
窃盗,自転車盗,王子,王子五丁目交番,131172,東京都,北区,王子５丁目,2020-12-10,18,４階建て以上共同住宅,駐車（輪）場,10歳代,中学生,施錠した
窃盗,自転車盗,王子,王子五丁目交番,131172,東京都,北区,豊島５丁目,2019-12-19,06,４階建て以上共同住宅,駐車（輪）場,70歳以上,その他,施錠した
窃盗,自転車盗,王子,王子五丁目交番,131172,東京都,北区,豊島５丁目,2020-02-03,11,４階建て以上共同住宅,駐車（輪）場,70歳以上,その他,施錠した
窃盗,自転車盗,王子,王子五丁目交番,131172,東京都,北区,豊島５丁目,2020-05-08,18,４階建て以上共同住宅,駐車（輪）場,30歳代,その他,施錠した
窃盗,自転車盗,王子,王子五丁目交番,131172,東京都,北区,豊島５丁目,2020-05-15,19,４階建て以上共同住宅,駐車（輪）場,10歳代,小学生,施錠した
窃盗,自転車盗,王子,王子五丁目交番,131172,東京都,北区,豊島５丁目,2020-07-04,12,４階建て以上共同住宅,駐車（輪）場,30歳代,その他,施錠した
窃盗,自転車盗,王子,王子五丁目交番,131172,東京都,北区,豊島５丁目,2020-08-06,16,４階建て以上共同住宅,駐車（輪）場,10歳代,高校生,施錠した
窃盗,自転車盗,王子,王子五丁目交番,131172,東京都,北区,豊島５丁目,2020-11-30,12,４階建て以上共同住宅,駐車（輪）場,60-64歳,その他,施錠した
窃盗,自転車盗,王子,王子五丁目交番,131172,東京都,北区,豊島８丁目,2020-01-10,07,道路上,その他,20歳代,その他,施錠した
窃盗,自転車盗,王子,東十条交番,131172,東京都,北区,王子５丁目,2020-08-15,18,４階建て以上共同住宅,駐車（輪）場,20歳代,その他,施錠した
窃盗,自転車盗,王子,東十条交番,131172,東京都,北区,王子５丁目,2020-09-12,15,４階建て以上共同住宅,駐車（輪）場,40歳代,その他,施錠した
窃盗,自転車盗,王子,東十条交番,131172,東京都,北区,東十条３丁目,2019-12-20,17,４階建て以上共同住宅,駐車（輪）場,50歳代,その他,施錠した
窃盗,自転車盗,王子,東十条交番,131172,東京都,北区,東十条３丁目,2020-05-07,12,４階建て以上共同住宅,駐車（輪）場,50歳代,その他,施錠した
窃盗,自転車盗,王子,東十条交番,131172,東京都,北区,東十条４丁目,2020-02-19,19,その他,駐車（輪）場,40歳代,その他,施錠した
窃盗,自転車盗,王子,東十条交番,131172,東京都,北区,東十条４丁目,2020-03-02,12,４階建て以上共同住宅,駐車（輪）場,60-64歳,その他,施錠した
窃盗,自転車盗,王子,東十条交番,131172,東京都,北区,東十条４丁目,2020-03-13,18,道路上,その他,40歳代,その他,施錠した
窃盗,自転車盗,王子,東十条交番,131172,東京都,北区,東十条４丁目,2020-07-14,16,その他,駐車（輪）場,20歳代,その他,施錠した
窃盗,自転車盗,王子,東十条交番,131172,東京都,北区,東十条４丁目,2020-07-25,05,４階建て以上共同住宅,駐車（輪）場,50歳代,その他,施錠した
窃盗,自転車盗,王子,東十条交番,131172,東京都,北区,東十条４丁目,2020-09-14,15,駐車（輪）場,駐車（輪）場,30歳代,その他,施錠した
窃盗,自転車盗,王子,中十条交番,131172,東京都,北区,王子６丁目,2020-07-31,18,４階建て以上共同住宅,駐車（輪）場,50歳代,その他,施錠した
窃盗,自転車盗,王子,中十条交番,131172,東京都,北区,王子６丁目,2020-11-27,22,４階建て以上共同住宅,駐車（輪）場,10歳代,中学生,施錠した
窃盗,自転車盗,王子,中十条交番,131172,東京都,北区,中十条１丁目,2020-04-25,17,道路上,その他,40歳代,その他,施錠した
窃盗,自転車盗,王子,中十条交番,131172,東京都,北区,東十条１丁目,2019-09-18,18,４階建て以上共同住宅,駐車（輪）場,20歳代,その他,施錠した
窃盗,自転車盗,王子,十条仲原交番,131172,東京都,北区,上十条３丁目,2020-07-26,22,道路上,その他,30歳代,その他,施錠した
窃盗,自転車盗,王子,十条仲原交番,131172,東京都,北区,十条仲原２丁目,2020-04-04,17,道路上,その他,50歳代,その他,施錠した
窃盗,自転車盗,王子,十条仲原交番,131172,東京都,北区,十条仲原３丁目,2020-01-29,21,一戸建住宅,駐車（輪）場,50歳代,その他,施錠した
窃盗,自転車盗,王子,十条仲原交番,131172,東京都,北区,十条仲原３丁目,2020-07-26,20,その他,駐車（輪）場,20歳代,その他,施錠した
窃盗,自転車盗,王子,十条仲原交番,131172,東京都,北区,十条仲原３丁目,2020-11-04,08,道路上,その他,30歳代,その他,施錠した
窃盗,自転車盗,王子,十条仲原交番,131172,東京都,北区,中十条３丁目,2020-07-06,09,駐車（輪）場,駐車（輪）場,30歳代,その他,施錠した
窃盗,自転車盗,王子,十条仲原交番,131172,東京都,北区,中十条３丁目,2020-12-03,23,一戸建住宅,駐車（輪）場,50歳代,その他,施錠した
窃盗,自転車盗,王子,十条仲原交番,131172,東京都,北区,中十条４丁目,2020-07-05,20,４階建て以上共同住宅,駐車（輪）場,20歳代,その他,施錠した
窃盗,自転車盗,王子,十条仲原交番,131172,東京都,北区,東十条５丁目,2020-01-12,18,一戸建住宅,その他,40歳代,その他,施錠した
窃盗,自転車盗,王子,十条駅前交番,131172,東京都,北区,上十条１丁目,2019-12-06,19,道路上,その他,20歳代,その他,施錠した
窃盗,自転車盗,王子,十条駅前交番,131172,東京都,北区,上十条１丁目,2020-03-16,20,４階建て以上共同住宅,駐車（輪）場,20歳代,その他,施錠した
窃盗,自転車盗,王子,十条駅前交番,131172,東京都,北区,上十条１丁目,2020-03-24,06,その他の住宅（３階建て以下共同住宅等）,その他,10歳代,高校生,施錠した
窃盗,自転車盗,王子,十条駅前交番,131172,東京都,北区,上十条１丁目,2020-08-25,14,駐車（輪）場,駐車（輪）場,20歳代,大学生,施錠した
窃盗,自転車盗,王子,十条駅前交番,131172,東京都,北区,上十条１丁目,2020-11-23,22,道路上,その他,30歳代,その他,施錠した
窃盗,自転車盗,王子,十条駅前交番,131172,東京都,北区,上十条２丁目,2020-03-17,12,一戸建住宅,その他,30歳代,その他,施錠した
窃盗,自転車盗,王子,十条駅前交番,131172,東京都,北区,上十条２丁目,2020-06-10,09,一戸建住宅,駐車（輪）場,30歳代,その他,施錠した
窃盗,自転車盗,王子,十条駅前交番,131172,東京都,北区,上十条２丁目,2020-09-27,18,道路上,その他,30歳代,その他,施錠した
窃盗,自転車盗,王子,十条駅前交番,131172,東京都,北区,十条仲原１丁目,2020-02-09,16,道路上,その他,60-64歳,その他,施錠した
窃盗,自転車盗,王子,十条駅前交番,131172,東京都,北区,十条仲原１丁目,2020-06-20,22,道路上,その他,20歳代,大学生,施錠した
窃盗,自転車盗,王子,十条駅前交番,131172,東京都,北区,十条仲原１丁目,2020-08-27,13,道路上,その他,20歳代,その他,施錠した
窃盗,自転車盗,王子,十条駅前交番,131172,東京都,北区,十条仲原１丁目,2020-08-30,12,道路上,その他,30歳代,その他,施錠した
窃盗,自転車盗,王子,十条駅前交番,131172,東京都,北区,十条仲原１丁目,2020-09-22,09,駐車（輪）場,駐車（輪）場,20歳代,その他,施錠した
窃盗,自転車盗,王子,十条駅前交番,131172,東京都,北区,十条仲原１丁目,2020-09-27,10,駐車（輪）場,駐車（輪）場,40歳代,その他,施錠した
窃盗,自転車盗,王子,十条駅前交番,131172,東京都,北区,中十条１丁目,2020-12-04,21,駐車（輪）場,駐車（輪）場,60-64歳,その他,施錠した
窃盗,自転車盗,王子,王子本町交番,131172,東京都,北区,王子３丁目,2020-10-22,09,４階建て以上共同住宅,駐車（輪）場,20歳代,大学生,施錠した
窃盗,自転車盗,王子,王子本町交番,131172,東京都,北区,王子本町１丁目,2019-11-01,00,４階建て以上共同住宅,駐車（輪）場,40歳代,その他,施錠した
窃盗,自転車盗,王子,王子本町交番,131172,東京都,北区,王子本町１丁目,2020-04-27,15,その他,駐車（輪）場,65-69歳,その他,施錠した
窃盗,自転車盗,王子,王子本町交番,131172,東京都,北区,王子本町１丁目,2020-09-01,15,その他,駐車（輪）場,40歳代,その他,施錠した
窃盗,自転車盗,王子,王子本町交番,131172,東京都,北区,王子本町１丁目,2020-11-15,16,駐車（輪）場,駐車（輪）場,20歳代,大学生,施錠した
窃盗,自転車盗,王子,王子本町交番,131172,東京都,北区,王子本町１丁目,2020-12-01,08,その他,駐車（輪）場,30歳代,その他,施錠した
窃盗,自転車盗,王子,王子本町交番,131172,東京都,北区,王子本町３丁目,2020-10-22,00,４階建て以上共同住宅,その他,65-69歳,その他,施錠した
窃盗,自転車盗,王子,王子本町交番,131172,東京都,北区,岸町１丁目,2020-09-01,12,４階建て以上共同住宅,駐車（輪）場,50歳代,その他,施錠した
窃盗,自転車盗,王子,王子本町交番,131172,東京都,北区,十条台１丁目,2020-08-14,14,その他,駐車（輪）場,10歳代,その他,施錠した
窃盗,自転車盗,王子,王子本町交番,131172,東京都,北区,中十条１丁目,2020-10-31,16,駐車（輪）場,駐車（輪）場,20歳代,その他,施錠した
窃盗,自転車盗,赤羽,志茂四丁目交番,131172,東京都,北区,赤羽１丁目,2020-01-09,10,道路上,その他,70歳以上,その他,施錠した
窃盗,自転車盗,赤羽,志茂四丁目交番,131172,東京都,北区,赤羽２丁目,2019-12-19,10,道路上,その他,50歳代,その他,施錠した
窃盗,自転車盗,赤羽,志茂四丁目交番,131172,東京都,北区,志茂２丁目,2020-01-23,22,道路上,その他,30歳代,その他,施錠した
窃盗,自転車盗,赤羽,志茂四丁目交番,131172,東京都,北区,志茂２丁目,2020-08-10,20,４階建て以上共同住宅,駐車（輪）場,30歳代,その他,施錠した
窃盗,自転車盗,赤羽,志茂四丁目交番,131172,東京都,北区,志茂３丁目,2020-01-29,07,一戸建住宅,その他,20歳代,その他,施錠した
窃盗,自転車盗,赤羽,赤羽駅前交番,131172,東京都,北区,赤羽１丁目,2019-11-20,11,道路上,その他,70歳以上,その他,施錠した
窃盗,自転車盗,赤羽,赤羽駅前交番,131172,東京都,北区,赤羽１丁目,2019-12-06,15,道路上,その他,20歳代,大学生,施錠した
窃盗,自転車盗,赤羽,赤羽駅前交番,131172,東京都,北区,赤羽１丁目,2019-12-12,21,道路上,その他,20歳代,大学生,施錠した
窃盗,自転車盗,赤羽,赤羽駅前交番,131172,東京都,北区,赤羽１丁目,2019-12-24,15,道路上,その他,10歳代,高校生,施錠した
窃盗,自転車盗,赤羽,赤羽駅前交番,131172,東京都,北区,赤羽１丁目,2020-01-21,17,道路上,その他,10歳代,高校生,施錠した
窃盗,自転車盗,赤羽,赤羽駅前交番,131172,東京都,北区,赤羽１丁目,2020-01-29,14,道路上,その他,10歳代,中学生,施錠した
窃盗,自転車盗,赤羽,赤羽駅前交番,131172,東京都,北区,赤羽１丁目,2020-01-30,15,道路上,その他,50歳代,その他,施錠した
窃盗,自転車盗,赤羽,赤羽駅前交番,131172,東京都,北区,赤羽１丁目,2020-02-05,21,駐車（輪）場,駐車（輪）場,50歳代,その他,施錠した
窃盗,自転車盗,赤羽,赤羽駅前交番,131172,東京都,北区,赤羽１丁目,2020-02-17,12,駐車（輪）場,駐車（輪）場,20歳代,その他,施錠した
窃盗,自転車盗,赤羽,赤羽駅前交番,131172,東京都,北区,赤羽１丁目,2020-02-22,18,駐車（輪）場,駐車（輪）場,40歳代,その他,施錠した
窃盗,自転車盗,赤羽,赤羽駅前交番,131172,東京都,北区,赤羽１丁目,2020-02-26,08,道路上,その他,40歳代,その他,施錠した
窃盗,自転車盗,赤羽,赤羽駅前交番,131172,東京都,北区,赤羽１丁目,2020-03-01,23,道路上,その他,30歳代,その他,施錠した
窃盗,自転車盗,赤羽,赤羽駅前交番,131172,東京都,北区,赤羽１丁目,2020-03-04,12,道路上,その他,50歳代,その他,施錠した
窃盗,自転車盗,赤羽,赤羽駅前交番,131172,東京都,北区,赤羽１丁目,2020-04-06,18,道路上,その他,70歳以上,その他,施錠した
窃盗,自転車盗,赤羽,赤羽駅前交番,131172,東京都,北区,赤羽１丁目,2020-04-15,06,駐車（輪）場,駐車（輪）場,20歳代,その他,施錠した
窃盗,自転車盗,赤羽,赤羽駅前交番,131172,東京都,北区,赤羽１丁目,2020-05-13,12,駐車（輪）場,駐車（輪）場,20歳代,その他,施錠した
窃盗,自転車盗,赤羽,赤羽駅前交番,131172,東京都,北区,赤羽１丁目,2020-08-19,14,駐車（輪）場,駐車（輪）場,30歳代,その他,施錠した
窃盗,自転車盗,赤羽,赤羽駅前交番,131172,東京都,北区,赤羽１丁目,2020-09-21,18,４階建て以上共同住宅,駐車（輪）場,10歳代,中学生,施錠した
窃盗,自転車盗,赤羽,赤羽駅前交番,131172,東京都,北区,赤羽１丁目,2020-09-28,19,駐車（輪）場,駐車（輪）場,30歳代,その他,施錠した
窃盗,自転車盗,赤羽,赤羽駅前交番,131172,東京都,北区,赤羽１丁目,2020-10-09,06,駐車（輪）場,駐車（輪）場,30歳代,その他,施錠した
窃盗,自転車盗,赤羽,赤羽駅前交番,131172,東京都,北区,赤羽１丁目,2020-10-24,18,駐車（輪）場,駐車（輪）場,30歳代,その他,施錠した
窃盗,自転車盗,赤羽,赤羽駅前交番,131172,東京都,北区,赤羽１丁目,2020-10-25,22,道路上,その他,30歳代,その他,施錠した
窃盗,自転車盗,赤羽,赤羽駅前交番,131172,東京都,北区,赤羽１丁目,2020-10-29,09,駐車（輪）場,駐車（輪）場,10歳代,大学生,施錠した
窃盗,自転車盗,赤羽,赤羽駅前交番,131172,東京都,北区,赤羽１丁目,2020-11-09,13,駐車（輪）場,駐車（輪）場,10歳代,大学生,施錠した
窃盗,自転車盗,赤羽,赤羽駅前交番,131172,東京都,北区,赤羽１丁目,2020-11-30,07,駐車（輪）場,駐車（輪）場,20歳代,大学生,施錠した
窃盗,自転車盗,赤羽,赤羽駅前交番,131172,東京都,北区,赤羽１丁目,2020-12-04,09,駐車（輪）場,駐車（輪）場,40歳代,その他,施錠した
窃盗,自転車盗,赤羽,赤羽駅前交番,131172,東京都,北区,赤羽２丁目,2019-11-17,10,道路上,その他,40歳代,その他,施錠した
窃盗,自転車盗,赤羽,赤羽駅前交番,131172,東京都,北区,赤羽２丁目,2019-11-23,01,道路上,その他,40歳代,その他,施錠した
窃盗,自転車盗,赤羽,赤羽駅前交番,131172,東京都,北区,赤羽２丁目,2020-01-29,21,駐車（輪）場,駐車（輪）場,30歳代,その他,施錠した
窃盗,自転車盗,赤羽,赤羽駅前交番,131172,東京都,北区,赤羽２丁目,2020-01-30,11,道路上,その他,50歳代,その他,施錠した
窃盗,自転車盗,赤羽,赤羽駅前交番,131172,東京都,北区,赤羽２丁目,2020-02-10,21,駐車（輪）場,駐車（輪）場,20歳代,その他,施錠した
窃盗,自転車盗,赤羽,赤羽駅前交番,131172,東京都,北区,赤羽２丁目,2020-02-24,19,道路上,その他,20歳代,大学生,施錠した
窃盗,自転車盗,赤羽,赤羽駅前交番,131172,東京都,北区,赤羽２丁目,2020-02-28,02,その他,その他,30歳代,その他,施錠した
窃盗,自転車盗,赤羽,赤羽駅前交番,131172,東京都,北区,赤羽２丁目,2020-05-07,17,道路上,その他,30歳代,その他,施錠した
窃盗,自転車盗,赤羽,赤羽駅前交番,131172,東京都,北区,赤羽２丁目,2020-06-04,09,道路上,その他,50歳代,その他,施錠した
窃盗,自転車盗,赤羽,赤羽駅前交番,131172,東京都,北区,赤羽２丁目,2020-06-07,23,道路上,その他,40歳代,その他,施錠した
窃盗,自転車盗,赤羽,赤羽駅前交番,131172,東京都,北区,赤羽２丁目,2020-06-20,17,その他,駐車（輪）場,30歳代,その他,施錠した
窃盗,自転車盗,赤羽,赤羽駅前交番,131172,東京都,北区,赤羽２丁目,2020-06-22,20,４階建て以上共同住宅,駐車（輪）場,10歳代,中学生,施錠した
窃盗,自転車盗,赤羽,赤羽駅前交番,131172,東京都,北区,赤羽２丁目,2020-07-02,14,その他,駐車（輪）場,10歳代,大学生,施錠した
窃盗,自転車盗,赤羽,赤羽駅前交番,131172,東京都,北区,赤羽２丁目,2020-07-13,12,道路上,その他,40歳代,その他,施錠した
窃盗,自転車盗,赤羽,赤羽駅前交番,131172,東京都,北区,赤羽２丁目,2020-07-18,11,駐車（輪）場,駐車（輪）場,40歳代,その他,施錠した
窃盗,自転車盗,赤羽,赤羽駅前交番,131172,東京都,北区,赤羽２丁目,2020-08-07,07,４階建て以上共同住宅,駐車（輪）場,40歳代,その他,施錠した
窃盗,自転車盗,赤羽,赤羽駅前交番,131172,東京都,北区,赤羽２丁目,2020-08-09,10,道路上,その他,10歳代,高校生,施錠した
窃盗,自転車盗,赤羽,赤羽駅前交番,131172,東京都,北区,赤羽２丁目,2020-09-18,10,駐車（輪）場,駐車（輪）場,50歳代,その他,施錠した
窃盗,自転車盗,赤羽,赤羽駅前交番,131172,東京都,北区,赤羽２丁目,2020-09-23,10,道路上,その他,10歳代,高校生,施錠した
窃盗,自転車盗,赤羽,赤羽駅前交番,131172,東京都,北区,赤羽２丁目,2020-09-29,16,その他,駐車（輪）場,70歳以上,その他,施錠した
窃盗,自転車盗,赤羽,赤羽駅前交番,131172,東京都,北区,赤羽２丁目,2020-11-15,13,道路上,その他,20歳代,その他,施錠した
窃盗,自転車盗,赤羽,赤羽駅前交番,131172,東京都,北区,赤羽３丁目,2020-03-21,12,その他の住宅（３階建て以下共同住宅等）,駐車（輪）場,30歳代,その他,施錠した
窃盗,自転車盗,赤羽,赤羽駅前交番,131172,東京都,北区,赤羽３丁目,2020-06-04,01,４階建て以上共同住宅,その他,20歳代,その他,施錠した
窃盗,自転車盗,赤羽,赤羽駅前交番,131172,東京都,北区,赤羽北１丁目,2020-03-27,20,４階建て以上共同住宅,駐車（輪）場,20歳代,その他,施錠した
窃盗,自転車盗,赤羽,赤羽駅前交番,131172,東京都,北区,赤羽北３丁目,2020-03-31,09,４階建て以上共同住宅,駐車（輪）場,50歳代,その他,施錠した
窃盗,自転車盗,赤羽,赤羽駅前交番,131172,東京都,北区,赤羽台１丁目,2020-02-12,00,駐車（輪）場,駐車（輪）場,10歳代,高校生,施錠した
窃盗,自転車盗,赤羽,赤羽駅前交番,131172,東京都,北区,赤羽西１丁目,2020-03-06,12,道路上,その他,30歳代,その他,施錠した
窃盗,自転車盗,赤羽,赤羽駅前交番,131172,東京都,北区,赤羽西１丁目,2020-08-26,09,駐車（輪）場,駐車（輪）場,30歳代,その他,施錠した
窃盗,自転車盗,赤羽,赤羽駅前交番,131172,東京都,北区,赤羽西１丁目,2020-09-01,11,駐車（輪）場,駐車（輪）場,65-69歳,その他,施錠した
窃盗,自転車盗,赤羽,赤羽駅前交番,131172,東京都,北区,赤羽西１丁目,2020-11-23,11,道路上,その他,20歳代,その他,施錠した
窃盗,自転車盗,赤羽,赤羽駅前交番,131172,東京都,北区,赤羽西１丁目,2020-11-27,20,その他の住宅（３階建て以下共同住宅等）,駐車（輪）場,40歳代,その他,施錠した
窃盗,自転車盗,赤羽,赤羽駅前交番,131172,東京都,北区,赤羽南１丁目,2020-03-01,18,４階建て以上共同住宅,駐車（輪）場,70歳以上,その他,施錠した
窃盗,自転車盗,赤羽,赤羽駅前交番,131172,東京都,北区,赤羽南１丁目,2020-06-19,07,駐車（輪）場,駐車（輪）場,40歳代,その他,施錠した
窃盗,自転車盗,赤羽,赤羽駅前交番,131172,東京都,北区,赤羽南１丁目,2020-08-18,18,一戸建住宅,その他,10歳代,中学生,施錠した
窃盗,自転車盗,赤羽,赤羽駅前交番,131172,東京都,北区,赤羽南１丁目,2020-09-21,18,その他,駐車（輪）場,40歳代,その他,施錠した
窃盗,自転車盗,赤羽,赤羽駅前交番,131172,東京都,北区,赤羽南２丁目,2020-01-11,15,駐車（輪）場,駐車（輪）場,30歳代,その他,施錠した
窃盗,自転車盗,赤羽,赤羽駅前交番,131172,東京都,北区,赤羽南２丁目,2020-02-26,15,道路上,その他,70歳以上,その他,施錠した
窃盗,自転車盗,赤羽,赤羽駅前交番,131172,東京都,北区,赤羽南２丁目,2020-09-11,07,一戸建住宅,その他,10歳代,高校生,施錠した
窃盗,自転車盗,赤羽,赤羽駅前交番,131172,東京都,北区,神谷３丁目,2020-04-22,12,一戸建住宅,その他,50歳代,その他,施錠した
窃盗,自転車盗,赤羽,赤羽駅前交番,131172,東京都,北区,志茂１丁目,2020-06-06,18,一戸建住宅,その他,40歳代,その他,施錠した
窃盗,自転車盗,赤羽,赤羽駅前交番,131172,東京都,北区,志茂２丁目,2020-07-11,01,その他の住宅（３階建て以下共同住宅等）,その他,20歳代,その他,施錠した
窃盗,自転車盗,赤羽,岩淵交番,131172,東京都,北区,赤羽３丁目,2020-03-12,17,４階建て以上共同住宅,駐車（輪）場,50歳代,その他,施錠した
窃盗,自転車盗,赤羽,岩淵交番,131172,東京都,北区,赤羽３丁目,2020-07-21,15,その他の住宅（３階建て以下共同住宅等）,駐車（輪）場,50歳代,その他,施錠した
窃盗,自転車盗,赤羽,岩淵交番,131172,東京都,北区,赤羽北１丁目,2020-11-02,08,駐車（輪）場,駐車（輪）場,20歳代,その他,施錠した
窃盗,自転車盗,赤羽,岩淵交番,131172,東京都,北区,岩淵町,2020-05-01,16,４階建て以上共同住宅,その他,20歳代,大学生,施錠した
窃盗,自転車盗,赤羽,岩淵交番,131172,東京都,北区,岩淵町,2020-06-20,11,４階建て以上共同住宅,その他,40歳代,その他,施錠した
窃盗,自転車盗,赤羽,岩淵交番,131172,東京都,北区,岩淵町,2020-07-07,19,駐車（輪）場,駐車（輪）場,10歳代,高校生,施錠した
窃盗,自転車盗,赤羽,岩淵交番,131172,東京都,北区,岩淵町,2020-12-25,07,駐車（輪）場,駐車（輪）場,10歳代,中学生,施錠した
窃盗,自転車盗,赤羽,宮堀交番,131172,東京都,北区,神谷１丁目,2019-12-01,不明,４階建て以上共同住宅,駐車（輪）場,30歳代,その他,施錠した
窃盗,自転車盗,赤羽,宮堀交番,131172,東京都,北区,神谷１丁目,2020-02-18,17,４階建て以上共同住宅,駐車（輪）場,50歳代,その他,施錠した
窃盗,自転車盗,赤羽,宮堀交番,131172,東京都,北区,神谷１丁目,2020-05-02,18,４階建て以上共同住宅,駐車（輪）場,10歳未満,小学生,施錠した
窃盗,自転車盗,赤羽,宮堀交番,131172,東京都,北区,神谷１丁目,2020-05-30,12,駐車（輪）場,駐車（輪）場,50歳代,その他,施錠した
窃盗,自転車盗,赤羽,宮堀交番,131172,東京都,北区,神谷１丁目,2020-05-31,00,道路上,その他,20歳代,大学生,施錠した
窃盗,自転車盗,赤羽,宮堀交番,131172,東京都,北区,神谷１丁目,2020-07-01,00,４階建て以上共同住宅,駐車（輪）場,20歳代,その他,施錠した
窃盗,自転車盗,赤羽,宮堀交番,131172,東京都,北区,神谷２丁目,2020-03-24,21,道路上,その他,40歳代,その他,施錠した
窃盗,自転車盗,赤羽,宮堀交番,131172,東京都,北区,神谷２丁目,2020-04-25,15,その他の住宅（３階建て以下共同住宅等）,駐車（輪）場,20歳代,その他,施錠した
窃盗,自転車盗,赤羽,宮堀交番,131172,東京都,北区,神谷２丁目,2020-06-04,22,道路上,その他,50歳代,その他,施錠した
窃盗,自転車盗,赤羽,宮堀交番,131172,東京都,北区,神谷２丁目,2020-11-02,03,４階建て以上共同住宅,その他,30歳代,その他,施錠した
窃盗,自転車盗,赤羽,宮堀交番,131172,東京都,北区,神谷３丁目,2020-01-26,00,４階建て以上共同住宅,駐車（輪）場,30歳代,その他,施錠した
窃盗,自転車盗,赤羽,宮堀交番,131172,東京都,北区,神谷３丁目,2020-05-09,18,４階建て以上共同住宅,駐車（輪）場,20歳代,その他,施錠した
窃盗,自転車盗,赤羽,宮堀交番,131172,東京都,北区,神谷３丁目,2020-06-03,21,４階建て以上共同住宅,その他,30歳代,その他,施錠した
窃盗,自転車盗,赤羽,宮堀交番,131172,東京都,北区,神谷３丁目,2020-09-28,21,その他の住宅（３階建て以下共同住宅等）,その他,65-69歳,その他,施錠した
窃盗,自転車盗,赤羽,宮堀交番,131172,東京都,北区,神谷３丁目,2020-10-17,21,道路上,その他,20歳代,大学生,施錠した
窃盗,自転車盗,赤羽,宮堀交番,131172,東京都,北区,神谷３丁目,2020-11-15,18,４階建て以上共同住宅,駐車（輪）場,20歳代,その他,施錠した
窃盗,自転車盗,赤羽,宮堀交番,131172,東京都,北区,神谷３丁目,2020-12-12,17,その他の住宅（３階建て以下共同住宅等）,駐車（輪）場,60-64歳,その他,施錠した
窃盗,自転車盗,赤羽,赤羽西交番,131172,東京都,北区,赤羽西１丁目,2020-02-15,13,道路上,その他,50歳代,その他,施錠した
窃盗,自転車盗,赤羽,赤羽西交番,131172,東京都,北区,赤羽西１丁目,2020-08-31,11,道路上,その他,20歳代,その他,施錠した
窃盗,自転車盗,赤羽,赤羽西交番,131172,東京都,北区,赤羽西１丁目,2020-10-28,18,その他の住宅（３階建て以下共同住宅等）,駐車（輪）場,法人・団体、被害者なし,法人・団体、被害者なし,施錠した
窃盗,自転車盗,赤羽,赤羽西交番,131172,東京都,北区,赤羽西３丁目,2020-03-31,22,道路上,その他,10歳代,中学生,施錠した
窃盗,自転車盗,赤羽,赤羽西交番,131172,東京都,北区,赤羽西３丁目,2020-06-11,20,その他の住宅（３階建て以下共同住宅等）,その他,50歳代,その他,施錠した
窃盗,自転車盗,赤羽,赤羽西交番,131172,東京都,北区,赤羽西３丁目,2020-10-11,19,その他の住宅（３階建て以下共同住宅等）,その他,30歳代,その他,施錠した
窃盗,自転車盗,赤羽,赤羽西交番,131172,東京都,北区,赤羽西６丁目,2020-01-11,20,一戸建住宅,駐車（輪）場,40歳代,その他,施錠した
窃盗,自転車盗,赤羽,西が丘交番,131172,東京都,北区,赤羽西５丁目,2020-05-28,16,４階建て以上共同住宅,駐車（輪）場,70歳以上,その他,施錠した
窃盗,自転車盗,赤羽,西が丘交番,131172,東京都,北区,赤羽西６丁目,2019-12-22,16,その他の住宅（３階建て以下共同住宅等）,その他,40歳代,その他,施錠した
窃盗,自転車盗,赤羽,西が丘交番,131172,東京都,北区,西が丘１丁目,2020-01-22,21,一戸建住宅,その他,10歳代,小学生,施錠した
窃盗,自転車盗,赤羽,西が丘交番,131172,東京都,北区,西が丘１丁目,2020-12-27,17,その他の住宅（３階建て以下共同住宅等）,駐車（輪）場,50歳代,その他,施錠した
窃盗,自転車盗,赤羽,西が丘交番,131172,東京都,北区,西が丘３丁目,2020-08-29,13,４階建て以上共同住宅,駐車（輪）場,30歳代,その他,施錠した
窃盗,自転車盗,赤羽,法善寺交番,131172,東京都,北区,赤羽台１丁目,2020-05-26,21,４階建て以上共同住宅,駐車（輪）場,30歳代,その他,施錠した
窃盗,自転車盗,赤羽,法善寺交番,131172,東京都,北区,赤羽台１丁目,2020-06-13,18,４階建て以上共同住宅,駐車（輪）場,10歳代,高校生,施錠した
窃盗,自転車盗,赤羽,法善寺交番,131172,東京都,北区,赤羽台１丁目,2020-07-19,16,４階建て以上共同住宅,駐車（輪）場,50歳代,その他,施錠した
窃盗,自転車盗,赤羽,法善寺交番,131172,東京都,北区,赤羽台１丁目,2020-10-29,09,駐車（輪）場,駐車（輪）場,30歳代,その他,施錠した
窃盗,自転車盗,赤羽,法善寺交番,131172,東京都,北区,赤羽台２丁目,2020-02-24,18,４階建て以上共同住宅,駐車（輪）場,30歳代,その他,施錠した
窃盗,自転車盗,赤羽,法善寺交番,131172,東京都,北区,赤羽台２丁目,2020-05-21,22,４階建て以上共同住宅,駐車（輪）場,20歳代,その他,施錠した
窃盗,自転車盗,赤羽,法善寺交番,131172,東京都,北区,赤羽台３丁目,2020-01-30,14,道路上,その他,20歳代,その他,施錠した
窃盗,自転車盗,赤羽,法善寺交番,131172,東京都,北区,赤羽台３丁目,2020-07-14,17,駐車（輪）場,駐車（輪）場,30歳代,その他,施錠した
窃盗,自転車盗,赤羽,法善寺交番,131172,東京都,北区,桐ケ丘１丁目,2020-03-14,17,４階建て以上共同住宅,駐車（輪）場,30歳代,その他,施錠した
窃盗,自転車盗,赤羽,法善寺交番,131172,東京都,北区,桐ケ丘１丁目,2020-11-20,13,４階建て以上共同住宅,駐車（輪）場,40歳代,その他,施錠した
窃盗,自転車盗,赤羽,赤羽北交番,131172,東京都,北区,赤羽３丁目,2020-04-11,12,４階建て以上共同住宅,駐車（輪）場,40歳代,その他,施錠した
窃盗,自転車盗,赤羽,赤羽北交番,131172,東京都,北区,赤羽北１丁目,2019-11-30,17,道路上,その他,60-64歳,その他,施錠した
窃盗,自転車盗,赤羽,赤羽北交番,131172,東京都,北区,赤羽北１丁目,2020-10-04,15,４階建て以上共同住宅,駐車（輪）場,30歳代,その他,施錠した
窃盗,自転車盗,赤羽,赤羽北交番,131172,東京都,北区,赤羽北２丁目,2019-12-20,18,４階建て以上共同住宅,駐車（輪）場,30歳代,その他,施錠した
窃盗,自転車盗,赤羽,赤羽北交番,131172,東京都,北区,赤羽北２丁目,2020-02-06,08,駐車（輪）場,駐車（輪）場,10歳代,その他,施錠した
窃盗,自転車盗,赤羽,赤羽北交番,131172,東京都,北区,赤羽北２丁目,2020-03-05,11,道路上,その他,10歳代,その他,施錠した
窃盗,自転車盗,赤羽,赤羽北交番,131172,東京都,北区,赤羽北２丁目,2020-05-30,18,４階建て以上共同住宅,駐車（輪）場,10歳代,中学生,施錠した
窃盗,自転車盗,赤羽,赤羽北交番,131172,東京都,北区,赤羽北２丁目,2020-08-05,18,駐車（輪）場,駐車（輪）場,法人・団体、被害者なし,法人・団体、被害者なし,施錠した
窃盗,自転車盗,赤羽,赤羽北交番,131172,東京都,北区,赤羽北２丁目,2020-10-30,23,その他の住宅（３階建て以下共同住宅等）,駐車（輪）場,20歳代,大学生,施錠した
窃盗,自転車盗,赤羽,赤羽北交番,131172,東京都,北区,赤羽北２丁目,2020-11-12,19,４階建て以上共同住宅,駐車（輪）場,20歳代,その他,施錠した
窃盗,自転車盗,赤羽,赤羽北交番,131172,東京都,北区,赤羽北２丁目,2020-12-27,20,駐車（輪）場,駐車（輪）場,20歳代,その他,施錠した
窃盗,自転車盗,赤羽,赤羽北交番,131172,東京都,北区,赤羽北３丁目,2020-07-24,23,４階建て以上共同住宅,駐車（輪）場,30歳代,その他,施錠した
窃盗,自転車盗,赤羽,赤羽北交番,131172,東京都,北区,赤羽台４丁目,2020-05-09,21,４階建て以上共同住宅,駐車（輪）場,10歳代,高校生,施錠した
窃盗,自転車盗,赤羽,赤羽北交番,131172,東京都,北区,赤羽台４丁目,2020-08-23,16,その他,駐車（輪）場,60-64歳,その他,施錠した
窃盗,自転車盗,赤羽,浮間交番,131172,東京都,北区,浮間１丁目,2020-07-02,17,４階建て以上共同住宅,駐車（輪）場,70歳以上,その他,施錠した
窃盗,自転車盗,赤羽,浮間交番,131172,東京都,北区,浮間１丁目,2020-10-26,21,４階建て以上共同住宅,駐車（輪）場,30歳代,その他,施錠した
窃盗,自転車盗,赤羽,浮間交番,131172,東京都,北区,浮間１丁目,2020-11-20,18,４階建て以上共同住宅,駐車（輪）場,70歳以上,その他,施錠した
窃盗,自転車盗,赤羽,浮間交番,131172,東京都,北区,浮間３丁目,2020-01-17,17,道路上,その他,50歳代,その他,施錠した
窃盗,自転車盗,赤羽,浮間交番,131172,東京都,北区,浮間３丁目,2020-02-17,13,その他,駐車（輪）場,20歳代,その他,施錠した
窃盗,自転車盗,赤羽,浮間交番,131172,東京都,北区,浮間３丁目,2020-02-29,15,４階建て以上共同住宅,駐車（輪）場,40歳代,その他,施錠した
窃盗,自転車盗,赤羽,浮間交番,131172,東京都,北区,浮間３丁目,2020-05-19,22,４階建て以上共同住宅,駐車（輪）場,30歳代,その他,施錠した
窃盗,自転車盗,赤羽,浮間交番,131172,東京都,北区,浮間３丁目,2020-08-05,08,道路上,その他,20歳代,その他,施錠した
窃盗,自転車盗,赤羽,浮間交番,131172,東京都,北区,浮間３丁目,2020-08-18,18,４階建て以上共同住宅,駐車（輪）場,50歳代,その他,施錠した
窃盗,自転車盗,赤羽,浮間交番,131172,東京都,北区,浮間３丁目,2020-09-05,08,その他の住宅（３階建て以下共同住宅等）,駐車（輪）場,10歳代,高校生,施錠した
窃盗,自転車盗,赤羽,浮間交番,131172,東京都,北区,浮間３丁目,2020-10-10,14,その他,駐車（輪）場,20歳代,大学生,施錠した
窃盗,自転車盗,赤羽,浮間交番,131172,東京都,北区,浮間３丁目,2020-10-25,11,その他,駐車（輪）場,10歳代,小学生,施錠した
窃盗,自転車盗,赤羽,浮間交番,131172,東京都,北区,浮間４丁目,2020-06-02,14,道路上,その他,50歳代,その他,施錠した
窃盗,自転車盗,赤羽,浮間交番,131172,東京都,北区,浮間５丁目,2020-08-18,10,その他,駐車（輪）場,10歳代,高校生,施錠した
窃盗,自転車盗,赤羽,浮間交番,131172,東京都,北区,浮間５丁目,2020-10-20,19,道路上,その他,10歳代,中学生,施錠した
窃盗,自転車盗,板橋,平尾交番,131199,東京都,板橋区,板橋１丁目,2020-02-11,18,道路上,その他,50歳代,その他,施錠した
窃盗,自転車盗,板橋,平尾交番,131199,東京都,板橋区,板橋１丁目,2020-03-13,10,駐車（輪）場,駐車（輪）場,40歳代,その他,施錠した
窃盗,自転車盗,板橋,平尾交番,131199,東京都,板橋区,板橋１丁目,2020-04-19,17,４階建て以上共同住宅,駐車（輪）場,60-64歳,その他,施錠した
窃盗,自転車盗,板橋,平尾交番,131199,東京都,板橋区,板橋１丁目,2020-04-19,17,４階建て以上共同住宅,その他,60-64歳,その他,施錠した
窃盗,自転車盗,板橋,平尾交番,131199,東京都,板橋区,板橋１丁目,2020-06-20,07,駐車（輪）場,駐車（輪）場,65-69歳,その他,施錠した
窃盗,自転車盗,板橋,平尾交番,131199,東京都,板橋区,板橋１丁目,2020-07-02,14,道路上,その他,40歳代,その他,施錠した
窃盗,自転車盗,板橋,平尾交番,131199,東京都,板橋区,板橋１丁目,2020-09-13,14,４階建て以上共同住宅,その他,20歳代,その他,施錠した
窃盗,自転車盗,板橋,平尾交番,131199,東京都,板橋区,板橋１丁目,2020-09-26,17,４階建て以上共同住宅,駐車（輪）場,50歳代,その他,施錠した
窃盗,自転車盗,板橋,平尾交番,131199,東京都,板橋区,板橋１丁目,2020-09-29,18,４階建て以上共同住宅,その他,20歳代,その他,施錠した
窃盗,自転車盗,板橋,平尾交番,131199,東京都,板橋区,板橋１丁目,2020-11-11,18,道路上,その他,40歳代,その他,施錠した
窃盗,自転車盗,板橋,平尾交番,131199,東京都,板橋区,板橋１丁目,2020-11-22,17,道路上,その他,50歳代,その他,施錠した
窃盗,自転車盗,板橋,平尾交番,131199,東京都,板橋区,板橋２丁目,2020-02-22,18,その他,その他,40歳代,その他,施錠した
窃盗,自転車盗,板橋,平尾交番,131199,東京都,板橋区,板橋２丁目,2020-03-08,20,４階建て以上共同住宅,駐車（輪）場,30歳代,その他,施錠した
窃盗,自転車盗,板橋,平尾交番,131199,東京都,板橋区,板橋２丁目,2020-10-08,08,駐車（輪）場,駐車（輪）場,10歳代,高校生,施錠した
窃盗,自転車盗,板橋,平尾交番,131199,東京都,板橋区,板橋３丁目,2020-01-19,11,道路上,その他,65-69歳,その他,施錠した
窃盗,自転車盗,板橋,平尾交番,131199,東京都,板橋区,板橋３丁目,2020-03-03,15,その他,駐車（輪）場,法人・団体、被害者なし,法人・団体、被害者なし,施錠した
窃盗,自転車盗,板橋,平尾交番,131199,東京都,板橋区,板橋３丁目,2020-06-07,18,４階建て以上共同住宅,駐車（輪）場,30歳代,その他,施錠した
窃盗,自転車盗,板橋,平尾交番,131199,東京都,板橋区,板橋３丁目,2020-12-14,19,４階建て以上共同住宅,駐車（輪）場,20歳代,大学生,施錠した
窃盗,自転車盗,板橋,平尾交番,131199,東京都,板橋区,板橋４丁目,2020-05-03,12,４階建て以上共同住宅,駐車（輪）場,30歳代,その他,施錠した
窃盗,自転車盗,板橋,平尾交番,131199,東京都,板橋区,板橋４丁目,2020-07-06,20,４階建て以上共同住宅,駐車（輪）場,20歳代,その他,施錠した
窃盗,自転車盗,板橋,平尾交番,131199,東京都,板橋区,板橋４丁目,2020-09-13,01,４階建て以上共同住宅,駐車（輪）場,30歳代,その他,施錠した
窃盗,自転車盗,板橋,平尾交番,131199,東京都,板橋区,板橋４丁目,2020-09-13,21,４階建て以上共同住宅,駐車（輪）場,30歳代,その他,施錠した
窃盗,自転車盗,板橋,平尾交番,131199,東京都,板橋区,板橋４丁目,2020-11-01,11,駐車（輪）場,駐車（輪）場,50歳代,その他,施錠した
窃盗,自転車盗,板橋,加賀交番,131199,東京都,板橋区,加賀２丁目,2020-03-11,16,４階建て以上共同住宅,駐車（輪）場,70歳以上,その他,施錠した
窃盗,自転車盗,板橋,加賀交番,131199,東京都,板橋区,加賀２丁目,2020-09-03,08,その他,駐車（輪）場,50歳代,その他,施錠した
窃盗,自転車盗,板橋,板橋本町交番,131199,東京都,板橋区,稲荷台,2019-12-01,19,４階建て以上共同住宅,駐車（輪）場,20歳代,その他,施錠した
窃盗,自転車盗,板橋,板橋本町交番,131199,東京都,板橋区,稲荷台,2020-10-23,19,４階建て以上共同住宅,駐車（輪）場,20歳代,その他,施錠した
窃盗,自転車盗,板橋,板橋本町交番,131199,東京都,板橋区,仲宿,2020-01-10,19,４階建て以上共同住宅,その他,50歳代,その他,施錠した
窃盗,自転車盗,板橋,板橋本町交番,131199,東京都,板橋区,仲宿,2020-03-17,14,道路上,その他,30歳代,その他,施錠した
窃盗,自転車盗,板橋,板橋本町交番,131199,東京都,板橋区,仲宿,2020-07-30,15,４階建て以上共同住宅,駐車（輪）場,30歳代,その他,施錠した
窃盗,自転車盗,板橋,板橋本町交番,131199,東京都,板橋区,本町,2019-12-26,11,道路上,その他,60-64歳,その他,施錠した
窃盗,自転車盗,板橋,板橋本町交番,131199,東京都,板橋区,本町,2020-05-02,12,一戸建住宅,駐車（輪）場,20歳代,その他,施錠した
窃盗,自転車盗,板橋,板橋本町交番,131199,東京都,板橋区,本町,2020-07-06,22,道路上,その他,70歳以上,その他,施錠した
窃盗,自転車盗,板橋,板橋本町交番,131199,東京都,板橋区,本町,2020-07-21,21,その他,駐車（輪）場,20歳代,大学生,施錠した
窃盗,自転車盗,板橋,板橋本町交番,131199,東京都,板橋区,本町,2020-08-01,10,道路上,その他,70歳以上,その他,施錠した
窃盗,自転車盗,板橋,板橋本町交番,131199,東京都,板橋区,大和町,2019-12-17,20,道路上,その他,30歳代,その他,施錠した
窃盗,自転車盗,板橋,板橋本町交番,131199,東京都,板橋区,大和町,2020-03-06,10,４階建て以上共同住宅,駐車（輪）場,20歳代,その他,施錠した
窃盗,自転車盗,板橋,板橋本町交番,131199,東京都,板橋区,大和町,2020-03-24,00,道路上,その他,40歳代,その他,施錠した
窃盗,自転車盗,板橋,板橋本町交番,131199,東京都,板橋区,大和町,2020-05-21,00,４階建て以上共同住宅,駐車（輪）場,20歳代,大学生,施錠した
窃盗,自転車盗,板橋,板橋本町交番,131199,東京都,板橋区,大和町,2020-06-29,08,駐車（輪）場,駐車（輪）場,10歳代,高校生,施錠した
窃盗,自転車盗,板橋,板橋本町交番,131199,東京都,板橋区,大和町,2020-08-01,23,４階建て以上共同住宅,駐車（輪）場,10歳代,大学生,施錠した
窃盗,自転車盗,板橋,板橋本町交番,131199,東京都,板橋区,大和町,2020-08-21,18,その他の住宅（３階建て以下共同住宅等）,その他,20歳代,その他,施錠した
窃盗,自転車盗,板橋,板橋本町交番,131199,東京都,板橋区,大和町,2020-08-28,17,４階建て以上共同住宅,駐車（輪）場,10歳代,小学生,施錠した
窃盗,自転車盗,板橋,板橋本町交番,131199,東京都,板橋区,大和町,2020-09-07,21,４階建て以上共同住宅,その他,30歳代,その他,施錠した
窃盗,自転車盗,板橋,板橋本町交番,131199,東京都,板橋区,大和町,2020-10-24,22,４階建て以上共同住宅,駐車（輪）場,70歳以上,その他,施錠した
窃盗,自転車盗,板橋,板橋本町交番,131199,東京都,板橋区,大和町,2020-11-14,15,その他,駐車（輪）場,70歳以上,その他,施錠した
窃盗,自転車盗,板橋,板橋本町交番,131199,東京都,板橋区,大和町,2020-12-01,08,駐車（輪）場,駐車（輪）場,40歳代,その他,施錠した
窃盗,自転車盗,板橋,熊野町交番,131199,東京都,板橋区,大山金井町,2020-01-20,01,４階建て以上共同住宅,その他,30歳代,その他,施錠した
窃盗,自転車盗,板橋,熊野町交番,131199,東京都,板橋区,大山金井町,2020-02-26,16,４階建て以上共同住宅,駐車（輪）場,40歳代,その他,施錠した
窃盗,自転車盗,板橋,熊野町交番,131199,東京都,板橋区,大山金井町,2020-11-13,22,道路上,その他,70歳以上,その他,施錠した
窃盗,自転車盗,板橋,熊野町交番,131199,東京都,板橋区,大山金井町,2020-11-21,15,道路上,その他,20歳代,その他,施錠した
窃盗,自転車盗,板橋,熊野町交番,131199,東京都,板橋区,熊野町,2020-02-11,21,４階建て以上共同住宅,駐車（輪）場,40歳代,その他,施錠した
窃盗,自転車盗,板橋,熊野町交番,131199,東京都,板橋区,熊野町,2020-02-28,21,４階建て以上共同住宅,駐車（輪）場,30歳代,その他,施錠した
窃盗,自転車盗,板橋,熊野町交番,131199,東京都,板橋区,熊野町,2020-03-09,22,４階建て以上共同住宅,駐車（輪）場,10歳代,高校生,施錠した
窃盗,自転車盗,板橋,熊野町交番,131199,東京都,板橋区,熊野町,2020-04-05,22,駐車（輪）場,駐車（輪）場,30歳代,その他,施錠した
窃盗,自転車盗,板橋,熊野町交番,131199,東京都,板橋区,熊野町,2020-09-03,16,４階建て以上共同住宅,駐車（輪）場,50歳代,その他,施錠した
窃盗,自転車盗,板橋,熊野町交番,131199,東京都,板橋区,熊野町,2020-10-08,15,４階建て以上共同住宅,その他,20歳代,大学生,施錠した
窃盗,自転車盗,板橋,熊野町交番,131199,東京都,板橋区,熊野町,2020-12-24,19,その他,その他,20歳代,大学生,施錠した
窃盗,自転車盗,板橋,熊野町交番,131199,東京都,板橋区,中丸町,2019-12-13,19,４階建て以上共同住宅,駐車（輪）場,40歳代,その他,施錠した
窃盗,自転車盗,板橋,熊野町交番,131199,東京都,板橋区,中丸町,2020-02-20,20,４階建て以上共同住宅,その他,10歳代,高校生,施錠した
窃盗,自転車盗,板橋,熊野町交番,131199,東京都,板橋区,中丸町,2020-03-01,19,４階建て以上共同住宅,駐車（輪）場,20歳代,その他,施錠した
窃盗,自転車盗,板橋,熊野町交番,131199,東京都,板橋区,中丸町,2020-06-18,18,４階建て以上共同住宅,駐車（輪）場,50歳代,その他,施錠した
窃盗,自転車盗,板橋,熊野町交番,131199,東京都,板橋区,中丸町,2020-08-07,14,４階建て以上共同住宅,駐車（輪）場,30歳代,その他,施錠した
窃盗,自転車盗,板橋,熊野町交番,131199,東京都,板橋区,中丸町,2020-08-22,13,４階建て以上共同住宅,その他,30歳代,その他,施錠した
窃盗,自転車盗,板橋,熊野町交番,131199,東京都,板橋区,南町,2020-03-15,20,４階建て以上共同住宅,駐車（輪）場,20歳代,大学生,施錠した
窃盗,自転車盗,板橋,熊野町交番,131199,東京都,板橋区,南町,2020-04-12,16,道路上,その他,10歳代,中学生,施錠した
窃盗,自転車盗,板橋,熊野町交番,131199,東京都,板橋区,南町,2020-06-24,19,一戸建住宅,その他,10歳代,高校生,施錠した
窃盗,自転車盗,板橋,熊野町交番,131199,東京都,板橋区,南町,2020-07-14,21,４階建て以上共同住宅,駐車（輪）場,10歳代,その他,施錠した
窃盗,自転車盗,板橋,熊野町交番,131199,東京都,板橋区,南町,2020-07-15,12,４階建て以上共同住宅,駐車（輪）場,20歳代,その他,施錠した
窃盗,自転車盗,板橋,熊野町交番,131199,東京都,板橋区,南町,2020-08-04,18,４階建て以上共同住宅,駐車（輪）場,40歳代,その他,施錠した
窃盗,自転車盗,板橋,熊野町交番,131199,東京都,板橋区,南町,2020-08-12,22,４階建て以上共同住宅,その他,20歳代,その他,施錠した
窃盗,自転車盗,板橋,熊野町交番,131199,東京都,板橋区,南町,2020-08-25,13,道路上,その他,10歳代,高校生,施錠した
窃盗,自転車盗,板橋,熊野町交番,131199,東京都,板橋区,南町,2020-09-03,19,道路上,その他,70歳以上,その他,施錠した
窃盗,自転車盗,板橋,熊野町交番,131199,東京都,板橋区,南町,2020-10-16,12,道路上,その他,50歳代,その他,施錠した
窃盗,自転車盗,板橋,養育院前交番,131199,東京都,板橋区,板橋２丁目,2020-01-01,不明,４階建て以上共同住宅,駐車（輪）場,40歳代,その他,施錠した
窃盗,自転車盗,板橋,養育院前交番,131199,東京都,板橋区,板橋２丁目,2020-03-01,不明,道路上,その他,60-64歳,その他,施錠した
窃盗,自転車盗,板橋,養育院前交番,131199,東京都,板橋区,大山金井町,2020-10-24,21,その他の住宅（３階建て以下共同住宅等）,駐車（輪）場,20歳代,大学生,施錠した
窃盗,自転車盗,板橋,養育院前交番,131199,東京都,板橋区,大山東町,2019-12-07,21,道路上,その他,20歳代,その他,施錠した
窃盗,自転車盗,板橋,養育院前交番,131199,東京都,板橋区,大山東町,2019-12-09,18,道路上,その他,30歳代,その他,施錠した
窃盗,自転車盗,板橋,養育院前交番,131199,東京都,板橋区,大山東町,2020-01-07,03,道路上,その他,20歳代,その他,施錠した
窃盗,自転車盗,板橋,養育院前交番,131199,東京都,板橋区,大山東町,2020-01-07,13,道路上,その他,10歳代,大学生,施錠した
窃盗,自転車盗,板橋,養育院前交番,131199,東京都,板橋区,大山東町,2020-01-29,23,道路上,その他,30歳代,大学生,施錠した
窃盗,自転車盗,板橋,養育院前交番,131199,東京都,板橋区,大山東町,2020-02-11,16,道路上,その他,70歳以上,その他,施錠した
窃盗,自転車盗,板橋,養育院前交番,131199,東京都,板橋区,大山東町,2020-02-15,07,４階建て以上共同住宅,その他,10歳代,その他,施錠した
窃盗,自転車盗,板橋,養育院前交番,131199,東京都,板橋区,大山東町,2020-04-22,05,４階建て以上共同住宅,駐車（輪）場,70歳以上,その他,施錠した
窃盗,自転車盗,板橋,養育院前交番,131199,東京都,板橋区,大山東町,2020-06-24,12,道路上,その他,20歳代,大学生,施錠した
窃盗,自転車盗,板橋,養育院前交番,131199,東京都,板橋区,大山東町,2020-08-15,16,その他,その他,10歳代,高校生,施錠した
窃盗,自転車盗,板橋,養育院前交番,131199,東京都,板橋区,大山東町,2020-08-18,10,道路上,その他,20歳代,その他,施錠した
窃盗,自転車盗,板橋,養育院前交番,131199,東京都,板橋区,大山東町,2020-10-29,14,４階建て以上共同住宅,駐車（輪）場,20歳代,その他,施錠した
窃盗,自転車盗,板橋,養育院前交番,131199,東京都,板橋区,栄町,2020-02-23,18,一戸建住宅,駐車（輪）場,30歳代,その他,施錠した
窃盗,自転車盗,板橋,養育院前交番,131199,東京都,板橋区,栄町,2020-06-09,20,一戸建住宅,その他,10歳代,高校生,施錠した
窃盗,自転車盗,板橋,養育院前交番,131199,東京都,板橋区,仲宿,2020-01-22,08,道路上,その他,30歳代,その他,施錠した
窃盗,自転車盗,板橋,養育院前交番,131199,東京都,板橋区,仲宿,2020-08-01,13,道路上,その他,10歳代,高校生,施錠した
窃盗,自転車盗,板橋,養育院前交番,131199,東京都,板橋区,仲宿,2020-10-27,18,その他の住宅（３階建て以下共同住宅等）,その他,65-69歳,その他,施錠した
窃盗,自転車盗,板橋,養育院前交番,131199,東京都,板橋区,仲宿,2020-11-05,13,その他,駐車（輪）場,20歳代,大学生,施錠した
窃盗,自転車盗,板橋,養育院前交番,131199,東京都,板橋区,氷川町,2020-10-04,18,その他の住宅（３階建て以下共同住宅等）,駐車（輪）場,40歳代,その他,施錠した
窃盗,自転車盗,板橋,大山町交番,131199,東京都,板橋区,大山金井町,2019-11-02,12,その他の住宅（３階建て以下共同住宅等）,駐車（輪）場,40歳代,その他,施錠した
窃盗,自転車盗,板橋,大山町交番,131199,東京都,板橋区,大山金井町,2020-08-24,07,４階建て以上共同住宅,その他,50歳代,その他,施錠した
窃盗,自転車盗,板橋,大山町交番,131199,東京都,板橋区,大山金井町,2020-09-14,11,４階建て以上共同住宅,駐車（輪）場,40歳代,その他,施錠した
窃盗,自転車盗,板橋,大山町交番,131199,東京都,板橋区,大山西町,2020-03-20,03,道路上,その他,30歳代,その他,施錠した
窃盗,自転車盗,板橋,大山町交番,131199,東京都,板橋区,大山町,2020-01-25,19,道路上,その他,50歳代,その他,施錠した
窃盗,自転車盗,板橋,大山町交番,131199,東京都,板橋区,大山町,2020-02-11,18,道路上,その他,20歳代,その他,施錠した
窃盗,自転車盗,板橋,大山町交番,131199,東京都,板橋区,大山町,2020-02-25,11,駐車（輪）場,駐車（輪）場,30歳代,その他,施錠した
窃盗,自転車盗,板橋,大山町交番,131199,東京都,板橋区,大山町,2020-03-07,不明,道路上,その他,20歳代,その他,施錠した
窃盗,自転車盗,板橋,大山町交番,131199,東京都,板橋区,大山町,2020-03-20,21,道路上,その他,30歳代,その他,施錠した
窃盗,自転車盗,板橋,大山町交番,131199,東京都,板橋区,大山町,2020-04-09,01,道路上,その他,50歳代,その他,施錠した
窃盗,自転車盗,板橋,大山町交番,131199,東京都,板橋区,大山町,2020-04-10,12,道路上,その他,60-64歳,その他,施錠した
窃盗,自転車盗,板橋,大山町交番,131199,東京都,板橋区,大山町,2020-04-29,19,道路上,その他,20歳代,その他,施錠した
窃盗,自転車盗,板橋,大山町交番,131199,東京都,板橋区,大山町,2020-06-08,10,道路上,その他,70歳以上,その他,施錠した
窃盗,自転車盗,板橋,大山町交番,131199,東京都,板橋区,大山町,2020-06-20,08,その他,その他,10歳代,その他,施錠した
窃盗,自転車盗,板橋,大山町交番,131199,東京都,板橋区,大山町,2020-08-04,19,道路上,その他,10歳代,中学生,施錠した
窃盗,自転車盗,板橋,大山町交番,131199,東京都,板橋区,大山町,2020-09-05,14,道路上,その他,10歳代,小学生,施錠した
窃盗,自転車盗,板橋,大山町交番,131199,東京都,板橋区,大山町,2020-09-18,18,道路上,その他,20歳代,その他,施錠した
窃盗,自転車盗,板橋,大山町交番,131199,東京都,板橋区,大山町,2020-10-08,13,その他,駐車（輪）場,60-64歳,その他,施錠した
窃盗,自転車盗,板橋,大山町交番,131199,東京都,板橋区,大山町,2020-10-11,13,駐車（輪）場,駐車（輪）場,20歳代,その他,施錠した
窃盗,自転車盗,板橋,大山町交番,131199,東京都,板橋区,大山町,2020-10-11,17,４階建て以上共同住宅,その他,30歳代,その他,施錠した
窃盗,自転車盗,板橋,大山町交番,131199,東京都,板橋区,大山町,2020-10-21,06,道路上,その他,40歳代,その他,施錠した
窃盗,自転車盗,板橋,大山町交番,131199,東京都,板橋区,大山町,2020-10-22,06,道路上,その他,10歳代,高校生,施錠した
窃盗,自転車盗,板橋,大山町交番,131199,東京都,板橋区,大山町,2020-10-22,13,その他,駐車（輪）場,20歳代,その他,施錠した
窃盗,自転車盗,板橋,大山町交番,131199,東京都,板橋区,大山町,2020-10-28,12,その他,駐車（輪）場,10歳代,その他,施錠した
窃盗,自転車盗,板橋,大山町交番,131199,東京都,板橋区,大山町,2020-11-08,12,４階建て以上共同住宅,その他,30歳代,その他,施錠した
窃盗,自転車盗,板橋,大山町交番,131199,東京都,板橋区,大山町,2020-12-18,11,駐車（輪）場,駐車（輪）場,70歳以上,その他,施錠した
窃盗,自転車盗,板橋,大山町交番,131199,東京都,板橋区,幸町,2020-07-18,20,４階建て以上共同住宅,駐車（輪）場,10歳代,その他,施錠した
窃盗,自転車盗,板橋,大山町交番,131199,東京都,板橋区,幸町,2020-07-29,19,一戸建住宅,その他,50歳代,その他,施錠した
窃盗,自転車盗,板橋,大山町交番,131199,東京都,板橋区,幸町,2020-08-03,20,道路上,その他,50歳代,その他,施錠した
窃盗,自転車盗,板橋,大山町交番,131199,東京都,板橋区,幸町,2020-08-22,00,道路上,その他,65-69歳,その他,施錠した
窃盗,自転車盗,板橋,大山町交番,131199,東京都,板橋区,幸町,2020-08-23,09,道路上,その他,30歳代,その他,施錠した
窃盗,自転車盗,板橋,大山町交番,131199,東京都,板橋区,幸町,2020-10-11,18,その他の住宅（３階建て以下共同住宅等）,駐車（輪）場,40歳代,その他,施錠した
窃盗,自転車盗,板橋,大山町交番,131199,東京都,板橋区,幸町,2020-12-22,23,４階建て以上共同住宅,駐車（輪）場,20歳代,その他,施錠した
窃盗,自転車盗,板橋,大山町交番,131199,東京都,板橋区,仲町,2020-05-30,15,道路上,その他,30歳代,その他,施錠した
窃盗,自転車盗,板橋,大谷口交番,131199,東京都,板橋区,大谷口１丁目,2020-01-18,19,その他の住宅（３階建て以下共同住宅等）,駐車（輪）場,20歳代,その他,施錠した
窃盗,自転車盗,板橋,大谷口交番,131199,東京都,板橋区,大谷口１丁目,2020-03-23,17,４階建て以上共同住宅,駐車（輪）場,50歳代,その他,施錠した
窃盗,自転車盗,板橋,大谷口交番,131199,東京都,板橋区,大谷口上町,2020-01-23,16,その他の住宅（３階建て以下共同住宅等）,その他,65-69歳,その他,施錠した
窃盗,自転車盗,板橋,大谷口交番,131199,東京都,板橋区,大谷口上町,2020-04-03,07,その他,駐車（輪）場,20歳代,その他,施錠した
窃盗,自転車盗,板橋,大谷口交番,131199,東京都,板橋区,大谷口上町,2020-09-15,13,道路上,その他,50歳代,その他,施錠した
窃盗,自転車盗,板橋,大谷口交番,131199,東京都,板橋区,大谷口上町,2020-10-24,16,その他,駐車（輪）場,70歳以上,その他,施錠した
窃盗,自転車盗,板橋,大谷口交番,131199,東京都,板橋区,向原１丁目,2020-10-14,10,４階建て以上共同住宅,駐車（輪）場,60-64歳,その他,施錠した
窃盗,自転車盗,板橋,茂呂交番,131199,東京都,板橋区,小茂根１丁目,2020-02-29,15,その他,駐車（輪）場,20歳代,その他,施錠した
窃盗,自転車盗,板橋,茂呂交番,131199,東京都,板橋区,小茂根１丁目,2020-07-06,07,その他の住宅（３階建て以下共同住宅等）,駐車（輪）場,30歳代,その他,施錠した
窃盗,自転車盗,板橋,茂呂交番,131199,東京都,板橋区,小茂根２丁目,2020-03-25,08,道路上,その他,20歳代,その他,施錠した
窃盗,自転車盗,板橋,茂呂交番,131199,東京都,板橋区,小茂根３丁目,2020-10-31,20,４階建て以上共同住宅,駐車（輪）場,20歳代,その他,施錠した
窃盗,自転車盗,板橋,茂呂交番,131199,東京都,板橋区,小茂根４丁目,2020-01-30,17,その他の住宅（３階建て以下共同住宅等）,駐車（輪）場,40歳代,その他,施錠した
窃盗,自転車盗,板橋,茂呂交番,131199,東京都,板橋区,小茂根４丁目,2020-11-03,15,その他の住宅（３階建て以下共同住宅等）,駐車（輪）場,20歳代,その他,施錠した
窃盗,自転車盗,板橋,茂呂交番,131199,東京都,板橋区,向原１丁目,2020-02-29,11,駐車（輪）場,駐車（輪）場,10歳代,中学生,施錠した
窃盗,自転車盗,板橋,茂呂交番,131199,東京都,板橋区,向原２丁目,2019-12-15,12,道路上,その他,20歳代,大学生,施錠した
窃盗,自転車盗,板橋,茂呂交番,131199,東京都,板橋区,向原２丁目,2020-03-24,10,道路上,その他,30歳代,その他,施錠した
窃盗,自転車盗,板橋,茂呂交番,131199,東京都,板橋区,向原２丁目,2020-05-07,20,その他の住宅（３階建て以下共同住宅等）,駐車（輪）場,20歳代,その他,施錠した
窃盗,自転車盗,板橋,茂呂交番,131199,東京都,板橋区,向原２丁目,2020-07-20,不明,４階建て以上共同住宅,駐車（輪）場,30歳代,その他,施錠した
窃盗,自転車盗,板橋,茂呂交番,131199,東京都,板橋区,向原３丁目,2020-01-20,09,道路上,その他,20歳代,大学生,施錠した
窃盗,自転車盗,板橋,東山町交番,131199,東京都,板橋区,大谷口上町,2020-02-17,12,４階建て以上共同住宅,駐車（輪）場,30歳代,その他,施錠した
窃盗,自転車盗,板橋,東山町交番,131199,東京都,板橋区,大谷口北町,2020-11-04,06,４階建て以上共同住宅,駐車（輪）場,60-64歳,その他,施錠した
窃盗,自転車盗,板橋,東山町交番,131199,東京都,板橋区,東新町２丁目,2020-08-07,17,一戸建住宅,その他,50歳代,その他,施錠した
窃盗,自転車盗,板橋,東山町交番,131199,東京都,板橋区,東山町,2020-03-29,16,道路上,その他,40歳代,その他,施錠した
窃盗,自転車盗,板橋,東山町交番,131199,東京都,板橋区,東山町,2020-05-31,16,４階建て以上共同住宅,駐車（輪）場,20歳代,大学生,施錠した
窃盗,自転車盗,板橋,東山町交番,131199,東京都,板橋区,東山町,2020-09-15,08,４階建て以上共同住宅,駐車（輪）場,20歳代,その他,施錠した
窃盗,自転車盗,板橋,東山町交番,131199,東京都,板橋区,南常盤台１丁目,2020-06-27,08,その他,駐車（輪）場,10歳代,中学生,施錠した
窃盗,自転車盗,板橋,東山町交番,131199,東京都,板橋区,南常盤台２丁目,2020-06-08,19,一戸建住宅,駐車（輪）場,50歳代,その他,施錠した
窃盗,自転車盗,板橋,東山町交番,131199,東京都,板橋区,弥生町,2020-04-26,17,その他の住宅（３階建て以下共同住宅等）,駐車（輪）場,30歳代,その他,施錠した
窃盗,自転車盗,板橋,東山町交番,131199,東京都,板橋区,弥生町,2020-05-06,15,道路上,その他,65-69歳,その他,施錠した
窃盗,自転車盗,板橋,中板橋交番,131199,東京都,板橋区,栄町,2020-07-28,20,４階建て以上共同住宅,駐車（輪）場,30歳代,その他,施錠した
窃盗,自転車盗,板橋,中板橋交番,131199,東京都,板橋区,栄町,2020-08-07,08,その他の住宅（３階建て以下共同住宅等）,駐車（輪）場,20歳代,大学生,施錠した
窃盗,自転車盗,板橋,中板橋交番,131199,東京都,板橋区,中板橋,2019-11-30,01,道路上,その他,10歳代,大学生,施錠した
窃盗,自転車盗,板橋,中板橋交番,131199,東京都,板橋区,中板橋,2020-01-27,00,道路上,その他,50歳代,その他,施錠した
窃盗,自転車盗,板橋,中板橋交番,131199,東京都,板橋区,中板橋,2020-08-28,11,道路上,その他,30歳代,その他,施錠した
窃盗,自転車盗,板橋,中板橋交番,131199,東京都,板橋区,中板橋,2020-11-15,23,一戸建住宅,駐車（輪）場,30歳代,その他,施錠した
窃盗,自転車盗,板橋,中板橋交番,131199,東京都,板橋区,中板橋,2020-12-18,09,駐車（輪）場,駐車（輪）場,10歳代,高校生,施錠した
窃盗,自転車盗,板橋,中板橋交番,131199,東京都,板橋区,仲町,2020-09-15,00,道路上,その他,40歳代,その他,施錠した
窃盗,自転車盗,板橋,中板橋交番,131199,東京都,板橋区,双葉町,2020-05-30,18,４階建て以上共同住宅,駐車（輪）場,30歳代,その他,施錠した
窃盗,自転車盗,板橋,中板橋交番,131199,東京都,板橋区,双葉町,2020-09-05,19,その他の住宅（３階建て以下共同住宅等）,駐車（輪）場,20歳代,その他,施錠した
窃盗,自転車盗,板橋,中板橋交番,131199,東京都,板橋区,双葉町,2020-09-25,19,４階建て以上共同住宅,駐車（輪）場,60-64歳,その他,施錠した
窃盗,自転車盗,板橋,中板橋交番,131199,東京都,板橋区,双葉町,2020-10-27,22,４階建て以上共同住宅,駐車（輪）場,60-64歳,その他,施錠した
窃盗,自転車盗,板橋,中板橋交番,131199,東京都,板橋区,弥生町,2019-07-02,06,道路上,その他,20歳代,その他,施錠した
窃盗,自転車盗,板橋,中板橋交番,131199,東京都,板橋区,弥生町,2020-01-26,14,駐車（輪）場,駐車（輪）場,20歳代,その他,施錠した
窃盗,自転車盗,板橋,中板橋交番,131199,東京都,板橋区,弥生町,2020-02-02,14,道路上,その他,70歳以上,その他,施錠した
窃盗,自転車盗,板橋,中板橋交番,131199,東京都,板橋区,弥生町,2020-03-01,11,４階建て以上共同住宅,駐車（輪）場,60-64歳,その他,施錠した
窃盗,自転車盗,板橋,中板橋交番,131199,東京都,板橋区,弥生町,2020-11-19,02,その他の住宅（３階建て以下共同住宅等）,駐車（輪）場,20歳代,その他,施錠した
窃盗,自転車盗,板橋,富士見交番,131199,東京都,板橋区,富士見町,2020-05-03,12,４階建て以上共同住宅,駐車（輪）場,40歳代,その他,施錠した
窃盗,自転車盗,板橋,富士見交番,131199,東京都,板橋区,富士見町,2020-05-20,20,４階建て以上共同住宅,駐車（輪）場,20歳代,その他,施錠した
窃盗,自転車盗,板橋,富士見交番,131199,東京都,板橋区,富士見町,2020-12-13,17,４階建て以上共同住宅,駐車（輪）場,30歳代,その他,施錠した
窃盗,自転車盗,板橋,常盤台交番,131199,東京都,板橋区,常盤台１丁目,2019-12-16,00,道路上,その他,20歳代,その他,施錠した
窃盗,自転車盗,板橋,常盤台交番,131199,東京都,板橋区,常盤台１丁目,2020-01-24,11,駐車（輪）場,駐車（輪）場,40歳代,その他,施錠した
窃盗,自転車盗,板橋,常盤台交番,131199,東京都,板橋区,常盤台１丁目,2020-01-31,11,駐車（輪）場,駐車（輪）場,50歳代,その他,施錠した
窃盗,自転車盗,板橋,常盤台交番,131199,東京都,板橋区,常盤台１丁目,2020-08-13,10,道路上,その他,50歳代,その他,施錠した
窃盗,自転車盗,板橋,常盤台交番,131199,東京都,板橋区,常盤台１丁目,2020-11-23,18,その他の住宅（３階建て以下共同住宅等）,駐車（輪）場,50歳代,その他,施錠した
窃盗,自転車盗,板橋,常盤台交番,131199,東京都,板橋区,常盤台２丁目,2019-10-18,17,道路上,その他,10歳代,小学生,施錠した
窃盗,自転車盗,板橋,常盤台交番,131199,東京都,板橋区,常盤台２丁目,2020-02-10,18,道路上,その他,60-64歳,その他,施錠した
窃盗,自転車盗,板橋,常盤台交番,131199,東京都,板橋区,常盤台２丁目,2020-02-21,08,駐車（輪）場,駐車（輪）場,40歳代,その他,施錠した
窃盗,自転車盗,板橋,常盤台交番,131199,東京都,板橋区,常盤台２丁目,2020-02-21,16,駐車（輪）場,駐車（輪）場,60-64歳,その他,施錠した
窃盗,自転車盗,板橋,常盤台交番,131199,東京都,板橋区,常盤台２丁目,2020-03-06,01,道路上,その他,50歳代,その他,施錠した
窃盗,自転車盗,板橋,常盤台交番,131199,東京都,板橋区,常盤台２丁目,2020-03-23,11,その他,駐車（輪）場,40歳代,その他,施錠した
窃盗,自転車盗,板橋,常盤台交番,131199,東京都,板橋区,常盤台２丁目,2020-05-16,18,その他の住宅（３階建て以下共同住宅等）,駐車（輪）場,50歳代,その他,施錠した
窃盗,自転車盗,板橋,常盤台交番,131199,東京都,板橋区,常盤台２丁目,2020-07-21,10,その他,駐車（輪）場,10歳代,その他,施錠した
窃盗,自転車盗,板橋,常盤台交番,131199,東京都,板橋区,常盤台２丁目,2020-08-25,20,道路上,その他,10歳代,中学生,施錠した
窃盗,自転車盗,板橋,常盤台交番,131199,東京都,板橋区,常盤台２丁目,2020-09-23,17,その他の住宅（３階建て以下共同住宅等）,駐車（輪）場,20歳代,大学生,施錠した
窃盗,自転車盗,板橋,常盤台交番,131199,東京都,板橋区,常盤台２丁目,2020-12-12,17,駐車（輪）場,駐車（輪）場,40歳代,その他,施錠した
窃盗,自転車盗,板橋,常盤台交番,131199,東京都,板橋区,常盤台３丁目,2020-02-09,06,その他の住宅（３階建て以下共同住宅等）,その他,40歳代,その他,施錠した
窃盗,自転車盗,板橋,常盤台交番,131199,東京都,板橋区,常盤台３丁目,2020-03-21,03,道路上,その他,30歳代,その他,施錠した
窃盗,自転車盗,板橋,常盤台交番,131199,東京都,板橋区,常盤台４丁目,2020-05-02,22,４階建て以上共同住宅,駐車（輪）場,10歳代,高校生,施錠した
窃盗,自転車盗,板橋,常盤台交番,131199,東京都,板橋区,南常盤台１丁目,2020-07-21,08,道路上,その他,40歳代,その他,施錠した
窃盗,自転車盗,板橋,常盤台交番,131199,東京都,板橋区,南常盤台１丁目,2020-10-15,18,道路上,その他,50歳代,その他,施錠した
窃盗,自転車盗,板橋,常盤台交番,131199,東京都,板橋区,南常盤台２丁目,2020-04-02,16,その他の住宅（３階建て以下共同住宅等）,駐車（輪）場,50歳代,その他,施錠した
窃盗,自転車盗,板橋,常盤台交番,131199,東京都,板橋区,南常盤台２丁目,2020-06-12,20,道路上,その他,30歳代,その他,施錠した
窃盗,自転車盗,板橋,常盤台交番,131199,東京都,板橋区,南常盤台２丁目,2020-08-21,12,４階建て以上共同住宅,その他,50歳代,その他,施錠した
窃盗,自転車盗,板橋,常盤台交番,131199,東京都,板橋区,大和町,2020-09-05,09,駐車（輪）場,駐車（輪）場,10歳代,高校生,施錠した
窃盗,自転車盗,板橋,上板橋駅前交番,131199,東京都,板橋区,上板橋１丁目,2020-01-05,23,４階建て以上共同住宅,その他,40歳代,その他,施錠した
窃盗,自転車盗,板橋,上板橋駅前交番,131199,東京都,板橋区,上板橋１丁目,2020-08-23,11,駐車（輪）場,駐車（輪）場,70歳以上,その他,施錠した
窃盗,自転車盗,板橋,上板橋駅前交番,131199,東京都,板橋区,上板橋１丁目,2020-12-14,15,４階建て以上共同住宅,駐車（輪）場,40歳代,その他,施錠した
窃盗,自転車盗,板橋,上板橋駅前交番,131199,東京都,板橋区,上板橋２丁目,2019-11-30,17,道路上,その他,20歳代,その他,施錠した
窃盗,自転車盗,板橋,上板橋駅前交番,131199,東京都,板橋区,上板橋２丁目,2020-02-01,不明,４階建て以上共同住宅,その他,20歳代,その他,施錠した
窃盗,自転車盗,板橋,上板橋駅前交番,131199,東京都,板橋区,上板橋２丁目,2020-02-11,19,４階建て以上共同住宅,駐車（輪）場,10歳代,その他,施錠した
窃盗,自転車盗,板橋,上板橋駅前交番,131199,東京都,板橋区,上板橋２丁目,2020-04-02,13,道路上,その他,10歳代,中学生,施錠した
窃盗,自転車盗,板橋,上板橋駅前交番,131199,東京都,板橋区,上板橋２丁目,2020-07-15,18,４階建て以上共同住宅,駐車（輪）場,20歳代,その他,施錠した
窃盗,自転車盗,板橋,上板橋駅前交番,131199,東京都,板橋区,上板橋２丁目,2020-11-02,11,道路上,その他,65-69歳,その他,施錠した
窃盗,自転車盗,板橋,上板橋駅前交番,131199,東京都,板橋区,上板橋３丁目,2020-02-06,22,その他の住宅（３階建て以下共同住宅等）,駐車（輪）場,20歳代,その他,施錠した
窃盗,自転車盗,板橋,上板橋駅前交番,131199,東京都,板橋区,上板橋３丁目,2020-04-16,08,道路上,その他,20歳代,その他,施錠した
窃盗,自転車盗,板橋,上板橋駅前交番,131199,東京都,板橋区,東新町１丁目,2020-07-21,22,その他の住宅（３階建て以下共同住宅等）,駐車（輪）場,30歳代,その他,施錠した
窃盗,自転車盗,板橋,上板橋駅前交番,131199,東京都,板橋区,常盤台４丁目,2019-12-17,12,道路上,その他,30歳代,その他,施錠した
窃盗,自転車盗,板橋,上板橋駅前交番,131199,東京都,板橋区,常盤台４丁目,2020-02-27,17,４階建て以上共同住宅,駐車（輪）場,30歳代,その他,施錠した
窃盗,自転車盗,板橋,上板橋駅前交番,131199,東京都,板橋区,常盤台４丁目,2020-04-01,16,その他の住宅（３階建て以下共同住宅等）,駐車（輪）場,10歳代,その他,施錠した
窃盗,自転車盗,板橋,上板橋駅前交番,131199,東京都,板橋区,常盤台４丁目,2020-05-17,20,４階建て以上共同住宅,駐車（輪）場,20歳代,その他,施錠した
窃盗,自転車盗,板橋,上板橋駅前交番,131199,東京都,板橋区,常盤台４丁目,2020-06-21,10,その他,その他,10歳代,その他,施錠した
窃盗,自転車盗,板橋,上板橋駅前交番,131199,東京都,板橋区,常盤台４丁目,2020-06-21,11,４階建て以上共同住宅,駐車（輪）場,60-64歳,その他,施錠した
窃盗,自転車盗,板橋,上板橋駅前交番,131199,東京都,板橋区,常盤台４丁目,2020-06-30,12,道路上,その他,20歳代,大学生,施錠した
窃盗,自転車盗,板橋,上板橋駅前交番,131199,東京都,板橋区,常盤台４丁目,2020-08-04,18,４階建て以上共同住宅,駐車（輪）場,40歳代,その他,施錠した
窃盗,自転車盗,板橋,上板橋駅前交番,131199,東京都,板橋区,常盤台４丁目,2020-08-05,11,４階建て以上共同住宅,駐車（輪）場,20歳代,その他,施錠した
窃盗,自転車盗,板橋,上板橋駅前交番,131199,東京都,板橋区,常盤台４丁目,2020-08-30,06,駐車（輪）場,駐車（輪）場,20歳代,その他,施錠した
窃盗,自転車盗,板橋,上板橋駅前交番,131199,東京都,板橋区,常盤台４丁目,2020-09-20,18,その他,駐車（輪）場,50歳代,その他,施錠した
窃盗,自転車盗,板橋,桜川三丁目駐在所,131199,東京都,板橋区,桜川３丁目,2020-03-01,13,一戸建住宅,駐車（輪）場,10歳代,小学生,施錠した
窃盗,自転車盗,板橋,桜川三丁目駐在所,131199,東京都,板橋区,桜川３丁目,2020-04-06,09,その他の住宅（３階建て以下共同住宅等）,駐車（輪）場,10歳代,その他,施錠した
窃盗,自転車盗,志村,清水町交番,131199,東京都,板橋区,泉町,2020-10-25,05,道路上,その他,30歳代,その他,施錠した
窃盗,自転車盗,志村,清水町交番,131199,東京都,板橋区,大原町,2020-08-13,10,一戸建住宅,その他,10歳代,小学生,施錠した
窃盗,自転車盗,志村,清水町交番,131199,東京都,板橋区,清水町,2020-03-11,22,４階建て以上共同住宅,駐車（輪）場,20歳代,その他,施錠した
窃盗,自転車盗,志村,清水町交番,131199,東京都,板橋区,清水町,2020-10-07,15,道路上,その他,20歳代,その他,施錠した
窃盗,自転車盗,志村,清水町交番,131199,東京都,板橋区,蓮沼町,2019-12-20,14,４階建て以上共同住宅,その他,20歳代,その他,施錠した
窃盗,自転車盗,志村,清水町交番,131199,東京都,板橋区,蓮沼町,2020-09-07,21,４階建て以上共同住宅,駐車（輪）場,20歳代,その他,施錠した
窃盗,自転車盗,志村,清水町交番,131199,東京都,板橋区,蓮沼町,2020-09-28,19,４階建て以上共同住宅,駐車（輪）場,20歳代,その他,施錠した
窃盗,自転車盗,志村,小豆沢交番,131199,東京都,板橋区,小豆沢２丁目,2020-01-22,20,４階建て以上共同住宅,駐車（輪）場,20歳代,その他,施錠した
窃盗,自転車盗,志村,小豆沢交番,131199,東京都,板橋区,小豆沢３丁目,2020-01-01,07,４階建て以上共同住宅,駐車（輪）場,20歳代,その他,施錠した
窃盗,自転車盗,志村,小豆沢交番,131199,東京都,板橋区,小豆沢３丁目,2020-01-17,10,その他,駐車（輪）場,40歳代,その他,施錠した
窃盗,自転車盗,志村,小豆沢交番,131199,東京都,板橋区,小豆沢３丁目,2020-06-03,19,その他,駐車（輪）場,20歳代,大学生,施錠した
窃盗,自転車盗,志村,小豆沢交番,131199,東京都,板橋区,小豆沢４丁目,2020-06-23,22,４階建て以上共同住宅,駐車（輪）場,30歳代,その他,施錠した
窃盗,自転車盗,志村,小豆沢交番,131199,東京都,板橋区,志村１丁目,2020-08-12,22,道路上,その他,10歳代,大学生,施錠した
窃盗,自転車盗,志村,小豆沢交番,131199,東京都,板橋区,志村３丁目,2020-05-14,14,その他,駐車（輪）場,60-64歳,その他,施錠した
窃盗,自転車盗,志村,小豆沢交番,131199,東京都,板橋区,蓮沼町,2020-03-13,13,４階建て以上共同住宅,駐車（輪）場,10歳代,高校生,施錠した
窃盗,自転車盗,志村,小豆沢交番,131199,東京都,板橋区,前野町４丁目,2020-06-18,14,４階建て以上共同住宅,駐車（輪）場,50歳代,その他,施錠した
窃盗,自転車盗,志村,坂上交番,131199,東京都,板橋区,坂下１丁目,2020-02-19,10,４階建て以上共同住宅,駐車（輪）場,20歳代,その他,施錠した
窃盗,自転車盗,志村,坂上交番,131199,東京都,板橋区,坂下１丁目,2020-08-21,12,道路上,その他,20歳代,その他,施錠した
窃盗,自転車盗,志村,坂上交番,131199,東京都,板橋区,坂下１丁目,2020-08-25,19,４階建て以上共同住宅,駐車（輪）場,20歳代,その他,施錠した
窃盗,自転車盗,志村,坂上交番,131199,東京都,板橋区,志村１丁目,2020-02-17,18,４階建て以上共同住宅,駐車（輪）場,40歳代,その他,施錠した
窃盗,自転車盗,志村,坂上交番,131199,東京都,板橋区,志村１丁目,2020-10-29,18,道路上,その他,10歳代,中学生,施錠した
窃盗,自転車盗,志村,坂上交番,131199,東京都,板橋区,志村２丁目,2020-03-24,01,道路上,その他,50歳代,その他,施錠した
窃盗,自転車盗,志村,坂上交番,131199,東京都,板橋区,志村２丁目,2020-10-01,18,その他,駐車（輪）場,20歳代,大学生,施錠した
窃盗,自転車盗,志村,坂上交番,131199,東京都,板橋区,志村３丁目,2020-02-13,08,その他,駐車（輪）場,20歳代,その他,施錠した
窃盗,自転車盗,志村,坂上交番,131199,東京都,板橋区,志村３丁目,2020-03-16,18,その他,駐車（輪）場,10歳代,大学生,施錠した
窃盗,自転車盗,志村,坂上交番,131199,東京都,板橋区,志村３丁目,2020-06-07,15,道路上,その他,10歳代,その他,施錠した
窃盗,自転車盗,志村,坂上交番,131199,東京都,板橋区,志村３丁目,2020-06-29,08,駐車（輪）場,駐車（輪）場,10歳代,大学生,施錠した
窃盗,自転車盗,志村,坂上交番,131199,東京都,板橋区,志村３丁目,2020-08-11,04,４階建て以上共同住宅,駐車（輪）場,20歳代,大学生,施錠した
窃盗,自転車盗,志村,坂上交番,131199,東京都,板橋区,志村３丁目,2020-08-20,18,４階建て以上共同住宅,駐車（輪）場,50歳代,その他,施錠した
窃盗,自転車盗,志村,坂下交番,131199,東京都,板橋区,坂下１丁目,2020-01-31,13,４階建て以上共同住宅,その他,40歳代,その他,施錠した
窃盗,自転車盗,志村,坂下交番,131199,東京都,板橋区,坂下２丁目,2020-03-31,22,４階建て以上共同住宅,駐車（輪）場,20歳代,大学生,施錠した
窃盗,自転車盗,志村,坂下交番,131199,東京都,板橋区,坂下２丁目,2020-06-25,22,その他,駐車（輪）場,20歳代,その他,施錠した
窃盗,自転車盗,志村,坂下交番,131199,東京都,板橋区,坂下３丁目,2020-01-16,15,４階建て以上共同住宅,駐車（輪）場,70歳以上,その他,施錠した
窃盗,自転車盗,志村,坂下交番,131199,東京都,板橋区,坂下３丁目,2020-06-26,17,一戸建住宅,駐車（輪）場,50歳代,その他,施錠した
窃盗,自転車盗,志村,坂下交番,131199,東京都,板橋区,坂下３丁目,2020-08-19,23,その他,その他,40歳代,その他,施錠した
窃盗,自転車盗,志村,坂下交番,131199,東京都,板橋区,蓮根３丁目,2020-04-11,18,４階建て以上共同住宅,駐車（輪）場,10歳代,中学生,施錠した
窃盗,自転車盗,志村,坂下交番,131199,東京都,板橋区,東坂下２丁目,2020-05-26,12,その他,駐車（輪）場,法人・団体、被害者なし,法人・団体、被害者なし,施錠した
窃盗,自転車盗,志村,坂下交番,131199,東京都,板橋区,舟渡１丁目,2019-10-01,17,その他,駐車（輪）場,30歳代,その他,施錠した
窃盗,自転車盗,志村,坂下交番,131199,東京都,板橋区,舟渡１丁目,2020-01-27,07,その他,駐車（輪）場,40歳代,その他,施錠した
窃盗,自転車盗,志村,坂下交番,131199,東京都,板橋区,舟渡１丁目,2020-02-05,14,駐車（輪）場,駐車（輪）場,50歳代,その他,施錠した
窃盗,自転車盗,志村,坂下交番,131199,東京都,板橋区,舟渡１丁目,2020-10-30,06,その他,駐車（輪）場,30歳代,その他,施錠した
窃盗,自転車盗,志村,蓮根交番,131199,東京都,板橋区,相生町,2020-01-22,00,その他,駐車（輪）場,50歳代,その他,施錠した
窃盗,自転車盗,志村,蓮根交番,131199,東京都,板橋区,相生町,2020-01-31,22,その他,駐車（輪）場,20歳代,その他,施錠した
窃盗,自転車盗,志村,蓮根交番,131199,東京都,板橋区,相生町,2020-02-02,09,その他,駐車（輪）場,10歳代,中学生,施錠した
窃盗,自転車盗,志村,蓮根交番,131199,東京都,板橋区,相生町,2020-07-22,13,その他,駐車（輪）場,10歳代,その他,施錠した
窃盗,自転車盗,志村,蓮根交番,131199,東京都,板橋区,坂下２丁目,2020-07-08,10,駐車（輪）場,駐車（輪）場,20歳代,その他,施錠した
窃盗,自転車盗,志村,蓮根交番,131199,東京都,板橋区,蓮根１丁目,2020-05-25,19,その他の住宅（３階建て以下共同住宅等）,駐車（輪）場,10歳代,大学生,施錠した
窃盗,自転車盗,志村,蓮根交番,131199,東京都,板橋区,蓮根２丁目,2019-11-12,10,その他の住宅（３階建て以下共同住宅等）,その他,65-69歳,その他,施錠した
窃盗,自転車盗,志村,蓮根交番,131199,東京都,板橋区,蓮根２丁目,2020-02-02,20,道路上,その他,40歳代,その他,施錠した
窃盗,自転車盗,志村,蓮根交番,131199,東京都,板橋区,蓮根２丁目,2020-03-05,09,その他の住宅（３階建て以下共同住宅等）,駐車（輪）場,20歳代,その他,施錠した
窃盗,自転車盗,志村,蓮根交番,131199,東京都,板橋区,蓮根２丁目,2020-03-08,18,４階建て以上共同住宅,駐車（輪）場,10歳代,高校生,施錠した
窃盗,自転車盗,志村,蓮根交番,131199,東京都,板橋区,蓮根２丁目,2020-06-09,07,道路上,その他,30歳代,その他,施錠した
窃盗,自転車盗,志村,蓮根交番,131199,東京都,板橋区,蓮根３丁目,2020-03-14,14,その他,駐車（輪）場,40歳代,その他,施錠した
窃盗,自転車盗,志村,蓮根交番,131199,東京都,板橋区,蓮根３丁目,2020-06-01,16,４階建て以上共同住宅,駐車（輪）場,10歳代,高校生,施錠した
窃盗,自転車盗,志村,蓮根交番,131199,東京都,板橋区,蓮根３丁目,2020-07-24,15,その他,駐車（輪）場,70歳以上,その他,施錠した
窃盗,自転車盗,志村,蓮根交番,131199,東京都,板橋区,蓮根３丁目,2020-09-27,10,４階建て以上共同住宅,駐車（輪）場,30歳代,その他,施錠した
窃盗,自転車盗,志村,蓮根交番,131199,東京都,板橋区,蓮根３丁目,2020-10-04,15,道路上,その他,70歳以上,その他,施錠した
窃盗,自転車盗,志村,蓮根交番,131199,東京都,板橋区,蓮根３丁目,2020-10-11,12,４階建て以上共同住宅,駐車（輪）場,20歳代,大学生,施錠した
窃盗,自転車盗,志村,前野町交番,131199,東京都,板橋区,前野町１丁目,2020-02-27,17,４階建て以上共同住宅,駐車（輪）場,70歳以上,その他,施錠した
窃盗,自転車盗,志村,前野町交番,131199,東京都,板橋区,前野町２丁目,2020-08-02,21,駐車（輪）場,駐車（輪）場,30歳代,その他,施錠した
窃盗,自転車盗,志村,前野町交番,131199,東京都,板橋区,前野町３丁目,2020-01-08,22,４階建て以上共同住宅,駐車（輪）場,20歳代,その他,施錠した
窃盗,自転車盗,志村,前野町交番,131199,東京都,板橋区,前野町３丁目,2020-06-17,16,その他,駐車（輪）場,40歳代,その他,施錠した
窃盗,自転車盗,志村,前野町交番,131199,東京都,板橋区,前野町４丁目,2020-03-12,20,４階建て以上共同住宅,駐車（輪）場,50歳代,その他,施錠した
窃盗,自転車盗,志村,中台交番,131199,東京都,板橋区,中台１丁目,2020-10-07,13,４階建て以上共同住宅,駐車（輪）場,20歳代,その他,施錠した
窃盗,自転車盗,志村,中台交番,131199,東京都,板橋区,中台２丁目,2020-07-12,12,道路上,その他,20歳代,その他,施錠した
窃盗,自転車盗,志村,中台交番,131199,東京都,板橋区,中台３丁目,2020-06-05,19,４階建て以上共同住宅,その他,40歳代,その他,施錠した
窃盗,自転車盗,志村,中台交番,131199,東京都,板橋区,前野町６丁目,2020-03-25,14,道路上,その他,70歳以上,その他,施錠した
窃盗,自転車盗,志村,中台交番,131199,東京都,板橋区,若木１丁目,2020-08-28,19,道路上,その他,70歳以上,その他,施錠した
窃盗,自転車盗,志村,中台交番,131199,東京都,板橋区,若木２丁目,2020-08-06,22,その他の住宅（３階建て以下共同住宅等）,その他,20歳代,その他,施錠した
窃盗,自転車盗,志村,西台交番,131199,東京都,板橋区,西台２丁目,2020-07-22,01,４階建て以上共同住宅,駐車（輪）場,10歳代,大学生,施錠した
窃盗,自転車盗,志村,西台交番,131199,東京都,板橋区,西台２丁目,2020-08-29,23,道路上,その他,30歳代,その他,施錠した
窃盗,自転車盗,志村,西台交番,131199,東京都,板橋区,西台２丁目,2020-11-10,21,その他の住宅（３階建て以下共同住宅等）,駐車（輪）場,10歳未満,小学生,施錠した
窃盗,自転車盗,志村,西台交番,131199,東京都,板橋区,若木２丁目,2020-09-18,18,４階建て以上共同住宅,駐車（輪）場,20歳代,その他,施錠した
窃盗,自転車盗,志村,西台交番,131199,東京都,板橋区,若木３丁目,2020-10-05,19,駐車（輪）場,駐車（輪）場,20歳代,大学生,施錠した
窃盗,自転車盗,練馬,貫井交番,131202,東京都,練馬区,貫井２丁目,2020-02-01,00,道路上,その他,20歳代,その他,施錠した
窃盗,自転車盗,練馬,中村橋交番,131202,東京都,練馬区,中村２丁目,2020-03-26,17,一戸建住宅,駐車（輪）場,60-64歳,その他,施錠した
窃盗,自転車盗,練馬,中村橋交番,131202,東京都,練馬区,中村２丁目,2020-06-29,17,４階建て以上共同住宅,駐車（輪）場,30歳代,その他,施錠した
窃盗,自転車盗,練馬,中村橋交番,131202,東京都,練馬区,中村２丁目,2020-07-02,17,４階建て以上共同住宅,駐車（輪）場,50歳代,その他,施錠した
窃盗,自転車盗,練馬,中村橋交番,131202,東京都,練馬区,中村２丁目,2020-07-16,14,その他の住宅（３階建て以下共同住宅等）,駐車（輪）場,50歳代,その他,施錠した
窃盗,自転車盗,練馬,中村橋交番,131202,東京都,練馬区,中村２丁目,2020-12-24,07,その他の住宅（３階建て以下共同住宅等）,駐車（輪）場,40歳代,その他,施錠した
窃盗,自転車盗,練馬,中村橋交番,131202,東京都,練馬区,中村３丁目,2020-01-12,20,その他の住宅（３階建て以下共同住宅等）,駐車（輪）場,20歳代,その他,施錠した
窃盗,自転車盗,練馬,中村橋交番,131202,東京都,練馬区,中村３丁目,2020-08-01,00,４階建て以上共同住宅,駐車（輪）場,20歳代,その他,施錠した
窃盗,自転車盗,練馬,中村橋交番,131202,東京都,練馬区,中村北２丁目,2020-02-23,12,その他,駐車（輪）場,60-64歳,その他,施錠した
窃盗,自転車盗,練馬,中村橋交番,131202,東京都,練馬区,中村北２丁目,2020-10-12,17,道路上,その他,20歳代,その他,施錠した
窃盗,自転車盗,練馬,中村橋交番,131202,東京都,練馬区,中村北３丁目,2020-03-13,19,道路上,その他,20歳代,その他,施錠した
窃盗,自転車盗,練馬,中村橋交番,131202,東京都,練馬区,中村北４丁目,2020-08-05,18,道路上,その他,30歳代,大学生,施錠した
窃盗,自転車盗,練馬,中村橋交番,131202,東京都,練馬区,中村南２丁目,2020-02-27,22,４階建て以上共同住宅,駐車（輪）場,20歳代,その他,施錠した
窃盗,自転車盗,練馬,中村橋交番,131202,東京都,練馬区,中村南２丁目,2020-07-08,22,４階建て以上共同住宅,駐車（輪）場,30歳代,その他,施錠した
窃盗,自転車盗,練馬,中村橋交番,131202,東京都,練馬区,中村南２丁目,2020-09-22,21,その他の住宅（３階建て以下共同住宅等）,駐車（輪）場,40歳代,その他,施錠した
窃盗,自転車盗,練馬,中村橋交番,131202,東京都,練馬区,中村南２丁目,2020-10-18,18,その他,駐車（輪）場,20歳代,その他,施錠した
窃盗,自転車盗,練馬,中村橋交番,131202,東京都,練馬区,中村南３丁目,2020-10-06,15,４階建て以上共同住宅,駐車（輪）場,65-69歳,その他,施錠した
窃盗,自転車盗,練馬,豊島園前交番,131202,東京都,練馬区,練馬２丁目,2020-02-24,22,その他の住宅（３階建て以下共同住宅等）,駐車（輪）場,30歳代,その他,施錠した
窃盗,自転車盗,練馬,豊島園前交番,131202,東京都,練馬区,練馬２丁目,2020-08-31,23,その他の住宅（３階建て以下共同住宅等）,駐車（輪）場,30歳代,その他,施錠した
窃盗,自転車盗,練馬,豊島園前交番,131202,東京都,練馬区,練馬３丁目,2020-06-17,09,その他,駐車（輪）場,30歳代,その他,施錠した
窃盗,自転車盗,練馬,豊島園前交番,131202,東京都,練馬区,練馬３丁目,2020-10-07,18,４階建て以上共同住宅,駐車（輪）場,30歳代,その他,施錠した
窃盗,自転車盗,練馬,豊島園前交番,131202,東京都,練馬区,練馬３丁目,2020-12-06,21,その他の住宅（３階建て以下共同住宅等）,駐車（輪）場,40歳代,その他,施錠した
窃盗,自転車盗,練馬,豊島園前交番,131202,東京都,練馬区,練馬４丁目,2020-01-21,19,その他の住宅（３階建て以下共同住宅等）,駐車（輪）場,40歳代,その他,施錠した
窃盗,自転車盗,練馬,豊島園前交番,131202,東京都,練馬区,練馬４丁目,2020-06-02,06,その他の住宅（３階建て以下共同住宅等）,駐車（輪）場,40歳代,その他,施錠した
窃盗,自転車盗,練馬,豊島園前交番,131202,東京都,練馬区,練馬４丁目,2020-07-18,17,道路上,その他,40歳代,その他,施錠した
窃盗,自転車盗,練馬,豊島園前交番,131202,東京都,練馬区,練馬４丁目,2020-10-31,03,４階建て以上共同住宅,駐車（輪）場,30歳代,その他,施錠した
窃盗,自転車盗,練馬,豊島園前交番,131202,東京都,練馬区,練馬４丁目,2020-12-17,06,その他の住宅（３階建て以下共同住宅等）,その他,50歳代,その他,施錠した
窃盗,自転車盗,練馬,練馬駅前交番,131202,東京都,練馬区,豊玉北５丁目,2020-01-30,10,道路上,その他,40歳代,その他,施錠した
窃盗,自転車盗,練馬,練馬駅前交番,131202,東京都,練馬区,豊玉北５丁目,2020-03-15,13,道路上,その他,50歳代,その他,施錠した
窃盗,自転車盗,練馬,練馬駅前交番,131202,東京都,練馬区,豊玉北５丁目,2020-06-16,20,道路上,その他,20歳代,大学生,施錠した
窃盗,自転車盗,練馬,練馬駅前交番,131202,東京都,練馬区,豊玉北５丁目,2020-06-30,11,その他,駐車（輪）場,30歳代,その他,施錠した
窃盗,自転車盗,練馬,練馬駅前交番,131202,東京都,練馬区,豊玉北５丁目,2020-07-17,10,４階建て以上共同住宅,その他,50歳代,その他,施錠した
窃盗,自転車盗,練馬,練馬駅前交番,131202,東京都,練馬区,豊玉北５丁目,2020-10-18,18,道路上,その他,40歳代,その他,施錠した
窃盗,自転車盗,練馬,練馬駅前交番,131202,東京都,練馬区,豊玉北５丁目,2020-11-03,22,道路上,その他,30歳代,その他,施錠した
窃盗,自転車盗,練馬,練馬駅前交番,131202,東京都,練馬区,豊玉北５丁目,2020-11-04,22,道路上,その他,20歳代,その他,施錠した
窃盗,自転車盗,練馬,練馬駅前交番,131202,東京都,練馬区,豊玉北６丁目,2019-12-27,18,４階建て以上共同住宅,駐車（輪）場,60-64歳,その他,施錠した
窃盗,自転車盗,練馬,練馬駅前交番,131202,東京都,練馬区,豊玉北６丁目,2020-01-06,18,道路上,その他,50歳代,その他,施錠した
窃盗,自転車盗,練馬,練馬駅前交番,131202,東京都,練馬区,豊玉北６丁目,2020-03-04,13,その他,駐車（輪）場,70歳以上,その他,施錠した
窃盗,自転車盗,練馬,練馬駅前交番,131202,東京都,練馬区,豊玉北６丁目,2020-12-23,13,その他,駐車（輪）場,70歳以上,その他,施錠した
窃盗,自転車盗,練馬,練馬駅前交番,131202,東京都,練馬区,練馬１丁目,2019-09-20,10,その他の住宅（３階建て以下共同住宅等）,駐車（輪）場,40歳代,その他,施錠した
窃盗,自転車盗,練馬,練馬駅前交番,131202,東京都,練馬区,練馬１丁目,2020-01-01,21,道路上,その他,30歳代,その他,施錠した
窃盗,自転車盗,練馬,練馬駅前交番,131202,東京都,練馬区,練馬１丁目,2020-01-02,18,その他,その他,20歳代,その他,施錠した
窃盗,自転車盗,練馬,練馬駅前交番,131202,東京都,練馬区,練馬１丁目,2020-01-06,10,その他,駐車（輪）場,50歳代,その他,施錠した
窃盗,自転車盗,練馬,練馬駅前交番,131202,東京都,練馬区,練馬１丁目,2020-01-17,18,その他の住宅（３階建て以下共同住宅等）,その他,30歳代,その他,施錠した
窃盗,自転車盗,練馬,練馬駅前交番,131202,東京都,練馬区,練馬１丁目,2020-01-23,08,駐車（輪）場,駐車（輪）場,20歳代,その他,施錠した
窃盗,自転車盗,練馬,練馬駅前交番,131202,東京都,練馬区,練馬１丁目,2020-01-29,08,道路上,その他,20歳代,大学生,施錠した
窃盗,自転車盗,練馬,練馬駅前交番,131202,東京都,練馬区,練馬１丁目,2020-02-13,13,駐車（輪）場,駐車（輪）場,70歳以上,その他,施錠した
窃盗,自転車盗,練馬,練馬駅前交番,131202,東京都,練馬区,練馬１丁目,2020-02-16,15,その他,駐車（輪）場,30歳代,その他,施錠した
窃盗,自転車盗,練馬,練馬駅前交番,131202,東京都,練馬区,練馬１丁目,2020-03-27,21,４階建て以上共同住宅,その他,50歳代,その他,施錠した
窃盗,自転車盗,練馬,練馬駅前交番,131202,東京都,練馬区,練馬１丁目,2020-06-15,10,その他,駐車（輪）場,40歳代,その他,施錠した
窃盗,自転車盗,練馬,練馬駅前交番,131202,東京都,練馬区,練馬１丁目,2020-07-25,06,その他,その他,20歳代,その他,施錠した
窃盗,自転車盗,練馬,練馬駅前交番,131202,東京都,練馬区,練馬１丁目,2020-08-04,21,駐車（輪）場,駐車（輪）場,20歳代,大学生,施錠した
窃盗,自転車盗,練馬,練馬駅前交番,131202,東京都,練馬区,練馬１丁目,2020-08-28,22,その他,その他,10歳代,高校生,施錠した
窃盗,自転車盗,練馬,練馬駅前交番,131202,東京都,練馬区,練馬１丁目,2020-10-19,09,その他,駐車（輪）場,30歳代,その他,施錠した
窃盗,自転車盗,練馬,豊玉交番,131202,東京都,練馬区,豊玉上２丁目,2019-09-01,不明,道路上,その他,20歳代,大学生,施錠した
窃盗,自転車盗,練馬,豊玉交番,131202,東京都,練馬区,豊玉上２丁目,2020-06-25,17,４階建て以上共同住宅,その他,60-64歳,その他,施錠した
窃盗,自転車盗,練馬,豊玉交番,131202,東京都,練馬区,豊玉上２丁目,2020-10-25,20,４階建て以上共同住宅,駐車（輪）場,20歳代,その他,施錠した
窃盗,自転車盗,練馬,豊玉交番,131202,東京都,練馬区,豊玉上２丁目,2020-11-01,03,４階建て以上共同住宅,駐車（輪）場,40歳代,その他,施錠した
窃盗,自転車盗,練馬,豊玉交番,131202,東京都,練馬区,豊玉北２丁目,2020-02-03,13,４階建て以上共同住宅,駐車（輪）場,40歳代,その他,施錠した
窃盗,自転車盗,練馬,豊玉交番,131202,東京都,練馬区,豊玉北２丁目,2020-09-19,00,道路上,その他,20歳代,その他,施錠した
窃盗,自転車盗,練馬,豊玉交番,131202,東京都,練馬区,豊玉北２丁目,2020-11-22,23,道路上,その他,20歳代,その他,施錠した
窃盗,自転車盗,練馬,豊玉交番,131202,東京都,練馬区,豊玉北３丁目,2020-03-06,12,４階建て以上共同住宅,駐車（輪）場,20歳代,大学生,施錠した
窃盗,自転車盗,練馬,豊玉交番,131202,東京都,練馬区,豊玉北３丁目,2020-04-12,14,４階建て以上共同住宅,駐車（輪）場,10歳代,高校生,施錠した
窃盗,自転車盗,練馬,桜台交番,131202,東京都,練馬区,桜台１丁目,2019-02-21,21,４階建て以上共同住宅,駐車（輪）場,30歳代,大学生,施錠した
窃盗,自転車盗,練馬,桜台交番,131202,東京都,練馬区,桜台１丁目,2020-07-13,15,その他の住宅（３階建て以下共同住宅等）,駐車（輪）場,20歳代,その他,施錠した
窃盗,自転車盗,練馬,桜台交番,131202,東京都,練馬区,桜台１丁目,2020-10-05,07,駐車（輪）場,駐車（輪）場,30歳代,その他,施錠した
窃盗,自転車盗,練馬,桜台交番,131202,東京都,練馬区,桜台３丁目,2020-02-14,23,一戸建住宅,その他,10歳代,小学生,施錠した
窃盗,自転車盗,練馬,桜台交番,131202,東京都,練馬区,桜台６丁目,2020-12-11,17,駐車（輪）場,駐車（輪）場,40歳代,その他,施錠した
窃盗,自転車盗,練馬,羽沢交番,131202,東京都,練馬区,桜台３丁目,2020-01-25,17,その他,駐車（輪）場,10歳代,中学生,施錠した
窃盗,自転車盗,練馬,羽沢交番,131202,東京都,練馬区,桜台３丁目,2020-07-10,11,４階建て以上共同住宅,駐車（輪）場,30歳代,その他,施錠した
窃盗,自転車盗,練馬,羽沢交番,131202,東京都,練馬区,桜台３丁目,2020-12-08,20,４階建て以上共同住宅,駐車（輪）場,40歳代,その他,施錠した
窃盗,自転車盗,練馬,羽沢交番,131202,東京都,練馬区,羽沢２丁目,2020-05-19,17,４階建て以上共同住宅,駐車（輪）場,30歳代,その他,施錠した
窃盗,自転車盗,練馬,羽沢交番,131202,東京都,練馬区,氷川台３丁目,2019-11-16,19,４階建て以上共同住宅,駐車（輪）場,10歳代,高校生,施錠した
窃盗,自転車盗,練馬,羽沢交番,131202,東京都,練馬区,氷川台３丁目,2020-01-23,08,その他,駐車（輪）場,20歳代,その他,施錠した
窃盗,自転車盗,練馬,羽沢交番,131202,東京都,練馬区,氷川台３丁目,2020-03-03,07,駐車（輪）場,駐車（輪）場,10歳代,大学生,施錠した
窃盗,自転車盗,練馬,羽沢交番,131202,東京都,練馬区,氷川台３丁目,2020-07-16,13,道路上,その他,20歳代,その他,施錠した
窃盗,自転車盗,練馬,羽沢交番,131202,東京都,練馬区,氷川台３丁目,2020-10-17,07,駐車（輪）場,駐車（輪）場,30歳代,その他,施錠した
窃盗,自転車盗,練馬,江古田駅前交番,131202,東京都,練馬区,旭丘１丁目,2020-01-26,22,道路上,その他,20歳代,その他,施錠した
窃盗,自転車盗,練馬,江古田駅前交番,131202,東京都,練馬区,旭丘１丁目,2020-03-28,14,駐車（輪）場,駐車（輪）場,70歳以上,その他,施錠した
窃盗,自転車盗,練馬,江古田駅前交番,131202,東京都,練馬区,旭丘１丁目,2020-08-21,16,４階建て以上共同住宅,駐車（輪）場,20歳代,大学生,施錠した
窃盗,自転車盗,練馬,江古田駅前交番,131202,東京都,練馬区,旭丘１丁目,2020-10-28,21,その他,駐車（輪）場,30歳代,その他,施錠した
窃盗,自転車盗,練馬,江古田駅前交番,131202,東京都,練馬区,旭丘１丁目,2020-11-20,07,４階建て以上共同住宅,駐車（輪）場,40歳代,その他,施錠した
窃盗,自転車盗,練馬,江古田駅前交番,131202,東京都,練馬区,旭丘２丁目,2019-12-24,15,その他の住宅（３階建て以下共同住宅等）,駐車（輪）場,20歳代,その他,施錠した
窃盗,自転車盗,練馬,江古田駅前交番,131202,東京都,練馬区,旭丘２丁目,2020-02-22,19,その他,駐車（輪）場,50歳代,その他,施錠した
窃盗,自転車盗,練馬,江古田駅前交番,131202,東京都,練馬区,旭丘２丁目,2020-07-21,19,駐車（輪）場,駐車（輪）場,30歳代,その他,施錠した
窃盗,自転車盗,練馬,江古田駅前交番,131202,東京都,練馬区,旭丘２丁目,2020-09-08,20,その他の住宅（３階建て以下共同住宅等）,その他,20歳代,その他,施錠した
窃盗,自転車盗,練馬,江古田駅前交番,131202,東京都,練馬区,栄町,2020-10-12,15,その他,駐車（輪）場,40歳代,その他,施錠した
窃盗,自転車盗,練馬,江古田駅前交番,131202,東京都,練馬区,栄町,2020-12-06,18,その他,駐車（輪）場,20歳代,その他,施錠した
窃盗,自転車盗,練馬,江古田駅前交番,131202,東京都,練馬区,豊玉上１丁目,2020-03-25,17,４階建て以上共同住宅,駐車（輪）場,50歳代,その他,施錠した
窃盗,自転車盗,練馬,江古田駅前交番,131202,東京都,練馬区,豊玉上１丁目,2020-06-13,18,４階建て以上共同住宅,駐車（輪）場,30歳代,その他,施錠した
窃盗,自転車盗,練馬,江古田駅前交番,131202,東京都,練馬区,豊玉上１丁目,2020-07-05,15,４階建て以上共同住宅,駐車（輪）場,20歳代,その他,施錠した
窃盗,自転車盗,練馬,江古田駅前交番,131202,東京都,練馬区,豊玉上１丁目,2020-08-01,22,４階建て以上共同住宅,駐車（輪）場,20歳代,その他,施錠した
窃盗,自転車盗,練馬,江古田駅前交番,131202,東京都,練馬区,豊玉北１丁目,2020-02-07,09,その他の住宅（３階建て以下共同住宅等）,駐車（輪）場,20歳代,その他,施錠した
窃盗,自転車盗,練馬,江古田駅前交番,131202,東京都,練馬区,豊玉北１丁目,2020-03-25,10,４階建て以上共同住宅,駐車（輪）場,30歳代,その他,施錠した
窃盗,自転車盗,練馬,江古田駅前交番,131202,東京都,練馬区,豊玉北１丁目,2020-08-15,18,４階建て以上共同住宅,駐車（輪）場,30歳代,その他,施錠した
窃盗,自転車盗,練馬,江古田駅前交番,131202,東京都,練馬区,豊玉中１丁目,2019-10-26,17,その他の住宅（３階建て以下共同住宅等）,その他,65-69歳,その他,施錠した
窃盗,自転車盗,練馬,小竹町交番,131202,東京都,練馬区,小竹町１丁目,2020-04-27,18,４階建て以上共同住宅,駐車（輪）場,20歳代,その他,施錠した
窃盗,自転車盗,練馬,小竹町交番,131202,東京都,練馬区,小竹町１丁目,2020-07-26,16,駐車（輪）場,駐車（輪）場,40歳代,その他,施錠した
窃盗,自転車盗,練馬,小竹町交番,131202,東京都,練馬区,小竹町１丁目,2020-08-28,19,その他の住宅（３階建て以下共同住宅等）,駐車（輪）場,20歳代,その他,施錠した
窃盗,自転車盗,練馬,小竹町交番,131202,東京都,練馬区,小竹町１丁目,2020-09-18,12,駐車（輪）場,駐車（輪）場,20歳代,その他,施錠した
窃盗,自転車盗,練馬,小竹町交番,131202,東京都,練馬区,小竹町１丁目,2020-12-25,20,４階建て以上共同住宅,駐車（輪）場,20歳代,その他,施錠した
窃盗,自転車盗,練馬,小竹町交番,131202,東京都,練馬区,小竹町２丁目,2020-03-20,17,道路上,その他,10歳代,高校生,施錠した
窃盗,自転車盗,練馬,小竹町交番,131202,東京都,練馬区,小竹町２丁目,2020-09-16,21,道路上,その他,20歳代,その他,施錠した
窃盗,自転車盗,練馬,小竹町交番,131202,東京都,練馬区,栄町,2020-12-22,16,一戸建住宅,駐車（輪）場,70歳以上,その他,施錠した
窃盗,自転車盗,練馬,小竹町交番,131202,東京都,練馬区,羽沢１丁目,2020-09-15,07,その他の住宅（３階建て以下共同住宅等）,その他,40歳代,その他,施錠した
窃盗,自転車盗,練馬,小竹町交番,131202,東京都,練馬区,羽沢１丁目,2020-10-08,20,その他の住宅（３階建て以下共同住宅等）,駐車（輪）場,30歳代,その他,施錠した
窃盗,自転車盗,練馬,氷川台駐在所,131202,東京都,練馬区,豊玉中２丁目,2020-03-06,22,４階建て以上共同住宅,駐車（輪）場,30歳代,その他,施錠した
窃盗,自転車盗,練馬,氷川台駐在所,131202,東京都,練馬区,氷川台２丁目,2020-07-07,00,４階建て以上共同住宅,駐車（輪）場,30歳代,その他,施錠した
窃盗,自転車盗,練馬,氷川台駐在所,131202,東京都,練馬区,氷川台３丁目,2019-12-27,22,一戸建住宅,駐車（輪）場,40歳代,その他,施錠した
窃盗,自転車盗,練馬,氷川台駐在所,131202,東京都,練馬区,氷川台３丁目,2020-09-01,16,その他の住宅（３階建て以下共同住宅等）,その他,20歳代,その他,施錠した
窃盗,自転車盗,練馬,氷川台駐在所,131202,東京都,練馬区,氷川台３丁目,2020-10-22,15,４階建て以上共同住宅,駐車（輪）場,30歳代,その他,施錠した
窃盗,自転車盗,練馬,氷川台駐在所,131202,東京都,練馬区,平和台２丁目,2020-06-10,07,一戸建住宅,その他,20歳代,その他,施錠した
窃盗,自転車盗,練馬,氷川台駐在所,131202,東京都,練馬区,平和台２丁目,2020-06-19,17,道路上,その他,20歳代,その他,施錠した
窃盗,自転車盗,練馬,春日町交番,131202,東京都,練馬区,春日町１丁目,2020-05-04,16,一戸建住宅,その他,20歳代,大学生,施錠した
窃盗,自転車盗,練馬,春日町交番,131202,東京都,練馬区,春日町２丁目,2020-08-08,19,一戸建住宅,駐車（輪）場,10歳代,小学生,施錠した
窃盗,自転車盗,練馬,春日町交番,131202,東京都,練馬区,春日町３丁目,2020-01-01,09,その他,駐車（輪）場,70歳以上,その他,施錠した
窃盗,自転車盗,練馬,春日町交番,131202,東京都,練馬区,春日町３丁目,2020-01-13,00,その他,駐車（輪）場,30歳代,その他,施錠した
窃盗,自転車盗,練馬,春日町交番,131202,東京都,練馬区,春日町３丁目,2020-01-16,20,４階建て以上共同住宅,駐車（輪）場,10歳代,中学生,施錠した
窃盗,自転車盗,練馬,春日町交番,131202,東京都,練馬区,春日町３丁目,2020-04-09,22,その他の住宅（３階建て以下共同住宅等）,駐車（輪）場,50歳代,その他,施錠した
窃盗,自転車盗,練馬,春日町交番,131202,東京都,練馬区,春日町５丁目,2020-01-24,07,道路上,その他,50歳代,その他,施錠した
窃盗,自転車盗,練馬,春日町交番,131202,東京都,練馬区,春日町５丁目,2020-03-31,06,その他,駐車（輪）場,20歳代,大学生,施錠した
窃盗,自転車盗,練馬,春日町交番,131202,東京都,練馬区,春日町５丁目,2020-04-05,15,その他の住宅（３階建て以下共同住宅等）,その他,20歳代,その他,施錠した
窃盗,自転車盗,練馬,春日町交番,131202,東京都,練馬区,春日町６丁目,2020-05-09,23,その他,駐車（輪）場,40歳代,その他,施錠した
窃盗,自転車盗,練馬,春日町交番,131202,東京都,練馬区,春日町６丁目,2020-06-05,13,４階建て以上共同住宅,駐車（輪）場,20歳代,その他,施錠した
窃盗,自転車盗,練馬,春日町交番,131202,東京都,練馬区,春日町６丁目,2020-09-15,11,その他,駐車（輪）場,65-69歳,その他,施錠した
窃盗,自転車盗,練馬,春日町交番,131202,東京都,練馬区,練馬１丁目,2020-03-18,11,駐車（輪）場,駐車（輪）場,30歳代,その他,施錠した
窃盗,自転車盗,練馬,春日町交番,131202,東京都,練馬区,早宮４丁目,2020-07-27,17,４階建て以上共同住宅,駐車（輪）場,20歳代,その他,施錠した
窃盗,自転車盗,練馬,春日町交番,131202,東京都,練馬区,早宮４丁目,2020-07-31,20,一戸建住宅,その他,40歳代,その他,施錠した
窃盗,自転車盗,練馬,春日町交番,131202,東京都,練馬区,早宮４丁目,2020-12-04,13,一戸建住宅,駐車（輪）場,50歳代,その他,施錠した
窃盗,自転車盗,練馬,早宮交番,131202,東京都,練馬区,早宮１丁目,2020-02-15,18,その他の住宅（３階建て以下共同住宅等）,駐車（輪）場,40歳代,その他,施錠した
窃盗,自転車盗,練馬,早宮交番,131202,東京都,練馬区,早宮１丁目,2020-06-14,20,その他の住宅（３階建て以下共同住宅等）,駐車（輪）場,40歳代,その他,施錠した
窃盗,自転車盗,練馬,早宮交番,131202,東京都,練馬区,早宮１丁目,2020-10-16,09,その他,駐車（輪）場,20歳代,その他,施錠した
窃盗,自転車盗,練馬,早宮交番,131202,東京都,練馬区,早宮１丁目,2020-10-24,06,その他,駐車（輪）場,20歳代,その他,施錠した
窃盗,自転車盗,練馬,早宮交番,131202,東京都,練馬区,早宮１丁目,2020-12-15,19,４階建て以上共同住宅,駐車（輪）場,40歳代,その他,施錠した
窃盗,自転車盗,練馬,早宮交番,131202,東京都,練馬区,早宮２丁目,2020-01-05,20,道路上,その他,50歳代,その他,施錠した
窃盗,自転車盗,練馬,早宮交番,131202,東京都,練馬区,早宮２丁目,2020-10-27,07,駐車（輪）場,駐車（輪）場,30歳代,その他,施錠した
窃盗,自転車盗,練馬,早宮交番,131202,東京都,練馬区,早宮２丁目,2020-12-24,07,駐車（輪）場,駐車（輪）場,30歳代,その他,施錠した
窃盗,自転車盗,練馬,早宮交番,131202,東京都,練馬区,早宮３丁目,2020-11-24,17,その他の住宅（３階建て以下共同住宅等）,駐車（輪）場,20歳代,その他,施錠した
窃盗,自転車盗,練馬,早宮交番,131202,東京都,練馬区,早宮４丁目,2020-04-07,19,一戸建住宅,その他,50歳代,その他,施錠した
窃盗,自転車盗,練馬,早宮交番,131202,東京都,練馬区,平和台３丁目,2020-02-29,15,その他の住宅（３階建て以下共同住宅等）,駐車（輪）場,20歳代,大学生,施錠した
窃盗,自転車盗,練馬,早宮交番,131202,東京都,練馬区,平和台３丁目,2020-04-01,13,その他の住宅（３階建て以下共同住宅等）,駐車（輪）場,40歳代,その他,施錠した
窃盗,自転車盗,練馬,早宮交番,131202,東京都,練馬区,平和台３丁目,2020-04-12,11,４階建て以上共同住宅,駐車（輪）場,50歳代,その他,施錠した
窃盗,自転車盗,練馬,早宮交番,131202,東京都,練馬区,平和台３丁目,2020-06-04,16,その他の住宅（３階建て以下共同住宅等）,駐車（輪）場,65-69歳,その他,施錠した
窃盗,自転車盗,練馬,早宮交番,131202,東京都,練馬区,平和台４丁目,2020-10-30,08,その他の住宅（３階建て以下共同住宅等）,駐車（輪）場,30歳代,その他,施錠した
窃盗,自転車盗,練馬,氷川神社前交番,131202,東京都,練馬区,豊玉中１丁目,2020-02-16,18,一戸建住宅,駐車（輪）場,30歳代,その他,施錠した
窃盗,自転車盗,練馬,氷川神社前交番,131202,東京都,練馬区,豊玉中１丁目,2020-03-02,20,駐車（輪）場,駐車（輪）場,40歳代,その他,施錠した
窃盗,自転車盗,練馬,氷川神社前交番,131202,東京都,練馬区,豊玉中２丁目,2020-07-21,20,４階建て以上共同住宅,その他,20歳代,その他,施錠した
窃盗,自転車盗,練馬,氷川神社前交番,131202,東京都,練馬区,豊玉中２丁目,2020-09-03,21,駐車（輪）場,駐車（輪）場,20歳代,その他,施錠した
窃盗,自転車盗,練馬,氷川神社前交番,131202,東京都,練馬区,豊玉中２丁目,2020-11-22,20,その他の住宅（３階建て以下共同住宅等）,駐車（輪）場,50歳代,その他,施錠した
窃盗,自転車盗,練馬,氷川神社前交番,131202,東京都,練馬区,豊玉中３丁目,2020-08-20,23,４階建て以上共同住宅,駐車（輪）場,50歳代,その他,施錠した
窃盗,自転車盗,練馬,氷川神社前交番,131202,東京都,練馬区,豊玉中３丁目,2020-09-21,07,その他,駐車（輪）場,20歳代,その他,施錠した
窃盗,自転車盗,練馬,氷川神社前交番,131202,東京都,練馬区,豊玉中３丁目,2020-12-08,17,その他,駐車（輪）場,10歳代,高校生,施錠した
窃盗,自転車盗,練馬,氷川神社前交番,131202,東京都,練馬区,豊玉中４丁目,2020-03-15,13,一戸建住宅,駐車（輪）場,70歳以上,その他,施錠した
窃盗,自転車盗,練馬,氷川神社前交番,131202,東京都,練馬区,豊玉南２丁目,2020-10-16,13,４階建て以上共同住宅,駐車（輪）場,65-69歳,その他,施錠した
窃盗,自転車盗,練馬,氷川神社前交番,131202,東京都,練馬区,豊玉南３丁目,2019-12-20,04,その他の住宅（３階建て以下共同住宅等）,駐車（輪）場,20歳代,その他,施錠した
窃盗,自転車盗,練馬,氷川神社前交番,131202,東京都,練馬区,豊玉南３丁目,2020-05-11,15,その他の住宅（３階建て以下共同住宅等）,駐車（輪）場,20歳代,大学生,施錠した
窃盗,自転車盗,練馬,氷川神社前交番,131202,東京都,練馬区,中村南１丁目,2019-12-15,22,その他の住宅（３階建て以下共同住宅等）,駐車（輪）場,50歳代,その他,施錠した
窃盗,自転車盗,練馬,氷川神社前交番,131202,東京都,練馬区,中村南１丁目,2020-03-09,15,４階建て以上共同住宅,駐車（輪）場,30歳代,その他,施錠した
窃盗,自転車盗,練馬,富士見台駅前交番,131202,東京都,練馬区,貫井１丁目,2020-10-16,06,駐車（輪）場,駐車（輪）場,30歳代,その他,施錠した
窃盗,自転車盗,練馬,富士見台駅前交番,131202,東京都,練馬区,貫井１丁目,2020-11-01,18,４階建て以上共同住宅,駐車（輪）場,40歳代,その他,施錠した
窃盗,自転車盗,練馬,富士見台駅前交番,131202,東京都,練馬区,貫井３丁目,2020-01-12,12,駐車（輪）場,駐車（輪）場,20歳代,その他,施錠した
窃盗,自転車盗,練馬,富士見台駅前交番,131202,東京都,練馬区,貫井３丁目,2020-03-03,08,駐車（輪）場,駐車（輪）場,40歳代,その他,施錠した
窃盗,自転車盗,練馬,富士見台駅前交番,131202,東京都,練馬区,貫井３丁目,2020-03-28,15,その他,駐車（輪）場,60-64歳,その他,施錠した
窃盗,自転車盗,練馬,富士見台駅前交番,131202,東京都,練馬区,貫井３丁目,2020-12-20,14,道路上,その他,20歳代,その他,施錠した
窃盗,自転車盗,練馬,富士見台駅前交番,131202,東京都,練馬区,貫井４丁目,2020-03-07,06,一戸建住宅,その他,40歳代,その他,施錠した
窃盗,自転車盗,練馬,富士見台駅前交番,131202,東京都,練馬区,貫井４丁目,2020-10-25,19,その他の住宅（３階建て以下共同住宅等）,その他,30歳代,その他,施錠した
窃盗,自転車盗,石神井,石神井公園駅前交番,131202,東京都,練馬区,上石神井２丁目,2020-12-26,18,その他の住宅（３階建て以下共同住宅等）,駐車（輪）場,20歳代,その他,施錠した
窃盗,自転車盗,石神井,石神井公園駅前交番,131202,東京都,練馬区,下石神井６丁目,2020-04-01,13,４階建て以上共同住宅,駐車（輪）場,30歳代,その他,施錠した
窃盗,自転車盗,石神井,石神井公園駅前交番,131202,東京都,練馬区,石神井台３丁目,2020-11-13,17,４階建て以上共同住宅,その他,20歳代,その他,施錠した
窃盗,自転車盗,石神井,石神井公園駅前交番,131202,東京都,練馬区,石神井台４丁目,2020-08-18,13,道路上,その他,10歳代,その他,施錠した
窃盗,自転車盗,石神井,石神井公園駅前交番,131202,東京都,練馬区,石神井町１丁目,2019-12-07,07,駐車（輪）場,駐車（輪）場,20歳代,その他,施錠した
窃盗,自転車盗,石神井,石神井公園駅前交番,131202,東京都,練馬区,石神井町１丁目,2020-01-03,21,駐車（輪）場,駐車（輪）場,20歳代,その他,施錠した
窃盗,自転車盗,石神井,石神井公園駅前交番,131202,東京都,練馬区,石神井町１丁目,2020-01-12,11,駐車（輪）場,駐車（輪）場,20歳代,大学生,施錠した
窃盗,自転車盗,石神井,石神井公園駅前交番,131202,東京都,練馬区,石神井町２丁目,2019-12-26,20,道路上,その他,40歳代,その他,施錠した
窃盗,自転車盗,石神井,石神井公園駅前交番,131202,東京都,練馬区,石神井町２丁目,2020-01-10,11,その他,駐車（輪）場,40歳代,その他,施錠した
窃盗,自転車盗,石神井,石神井公園駅前交番,131202,東京都,練馬区,石神井町２丁目,2020-01-14,10,その他,駐車（輪）場,70歳以上,その他,施錠した
窃盗,自転車盗,石神井,石神井公園駅前交番,131202,東京都,練馬区,石神井町２丁目,2020-02-06,13,４階建て以上共同住宅,駐車（輪）場,30歳代,その他,施錠した
窃盗,自転車盗,石神井,石神井公園駅前交番,131202,東京都,練馬区,石神井町２丁目,2020-03-26,20,４階建て以上共同住宅,駐車（輪）場,50歳代,その他,施錠した
窃盗,自転車盗,石神井,石神井公園駅前交番,131202,東京都,練馬区,石神井町２丁目,2020-03-29,21,その他,駐車（輪）場,30歳代,その他,施錠した
窃盗,自転車盗,石神井,石神井公園駅前交番,131202,東京都,練馬区,石神井町２丁目,2020-07-25,23,４階建て以上共同住宅,駐車（輪）場,40歳代,その他,施錠した
窃盗,自転車盗,石神井,石神井公園駅前交番,131202,東京都,練馬区,石神井町２丁目,2020-09-17,12,道路上,その他,70歳以上,その他,施錠した
窃盗,自転車盗,石神井,石神井公園駅前交番,131202,東京都,練馬区,石神井町２丁目,2020-10-25,16,その他の住宅（３階建て以下共同住宅等）,その他,10歳代,大学生,施錠した
窃盗,自転車盗,石神井,石神井公園駅前交番,131202,東京都,練馬区,石神井町２丁目,2020-11-13,10,４階建て以上共同住宅,駐車（輪）場,20歳代,大学生,施錠した
窃盗,自転車盗,石神井,石神井公園駅前交番,131202,東京都,練馬区,石神井町３丁目,2019-12-17,22,道路上,その他,40歳代,その他,施錠した
窃盗,自転車盗,石神井,石神井公園駅前交番,131202,東京都,練馬区,石神井町３丁目,2019-12-25,19,４階建て以上共同住宅,駐車（輪）場,30歳代,その他,施錠した
窃盗,自転車盗,石神井,石神井公園駅前交番,131202,東京都,練馬区,石神井町３丁目,2020-01-02,08,その他,駐車（輪）場,60-64歳,その他,施錠した
窃盗,自転車盗,石神井,石神井公園駅前交番,131202,東京都,練馬区,石神井町３丁目,2020-02-09,15,４階建て以上共同住宅,駐車（輪）場,40歳代,その他,施錠した
窃盗,自転車盗,石神井,石神井公園駅前交番,131202,東京都,練馬区,石神井町３丁目,2020-04-03,11,その他,駐車（輪）場,30歳代,その他,施錠した
窃盗,自転車盗,石神井,石神井公園駅前交番,131202,東京都,練馬区,石神井町３丁目,2020-04-03,14,その他,駐車（輪）場,70歳以上,その他,施錠した
窃盗,自転車盗,石神井,石神井公園駅前交番,131202,東京都,練馬区,石神井町３丁目,2020-06-01,14,その他の住宅（３階建て以下共同住宅等）,駐車（輪）場,70歳以上,その他,施錠した
窃盗,自転車盗,石神井,石神井公園駅前交番,131202,東京都,練馬区,石神井町３丁目,2020-06-03,08,その他,その他,20歳代,その他,施錠した
窃盗,自転車盗,石神井,石神井公園駅前交番,131202,東京都,練馬区,石神井町３丁目,2020-07-31,08,駐車（輪）場,駐車（輪）場,30歳代,その他,施錠した
窃盗,自転車盗,石神井,石神井公園駅前交番,131202,東京都,練馬区,石神井町３丁目,2020-08-07,06,駐車（輪）場,駐車（輪）場,10歳代,大学生,施錠した
窃盗,自転車盗,石神井,石神井公園駅前交番,131202,東京都,練馬区,石神井町３丁目,2020-08-11,21,道路上,その他,40歳代,その他,施錠した
窃盗,自転車盗,石神井,石神井公園駅前交番,131202,東京都,練馬区,石神井町３丁目,2020-08-16,16,４階建て以上共同住宅,駐車（輪）場,30歳代,その他,施錠した
窃盗,自転車盗,石神井,石神井公園駅前交番,131202,東京都,練馬区,石神井町３丁目,2020-08-21,16,４階建て以上共同住宅,駐車（輪）場,50歳代,その他,施錠した
窃盗,自転車盗,石神井,石神井公園駅前交番,131202,東京都,練馬区,石神井町３丁目,2020-08-30,10,駐車（輪）場,駐車（輪）場,70歳以上,その他,施錠した
窃盗,自転車盗,石神井,石神井公園駅前交番,131202,東京都,練馬区,石神井町３丁目,2020-09-01,06,その他の住宅（３階建て以下共同住宅等）,その他,40歳代,その他,施錠した
窃盗,自転車盗,石神井,石神井公園駅前交番,131202,東京都,練馬区,石神井町３丁目,2020-09-04,23,４階建て以上共同住宅,駐車（輪）場,10歳代,大学生,施錠した
窃盗,自転車盗,石神井,石神井公園駅前交番,131202,東京都,練馬区,石神井町３丁目,2020-09-29,10,道路上,その他,40歳代,その他,施錠した
窃盗,自転車盗,石神井,石神井公園駅前交番,131202,東京都,練馬区,石神井町３丁目,2020-10-25,22,４階建て以上共同住宅,駐車（輪）場,40歳代,その他,施錠した
窃盗,自転車盗,石神井,石神井公園駅前交番,131202,東京都,練馬区,石神井町３丁目,2020-11-02,11,その他,駐車（輪）場,40歳代,その他,施錠した
窃盗,自転車盗,石神井,石神井公園駅前交番,131202,東京都,練馬区,石神井町３丁目,2020-11-20,08,４階建て以上共同住宅,駐車（輪）場,40歳代,その他,施錠した
窃盗,自転車盗,石神井,石神井公園駅前交番,131202,東京都,練馬区,石神井町３丁目,2020-11-20,23,４階建て以上共同住宅,駐車（輪）場,20歳代,その他,施錠した
窃盗,自転車盗,石神井,石神井公園駅前交番,131202,東京都,練馬区,石神井町４丁目,2020-02-17,19,その他,駐車（輪）場,50歳代,その他,施錠した
窃盗,自転車盗,石神井,石神井公園駅前交番,131202,東京都,練馬区,石神井町４丁目,2020-03-09,15,その他,駐車（輪）場,10歳代,その他,施錠した
窃盗,自転車盗,石神井,石神井公園駅前交番,131202,東京都,練馬区,石神井町４丁目,2020-04-10,10,その他,駐車（輪）場,70歳以上,その他,施錠した
窃盗,自転車盗,石神井,石神井公園駅前交番,131202,東京都,練馬区,石神井町４丁目,2020-07-01,11,その他,駐車（輪）場,20歳代,その他,施錠した
窃盗,自転車盗,石神井,石神井公園駅前交番,131202,東京都,練馬区,石神井町４丁目,2020-07-21,07,その他の住宅（３階建て以下共同住宅等）,駐車（輪）場,30歳代,その他,施錠した
窃盗,自転車盗,石神井,石神井公園駅前交番,131202,東京都,練馬区,石神井町４丁目,2020-08-17,12,その他,駐車（輪）場,65-69歳,その他,施錠した
窃盗,自転車盗,石神井,石神井公園駅前交番,131202,東京都,練馬区,石神井町４丁目,2020-10-31,16,駐車（輪）場,駐車（輪）場,20歳代,その他,施錠した
窃盗,自転車盗,石神井,石神井公園駅前交番,131202,東京都,練馬区,石神井町５丁目,2019-10-12,09,その他の住宅（３階建て以下共同住宅等）,駐車（輪）場,20歳代,大学生,施錠した
窃盗,自転車盗,石神井,石神井公園駅前交番,131202,東京都,練馬区,石神井町５丁目,2020-09-20,12,その他の住宅（３階建て以下共同住宅等）,駐車（輪）場,20歳代,その他,施錠した
窃盗,自転車盗,石神井,石神井公園駅前交番,131202,東京都,練馬区,石神井町６丁目,2020-01-11,18,その他の住宅（３階建て以下共同住宅等）,駐車（輪）場,20歳代,その他,施錠した
窃盗,自転車盗,石神井,石神井公園駅前交番,131202,東京都,練馬区,石神井町７丁目,2020-01-24,01,道路上,その他,40歳代,その他,施錠した
窃盗,自転車盗,石神井,石神井公園駅前交番,131202,東京都,練馬区,石神井町７丁目,2020-03-27,14,その他,駐車（輪）場,30歳代,その他,施錠した
窃盗,自転車盗,石神井,石神井公園駅前交番,131202,東京都,練馬区,石神井町８丁目,2020-01-11,10,一戸建住宅,駐車（輪）場,30歳代,その他,施錠した
窃盗,自転車盗,石神井,石神井公園駅前交番,131202,東京都,練馬区,石神井町８丁目,2020-01-26,15,４階建て以上共同住宅,駐車（輪）場,10歳代,高校生,施錠した
窃盗,自転車盗,石神井,石神井公園駅前交番,131202,東京都,練馬区,石神井町８丁目,2020-04-19,22,４階建て以上共同住宅,駐車（輪）場,30歳代,その他,施錠した
窃盗,自転車盗,石神井,石神井公園駅前交番,131202,東京都,練馬区,石神井町８丁目,2020-06-08,18,一戸建住宅,その他,40歳代,その他,施錠した
窃盗,自転車盗,石神井,石神井公園駅前交番,131202,東京都,練馬区,石神井町８丁目,2020-06-09,06,一戸建住宅,その他,10歳代,高校生,施錠した
窃盗,自転車盗,石神井,石神井公園駅前交番,131202,東京都,練馬区,石神井町８丁目,2020-08-07,03,４階建て以上共同住宅,駐車（輪）場,30歳代,その他,施錠した
窃盗,自転車盗,石神井,石神井公園駅前交番,131202,東京都,練馬区,石神井町８丁目,2020-08-12,15,４階建て以上共同住宅,駐車（輪）場,50歳代,その他,施錠した
窃盗,自転車盗,石神井,石神井公園駅前交番,131202,東京都,練馬区,石神井町８丁目,2020-10-19,08,駐車（輪）場,駐車（輪）場,40歳代,その他,施錠した
窃盗,自転車盗,石神井,大泉学園駅前交番,131202,東京都,練馬区,大泉学園町２丁目,2019-08-31,17,その他の住宅（３階建て以下共同住宅等）,駐車（輪）場,20歳代,大学生,施錠した
窃盗,自転車盗,石神井,大泉学園駅前交番,131202,東京都,練馬区,大泉学園町７丁目,2020-02-27,18,道路上,その他,10歳代,中学生,施錠した
窃盗,自転車盗,石神井,大泉学園駅前交番,131202,東京都,練馬区,大泉学園町７丁目,2020-06-30,14,その他の住宅（３階建て以下共同住宅等）,駐車（輪）場,50歳代,その他,施錠した
窃盗,自転車盗,石神井,大泉学園駅前交番,131202,東京都,練馬区,東大泉１丁目,2020-02-14,03,道路上,その他,20歳代,大学生,施錠した
窃盗,自転車盗,石神井,大泉学園駅前交番,131202,東京都,練馬区,東大泉１丁目,2020-02-23,13,道路上,その他,70歳以上,その他,施錠した
窃盗,自転車盗,石神井,大泉学園駅前交番,131202,東京都,練馬区,東大泉１丁目,2020-02-26,17,４階建て以上共同住宅,駐車（輪）場,10歳代,高校生,施錠した
窃盗,自転車盗,石神井,大泉学園駅前交番,131202,東京都,練馬区,東大泉１丁目,2020-04-17,08,駐車（輪）場,駐車（輪）場,40歳代,その他,施錠した
窃盗,自転車盗,石神井,大泉学園駅前交番,131202,東京都,練馬区,東大泉１丁目,2020-06-11,08,駐車（輪）場,駐車（輪）場,30歳代,その他,施錠した
窃盗,自転車盗,石神井,大泉学園駅前交番,131202,東京都,練馬区,東大泉１丁目,2020-07-24,05,駐車（輪）場,駐車（輪）場,40歳代,その他,施錠した
窃盗,自転車盗,石神井,大泉学園駅前交番,131202,東京都,練馬区,東大泉１丁目,2020-07-30,16,駐車（輪）場,駐車（輪）場,70歳以上,その他,施錠した
窃盗,自転車盗,石神井,大泉学園駅前交番,131202,東京都,練馬区,東大泉１丁目,2020-08-27,07,その他,その他,20歳代,大学生,施錠した
窃盗,自転車盗,石神井,大泉学園駅前交番,131202,東京都,練馬区,東大泉１丁目,2020-09-05,19,４階建て以上共同住宅,その他,40歳代,その他,施錠した
窃盗,自転車盗,石神井,大泉学園駅前交番,131202,東京都,練馬区,東大泉１丁目,2020-11-13,03,その他,その他,20歳代,その他,施錠した
窃盗,自転車盗,石神井,大泉学園駅前交番,131202,東京都,練馬区,東大泉１丁目,2020-11-13,15,道路上,その他,70歳以上,その他,施錠した
窃盗,自転車盗,石神井,大泉学園駅前交番,131202,東京都,練馬区,東大泉２丁目,2020-07-24,08,その他の住宅（３階建て以下共同住宅等）,駐車（輪）場,10歳代,その他,施錠した
窃盗,自転車盗,石神井,大泉学園駅前交番,131202,東京都,練馬区,東大泉３丁目,2019-12-22,12,４階建て以上共同住宅,駐車（輪）場,20歳代,その他,施錠した
窃盗,自転車盗,石神井,大泉学園駅前交番,131202,東京都,練馬区,東大泉３丁目,2020-08-06,18,一戸建住宅,駐車（輪）場,10歳代,高校生,施錠した
窃盗,自転車盗,石神井,大泉学園駅前交番,131202,東京都,練馬区,東大泉３丁目,2020-09-07,16,その他の住宅（３階建て以下共同住宅等）,駐車（輪）場,70歳以上,その他,施錠した
窃盗,自転車盗,石神井,大泉学園駅前交番,131202,東京都,練馬区,東大泉４丁目,2019-12-28,13,駐車（輪）場,駐車（輪）場,10歳代,高校生,施錠した
窃盗,自転車盗,石神井,大泉学園駅前交番,131202,東京都,練馬区,東大泉４丁目,2019-12-30,06,駐車（輪）場,駐車（輪）場,50歳代,その他,施錠した
窃盗,自転車盗,石神井,大泉学園駅前交番,131202,東京都,練馬区,東大泉４丁目,2020-02-06,20,駐車（輪）場,駐車（輪）場,10歳代,高校生,施錠した
窃盗,自転車盗,石神井,大泉学園駅前交番,131202,東京都,練馬区,東大泉４丁目,2020-02-07,16,駐車（輪）場,駐車（輪）場,10歳代,高校生,施錠した
窃盗,自転車盗,石神井,大泉学園駅前交番,131202,東京都,練馬区,東大泉４丁目,2020-09-11,19,駐車（輪）場,駐車（輪）場,10歳代,中学生,施錠した
窃盗,自転車盗,石神井,大泉学園駅前交番,131202,東京都,練馬区,東大泉４丁目,2020-10-30,18,４階建て以上共同住宅,駐車（輪）場,40歳代,その他,施錠した
窃盗,自転車盗,石神井,大泉学園駅前交番,131202,東京都,練馬区,東大泉５丁目,2020-02-01,15,その他,駐車（輪）場,20歳代,その他,施錠した
窃盗,自転車盗,石神井,大泉学園駅前交番,131202,東京都,練馬区,東大泉５丁目,2020-02-24,17,その他,駐車（輪）場,10歳代,高校生,施錠した
窃盗,自転車盗,石神井,大泉学園駅前交番,131202,東京都,練馬区,東大泉５丁目,2020-03-27,11,その他,駐車（輪）場,20歳代,その他,施錠した
窃盗,自転車盗,石神井,大泉学園駅前交番,131202,東京都,練馬区,東大泉５丁目,2020-04-29,11,その他の住宅（３階建て以下共同住宅等）,駐車（輪）場,20歳代,その他,施錠した
窃盗,自転車盗,石神井,大泉学園駅前交番,131202,東京都,練馬区,東大泉５丁目,2020-06-05,15,その他の住宅（３階建て以下共同住宅等）,駐車（輪）場,20歳代,大学生,施錠した
窃盗,自転車盗,石神井,大泉学園駅前交番,131202,東京都,練馬区,東大泉５丁目,2020-07-09,23,その他の住宅（３階建て以下共同住宅等）,駐車（輪）場,20歳代,その他,施錠した
窃盗,自転車盗,石神井,大泉学園駅前交番,131202,東京都,練馬区,東大泉５丁目,2020-07-18,19,道路上,その他,20歳代,その他,施錠した
窃盗,自転車盗,石神井,大泉学園駅前交番,131202,東京都,練馬区,東大泉５丁目,2020-08-30,17,４階建て以上共同住宅,駐車（輪）場,50歳代,その他,施錠した
窃盗,自転車盗,石神井,大泉学園駅前交番,131202,東京都,練馬区,東大泉５丁目,2020-09-14,16,駐車（輪）場,駐車（輪）場,20歳代,その他,施錠した
窃盗,自転車盗,石神井,大泉学園駅前交番,131202,東京都,練馬区,東大泉６丁目,2020-02-16,17,その他の住宅（３階建て以下共同住宅等）,その他,30歳代,その他,施錠した
窃盗,自転車盗,石神井,大泉学園駅前交番,131202,東京都,練馬区,東大泉６丁目,2020-09-23,08,４階建て以上共同住宅,駐車（輪）場,20歳代,その他,施錠した
窃盗,自転車盗,石神井,大泉学園駅前交番,131202,東京都,練馬区,東大泉６丁目,2020-10-15,17,４階建て以上共同住宅,その他,20歳代,その他,施錠した
窃盗,自転車盗,石神井,大泉学園駅前交番,131202,東京都,練馬区,東大泉７丁目,2019-12-11,13,その他の住宅（３階建て以下共同住宅等）,駐車（輪）場,30歳代,その他,施錠した
窃盗,自転車盗,石神井,武蔵関駅前交番,131202,東京都,練馬区,上石神井４丁目,2020-01-31,00,その他の住宅（３階建て以下共同住宅等）,駐車（輪）場,20歳代,その他,施錠した
窃盗,自転車盗,石神井,武蔵関駅前交番,131202,東京都,練馬区,上石神井４丁目,2020-03-10,20,その他の住宅（３階建て以下共同住宅等）,駐車（輪）場,20歳代,その他,施錠した
窃盗,自転車盗,石神井,武蔵関駅前交番,131202,東京都,練馬区,石神井台７丁目,2020-08-19,08,その他,駐車（輪）場,20歳代,その他,施錠した
窃盗,自転車盗,石神井,武蔵関駅前交番,131202,東京都,練馬区,石神井台７丁目,2020-11-05,06,その他,その他,40歳代,その他,施錠した
窃盗,自転車盗,石神井,武蔵関駅前交番,131202,東京都,練馬区,関町北１丁目,2020-01-31,20,４階建て以上共同住宅,その他,10歳代,大学生,施錠した
窃盗,自転車盗,石神井,武蔵関駅前交番,131202,東京都,練馬区,関町北１丁目,2020-04-10,18,駐車（輪）場,駐車（輪）場,10歳代,その他,施錠した
窃盗,自転車盗,石神井,武蔵関駅前交番,131202,東京都,練馬区,関町北１丁目,2020-07-12,18,４階建て以上共同住宅,駐車（輪）場,50歳代,その他,施錠した
窃盗,自転車盗,石神井,武蔵関駅前交番,131202,東京都,練馬区,関町北２丁目,2020-07-08,14,一戸建住宅,その他,50歳代,その他,施錠した
窃盗,自転車盗,石神井,武蔵関駅前交番,131202,東京都,練馬区,関町北２丁目,2020-08-31,07,駐車（輪）場,駐車（輪）場,20歳代,その他,施錠した
窃盗,自転車盗,石神井,武蔵関駅前交番,131202,東京都,練馬区,関町北３丁目,2020-04-24,17,一戸建住宅,駐車（輪）場,10歳代,高校生,施錠した
窃盗,自転車盗,石神井,武蔵関駅前交番,131202,東京都,練馬区,関町北３丁目,2020-05-21,15,その他,駐車（輪）場,40歳代,その他,施錠した
窃盗,自転車盗,石神井,武蔵関駅前交番,131202,東京都,練馬区,関町北４丁目,2020-08-24,19,駐車（輪）場,駐車（輪）場,40歳代,その他,施錠した
窃盗,自転車盗,石神井,武蔵関駅前交番,131202,東京都,練馬区,関町北５丁目,2020-09-22,19,その他の住宅（３階建て以下共同住宅等）,駐車（輪）場,20歳代,その他,施錠した
窃盗,自転車盗,石神井,武蔵関駅前交番,131202,東京都,練馬区,関町東２丁目,2020-04-27,19,その他の住宅（３階建て以下共同住宅等）,駐車（輪）場,40歳代,その他,施錠した
窃盗,自転車盗,石神井,上石神井駅前交番,131202,東京都,練馬区,上石神井１丁目,2019-12-14,18,道路上,その他,50歳代,その他,施錠した
窃盗,自転車盗,石神井,上石神井駅前交番,131202,東京都,練馬区,上石神井１丁目,2020-01-05,09,一戸建住宅,駐車（輪）場,70歳以上,その他,施錠した
窃盗,自転車盗,石神井,上石神井駅前交番,131202,東京都,練馬区,上石神井１丁目,2020-05-30,19,４階建て以上共同住宅,駐車（輪）場,20歳代,その他,施錠した
窃盗,自転車盗,石神井,上石神井駅前交番,131202,東京都,練馬区,上石神井１丁目,2020-09-19,13,道路上,その他,30歳代,その他,施錠した
窃盗,自転車盗,石神井,上石神井駅前交番,131202,東京都,練馬区,上石神井１丁目,2020-11-04,07,駐車（輪）場,駐車（輪）場,30歳代,その他,施錠した
窃盗,自転車盗,石神井,上石神井駅前交番,131202,東京都,練馬区,上石神井１丁目,2020-12-06,18,その他の住宅（３階建て以下共同住宅等）,駐車（輪）場,50歳代,その他,施錠した
窃盗,自転車盗,石神井,上石神井駅前交番,131202,東京都,練馬区,上石神井１丁目,2020-12-25,21,４階建て以上共同住宅,駐車（輪）場,30歳代,その他,施錠した
窃盗,自転車盗,石神井,上石神井駅前交番,131202,東京都,練馬区,上石神井２丁目,2020-02-19,17,駐車（輪）場,駐車（輪）場,40歳代,その他,施錠した
窃盗,自転車盗,石神井,上石神井駅前交番,131202,東京都,練馬区,上石神井２丁目,2020-04-12,19,その他の住宅（３階建て以下共同住宅等）,その他,10歳代,大学生,施錠した
窃盗,自転車盗,石神井,上石神井駅前交番,131202,東京都,練馬区,上石神井２丁目,2020-06-02,17,その他の住宅（３階建て以下共同住宅等）,駐車（輪）場,20歳代,その他,施錠した
窃盗,自転車盗,石神井,上石神井駅前交番,131202,東京都,練馬区,上石神井２丁目,2020-08-23,10,４階建て以上共同住宅,駐車（輪）場,40歳代,その他,施錠した
窃盗,自転車盗,石神井,上石神井駅前交番,131202,東京都,練馬区,上石神井２丁目,2020-12-12,07,駐車（輪）場,駐車（輪）場,10歳代,高校生,施錠した
窃盗,自転車盗,石神井,上石神井駅前交番,131202,東京都,練馬区,上石神井３丁目,2020-01-06,19,その他の住宅（３階建て以下共同住宅等）,駐車（輪）場,30歳代,その他,施錠した
窃盗,自転車盗,石神井,上石神井駅前交番,131202,東京都,練馬区,上石神井３丁目,2020-02-04,21,４階建て以上共同住宅,駐車（輪）場,40歳代,その他,施錠した
窃盗,自転車盗,石神井,上石神井駅前交番,131202,東京都,練馬区,上石神井３丁目,2020-03-21,08,４階建て以上共同住宅,駐車（輪）場,50歳代,その他,施錠した
窃盗,自転車盗,石神井,上石神井駅前交番,131202,東京都,練馬区,上石神井３丁目,2020-06-29,19,その他の住宅（３階建て以下共同住宅等）,駐車（輪）場,60-64歳,その他,施錠した
窃盗,自転車盗,石神井,上石神井駅前交番,131202,東京都,練馬区,上石神井３丁目,2020-07-08,19,その他の住宅（３階建て以下共同住宅等）,駐車（輪）場,20歳代,その他,施錠した
窃盗,自転車盗,石神井,上石神井駅前交番,131202,東京都,練馬区,上石神井４丁目,2019-12-30,09,その他,駐車（輪）場,20歳代,大学生,施錠した
窃盗,自転車盗,石神井,上石神井駅前交番,131202,東京都,練馬区,上石神井４丁目,2020-01-17,17,その他,駐車（輪）場,10歳代,大学生,施錠した
窃盗,自転車盗,石神井,上石神井駅前交番,131202,東京都,練馬区,上石神井南町,2020-01-12,05,その他の住宅（３階建て以下共同住宅等）,駐車（輪）場,30歳代,その他,施錠した
窃盗,自転車盗,石神井,大泉学園交番,131202,東京都,練馬区,大泉学園町１丁目,2020-07-28,16,その他の住宅（３階建て以下共同住宅等）,駐車（輪）場,70歳以上,その他,施錠した
窃盗,自転車盗,石神井,大泉学園交番,131202,東京都,練馬区,大泉学園町２丁目,2020-05-13,10,その他の住宅（３階建て以下共同住宅等）,駐車（輪）場,50歳代,その他,施錠した
窃盗,自転車盗,石神井,大泉学園交番,131202,東京都,練馬区,大泉学園町２丁目,2020-10-12,20,４階建て以上共同住宅,駐車（輪）場,20歳代,その他,施錠した
窃盗,自転車盗,石神井,大泉学園交番,131202,東京都,練馬区,大泉学園町３丁目,2020-01-08,09,一戸建住宅,その他,40歳代,その他,施錠した
窃盗,自転車盗,石神井,大泉学園交番,131202,東京都,練馬区,大泉学園町４丁目,2020-06-05,15,道路上,その他,10歳代,中学生,施錠した
窃盗,自転車盗,石神井,大泉学園交番,131202,東京都,練馬区,大泉学園町４丁目,2020-09-15,18,一戸建住宅,駐車（輪）場,10歳代,高校生,施錠した
窃盗,自転車盗,石神井,大泉学園交番,131202,東京都,練馬区,大泉学園町４丁目,2020-11-24,07,４階建て以上共同住宅,駐車（輪）場,50歳代,その他,施錠した
窃盗,自転車盗,石神井,大泉学園交番,131202,東京都,練馬区,大泉学園町５丁目,2019-12-15,18,４階建て以上共同住宅,駐車（輪）場,10歳代,高校生,施錠した
窃盗,自転車盗,石神井,大泉学園交番,131202,東京都,練馬区,大泉学園町６丁目,2020-04-28,16,その他,その他,20歳代,その他,施錠した
窃盗,自転車盗,石神井,大泉学園交番,131202,東京都,練馬区,大泉学園町６丁目,2020-05-05,22,一戸建住宅,その他,40歳代,その他,施錠した
窃盗,自転車盗,石神井,大泉学園交番,131202,東京都,練馬区,大泉学園町６丁目,2020-12-25,12,その他,駐車（輪）場,70歳以上,その他,施錠した
窃盗,自転車盗,石神井,大泉学園交番,131202,東京都,練馬区,大泉学園町７丁目,2020-12-19,19,その他,その他,10歳代,大学生,施錠した
窃盗,自転車盗,石神井,大泉学園交番,131202,東京都,練馬区,大泉学園町８丁目,2020-08-13,09,４階建て以上共同住宅,駐車（輪）場,20歳代,その他,施錠した
窃盗,自転車盗,石神井,大泉学園交番,131202,東京都,練馬区,大泉町４丁目,2020-05-31,16,その他の住宅（３階建て以下共同住宅等）,駐車（輪）場,10歳代,中学生,施錠した
窃盗,自転車盗,石神井,大泉学園交番,131202,東京都,練馬区,東大泉７丁目,2019-12-11,13,その他の住宅（３階建て以下共同住宅等）,駐車（輪）場,65-69歳,その他,施錠した
窃盗,自転車盗,石神井,関町交番,131202,東京都,練馬区,上石神井１丁目,2020-05-01,18,４階建て以上共同住宅,駐車（輪）場,30歳代,その他,施錠した
窃盗,自転車盗,石神井,関町交番,131202,東京都,練馬区,立野町,2020-10-11,15,４階建て以上共同住宅,駐車（輪）場,50歳代,その他,施錠した
窃盗,自転車盗,石神井,関町交番,131202,東京都,練馬区,関町南１丁目,2020-07-01,17,４階建て以上共同住宅,駐車（輪）場,10歳代,中学生,施錠した
窃盗,自転車盗,石神井,関町交番,131202,東京都,練馬区,関町南２丁目,2020-10-24,18,その他の住宅（３階建て以下共同住宅等）,駐車（輪）場,20歳代,その他,施錠した
窃盗,自転車盗,石神井,関町交番,131202,東京都,練馬区,関町南３丁目,2020-01-25,20,その他の住宅（３階建て以下共同住宅等）,駐車（輪）場,10歳代,その他,施錠した
窃盗,自転車盗,石神井,関町交番,131202,東京都,練馬区,関町南３丁目,2020-09-23,21,その他の住宅（３階建て以下共同住宅等）,駐車（輪）場,20歳代,大学生,施錠した
窃盗,自転車盗,石神井,関町交番,131202,東京都,練馬区,関町南３丁目,2020-09-30,12,一戸建住宅,その他,30歳代,その他,施錠した
窃盗,自転車盗,石神井,関町交番,131202,東京都,練馬区,関町南４丁目,2020-07-29,18,一戸建住宅,その他,20歳代,その他,施錠した
窃盗,自転車盗,石神井,関町交番,131202,東京都,練馬区,関町南４丁目,2020-12-19,08,一戸建住宅,駐車（輪）場,10歳代,高校生,施錠した
窃盗,自転車盗,石神井,関町交番,131202,東京都,練馬区,関町東１丁目,2020-09-14,19,４階建て以上共同住宅,駐車（輪）場,20歳代,大学生,施錠した
窃盗,自転車盗,石神井,東大泉駐在所,131202,東京都,練馬区,東大泉２丁目,2020-02-17,18,その他の住宅（３階建て以下共同住宅等）,駐車（輪）場,30歳代,その他,施錠した
窃盗,自転車盗,石神井,東大泉駐在所,131202,東京都,練馬区,東大泉２丁目,2020-03-03,16,その他の住宅（３階建て以下共同住宅等）,その他,50歳代,その他,施錠した
窃盗,自転車盗,石神井,東大泉駐在所,131202,東京都,練馬区,東大泉２丁目,2020-09-25,16,その他,駐車（輪）場,10歳代,高校生,施錠した
窃盗,自転車盗,石神井,東大泉駐在所,131202,東京都,練馬区,東大泉２丁目,2020-10-26,09,その他の住宅（３階建て以下共同住宅等）,その他,20歳代,その他,施錠した
窃盗,自転車盗,石神井,東大泉駐在所,131202,東京都,練馬区,東大泉２丁目,2020-12-14,13,その他,駐車（輪）場,40歳代,その他,施錠した
窃盗,自転車盗,石神井,北大泉交番,131202,東京都,練馬区,大泉町２丁目,2020-03-25,21,一戸建住宅,その他,10歳代,中学生,施錠した
窃盗,自転車盗,石神井,北大泉交番,131202,東京都,練馬区,大泉町３丁目,2020-10-22,07,その他の住宅（３階建て以下共同住宅等）,駐車（輪）場,50歳代,その他,施錠した
窃盗,自転車盗,石神井,北大泉交番,131202,東京都,練馬区,大泉町４丁目,2020-01-23,22,その他の住宅（３階建て以下共同住宅等）,駐車（輪）場,10歳代,高校生,施錠した
窃盗,自転車盗,石神井,北大泉交番,131202,東京都,練馬区,大泉町４丁目,2020-05-21,21,４階建て以上共同住宅,駐車（輪）場,10歳代,高校生,施錠した
窃盗,自転車盗,石神井,北大泉交番,131202,東京都,練馬区,大泉町５丁目,2020-05-02,17,一戸建住宅,その他,10歳代,大学生,施錠した
窃盗,自転車盗,石神井,北大泉交番,131202,東京都,練馬区,大泉町６丁目,2019-12-29,17,４階建て以上共同住宅,駐車（輪）場,10歳代,高校生,施錠した
窃盗,自転車盗,石神井,北大泉交番,131202,東京都,練馬区,大泉町６丁目,2020-04-11,21,４階建て以上共同住宅,駐車（輪）場,30歳代,その他,施錠した
窃盗,自転車盗,石神井,西大泉交番,131202,東京都,練馬区,西大泉５丁目,2020-07-24,22,４階建て以上共同住宅,駐車（輪）場,10歳代,中学生,施錠した
窃盗,自転車盗,石神井,南大泉交番,131202,東京都,練馬区,東大泉６丁目,2020-03-18,22,その他の住宅（３階建て以下共同住宅等）,その他,30歳代,その他,施錠した
窃盗,自転車盗,石神井,南大泉交番,131202,東京都,練馬区,東大泉６丁目,2020-05-04,19,道路上,その他,10歳代,高校生,施錠した
窃盗,自転車盗,石神井,南大泉交番,131202,東京都,練馬区,東大泉７丁目,2020-06-26,11,道路上,その他,70歳以上,その他,施錠した
窃盗,自転車盗,石神井,南大泉交番,131202,東京都,練馬区,南大泉１丁目,2020-08-05,17,その他,その他,10歳代,中学生,施錠した
窃盗,自転車盗,石神井,南大泉交番,131202,東京都,練馬区,南大泉２丁目,2020-06-30,18,４階建て以上共同住宅,駐車（輪）場,20歳代,その他,施錠した
窃盗,自転車盗,石神井,南大泉交番,131202,東京都,練馬区,南大泉３丁目,2020-02-02,12,駐車（輪）場,駐車（輪）場,20歳代,大学生,施錠した
窃盗,自転車盗,石神井,南大泉交番,131202,東京都,練馬区,南大泉３丁目,2020-04-24,14,その他,駐車（輪）場,40歳代,その他,施錠した
窃盗,自転車盗,石神井,南大泉交番,131202,東京都,練馬区,南大泉３丁目,2020-09-24,01,その他,駐車（輪）場,20歳代,その他,施錠した
窃盗,自転車盗,石神井,南大泉交番,131202,東京都,練馬区,南大泉３丁目,2020-10-12,07,駐車（輪）場,駐車（輪）場,20歳代,その他,施錠した
窃盗,自転車盗,石神井,南大泉交番,131202,東京都,練馬区,南大泉４丁目,2020-09-11,22,その他の住宅（３階建て以下共同住宅等）,駐車（輪）場,10歳代,高校生,施錠した
窃盗,自転車盗,石神井,南大泉交番,131202,東京都,練馬区,南大泉５丁目,2020-03-31,16,その他の住宅（３階建て以下共同住宅等）,駐車（輪）場,30歳代,その他,施錠した
窃盗,自転車盗,石神井,富士街道交番,131202,東京都,練馬区,石神井台２丁目,2020-08-18,20,その他の住宅（３階建て以下共同住宅等）,その他,20歳代,その他,施錠した
窃盗,自転車盗,石神井,富士街道交番,131202,東京都,練馬区,石神井台４丁目,2020-09-28,22,その他,その他,40歳代,その他,施錠した
窃盗,自転車盗,石神井,富士街道交番,131202,東京都,練馬区,石神井台５丁目,2020-06-06,18,４階建て以上共同住宅,駐車（輪）場,10歳代,高校生,施錠した
窃盗,自転車盗,石神井,富士街道交番,131202,東京都,練馬区,石神井台５丁目,2020-12-03,13,その他の住宅（３階建て以下共同住宅等）,その他,40歳代,その他,施錠した
窃盗,自転車盗,石神井,武蔵関駐在所,131202,東京都,練馬区,関町北３丁目,2020-03-18,23,４階建て以上共同住宅,駐車（輪）場,20歳代,大学生,施錠した
窃盗,自転車盗,石神井,武蔵関駐在所,131202,東京都,練馬区,関町北３丁目,2020-11-13,17,その他の住宅（３階建て以下共同住宅等）,駐車（輪）場,30歳代,その他,施錠した
窃盗,自転車盗,石神井,武蔵関駐在所,131202,東京都,練馬区,関町南４丁目,2020-04-07,10,４階建て以上共同住宅,駐車（輪）場,50歳代,その他,施錠した
窃盗,自転車盗,石神井,武蔵関駐在所,131202,東京都,練馬区,関町南４丁目,2020-09-27,20,４階建て以上共同住宅,駐車（輪）場,10歳代,中学生,施錠した
窃盗,自転車盗,石神井,石神井南駐在所,131202,東京都,練馬区,下石神井１丁目,2020-07-06,05,一戸建住宅,その他,20歳代,その他,施錠した
窃盗,自転車盗,石神井,石神井南駐在所,131202,東京都,練馬区,下石神井１丁目,2020-12-03,00,その他の住宅（３階建て以下共同住宅等）,駐車（輪）場,30歳代,その他,施錠した
窃盗,自転車盗,高島平,高島平駅前交番,131199,東京都,板橋区,高島平８丁目,2020-02-08,13,その他,その他,10歳代,高校生,施錠した
窃盗,自転車盗,高島平,高島平駅前交番,131199,東京都,板橋区,高島平１丁目,2020-02-23,23,４階建て以上共同住宅,駐車（輪）場,20歳代,大学生,施錠した
窃盗,自転車盗,高島平,高島平駅前交番,131199,東京都,板橋区,高島平２丁目,2020-02-29,14,駐車（輪）場,駐車（輪）場,70歳以上,その他,施錠した
窃盗,自転車盗,高島平,高島平駅前交番,131199,東京都,板橋区,高島平２丁目,2020-04-03,10,その他,駐車（輪）場,30歳代,その他,施錠した
窃盗,自転車盗,高島平,高島平駅前交番,131199,東京都,板橋区,高島平２丁目,2020-05-09,12,４階建て以上共同住宅,駐車（輪）場,70歳以上,その他,施錠した
窃盗,自転車盗,高島平,高島平駅前交番,131199,東京都,板橋区,高島平２丁目,2020-06-14,17,４階建て以上共同住宅,駐車（輪）場,50歳代,その他,施錠した
窃盗,自転車盗,高島平,高島平駅前交番,131199,東京都,板橋区,高島平２丁目,2020-06-24,14,その他,駐車（輪）場,70歳以上,その他,施錠した
窃盗,自転車盗,高島平,高島平駅前交番,131199,東京都,板橋区,高島平２丁目,2020-08-03,17,道路上,その他,10歳代,小学生,施錠した
窃盗,自転車盗,高島平,高島平駅前交番,131199,東京都,板橋区,高島平２丁目,2020-08-19,18,４階建て以上共同住宅,駐車（輪）場,50歳代,その他,施錠した
窃盗,自転車盗,高島平,高島平駅前交番,131199,東京都,板橋区,高島平２丁目,2020-08-31,17,４階建て以上共同住宅,駐車（輪）場,60-64歳,その他,施錠した
窃盗,自転車盗,高島平,高島平駅前交番,131199,東京都,板橋区,高島平２丁目,2020-09-27,16,４階建て以上共同住宅,駐車（輪）場,40歳代,その他,施錠した
窃盗,自転車盗,高島平,高島平駅前交番,131199,東京都,板橋区,高島平２丁目,2020-10-01,01,４階建て以上共同住宅,駐車（輪）場,60-64歳,その他,施錠した
窃盗,自転車盗,高島平,高島平駅前交番,131199,東京都,板橋区,高島平２丁目,2020-10-27,02,４階建て以上共同住宅,駐車（輪）場,70歳以上,その他,施錠した
窃盗,自転車盗,高島平,高島平駅前交番,131199,東京都,板橋区,高島平２丁目,2020-11-01,19,４階建て以上共同住宅,駐車（輪）場,40歳代,その他,施錠した
窃盗,自転車盗,高島平,高島平駅前交番,131199,東京都,板橋区,高島平２丁目,2020-11-06,13,４階建て以上共同住宅,駐車（輪）場,70歳以上,その他,施錠した
窃盗,自転車盗,高島平,高島平駅前交番,131199,東京都,板橋区,高島平２丁目,2020-12-10,13,４階建て以上共同住宅,駐車（輪）場,20歳代,その他,施錠した
窃盗,自転車盗,高島平,高島平駅前交番,131199,東京都,板橋区,高島平３丁目,2019-12-27,14,道路上,その他,10歳代,高校生,施錠した
窃盗,自転車盗,高島平,高島平駅前交番,131199,東京都,板橋区,高島平３丁目,2019-12-27,21,４階建て以上共同住宅,駐車（輪）場,10歳代,高校生,施錠した
窃盗,自転車盗,高島平,高島平駅前交番,131199,東京都,板橋区,高島平３丁目,2020-03-19,06,駐車（輪）場,駐車（輪）場,20歳代,その他,施錠した
窃盗,自転車盗,高島平,高島平駅前交番,131199,東京都,板橋区,高島平３丁目,2020-04-19,17,４階建て以上共同住宅,駐車（輪）場,10歳代,高校生,施錠した
窃盗,自転車盗,高島平,高島平駅前交番,131199,東京都,板橋区,高島平３丁目,2020-07-16,17,４階建て以上共同住宅,駐車（輪）場,40歳代,その他,施錠した
窃盗,自転車盗,高島平,高島平駅前交番,131199,東京都,板橋区,高島平３丁目,2020-09-08,05,駐車（輪）場,駐車（輪）場,10歳代,高校生,施錠した
窃盗,自転車盗,高島平,高島平駅前交番,131199,東京都,板橋区,高島平７丁目,2020-08-09,19,道路上,その他,60-64歳,その他,施錠した
窃盗,自転車盗,高島平,高島平駅前交番,131199,東京都,板橋区,高島平７丁目,2020-08-18,17,４階建て以上共同住宅,駐車（輪）場,10歳代,中学生,施錠した
窃盗,自転車盗,高島平,高島平駅前交番,131199,東京都,板橋区,高島平７丁目,2020-11-20,06,４階建て以上共同住宅,駐車（輪）場,40歳代,その他,施錠した
窃盗,自転車盗,高島平,高島平駅前交番,131199,東京都,板橋区,高島平８丁目,2019-12-27,07,駐車（輪）場,駐車（輪）場,30歳代,その他,施錠した
窃盗,自転車盗,高島平,高島平駅前交番,131199,東京都,板橋区,高島平８丁目,2020-01-10,06,４階建て以上共同住宅,駐車（輪）場,30歳代,その他,施錠した
窃盗,自転車盗,高島平,高島平駅前交番,131199,東京都,板橋区,高島平８丁目,2020-02-25,21,４階建て以上共同住宅,駐車（輪）場,30歳代,その他,施錠した
窃盗,自転車盗,高島平,高島平駅前交番,131199,東京都,板橋区,高島平８丁目,2020-03-22,10,４階建て以上共同住宅,駐車（輪）場,50歳代,その他,施錠した
窃盗,自転車盗,高島平,高島平駅前交番,131199,東京都,板橋区,高島平８丁目,2020-05-10,18,４階建て以上共同住宅,駐車（輪）場,20歳代,その他,施錠した
窃盗,自転車盗,高島平,高島平駅前交番,131199,東京都,板橋区,高島平８丁目,2020-06-26,13,道路上,その他,70歳以上,その他,施錠した
窃盗,自転車盗,高島平,高島平駅前交番,131199,東京都,板橋区,高島平８丁目,2020-08-19,20,道路上,その他,40歳代,その他,施錠した
窃盗,自転車盗,高島平,高島平駅前交番,131199,東京都,板橋区,高島平８丁目,2020-09-05,08,４階建て以上共同住宅,駐車（輪）場,40歳代,その他,施錠した
窃盗,自転車盗,高島平,高島平駅前交番,131199,東京都,板橋区,高島平８丁目,2020-10-12,08,駐車（輪）場,駐車（輪）場,50歳代,その他,施錠した
窃盗,自転車盗,高島平,高島平駅前交番,131199,東京都,板橋区,高島平８丁目,2020-10-30,08,４階建て以上共同住宅,駐車（輪）場,10歳代,その他,施錠した
窃盗,自転車盗,高島平,高島平駅前交番,131199,東京都,板橋区,四葉２丁目,2020-01-31,15,４階建て以上共同住宅,駐車（輪）場,法人・団体、被害者なし,法人・団体、被害者なし,施錠した
窃盗,自転車盗,高島平,西台駅前交番,131199,東京都,板橋区,高島平１丁目,2020-04-24,22,４階建て以上共同住宅,駐車（輪）場,10歳代,大学生,施錠した
窃盗,自転車盗,高島平,西台駅前交番,131199,東京都,板橋区,高島平１丁目,2020-07-25,03,道路上,その他,10歳代,大学生,施錠した
窃盗,自転車盗,高島平,西台駅前交番,131199,東京都,板橋区,高島平１丁目,2020-08-03,18,その他の住宅（３階建て以下共同住宅等）,駐車（輪）場,30歳代,その他,施錠した
窃盗,自転車盗,高島平,西台駅前交番,131199,東京都,板橋区,高島平１丁目,2020-08-21,15,その他,駐車（輪）場,20歳代,その他,施錠した
窃盗,自転車盗,高島平,西台駅前交番,131199,東京都,板橋区,高島平１丁目,2020-09-03,23,道路上,その他,20歳代,その他,施錠した
窃盗,自転車盗,高島平,西台駅前交番,131199,東京都,板橋区,高島平１丁目,2020-10-18,15,その他,その他,20歳代,その他,施錠した
窃盗,自転車盗,高島平,西台駅前交番,131199,東京都,板橋区,高島平１丁目,2020-12-13,17,その他の住宅（３階建て以下共同住宅等）,駐車（輪）場,10歳代,中学生,施錠した
窃盗,自転車盗,高島平,西台駅前交番,131199,東京都,板橋区,高島平９丁目,2020-04-28,19,４階建て以上共同住宅,駐車（輪）場,70歳以上,その他,施錠した
窃盗,自転車盗,高島平,西台駅前交番,131199,東京都,板橋区,高島平９丁目,2020-06-18,17,４階建て以上共同住宅,駐車（輪）場,30歳代,その他,施錠した
窃盗,自転車盗,高島平,西台駅前交番,131199,東京都,板橋区,高島平９丁目,2020-07-17,18,４階建て以上共同住宅,駐車（輪）場,10歳代,中学生,施錠した
窃盗,自転車盗,高島平,西台駅前交番,131199,東京都,板橋区,高島平９丁目,2020-08-06,09,４階建て以上共同住宅,駐車（輪）場,40歳代,その他,施錠した
窃盗,自転車盗,高島平,西台駅前交番,131199,東京都,板橋区,高島平９丁目,2020-12-22,17,その他,駐車（輪）場,70歳以上,その他,施錠した
窃盗,自転車盗,高島平,新河岸交番,131199,東京都,板橋区,新河岸２丁目,2020-05-27,17,４階建て以上共同住宅,駐車（輪）場,65-69歳,その他,施錠した
窃盗,自転車盗,高島平,笹目橋交番,131199,東京都,板橋区,高島平４丁目,2020-07-17,22,その他の住宅（３階建て以下共同住宅等）,駐車（輪）場,20歳代,その他,施錠した
窃盗,自転車盗,高島平,笹目橋交番,131199,東京都,板橋区,高島平５丁目,2020-01-11,20,４階建て以上共同住宅,駐車（輪）場,10歳代,小学生,施錠した
窃盗,自転車盗,高島平,笹目橋交番,131199,東京都,板橋区,高島平５丁目,2020-08-09,12,４階建て以上共同住宅,駐車（輪）場,40歳代,その他,施錠した
窃盗,自転車盗,高島平,笹目橋交番,131199,東京都,板橋区,高島平７丁目,2020-07-26,09,その他,その他,50歳代,その他,施錠した
窃盗,自転車盗,高島平,笹目橋交番,131199,東京都,板橋区,成増５丁目,2020-03-12,22,道路上,その他,10歳代,大学生,施錠した
窃盗,自転車盗,高島平,笹目橋交番,131199,東京都,板橋区,三園１丁目,2019-12-14,17,４階建て以上共同住宅,駐車（輪）場,10歳代,高校生,施錠した
窃盗,自転車盗,高島平,笹目橋交番,131199,東京都,板橋区,三園１丁目,2020-12-22,11,４階建て以上共同住宅,駐車（輪）場,50歳代,その他,施錠した
窃盗,自転車盗,高島平,笹目橋交番,131199,東京都,板橋区,四葉２丁目,2020-04-10,11,その他,駐車（輪）場,40歳代,その他,施錠した
窃盗,自転車盗,高島平,北野交番,131199,東京都,板橋区,徳丸１丁目,2020-10-04,15,道路上,その他,50歳代,その他,施錠した
窃盗,自転車盗,高島平,北野交番,131199,東京都,板橋区,徳丸１丁目,2020-10-12,17,その他の住宅（３階建て以下共同住宅等）,駐車（輪）場,30歳代,その他,施錠した
窃盗,自転車盗,高島平,北野交番,131199,東京都,板橋区,徳丸２丁目,2019-12-15,不明,その他,駐車（輪）場,10歳代,中学生,施錠した
窃盗,自転車盗,高島平,北野交番,131199,東京都,板橋区,徳丸２丁目,2020-01-02,12,その他,その他,20歳代,その他,施錠した
窃盗,自転車盗,高島平,北野交番,131199,東京都,板橋区,徳丸２丁目,2020-01-09,20,その他,駐車（輪）場,10歳代,高校生,施錠した
窃盗,自転車盗,高島平,北野交番,131199,東京都,板橋区,徳丸２丁目,2020-06-03,18,４階建て以上共同住宅,駐車（輪）場,20歳代,その他,施錠した
窃盗,自転車盗,高島平,北野交番,131199,東京都,板橋区,徳丸２丁目,2020-07-24,18,駐車（輪）場,駐車（輪）場,40歳代,その他,施錠した
窃盗,自転車盗,高島平,北野交番,131199,東京都,板橋区,徳丸２丁目,2020-09-15,08,駐車（輪）場,駐車（輪）場,30歳代,その他,施錠した
窃盗,自転車盗,高島平,北野交番,131199,東京都,板橋区,徳丸２丁目,2020-09-20,21,４階建て以上共同住宅,駐車（輪）場,50歳代,その他,施錠した
窃盗,自転車盗,高島平,北野交番,131199,東京都,板橋区,徳丸３丁目,2020-02-01,23,その他の住宅（３階建て以下共同住宅等）,その他,20歳代,その他,施錠した
窃盗,自転車盗,高島平,北野交番,131199,東京都,板橋区,徳丸３丁目,2020-02-14,03,その他,駐車（輪）場,40歳代,その他,施錠した
窃盗,自転車盗,高島平,北野交番,131199,東京都,板橋区,徳丸３丁目,2020-03-20,11,駐車（輪）場,駐車（輪）場,20歳代,その他,施錠した
窃盗,自転車盗,高島平,北野交番,131199,東京都,板橋区,徳丸３丁目,2020-08-05,16,４階建て以上共同住宅,駐車（輪）場,50歳代,その他,施錠した
窃盗,自転車盗,高島平,北野交番,131199,東京都,板橋区,徳丸３丁目,2020-09-14,17,その他の住宅（３階建て以下共同住宅等）,駐車（輪）場,10歳代,高校生,施錠した
窃盗,自転車盗,高島平,北野交番,131199,東京都,板橋区,徳丸３丁目,2020-10-28,07,駐車（輪）場,駐車（輪）場,10歳代,高校生,施錠した
窃盗,自転車盗,高島平,北野交番,131199,東京都,板橋区,徳丸３丁目,2020-12-18,17,一戸建住宅,駐車（輪）場,10歳代,中学生,施錠した
窃盗,自転車盗,高島平,北野交番,131199,東京都,板橋区,徳丸４丁目,2020-01-12,10,４階建て以上共同住宅,その他,10歳代,小学生,施錠した
窃盗,自転車盗,高島平,北野交番,131199,東京都,板橋区,徳丸５丁目,2020-11-09,12,４階建て以上共同住宅,駐車（輪）場,30歳代,その他,施錠した
窃盗,自転車盗,高島平,北野交番,131199,東京都,板橋区,徳丸６丁目,2020-01-17,17,その他の住宅（３階建て以下共同住宅等）,駐車（輪）場,30歳代,その他,施錠した
窃盗,自転車盗,高島平,下赤塚交番,131199,東京都,板橋区,赤塚１丁目,2020-02-06,13,駐車（輪）場,駐車（輪）場,50歳代,その他,施錠した
窃盗,自転車盗,高島平,下赤塚交番,131199,東京都,板橋区,赤塚１丁目,2020-08-14,21,その他,駐車（輪）場,30歳代,その他,施錠した
窃盗,自転車盗,高島平,下赤塚交番,131199,東京都,板橋区,赤塚２丁目,2020-02-11,12,道路上,その他,40歳代,その他,施錠した
窃盗,自転車盗,高島平,下赤塚交番,131199,東京都,板橋区,赤塚２丁目,2020-05-03,00,その他,駐車（輪）場,40歳代,その他,施錠した
窃盗,自転車盗,高島平,下赤塚交番,131199,東京都,板橋区,赤塚２丁目,2020-06-07,12,駐車（輪）場,駐車（輪）場,20歳代,大学生,施錠した
窃盗,自転車盗,高島平,下赤塚交番,131199,東京都,板橋区,赤塚２丁目,2020-08-04,12,道路上,その他,30歳代,その他,施錠した
窃盗,自転車盗,高島平,下赤塚交番,131199,東京都,板橋区,赤塚新町１丁目,2019-11-03,12,道路上,その他,20歳代,その他,施錠した
窃盗,自転車盗,高島平,下赤塚交番,131199,東京都,板橋区,赤塚新町１丁目,2019-12-25,07,道路上,その他,20歳代,その他,施錠した
窃盗,自転車盗,高島平,下赤塚交番,131199,東京都,板橋区,赤塚新町１丁目,2020-01-10,01,４階建て以上共同住宅,駐車（輪）場,20歳代,その他,施錠した
窃盗,自転車盗,高島平,下赤塚交番,131199,東京都,板橋区,赤塚新町１丁目,2020-01-25,07,駐車（輪）場,駐車（輪）場,10歳代,中学生,施錠した
窃盗,自転車盗,高島平,下赤塚交番,131199,東京都,板橋区,赤塚新町１丁目,2020-02-23,12,駐車（輪）場,駐車（輪）場,40歳代,その他,施錠した
窃盗,自転車盗,高島平,下赤塚交番,131199,東京都,板橋区,赤塚新町１丁目,2020-02-28,05,道路上,その他,40歳代,その他,施錠した
窃盗,自転車盗,高島平,下赤塚交番,131199,東京都,板橋区,赤塚新町１丁目,2020-07-16,07,駐車（輪）場,駐車（輪）場,30歳代,その他,施錠した
窃盗,自転車盗,高島平,下赤塚交番,131199,東京都,板橋区,赤塚新町１丁目,2020-08-29,12,駐車（輪）場,駐車（輪）場,20歳代,その他,施錠した
窃盗,自転車盗,高島平,下赤塚交番,131199,東京都,板橋区,赤塚新町１丁目,2020-11-17,13,その他,駐車（輪）場,10歳代,大学生,施錠した
窃盗,自転車盗,高島平,下赤塚交番,131199,東京都,板橋区,赤塚新町２丁目,2020-07-18,04,４階建て以上共同住宅,駐車（輪）場,50歳代,その他,施錠した
窃盗,自転車盗,高島平,下赤塚交番,131199,東京都,板橋区,赤塚新町３丁目,2019-12-31,18,４階建て以上共同住宅,駐車（輪）場,70歳以上,その他,施錠した
窃盗,自転車盗,高島平,下赤塚交番,131199,東京都,板橋区,赤塚新町３丁目,2020-05-05,17,その他の住宅（３階建て以下共同住宅等）,駐車（輪）場,10歳代,高校生,施錠した
窃盗,自転車盗,高島平,下赤塚交番,131199,東京都,板橋区,赤塚新町３丁目,2020-10-02,22,４階建て以上共同住宅,駐車（輪）場,20歳代,その他,施錠した
窃盗,自転車盗,高島平,下赤塚交番,131199,東京都,板橋区,赤塚新町３丁目,2020-10-14,18,４階建て以上共同住宅,駐車（輪）場,40歳代,その他,施錠した
窃盗,自転車盗,高島平,下赤塚交番,131199,東京都,板橋区,赤塚新町３丁目,2020-10-27,16,４階建て以上共同住宅,駐車（輪）場,50歳代,その他,施錠した
窃盗,自転車盗,高島平,成増駅前交番,131199,東京都,板橋区,徳丸２丁目,2020-02-02,18,その他,その他,20歳代,その他,施錠した
窃盗,自転車盗,高島平,成増駅前交番,131199,東京都,板橋区,成増１丁目,2019-12-27,13,道路上,その他,40歳代,その他,施錠した
窃盗,自転車盗,高島平,成増駅前交番,131199,東京都,板橋区,成増１丁目,2020-03-03,20,道路上,その他,30歳代,その他,施錠した
窃盗,自転車盗,高島平,成増駅前交番,131199,東京都,板橋区,成増１丁目,2020-04-01,15,４階建て以上共同住宅,駐車（輪）場,30歳代,その他,施錠した
窃盗,自転車盗,高島平,成増駅前交番,131199,東京都,板橋区,成増１丁目,2020-04-17,08,道路上,その他,30歳代,その他,施錠した
窃盗,自転車盗,高島平,成増駅前交番,131199,東京都,板橋区,成増１丁目,2020-04-25,08,道路上,その他,30歳代,その他,施錠した
窃盗,自転車盗,高島平,成増駅前交番,131199,東京都,板橋区,成増１丁目,2020-05-21,00,その他,駐車（輪）場,10歳代,大学生,施錠した
窃盗,自転車盗,高島平,成増駅前交番,131199,東京都,板橋区,成増１丁目,2020-09-02,08,駐車（輪）場,駐車（輪）場,10歳代,高校生,施錠した
窃盗,自転車盗,高島平,成増駅前交番,131199,東京都,板橋区,成増２丁目,2020-02-09,14,道路上,その他,20歳代,大学生,施錠した
窃盗,自転車盗,高島平,成増駅前交番,131199,東京都,板橋区,成増２丁目,2020-02-13,14,道路上,その他,20歳代,その他,施錠した
窃盗,自転車盗,高島平,成増駅前交番,131199,東京都,板橋区,成増２丁目,2020-04-28,05,駐車（輪）場,駐車（輪）場,40歳代,その他,施錠した
窃盗,自転車盗,高島平,成増駅前交番,131199,東京都,板橋区,成増２丁目,2020-07-16,18,４階建て以上共同住宅,駐車（輪）場,50歳代,その他,施錠した
窃盗,自転車盗,高島平,成増駅前交番,131199,東京都,板橋区,成増２丁目,2020-10-22,21,その他,その他,10歳代,高校生,施錠した
窃盗,自転車盗,高島平,成増駅前交番,131199,東京都,板橋区,成増２丁目,2020-11-07,13,道路上,その他,10歳代,中学生,施錠した
窃盗,自転車盗,高島平,成増駅前交番,131199,東京都,板橋区,成増３丁目,2019-12-27,17,４階建て以上共同住宅,駐車（輪）場,70歳以上,その他,施錠した
窃盗,自転車盗,高島平,成増駅前交番,131199,東京都,板橋区,成増３丁目,2020-01-12,19,その他の住宅（３階建て以下共同住宅等）,その他,50歳代,その他,施錠した
窃盗,自転車盗,高島平,成増駅前交番,131199,東京都,板橋区,成増３丁目,2020-01-17,06,駐車（輪）場,駐車（輪）場,10歳代,高校生,施錠した
窃盗,自転車盗,高島平,成増駅前交番,131199,東京都,板橋区,成増３丁目,2020-01-24,17,４階建て以上共同住宅,駐車（輪）場,40歳代,その他,施錠した
窃盗,自転車盗,高島平,成増駅前交番,131199,東京都,板橋区,成増３丁目,2020-01-25,13,その他,駐車（輪）場,10歳代,大学生,施錠した
窃盗,自転車盗,高島平,成増駅前交番,131199,東京都,板橋区,成増３丁目,2020-01-27,14,その他の住宅（３階建て以下共同住宅等）,駐車（輪）場,20歳代,その他,施錠した
窃盗,自転車盗,高島平,成増駅前交番,131199,東京都,板橋区,成増３丁目,2020-01-29,07,道路上,その他,10歳代,大学生,施錠した
窃盗,自転車盗,高島平,成増駅前交番,131199,東京都,板橋区,成増３丁目,2020-02-21,11,その他,駐車（輪）場,10歳代,中学生,施錠した
窃盗,自転車盗,高島平,成増駅前交番,131199,東京都,板橋区,成増３丁目,2020-03-24,11,駐車（輪）場,駐車（輪）場,10歳代,大学生,施錠した
窃盗,自転車盗,高島平,成増駅前交番,131199,東京都,板橋区,成増３丁目,2020-07-02,07,駐車（輪）場,駐車（輪）場,10歳代,高校生,施錠した
窃盗,自転車盗,高島平,成増駅前交番,131199,東京都,板橋区,成増３丁目,2020-08-06,22,４階建て以上共同住宅,駐車（輪）場,30歳代,その他,施錠した
窃盗,自転車盗,高島平,成増駅前交番,131199,東京都,板橋区,成増３丁目,2020-09-04,14,道路上,その他,70歳以上,その他,施錠した
窃盗,自転車盗,高島平,成増駅前交番,131199,東京都,板橋区,成増３丁目,2020-10-30,07,駐車（輪）場,駐車（輪）場,30歳代,その他,施錠した
窃盗,自転車盗,高島平,成増駅前交番,131199,東京都,板橋区,成増３丁目,2020-11-09,08,駐車（輪）場,駐車（輪）場,20歳代,その他,施錠した
窃盗,自転車盗,高島平,成増駅前交番,131199,東京都,板橋区,成増３丁目,2020-11-14,16,その他,駐車（輪）場,20歳代,大学生,施錠した
窃盗,自転車盗,高島平,成増駅前交番,131199,東京都,板橋区,成増３丁目,2020-11-26,06,駐車（輪）場,駐車（輪）場,70歳以上,その他,施錠した
窃盗,自転車盗,高島平,成増駅前交番,131199,東京都,板橋区,成増３丁目,2020-11-27,06,駐車（輪）場,駐車（輪）場,60-64歳,その他,施錠した
窃盗,自転車盗,高島平,成増駅前交番,131199,東京都,板橋区,成増４丁目,2020-01-30,22,道路上,その他,10歳代,その他,施錠した
窃盗,自転車盗,高島平,成増駅前交番,131199,東京都,板橋区,成増５丁目,2020-03-08,19,４階建て以上共同住宅,駐車（輪）場,20歳代,その他,施錠した
窃盗,自転車盗,高島平,成増駅前交番,131199,東京都,板橋区,成増５丁目,2020-03-18,20,道路上,その他,40歳代,その他,施錠した
窃盗,自転車盗,高島平,上赤塚交番,131199,東京都,板橋区,赤塚４丁目,2020-06-23,20,４階建て以上共同住宅,駐車（輪）場,10歳代,小学生,施錠した
窃盗,自転車盗,高島平,上赤塚交番,131199,東京都,板橋区,赤塚４丁目,2020-12-24,20,一戸建住宅,駐車（輪）場,10歳代,高校生,施錠した
窃盗,自転車盗,高島平,上赤塚交番,131199,東京都,板橋区,成増４丁目,2020-11-22,15,一戸建住宅,駐車（輪）場,10歳代,高校生,施錠した
窃盗,自転車盗,高島平,松月院前交番,131199,東京都,板橋区,四葉１丁目,2020-04-01,04,その他の住宅（３階建て以下共同住宅等）,駐車（輪）場,20歳代,その他,施錠した
窃盗,自転車盗,高島平,松月院前交番,131199,東京都,板橋区,四葉１丁目,2020-06-13,12,その他の住宅（３階建て以下共同住宅等）,その他,30歳代,その他,施錠した
窃盗,自転車盗,高島平,松月院前交番,131199,東京都,板橋区,四葉２丁目,2020-01-17,23,その他の住宅（３階建て以下共同住宅等）,駐車（輪）場,10歳代,大学生,施錠した
窃盗,自転車盗,高島平,徳丸駐在所,131199,東京都,板橋区,赤塚７丁目,2020-10-21,19,道路上,その他,70歳以上,その他,施錠した
窃盗,自転車盗,高島平,徳丸駐在所,131199,東京都,板橋区,徳丸２丁目,2020-10-11,11,その他の住宅（３階建て以下共同住宅等）,駐車（輪）場,20歳代,その他,施錠した
窃盗,自転車盗,高島平,徳丸駐在所,131199,東京都,板橋区,徳丸６丁目,2020-04-21,14,４階建て以上共同住宅,駐車（輪）場,70歳以上,その他,施錠した
窃盗,自転車盗,高島平,徳丸駐在所,131199,東京都,板橋区,徳丸８丁目,2020-05-09,23,４階建て以上共同住宅,駐車（輪）場,40歳代,その他,施錠した
窃盗,自転車盗,光が丘,北町交番,131202,東京都,練馬区,北町１丁目,2020-02-09,23,道路上,その他,10歳代,高校生,施錠した
窃盗,自転車盗,光が丘,北町交番,131202,東京都,練馬区,北町１丁目,2020-02-29,18,その他の住宅（３階建て以下共同住宅等）,駐車（輪）場,50歳代,その他,施錠した
窃盗,自転車盗,光が丘,北町交番,131202,東京都,練馬区,北町１丁目,2020-03-30,18,一戸建住宅,その他,40歳代,その他,施錠した
窃盗,自転車盗,光が丘,北町交番,131202,東京都,練馬区,北町１丁目,2020-11-20,12,その他の住宅（３階建て以下共同住宅等）,駐車（輪）場,40歳代,その他,施錠した
窃盗,自転車盗,光が丘,北町交番,131202,東京都,練馬区,北町２丁目,2020-02-13,15,その他,その他,30歳代,その他,施錠した
窃盗,自転車盗,光が丘,北町交番,131202,東京都,練馬区,北町２丁目,2020-02-22,00,道路上,その他,30歳代,その他,施錠した
窃盗,自転車盗,光が丘,北町交番,131202,東京都,練馬区,北町２丁目,2020-07-18,12,その他,その他,40歳代,その他,施錠した
窃盗,自転車盗,光が丘,北町交番,131202,東京都,練馬区,北町２丁目,2020-08-09,23,４階建て以上共同住宅,駐車（輪）場,10歳代,高校生,施錠した
窃盗,自転車盗,光が丘,北町交番,131202,東京都,練馬区,北町２丁目,2020-08-21,19,４階建て以上共同住宅,駐車（輪）場,10歳代,中学生,施錠した
窃盗,自転車盗,光が丘,北町交番,131202,東京都,練馬区,北町２丁目,2020-12-21,20,その他,駐車（輪）場,30歳代,その他,施錠した
窃盗,自転車盗,光が丘,北町交番,131202,東京都,練馬区,北町４丁目,2018-09-27,18,その他,駐車（輪）場,30歳代,その他,施錠した
窃盗,自転車盗,光が丘,北町交番,131202,東京都,練馬区,北町６丁目,2020-02-16,13,その他,駐車（輪）場,10歳代,大学生,施錠した
窃盗,自転車盗,光が丘,北町交番,131202,東京都,練馬区,北町６丁目,2020-09-09,13,４階建て以上共同住宅,駐車（輪）場,30歳代,その他,施錠した
窃盗,自転車盗,光が丘,北町交番,131202,東京都,練馬区,北町６丁目,2020-10-03,09,４階建て以上共同住宅,駐車（輪）場,65-69歳,その他,施錠した
窃盗,自転車盗,光が丘,北町交番,131202,東京都,練馬区,北町６丁目,2020-10-12,16,４階建て以上共同住宅,駐車（輪）場,30歳代,その他,施錠した
窃盗,自転車盗,光が丘,北町交番,131202,東京都,練馬区,北町６丁目,2020-10-12,16,４階建て以上共同住宅,駐車（輪）場,30歳代,その他,施錠した
窃盗,自転車盗,光が丘,北町交番,131202,東京都,練馬区,北町７丁目,2020-07-27,12,４階建て以上共同住宅,駐車（輪）場,40歳代,その他,施錠した
窃盗,自転車盗,光が丘,北町交番,131202,東京都,練馬区,北町７丁目,2020-11-07,08,道路上,その他,65-69歳,その他,施錠した
窃盗,自転車盗,光が丘,北町交番,131202,東京都,練馬区,錦１丁目,2020-03-07,23,その他の住宅（３階建て以下共同住宅等）,駐車（輪）場,20歳代,大学生,施錠した
窃盗,自転車盗,光が丘,北町交番,131202,東京都,練馬区,錦２丁目,2019-12-28,16,その他の住宅（３階建て以下共同住宅等）,その他,20歳代,その他,施錠した
窃盗,自転車盗,光が丘,北町交番,131202,東京都,練馬区,錦２丁目,2020-02-07,07,４階建て以上共同住宅,駐車（輪）場,20歳代,その他,施錠した
窃盗,自転車盗,光が丘,北町交番,131202,東京都,練馬区,錦２丁目,2020-02-25,01,その他の住宅（３階建て以下共同住宅等）,駐車（輪）場,20歳代,その他,施錠した
窃盗,自転車盗,光が丘,北町交番,131202,東京都,練馬区,錦２丁目,2020-06-17,13,その他,駐車（輪）場,50歳代,その他,施錠した
窃盗,自転車盗,光が丘,北町交番,131202,東京都,練馬区,錦２丁目,2020-10-02,18,４階建て以上共同住宅,駐車（輪）場,30歳代,その他,施錠した
窃盗,自転車盗,光が丘,北町交番,131202,東京都,練馬区,錦２丁目,2020-11-30,21,４階建て以上共同住宅,駐車（輪）場,65-69歳,その他,施錠した
窃盗,自転車盗,光が丘,田柄交番,131202,東京都,練馬区,田柄１丁目,2020-09-17,17,一戸建住宅,その他,10歳代,中学生,施錠した
窃盗,自転車盗,光が丘,田柄交番,131202,東京都,練馬区,田柄１丁目,2020-11-20,20,一戸建住宅,その他,20歳代,大学生,施錠した
窃盗,自転車盗,光が丘,田柄交番,131202,東京都,練馬区,田柄２丁目,2020-04-03,18,４階建て以上共同住宅,駐車（輪）場,60-64歳,その他,施錠した
窃盗,自転車盗,光が丘,田柄交番,131202,東京都,練馬区,田柄２丁目,2020-06-29,07,その他,その他,10歳代,その他,施錠した
窃盗,自転車盗,光が丘,田柄交番,131202,東京都,練馬区,田柄２丁目,2020-07-31,08,駐車（輪）場,駐車（輪）場,20歳代,その他,施錠した
窃盗,自転車盗,光が丘,田柄交番,131202,東京都,練馬区,田柄２丁目,2020-09-19,18,４階建て以上共同住宅,駐車（輪）場,30歳代,その他,施錠した
窃盗,自転車盗,光が丘,田柄交番,131202,東京都,練馬区,田柄２丁目,2020-09-30,15,４階建て以上共同住宅,駐車（輪）場,30歳代,その他,施錠した
窃盗,自転車盗,光が丘,田柄交番,131202,東京都,練馬区,田柄２丁目,2020-10-25,12,４階建て以上共同住宅,駐車（輪）場,50歳代,その他,施錠した
窃盗,自転車盗,光が丘,田柄交番,131202,東京都,練馬区,田柄４丁目,2020-07-18,22,その他,駐車（輪）場,20歳代,その他,施錠した
窃盗,自転車盗,光が丘,田柄交番,131202,東京都,練馬区,田柄４丁目,2020-12-27,18,４階建て以上共同住宅,駐車（輪）場,40歳代,その他,施錠した
窃盗,自転車盗,光が丘,田柄交番,131202,東京都,練馬区,田柄５丁目,2019-12-20,13,その他,駐車（輪）場,10歳代,小学生,施錠した
窃盗,自転車盗,光が丘,田柄交番,131202,東京都,練馬区,光が丘２丁目,2020-03-19,20,４階建て以上共同住宅,駐車（輪）場,50歳代,その他,施錠した
窃盗,自転車盗,光が丘,田柄交番,131202,東京都,練馬区,光が丘２丁目,2020-04-23,18,４階建て以上共同住宅,駐車（輪）場,40歳代,その他,施錠した
窃盗,自転車盗,光が丘,田柄交番,131202,東京都,練馬区,光が丘２丁目,2020-11-07,05,駐車（輪）場,駐車（輪）場,50歳代,その他,施錠した
窃盗,自転車盗,光が丘,田柄交番,131202,東京都,練馬区,光が丘４丁目,2020-11-15,14,その他,その他,50歳代,その他,施錠した
窃盗,自転車盗,光が丘,光が丘三丁目交番,131202,東京都,練馬区,高松４丁目,2020-06-01,07,その他,駐車（輪）場,30歳代,その他,施錠した
窃盗,自転車盗,光が丘,光が丘三丁目交番,131202,東京都,練馬区,光が丘２丁目,2019-12-27,14,その他,駐車（輪）場,50歳代,その他,施錠した
窃盗,自転車盗,光が丘,光が丘三丁目交番,131202,東京都,練馬区,光が丘２丁目,2020-01-12,12,その他,駐車（輪）場,20歳代,その他,施錠した
窃盗,自転車盗,光が丘,光が丘三丁目交番,131202,東京都,練馬区,光が丘２丁目,2020-01-31,08,駐車（輪）場,駐車（輪）場,40歳代,その他,施錠した
窃盗,自転車盗,光が丘,光が丘三丁目交番,131202,東京都,練馬区,光が丘２丁目,2020-02-06,19,４階建て以上共同住宅,駐車（輪）場,10歳代,小学生,施錠した
窃盗,自転車盗,光が丘,光が丘三丁目交番,131202,東京都,練馬区,光が丘２丁目,2020-03-14,23,４階建て以上共同住宅,駐車（輪）場,65-69歳,その他,施錠した
窃盗,自転車盗,光が丘,光が丘三丁目交番,131202,東京都,練馬区,光が丘２丁目,2020-04-20,13,４階建て以上共同住宅,駐車（輪）場,50歳代,その他,施錠した
窃盗,自転車盗,光が丘,光が丘三丁目交番,131202,東京都,練馬区,光が丘２丁目,2020-05-27,17,４階建て以上共同住宅,駐車（輪）場,60-64歳,その他,施錠した
窃盗,自転車盗,光が丘,光が丘三丁目交番,131202,東京都,練馬区,光が丘２丁目,2020-06-05,19,４階建て以上共同住宅,駐車（輪）場,30歳代,その他,施錠した
窃盗,自転車盗,光が丘,光が丘三丁目交番,131202,東京都,練馬区,光が丘２丁目,2020-06-05,19,４階建て以上共同住宅,駐車（輪）場,30歳代,その他,施錠した
窃盗,自転車盗,光が丘,光が丘三丁目交番,131202,東京都,練馬区,光が丘２丁目,2020-06-08,07,その他,駐車（輪）場,20歳代,その他,施錠した
窃盗,自転車盗,光が丘,光が丘三丁目交番,131202,東京都,練馬区,光が丘２丁目,2020-07-02,07,その他,駐車（輪）場,50歳代,その他,施錠した
窃盗,自転車盗,光が丘,光が丘三丁目交番,131202,東京都,練馬区,光が丘２丁目,2020-08-05,18,その他,駐車（輪）場,20歳代,大学生,施錠した
窃盗,自転車盗,光が丘,光が丘三丁目交番,131202,東京都,練馬区,光が丘２丁目,2020-09-30,13,駐車（輪）場,駐車（輪）場,70歳以上,その他,施錠した
窃盗,自転車盗,光が丘,光が丘三丁目交番,131202,東京都,練馬区,光が丘２丁目,2020-10-01,07,駐車（輪）場,駐車（輪）場,10歳代,高校生,施錠した
窃盗,自転車盗,光が丘,光が丘三丁目交番,131202,東京都,練馬区,光が丘２丁目,2020-10-07,18,４階建て以上共同住宅,駐車（輪）場,50歳代,その他,施錠した
窃盗,自転車盗,光が丘,光が丘三丁目交番,131202,東京都,練馬区,光が丘２丁目,2020-10-09,08,４階建て以上共同住宅,駐車（輪）場,20歳代,その他,施錠した
窃盗,自転車盗,光が丘,光が丘三丁目交番,131202,東京都,練馬区,光が丘２丁目,2020-10-24,17,４階建て以上共同住宅,駐車（輪）場,50歳代,その他,施錠した
窃盗,自転車盗,光が丘,光が丘三丁目交番,131202,東京都,練馬区,光が丘２丁目,2020-12-10,15,その他,駐車（輪）場,20歳代,その他,施錠した
窃盗,自転車盗,光が丘,光が丘三丁目交番,131202,東京都,練馬区,光が丘３丁目,2020-01-16,19,駐車（輪）場,駐車（輪）場,30歳代,その他,施錠した
窃盗,自転車盗,光が丘,光が丘三丁目交番,131202,東京都,練馬区,光が丘３丁目,2020-02-23,12,その他,駐車（輪）場,40歳代,その他,施錠した
窃盗,自転車盗,光が丘,光が丘三丁目交番,131202,東京都,練馬区,光が丘３丁目,2020-04-30,17,４階建て以上共同住宅,駐車（輪）場,10歳代,大学生,施錠した
窃盗,自転車盗,光が丘,光が丘三丁目交番,131202,東京都,練馬区,光が丘３丁目,2020-06-21,12,駐車（輪）場,駐車（輪）場,30歳代,その他,施錠した
窃盗,自転車盗,光が丘,光が丘三丁目交番,131202,東京都,練馬区,光が丘３丁目,2020-07-20,08,駐車（輪）場,駐車（輪）場,10歳代,高校生,施錠した
窃盗,自転車盗,光が丘,光が丘三丁目交番,131202,東京都,練馬区,光が丘３丁目,2020-07-20,12,４階建て以上共同住宅,駐車（輪）場,65-69歳,その他,施錠した
窃盗,自転車盗,光が丘,光が丘三丁目交番,131202,東京都,練馬区,光が丘３丁目,2020-08-27,17,４階建て以上共同住宅,駐車（輪）場,10歳未満,小学生,施錠した
窃盗,自転車盗,光が丘,光が丘三丁目交番,131202,東京都,練馬区,光が丘３丁目,2020-09-26,18,４階建て以上共同住宅,駐車（輪）場,30歳代,その他,施錠した
窃盗,自転車盗,光が丘,光が丘三丁目交番,131202,東京都,練馬区,光が丘３丁目,2020-10-06,18,４階建て以上共同住宅,駐車（輪）場,40歳代,その他,施錠した
窃盗,自転車盗,光が丘,光が丘三丁目交番,131202,東京都,練馬区,光が丘３丁目,2020-12-04,13,４階建て以上共同住宅,駐車（輪）場,50歳代,その他,施錠した
窃盗,自転車盗,光が丘,光が丘三丁目交番,131202,東京都,練馬区,光が丘５丁目,2013-10-01,不明,駐車（輪）場,駐車（輪）場,30歳代,その他,施錠した
窃盗,自転車盗,光が丘,光が丘三丁目交番,131202,東京都,練馬区,光が丘５丁目,2019-12-15,07,駐車（輪）場,駐車（輪）場,30歳代,その他,施錠した
窃盗,自転車盗,光が丘,光が丘三丁目交番,131202,東京都,練馬区,光が丘５丁目,2020-01-13,20,その他,駐車（輪）場,30歳代,その他,施錠した
窃盗,自転車盗,光が丘,光が丘三丁目交番,131202,東京都,練馬区,光が丘５丁目,2020-01-21,07,その他,駐車（輪）場,30歳代,その他,施錠した
窃盗,自転車盗,光が丘,光が丘三丁目交番,131202,東京都,練馬区,光が丘５丁目,2020-01-29,10,その他,駐車（輪）場,70歳以上,その他,施錠した
窃盗,自転車盗,光が丘,光が丘三丁目交番,131202,東京都,練馬区,光が丘５丁目,2020-03-20,08,その他,駐車（輪）場,20歳代,その他,施錠した
窃盗,自転車盗,光が丘,光が丘三丁目交番,131202,東京都,練馬区,光が丘５丁目,2020-03-20,16,その他,駐車（輪）場,20歳代,大学生,施錠した
窃盗,自転車盗,光が丘,光が丘三丁目交番,131202,東京都,練馬区,光が丘５丁目,2020-03-22,15,その他,駐車（輪）場,10歳代,大学生,施錠した
窃盗,自転車盗,光が丘,光が丘三丁目交番,131202,東京都,練馬区,光が丘５丁目,2020-05-26,04,駐車（輪）場,駐車（輪）場,20歳代,その他,施錠した
窃盗,自転車盗,光が丘,光が丘三丁目交番,131202,東京都,練馬区,光が丘５丁目,2020-05-26,08,駐車（輪）場,駐車（輪）場,50歳代,その他,施錠した
窃盗,自転車盗,光が丘,光が丘三丁目交番,131202,東京都,練馬区,光が丘５丁目,2020-06-25,18,４階建て以上共同住宅,駐車（輪）場,50歳代,その他,施錠した
窃盗,自転車盗,光が丘,光が丘三丁目交番,131202,東京都,練馬区,光が丘５丁目,2020-07-27,07,駐車（輪）場,駐車（輪）場,30歳代,その他,施錠した
窃盗,自転車盗,光が丘,光が丘三丁目交番,131202,東京都,練馬区,光が丘５丁目,2020-10-15,18,４階建て以上共同住宅,駐車（輪）場,50歳代,その他,施錠した
窃盗,自転車盗,光が丘,光が丘三丁目交番,131202,東京都,練馬区,光が丘５丁目,2020-10-19,09,その他,駐車（輪）場,70歳以上,その他,施錠した
窃盗,自転車盗,光が丘,光が丘三丁目交番,131202,東京都,練馬区,光が丘５丁目,2020-11-18,10,４階建て以上共同住宅,駐車（輪）場,40歳代,その他,施錠した
窃盗,自転車盗,光が丘,光が丘三丁目交番,131202,東京都,練馬区,光が丘７丁目,2020-01-05,16,４階建て以上共同住宅,駐車（輪）場,70歳以上,その他,施錠した
窃盗,自転車盗,光が丘,光が丘三丁目交番,131202,東京都,練馬区,光が丘７丁目,2020-02-15,14,４階建て以上共同住宅,駐車（輪）場,60-64歳,その他,施錠した
窃盗,自転車盗,光が丘,光が丘三丁目交番,131202,東京都,練馬区,光が丘７丁目,2020-02-25,18,駐車（輪）場,駐車（輪）場,65-69歳,その他,施錠した
窃盗,自転車盗,光が丘,光が丘三丁目交番,131202,東京都,練馬区,光が丘７丁目,2020-04-03,16,４階建て以上共同住宅,駐車（輪）場,10歳代,大学生,施錠した
窃盗,自転車盗,光が丘,光が丘三丁目交番,131202,東京都,練馬区,光が丘７丁目,2020-04-04,13,４階建て以上共同住宅,駐車（輪）場,40歳代,その他,施錠した
窃盗,自転車盗,光が丘,光が丘三丁目交番,131202,東京都,練馬区,光が丘７丁目,2020-10-16,06,駐車（輪）場,駐車（輪）場,10歳代,高校生,施錠した
窃盗,自転車盗,光が丘,練馬高野台駅前交番,131202,東京都,練馬区,高野台１丁目,2020-01-04,18,その他の住宅（３階建て以下共同住宅等）,駐車（輪）場,60-64歳,その他,施錠した
窃盗,自転車盗,光が丘,練馬高野台駅前交番,131202,東京都,練馬区,高野台１丁目,2020-02-20,06,駐車（輪）場,駐車（輪）場,20歳代,その他,施錠した
窃盗,自転車盗,光が丘,練馬高野台駅前交番,131202,東京都,練馬区,高野台１丁目,2020-04-02,08,駐車（輪）場,駐車（輪）場,40歳代,その他,施錠した
窃盗,自転車盗,光が丘,練馬高野台駅前交番,131202,東京都,練馬区,高野台１丁目,2020-04-09,20,その他の住宅（３階建て以下共同住宅等）,駐車（輪）場,30歳代,その他,施錠した
窃盗,自転車盗,光が丘,練馬高野台駅前交番,131202,東京都,練馬区,高野台１丁目,2020-04-18,00,４階建て以上共同住宅,駐車（輪）場,30歳代,その他,施錠した
窃盗,自転車盗,光が丘,練馬高野台駅前交番,131202,東京都,練馬区,高野台１丁目,2020-05-30,08,駐車（輪）場,駐車（輪）場,20歳代,その他,施錠した
窃盗,自転車盗,光が丘,練馬高野台駅前交番,131202,東京都,練馬区,高野台１丁目,2020-08-18,10,その他,駐車（輪）場,10歳代,高校生,施錠した
窃盗,自転車盗,光が丘,練馬高野台駅前交番,131202,東京都,練馬区,高野台１丁目,2020-09-07,16,その他,駐車（輪）場,10歳代,大学生,施錠した
窃盗,自転車盗,光が丘,練馬高野台駅前交番,131202,東京都,練馬区,高野台１丁目,2020-09-18,19,駐車（輪）場,駐車（輪）場,20歳代,その他,施錠した
窃盗,自転車盗,光が丘,練馬高野台駅前交番,131202,東京都,練馬区,高松５丁目,2020-06-27,08,道路上,その他,70歳以上,その他,施錠した
窃盗,自転車盗,光が丘,練馬高野台駅前交番,131202,東京都,練馬区,富士見台１丁目,2020-10-05,09,その他の住宅（３階建て以下共同住宅等）,駐車（輪）場,40歳代,その他,施錠した
窃盗,自転車盗,光が丘,練馬高野台駅前交番,131202,東京都,練馬区,富士見台２丁目,2020-01-23,22,道路上,その他,50歳代,その他,施錠した
窃盗,自転車盗,光が丘,練馬高野台駅前交番,131202,東京都,練馬区,富士見台２丁目,2020-08-24,16,その他,駐車（輪）場,70歳以上,その他,施錠した
窃盗,自転車盗,光が丘,練馬高野台駅前交番,131202,東京都,練馬区,南田中３丁目,2020-03-02,18,その他の住宅（３階建て以下共同住宅等）,その他,50歳代,その他,施錠した
窃盗,自転車盗,光が丘,練馬高野台駅前交番,131202,東京都,練馬区,南田中５丁目,2020-03-05,13,一戸建住宅,駐車（輪）場,70歳以上,その他,施錠した
窃盗,自転車盗,光が丘,練馬高野台駅前交番,131202,東京都,練馬区,南田中５丁目,2020-04-15,14,一戸建住宅,駐車（輪）場,70歳以上,その他,施錠した
窃盗,自転車盗,光が丘,練馬高野台駅前交番,131202,東京都,練馬区,三原台１丁目,2020-05-15,15,その他の住宅（３階建て以下共同住宅等）,駐車（輪）場,50歳代,その他,施錠した
窃盗,自転車盗,光が丘,谷原交番,131202,東京都,練馬区,高野台３丁目,2020-08-08,06,その他の住宅（３階建て以下共同住宅等）,駐車（輪）場,30歳代,その他,施錠した
窃盗,自転車盗,光が丘,谷原交番,131202,東京都,練馬区,高野台５丁目,2019-12-23,01,その他の住宅（３階建て以下共同住宅等）,駐車（輪）場,20歳代,その他,施錠した
窃盗,自転車盗,光が丘,谷原交番,131202,東京都,練馬区,高松３丁目,2020-07-19,09,その他の住宅（３階建て以下共同住宅等）,駐車（輪）場,30歳代,その他,施錠した
窃盗,自転車盗,光が丘,谷原交番,131202,東京都,練馬区,高松３丁目,2020-12-21,19,その他の住宅（３階建て以下共同住宅等）,駐車（輪）場,70歳以上,その他,施錠した
窃盗,自転車盗,光が丘,谷原交番,131202,東京都,練馬区,富士見台４丁目,2020-04-07,21,その他の住宅（３階建て以下共同住宅等）,駐車（輪）場,10歳代,高校生,施錠した
窃盗,自転車盗,光が丘,谷原交番,131202,東京都,練馬区,三原台３丁目,2020-06-09,07,一戸建住宅,その他,40歳代,その他,施錠した
窃盗,自転車盗,光が丘,谷原交番,131202,東京都,練馬区,谷原２丁目,2020-01-15,18,その他の住宅（３階建て以下共同住宅等）,駐車（輪）場,50歳代,その他,施錠した
窃盗,自転車盗,光が丘,谷原交番,131202,東京都,練馬区,谷原３丁目,2020-12-06,19,４階建て以上共同住宅,駐車（輪）場,10歳代,高校生,施錠した
窃盗,自転車盗,光が丘,土支田交番,131202,東京都,練馬区,旭町１丁目,2019-12-27,12,４階建て以上共同住宅,駐車（輪）場,50歳代,その他,施錠した
窃盗,自転車盗,光が丘,土支田交番,131202,東京都,練馬区,旭町１丁目,2020-03-17,18,４階建て以上共同住宅,駐車（輪）場,10歳代,その他,施錠した
窃盗,自転車盗,光が丘,土支田交番,131202,東京都,練馬区,旭町１丁目,2020-06-22,12,その他の住宅（３階建て以下共同住宅等）,駐車（輪）場,40歳代,その他,施錠した
窃盗,自転車盗,光が丘,土支田交番,131202,東京都,練馬区,旭町１丁目,2020-08-29,00,一戸建住宅,その他,20歳代,その他,施錠した
窃盗,自転車盗,光が丘,土支田交番,131202,東京都,練馬区,旭町１丁目,2020-09-02,18,４階建て以上共同住宅,駐車（輪）場,20歳代,その他,施錠した
窃盗,自転車盗,光が丘,土支田交番,131202,東京都,練馬区,旭町１丁目,2020-09-20,03,一戸建住宅,その他,30歳代,その他,施錠した
窃盗,自転車盗,光が丘,土支田交番,131202,東京都,練馬区,高松５丁目,2019-08-01,00,その他の住宅（３階建て以下共同住宅等）,駐車（輪）場,20歳代,その他,施錠した
窃盗,自転車盗,光が丘,土支田交番,131202,東京都,練馬区,高松６丁目,2020-08-14,21,４階建て以上共同住宅,駐車（輪）場,40歳代,その他,施錠した
窃盗,自転車盗,光が丘,土支田交番,131202,東京都,練馬区,土支田１丁目,2020-03-24,18,４階建て以上共同住宅,駐車（輪）場,60-64歳,その他,施錠した
窃盗,自転車盗,光が丘,土支田交番,131202,東京都,練馬区,土支田１丁目,2020-08-26,17,４階建て以上共同住宅,駐車（輪）場,20歳代,大学生,施錠した
窃盗,自転車盗,光が丘,土支田交番,131202,東京都,練馬区,土支田２丁目,2020-03-11,16,その他の住宅（３階建て以下共同住宅等）,駐車（輪）場,70歳以上,その他,施錠した
窃盗,自転車盗,光が丘,土支田交番,131202,東京都,練馬区,土支田４丁目,2020-05-05,17,その他の住宅（３階建て以下共同住宅等）,その他,50歳代,その他,施錠した
窃盗,自転車盗,光が丘,土支田交番,131202,東京都,練馬区,光が丘７丁目,2020-07-01,17,４階建て以上共同住宅,駐車（輪）場,10歳代,中学生,施錠した
窃盗,自転車盗,光が丘,土支田交番,131202,東京都,練馬区,光が丘７丁目,2020-10-25,18,４階建て以上共同住宅,駐車（輪）場,30歳代,その他,施錠した
窃盗,自転車盗,光が丘,三原台交番,131202,東京都,練馬区,三原台３丁目,2020-02-15,18,一戸建住宅,駐車（輪）場,10歳代,小学生,施錠した
窃盗,自転車盗,光が丘,三原台交番,131202,東京都,練馬区,三原台３丁目,2020-04-16,21,その他の住宅（３階建て以下共同住宅等）,その他,50歳代,その他,施錠した
窃盗,自転車盗,光が丘,三原台交番,131202,東京都,練馬区,谷原１丁目,2020-11-08,17,その他,駐車（輪）場,20歳代,大学生,施錠した
窃盗,自転車盗,光が丘,高松駐在所,131202,東京都,練馬区,高松１丁目,2020-05-26,11,その他の住宅（３階建て以下共同住宅等）,その他,70歳以上,その他,施錠した
窃盗,自転車盗,光が丘,高松駐在所,131202,東京都,練馬区,高松１丁目,2020-10-27,17,４階建て以上共同住宅,駐車（輪）場,30歳代,その他,施錠した
窃盗,自転車盗,光が丘,旭町駐在所,131202,東京都,練馬区,旭町３丁目,2020-01-28,00,その他の住宅（３階建て以下共同住宅等）,その他,30歳代,その他,施錠した
窃盗,自転車盗,光が丘,旭町駐在所,131202,東京都,練馬区,旭町３丁目,2020-02-26,02,その他の住宅（３階建て以下共同住宅等）,駐車（輪）場,20歳代,大学生,施錠した
窃盗,自転車盗,光が丘,旭町駐在所,131202,東京都,練馬区,旭町３丁目,2020-06-10,10,道路上,その他,70歳以上,その他,施錠した
窃盗,自転車盗,光が丘,旭町駐在所,131202,東京都,練馬区,旭町３丁目,2020-11-21,06,その他,駐車（輪）場,20歳代,大学生,施錠した
窃盗,自転車盗,上野,稲荷町交番,131067,東京都,台東区,東上野２丁目,2020-12-11,18,４階建て以上共同住宅,駐車（輪）場,法人・団体、被害者なし,法人・団体、被害者なし,施錠した
窃盗,自転車盗,上野,稲荷町交番,131067,東京都,台東区,東上野３丁目,2019-11-20,19,道路上,その他,40歳代,その他,施錠した
窃盗,自転車盗,上野,稲荷町交番,131067,東京都,台東区,東上野３丁目,2020-04-25,19,道路上,その他,20歳代,その他,施錠した
窃盗,自転車盗,上野,稲荷町交番,131067,東京都,台東区,東上野３丁目,2020-08-01,10,道路上,その他,40歳代,その他,施錠した
窃盗,自転車盗,上野,稲荷町交番,131067,東京都,台東区,東上野４丁目,2019-11-21,16,その他,駐車（輪）場,20歳代,その他,施錠した
窃盗,自転車盗,上野,稲荷町交番,131067,東京都,台東区,東上野４丁目,2020-01-01,23,４階建て以上共同住宅,駐車（輪）場,20歳代,その他,施錠した
窃盗,自転車盗,上野,稲荷町交番,131067,東京都,台東区,東上野４丁目,2020-05-19,17,道路上,その他,70歳以上,その他,施錠した
窃盗,自転車盗,上野,稲荷町交番,131067,東京都,台東区,東上野４丁目,2020-08-14,10,道路上,その他,20歳代,その他,施錠した
窃盗,自転車盗,上野,稲荷町交番,131067,東京都,台東区,東上野４丁目,2020-10-25,18,４階建て以上共同住宅,駐車（輪）場,20歳代,その他,施錠した
窃盗,自転車盗,上野,稲荷町交番,131067,東京都,台東区,東上野４丁目,2020-12-24,18,駐車（輪）場,駐車（輪）場,40歳代,その他,施錠した
窃盗,自転車盗,上野,稲荷町交番,131067,東京都,台東区,東上野５丁目,2020-04-19,23,道路上,その他,20歳代,その他,施錠した
窃盗,自転車盗,上野,稲荷町交番,131067,東京都,台東区,東上野５丁目,2020-07-30,01,道路上,その他,40歳代,その他,施錠した
窃盗,自転車盗,上野,台東交番,131067,東京都,台東区,秋葉原,2019-12-30,00,道路上,その他,30歳代,その他,施錠した
窃盗,自転車盗,上野,台東交番,131067,東京都,台東区,上野５丁目,2020-03-19,09,道路上,その他,30歳代,その他,施錠した
窃盗,自転車盗,上野,台東交番,131067,東京都,台東区,上野５丁目,2020-04-26,15,道路上,その他,40歳代,その他,施錠した
窃盗,自転車盗,上野,台東交番,131067,東京都,台東区,上野５丁目,2020-06-11,12,道路上,その他,40歳代,その他,施錠した
窃盗,自転車盗,上野,台東交番,131067,東京都,台東区,上野５丁目,2020-07-07,19,道路上,その他,65-69歳,その他,施錠した
窃盗,自転車盗,上野,台東交番,131067,東京都,台東区,台東１丁目,2020-08-25,19,４階建て以上共同住宅,駐車（輪）場,40歳代,その他,施錠した
窃盗,自転車盗,上野,台東交番,131067,東京都,台東区,台東２丁目,2020-05-12,14,４階建て以上共同住宅,駐車（輪）場,70歳以上,その他,施錠した
窃盗,自転車盗,上野,台東交番,131067,東京都,台東区,台東３丁目,2020-03-23,12,道路上,その他,30歳代,その他,施錠した
窃盗,自転車盗,上野,黒門交番,131067,東京都,台東区,上野１丁目,2019-12-27,01,道路上,その他,40歳代,その他,施錠した
窃盗,自転車盗,上野,黒門交番,131067,東京都,台東区,上野３丁目,2019-05-12,18,道路上,その他,40歳代,その他,施錠した
窃盗,自転車盗,上野,黒門交番,131067,東京都,台東区,上野３丁目,2019-11-11,23,道路上,その他,20歳代,その他,施錠した
窃盗,自転車盗,上野,黒門交番,131067,東京都,台東区,上野３丁目,2019-12-25,14,道路上,その他,70歳以上,その他,施錠した
窃盗,自転車盗,上野,黒門交番,131067,東京都,台東区,上野３丁目,2020-01-29,21,４階建て以上共同住宅,駐車（輪）場,20歳代,その他,施錠した
窃盗,自転車盗,上野,黒門交番,131067,東京都,台東区,上野３丁目,2020-04-17,11,道路上,その他,30歳代,その他,施錠した
窃盗,自転車盗,上野,黒門交番,131067,東京都,台東区,上野３丁目,2020-05-15,14,道路上,その他,20歳代,その他,施錠した
窃盗,自転車盗,上野,黒門交番,131067,東京都,台東区,上野３丁目,2020-05-15,15,道路上,その他,65-69歳,その他,施錠した
窃盗,自転車盗,上野,黒門交番,131067,東京都,台東区,上野３丁目,2020-06-09,12,４階建て以上共同住宅,駐車（輪）場,30歳代,その他,施錠した
窃盗,自転車盗,上野,黒門交番,131067,東京都,台東区,上野３丁目,2020-09-09,23,道路上,その他,法人・団体、被害者なし,法人・団体、被害者なし,施錠した
窃盗,自転車盗,上野,黒門交番,131067,東京都,台東区,上野３丁目,2020-12-04,00,４階建て以上共同住宅,駐車（輪）場,20歳代,大学生,施錠した
窃盗,自転車盗,上野,御徒町交番,131067,東京都,台東区,上野５丁目,2019-12-27,22,道路上,その他,50歳代,その他,施錠した
窃盗,自転車盗,上野,御徒町交番,131067,東京都,台東区,上野５丁目,2020-03-27,18,道路上,その他,40歳代,その他,施錠した
窃盗,自転車盗,上野,御徒町交番,131067,東京都,台東区,上野５丁目,2020-04-23,07,駐車（輪）場,駐車（輪）場,30歳代,その他,施錠した
窃盗,自転車盗,上野,御徒町交番,131067,東京都,台東区,上野５丁目,2020-07-11,10,駐車（輪）場,駐車（輪）場,70歳以上,その他,施錠した
窃盗,自転車盗,上野,御徒町交番,131067,東京都,台東区,上野６丁目,2019-12-02,12,道路上,その他,50歳代,その他,施錠した
窃盗,自転車盗,上野,御徒町交番,131067,東京都,台東区,台東４丁目,2020-01-21,11,道路上,その他,30歳代,その他,施錠した
窃盗,自転車盗,上野,御徒町交番,131067,東京都,台東区,台東４丁目,2020-02-02,18,一戸建住宅,駐車（輪）場,50歳代,その他,施錠した
窃盗,自転車盗,上野,御徒町交番,131067,東京都,台東区,台東４丁目,2020-02-23,12,４階建て以上共同住宅,駐車（輪）場,20歳代,その他,施錠した
窃盗,自転車盗,上野,御徒町交番,131067,東京都,台東区,台東４丁目,2020-06-26,12,道路上,その他,法人・団体、被害者なし,法人・団体、被害者なし,施錠した
窃盗,自転車盗,上野,御徒町交番,131067,東京都,台東区,台東４丁目,2020-08-21,18,４階建て以上共同住宅,駐車（輪）場,30歳代,その他,施錠した
窃盗,自転車盗,上野,御徒町交番,131067,東京都,台東区,台東４丁目,2020-10-04,18,４階建て以上共同住宅,駐車（輪）場,40歳代,その他,施錠した
窃盗,自転車盗,上野,御徒町交番,131067,東京都,台東区,台東４丁目,2020-10-29,07,駐車（輪）場,駐車（輪）場,30歳代,その他,施錠した
窃盗,自転車盗,上野,御徒町交番,131067,東京都,台東区,東上野１丁目,2020-04-09,17,駐車（輪）場,駐車（輪）場,50歳代,その他,施錠した
窃盗,自転車盗,上野,御徒町交番,131067,東京都,台東区,東上野２丁目,2020-02-01,08,駐車（輪）場,駐車（輪）場,20歳代,その他,施錠した
窃盗,自転車盗,上野,御徒町交番,131067,東京都,台東区,東上野２丁目,2020-05-28,16,道路上,その他,50歳代,その他,施錠した
窃盗,自転車盗,上野,御徒町交番,131067,東京都,台東区,東上野２丁目,2020-11-17,10,駐車（輪）場,駐車（輪）場,10歳代,大学生,施錠した
窃盗,自転車盗,上野,公園前交番,131067,東京都,台東区,上野１丁目,2019-08-02,08,道路上,その他,30歳代,その他,施錠した
窃盗,自転車盗,上野,公園前交番,131067,東京都,台東区,上野１丁目,2020-11-25,17,４階建て以上共同住宅,駐車（輪）場,50歳代,その他,施錠した
窃盗,自転車盗,上野,公園前交番,131067,東京都,台東区,上野２丁目,2019-09-04,22,道路上,その他,30歳代,その他,施錠した
窃盗,自転車盗,上野,公園前交番,131067,東京都,台東区,上野２丁目,2019-10-25,05,道路上,その他,50歳代,その他,施錠した
窃盗,自転車盗,上野,公園前交番,131067,東京都,台東区,上野２丁目,2019-12-01,09,道路上,その他,65-69歳,その他,施錠した
窃盗,自転車盗,上野,公園前交番,131067,東京都,台東区,上野２丁目,2020-03-12,02,道路上,その他,40歳代,その他,施錠した
窃盗,自転車盗,上野,公園前交番,131067,東京都,台東区,上野２丁目,2020-04-18,19,その他の住宅（３階建て以下共同住宅等）,駐車（輪）場,40歳代,その他,施錠した
窃盗,自転車盗,上野,公園前交番,131067,東京都,台東区,上野２丁目,2020-08-14,19,道路上,その他,30歳代,その他,施錠した
窃盗,自転車盗,上野,公園前交番,131067,東京都,台東区,上野４丁目,2019-11-24,21,道路上,その他,70歳以上,その他,施錠した
窃盗,自転車盗,上野,公園前交番,131067,東京都,台東区,上野４丁目,2019-11-28,10,道路上,その他,70歳以上,その他,施錠した
窃盗,自転車盗,上野,公園前交番,131067,東京都,台東区,上野４丁目,2019-11-30,00,道路上,その他,30歳代,その他,施錠した
窃盗,自転車盗,上野,公園前交番,131067,東京都,台東区,上野４丁目,2020-05-02,16,４階建て以上共同住宅,駐車（輪）場,30歳代,その他,施錠した
窃盗,自転車盗,上野,公園前交番,131067,東京都,台東区,上野４丁目,2020-07-07,12,道路上,その他,60-64歳,その他,施錠した
窃盗,自転車盗,上野,公園前交番,131067,東京都,台東区,上野４丁目,2020-08-02,19,道路上,その他,30歳代,その他,施錠した
窃盗,自転車盗,上野,公園前交番,131067,東京都,台東区,上野４丁目,2020-09-03,17,道路上,その他,20歳代,その他,施錠した
窃盗,自転車盗,上野,公園前交番,131067,東京都,台東区,上野４丁目,2020-09-10,12,道路上,その他,40歳代,その他,施錠した
窃盗,自転車盗,上野,公園前交番,131067,東京都,台東区,上野４丁目,2020-10-04,19,道路上,その他,10歳代,その他,施錠した
窃盗,自転車盗,上野,公園前交番,131067,東京都,台東区,上野６丁目,2019-12-01,18,道路上,その他,20歳代,その他,施錠した
窃盗,自転車盗,上野,公園前交番,131067,東京都,台東区,上野６丁目,2020-04-18,15,駐車（輪）場,駐車（輪）場,30歳代,その他,施錠した
窃盗,自転車盗,上野,公園前交番,131067,東京都,台東区,上野６丁目,2020-06-19,22,道路上,その他,20歳代,その他,施錠した
窃盗,自転車盗,上野,公園前交番,131067,東京都,台東区,上野６丁目,2020-07-24,15,道路上,その他,20歳代,その他,施錠した
窃盗,自転車盗,上野,公園前交番,131067,東京都,台東区,上野６丁目,2020-08-29,05,道路上,その他,法人・団体、被害者なし,法人・団体、被害者なし,施錠した
窃盗,自転車盗,上野,公園前交番,131067,東京都,台東区,上野公園,2020-01-18,10,その他,その他,20歳代,大学生,施錠した
窃盗,自転車盗,上野,公園前交番,131067,東京都,台東区,上野公園,2020-04-02,18,その他,その他,50歳代,その他,施錠した
窃盗,自転車盗,上野,池之端交番,131067,東京都,台東区,池之端１丁目,2020-10-07,05,道路上,その他,30歳代,その他,施錠した
窃盗,自転車盗,上野,池之端交番,131067,東京都,台東区,池之端２丁目,2019-08-27,06,駐車（輪）場,駐車（輪）場,50歳代,その他,施錠した
窃盗,自転車盗,上野,池之端交番,131067,東京都,台東区,池之端２丁目,2020-02-12,16,４階建て以上共同住宅,駐車（輪）場,50歳代,その他,施錠した
窃盗,自転車盗,上野,池之端交番,131067,東京都,台東区,池之端２丁目,2020-07-23,21,道路上,その他,20歳代,その他,施錠した
窃盗,自転車盗,上野,池之端交番,131067,東京都,台東区,上野２丁目,2020-05-22,19,道路上,その他,50歳代,その他,施錠した
窃盗,自転車盗,上野,池之端交番,131067,東京都,台東区,上野公園,2020-11-24,15,駐車（輪）場,駐車（輪）場,30歳代,その他,施錠した
窃盗,自転車盗,上野,上野駅交番,131067,東京都,台東区,上野７丁目,2019-11-28,22,道路上,その他,70歳以上,その他,施錠した
窃盗,自転車盗,上野,上野駅交番,131067,東京都,台東区,上野７丁目,2019-12-30,12,４階建て以上共同住宅,駐車（輪）場,20歳代,その他,施錠した
窃盗,自転車盗,上野,上野駅交番,131067,東京都,台東区,上野７丁目,2020-01-11,16,その他,駐車（輪）場,10歳代,高校生,施錠した
窃盗,自転車盗,上野,上野駅交番,131067,東京都,台東区,上野７丁目,2020-01-15,15,道路上,その他,60-64歳,その他,施錠した
窃盗,自転車盗,上野,上野駅交番,131067,東京都,台東区,上野７丁目,2020-01-19,12,４階建て以上共同住宅,駐車（輪）場,20歳代,その他,施錠した
窃盗,自転車盗,上野,上野駅交番,131067,東京都,台東区,上野７丁目,2020-02-25,18,駐車（輪）場,駐車（輪）場,50歳代,その他,施錠した
窃盗,自転車盗,上野,上野駅交番,131067,東京都,台東区,上野７丁目,2020-06-28,16,道路上,その他,65-69歳,その他,施錠した
窃盗,自転車盗,上野,上野駅交番,131067,東京都,台東区,上野７丁目,2020-08-27,07,その他,駐車（輪）場,20歳代,その他,施錠した
窃盗,自転車盗,上野,上野駅交番,131067,東京都,台東区,上野７丁目,2020-09-13,18,道路上,その他,40歳代,その他,施錠した
窃盗,自転車盗,上野,上野駅交番,131067,東京都,台東区,上野７丁目,2020-10-15,16,駐車（輪）場,駐車（輪）場,50歳代,その他,施錠した
窃盗,自転車盗,上野,上野駅交番,131067,東京都,台東区,上野７丁目,2020-10-26,18,道路上,その他,40歳代,その他,施錠した
窃盗,自転車盗,上野,上野駅交番,131067,東京都,台東区,上野７丁目,2020-11-18,20,道路上,その他,20歳代,その他,施錠した
窃盗,自転車盗,上野,上野駅交番,131067,東京都,台東区,東上野３丁目,2020-06-19,10,道路上,その他,40歳代,その他,施錠した
窃盗,自転車盗,上野,上野駅交番,131067,東京都,台東区,東上野４丁目,2020-03-11,08,道路上,その他,20歳代,その他,施錠した
窃盗,自転車盗,下谷,三ノ輪交番,131067,東京都,台東区,下谷３丁目,2020-01-31,12,道路上,その他,50歳代,その他,施錠した
窃盗,自転車盗,下谷,三ノ輪交番,131067,東京都,台東区,下谷３丁目,2020-03-16,19,道路上,その他,50歳代,その他,施錠した
窃盗,自転車盗,下谷,三ノ輪交番,131067,東京都,台東区,下谷３丁目,2020-06-23,16,道路上,その他,50歳代,その他,施錠した
窃盗,自転車盗,下谷,三ノ輪交番,131067,東京都,台東区,根岸５丁目,2019-10-21,12,道路上,その他,20歳代,その他,施錠した
窃盗,自転車盗,下谷,三ノ輪交番,131067,東京都,台東区,根岸５丁目,2019-12-31,08,道路上,その他,50歳代,その他,施錠した
窃盗,自転車盗,下谷,三ノ輪交番,131067,東京都,台東区,根岸５丁目,2020-02-15,19,道路上,その他,50歳代,その他,施錠した
窃盗,自転車盗,下谷,三ノ輪交番,131067,東京都,台東区,根岸５丁目,2020-04-19,16,４階建て以上共同住宅,駐車（輪）場,40歳代,その他,施錠した
窃盗,自転車盗,下谷,三ノ輪交番,131067,東京都,台東区,根岸５丁目,2020-06-01,02,道路上,その他,30歳代,その他,施錠した
窃盗,自転車盗,下谷,三ノ輪交番,131067,東京都,台東区,根岸５丁目,2020-08-19,09,道路上,その他,10歳代,中学生,施錠した
窃盗,自転車盗,下谷,三ノ輪交番,131067,東京都,台東区,三ノ輪１丁目,2020-03-02,19,一戸建住宅,その他,40歳代,その他,施錠した
窃盗,自転車盗,下谷,三ノ輪交番,131067,東京都,台東区,三ノ輪１丁目,2020-06-14,18,一戸建住宅,駐車（輪）場,40歳代,その他,施錠した
窃盗,自転車盗,下谷,三ノ輪交番,131067,東京都,台東区,三ノ輪２丁目,2020-02-27,03,駐車（輪）場,駐車（輪）場,50歳代,その他,施錠した
窃盗,自転車盗,下谷,三ノ輪交番,131067,東京都,台東区,三ノ輪２丁目,2020-05-03,14,道路上,その他,50歳代,その他,施錠した
窃盗,自転車盗,下谷,三ノ輪交番,131067,東京都,台東区,三ノ輪２丁目,2020-05-24,10,道路上,その他,20歳代,その他,施錠した
窃盗,自転車盗,下谷,三ノ輪交番,131067,東京都,台東区,三ノ輪２丁目,2020-07-21,09,駐車（輪）場,駐車（輪）場,20歳代,大学生,施錠した
窃盗,自転車盗,下谷,三ノ輪交番,131067,東京都,台東区,三ノ輪２丁目,2020-09-18,19,道路上,その他,40歳代,その他,施錠した
窃盗,自転車盗,下谷,三ノ輪交番,131067,東京都,台東区,三ノ輪２丁目,2020-10-27,06,駐車（輪）場,駐車（輪）場,10歳代,高校生,施錠した
窃盗,自転車盗,下谷,三ノ輪交番,131067,東京都,台東区,竜泉２丁目,2020-03-24,15,道路上,その他,10歳未満,小学生,施錠した
窃盗,自転車盗,下谷,三ノ輪交番,131067,東京都,台東区,竜泉２丁目,2020-04-14,14,道路上,その他,30歳代,その他,施錠した
窃盗,自転車盗,下谷,三ノ輪交番,131067,東京都,台東区,竜泉２丁目,2020-09-18,09,道路上,その他,10歳代,その他,施錠した
窃盗,自転車盗,下谷,三ノ輪交番,131067,東京都,台東区,竜泉２丁目,2020-10-06,17,道路上,その他,30歳代,その他,施錠した
窃盗,自転車盗,下谷,三ノ輪交番,131067,東京都,台東区,竜泉３丁目,2020-08-20,02,４階建て以上共同住宅,駐車（輪）場,30歳代,その他,施錠した
窃盗,自転車盗,下谷,入谷東交番,131067,東京都,台東区,入谷１丁目,2019-12-01,13,道路上,その他,30歳代,その他,施錠した
窃盗,自転車盗,下谷,入谷東交番,131067,東京都,台東区,入谷１丁目,2020-01-17,20,４階建て以上共同住宅,その他,70歳以上,その他,施錠した
窃盗,自転車盗,下谷,入谷東交番,131067,東京都,台東区,入谷１丁目,2020-09-03,21,道路上,その他,65-69歳,その他,施錠した
窃盗,自転車盗,下谷,入谷東交番,131067,東京都,台東区,入谷１丁目,2020-11-06,20,４階建て以上共同住宅,駐車（輪）場,30歳代,その他,施錠した
窃盗,自転車盗,下谷,入谷東交番,131067,東京都,台東区,入谷２丁目,2020-01-07,19,道路上,その他,20歳代,その他,施錠した
窃盗,自転車盗,下谷,入谷東交番,131067,東京都,台東区,入谷２丁目,2020-01-31,15,道路上,その他,40歳代,その他,施錠した
窃盗,自転車盗,下谷,入谷東交番,131067,東京都,台東区,入谷２丁目,2020-05-31,20,道路上,その他,40歳代,その他,施錠した
窃盗,自転車盗,下谷,入谷東交番,131067,東京都,台東区,入谷２丁目,2020-11-30,11,一戸建住宅,駐車（輪）場,40歳代,その他,施錠した
窃盗,自転車盗,下谷,入谷東交番,131067,東京都,台東区,下谷３丁目,2020-06-05,19,４階建て以上共同住宅,駐車（輪）場,40歳代,その他,施錠した
窃盗,自転車盗,下谷,入谷東交番,131067,東京都,台東区,松が谷３丁目,2020-04-05,21,４階建て以上共同住宅,駐車（輪）場,30歳代,その他,施錠した
窃盗,自転車盗,下谷,入谷西交番,131067,東京都,台東区,入谷１丁目,2020-01-14,13,道路上,その他,40歳代,その他,施錠した
窃盗,自転車盗,下谷,入谷西交番,131067,東京都,台東区,入谷１丁目,2020-02-18,10,道路上,その他,70歳以上,その他,施錠した
窃盗,自転車盗,下谷,入谷西交番,131067,東京都,台東区,入谷１丁目,2020-02-26,17,４階建て以上共同住宅,駐車（輪）場,65-69歳,その他,施錠した
窃盗,自転車盗,下谷,入谷西交番,131067,東京都,台東区,入谷１丁目,2020-08-19,19,道路上,その他,40歳代,その他,施錠した
窃盗,自転車盗,下谷,入谷西交番,131067,東京都,台東区,入谷１丁目,2020-12-07,18,４階建て以上共同住宅,駐車（輪）場,40歳代,その他,施錠した
窃盗,自転車盗,下谷,入谷西交番,131067,東京都,台東区,入谷１丁目,2020-12-13,12,４階建て以上共同住宅,駐車（輪）場,30歳代,その他,施錠した
窃盗,自転車盗,下谷,入谷西交番,131067,東京都,台東区,入谷２丁目,2020-10-25,23,道路上,その他,30歳代,その他,施錠した
窃盗,自転車盗,下谷,入谷西交番,131067,東京都,台東区,上野７丁目,2019-12-10,18,道路上,その他,40歳代,その他,施錠した
窃盗,自転車盗,下谷,入谷西交番,131067,東京都,台東区,上野桜木２丁目,2020-11-18,22,その他,駐車（輪）場,法人・団体、被害者なし,法人・団体、被害者なし,施錠した
窃盗,自転車盗,下谷,入谷西交番,131067,東京都,台東区,北上野１丁目,2020-03-28,16,４階建て以上共同住宅,駐車（輪）場,20歳代,その他,施錠した
窃盗,自転車盗,下谷,入谷西交番,131067,東京都,台東区,北上野２丁目,2019-12-16,10,道路上,その他,30歳代,その他,施錠した
窃盗,自転車盗,下谷,入谷西交番,131067,東京都,台東区,北上野２丁目,2020-03-22,15,４階建て以上共同住宅,駐車（輪）場,40歳代,その他,施錠した
窃盗,自転車盗,下谷,入谷西交番,131067,東京都,台東区,北上野２丁目,2020-09-25,01,道路上,その他,30歳代,その他,施錠した
窃盗,自転車盗,下谷,入谷西交番,131067,東京都,台東区,北上野２丁目,2020-11-01,23,４階建て以上共同住宅,駐車（輪）場,20歳代,その他,施錠した
窃盗,自転車盗,下谷,入谷西交番,131067,東京都,台東区,下谷１丁目,2019-11-21,00,４階建て以上共同住宅,駐車（輪）場,30歳代,その他,施錠した
窃盗,自転車盗,下谷,入谷西交番,131067,東京都,台東区,下谷１丁目,2020-01-24,14,道路上,その他,40歳代,その他,施錠した
窃盗,自転車盗,下谷,入谷西交番,131067,東京都,台東区,下谷１丁目,2020-06-21,12,道路上,その他,50歳代,その他,施錠した
窃盗,自転車盗,下谷,入谷西交番,131067,東京都,台東区,下谷１丁目,2020-08-12,00,道路上,その他,40歳代,その他,施錠した
窃盗,自転車盗,下谷,入谷西交番,131067,東京都,台東区,下谷１丁目,2020-10-04,21,道路上,その他,60-64歳,その他,施錠した
窃盗,自転車盗,下谷,入谷西交番,131067,東京都,台東区,下谷２丁目,2019-12-21,13,道路上,その他,30歳代,その他,施錠した
窃盗,自転車盗,下谷,入谷西交番,131067,東京都,台東区,下谷２丁目,2020-01-27,18,道路上,その他,20歳代,その他,施錠した
窃盗,自転車盗,下谷,入谷西交番,131067,東京都,台東区,下谷２丁目,2020-04-16,10,４階建て以上共同住宅,駐車（輪）場,50歳代,その他,施錠した
窃盗,自転車盗,下谷,入谷西交番,131067,東京都,台東区,根岸３丁目,2020-09-30,22,道路上,その他,20歳代,その他,施錠した
窃盗,自転車盗,下谷,入谷西交番,131067,東京都,台東区,根岸３丁目,2020-10-20,20,４階建て以上共同住宅,駐車（輪）場,20歳代,大学生,施錠した
窃盗,自転車盗,下谷,入谷西交番,131067,東京都,台東区,竜泉２丁目,2020-11-04,07,道路上,その他,30歳代,その他,施錠した
窃盗,自転車盗,下谷,鶯谷駅前交番,131067,東京都,台東区,根岸１丁目,2020-02-18,18,駐車（輪）場,駐車（輪）場,30歳代,その他,施錠した
窃盗,自転車盗,下谷,鶯谷駅前交番,131067,東京都,台東区,根岸１丁目,2020-02-20,11,４階建て以上共同住宅,駐車（輪）場,20歳代,その他,施錠した
窃盗,自転車盗,下谷,鶯谷駅前交番,131067,東京都,台東区,根岸１丁目,2020-04-24,14,道路上,その他,50歳代,その他,施錠した
窃盗,自転車盗,下谷,鶯谷駅前交番,131067,東京都,台東区,根岸１丁目,2020-07-16,08,道路上,その他,20歳代,その他,施錠した
窃盗,自転車盗,下谷,鶯谷駅前交番,131067,東京都,台東区,根岸１丁目,2020-08-26,21,道路上,その他,20歳代,その他,施錠した
窃盗,自転車盗,下谷,鶯谷駅前交番,131067,東京都,台東区,根岸１丁目,2020-09-04,08,道路上,その他,10歳代,その他,施錠した
窃盗,自転車盗,下谷,鶯谷駅前交番,131067,東京都,台東区,根岸１丁目,2020-11-19,20,道路上,その他,30歳代,その他,施錠した
窃盗,自転車盗,下谷,鶯谷駅前交番,131067,東京都,台東区,根岸２丁目,2019-12-13,18,駐車（輪）場,駐車（輪）場,20歳代,大学生,施錠した
窃盗,自転車盗,下谷,鶯谷駅前交番,131067,東京都,台東区,根岸２丁目,2020-01-28,18,駐車（輪）場,駐車（輪）場,40歳代,その他,施錠した
窃盗,自転車盗,下谷,鶯谷駅前交番,131067,東京都,台東区,根岸２丁目,2020-03-16,21,４階建て以上共同住宅,駐車（輪）場,20歳代,その他,施錠した
窃盗,自転車盗,下谷,鶯谷駅前交番,131067,東京都,台東区,根岸２丁目,2020-11-26,07,４階建て以上共同住宅,駐車（輪）場,40歳代,その他,施錠した
窃盗,自転車盗,下谷,鶯谷駅前交番,131067,東京都,台東区,根岸３丁目,2019-12-14,16,道路上,その他,40歳代,その他,施錠した
窃盗,自転車盗,下谷,鶯谷駅前交番,131067,東京都,台東区,根岸３丁目,2020-01-10,04,道路上,その他,20歳代,その他,施錠した
窃盗,自転車盗,下谷,鶯谷駅前交番,131067,東京都,台東区,根岸３丁目,2020-03-18,18,道路上,その他,40歳代,その他,施錠した
窃盗,自転車盗,下谷,鶯谷駅前交番,131067,東京都,台東区,根岸３丁目,2020-05-23,16,４階建て以上共同住宅,駐車（輪）場,50歳代,その他,施錠した
窃盗,自転車盗,下谷,鶯谷駅前交番,131067,東京都,台東区,根岸３丁目,2020-08-23,17,４階建て以上共同住宅,駐車（輪）場,20歳代,その他,施錠した
窃盗,自転車盗,下谷,鶯谷駅前交番,131067,東京都,台東区,根岸３丁目,2020-09-23,08,４階建て以上共同住宅,駐車（輪）場,50歳代,その他,施錠した
窃盗,自転車盗,下谷,鶯谷駅前交番,131067,東京都,台東区,根岸３丁目,2020-12-27,18,４階建て以上共同住宅,駐車（輪）場,70歳以上,その他,施錠した
窃盗,自転車盗,下谷,初音交番,131067,東京都,台東区,谷中３丁目,2020-03-03,18,道路上,その他,30歳代,その他,施錠した
窃盗,自転車盗,下谷,初音交番,131067,東京都,台東区,谷中５丁目,2020-01-31,21,道路上,その他,50歳代,その他,施錠した
窃盗,自転車盗,下谷,天王寺駐在所,131067,東京都,台東区,谷中７丁目,2020-01-06,14,駐車（輪）場,駐車（輪）場,20歳代,大学生,施錠した
窃盗,自転車盗,下谷,天王寺駐在所,131067,東京都,台東区,谷中７丁目,2020-07-10,15,道路上,その他,20歳代,大学生,施錠した
窃盗,自転車盗,下谷,谷中交番,131067,東京都,台東区,上野桜木２丁目,2020-08-26,15,その他,その他,法人・団体、被害者なし,法人・団体、被害者なし,施錠した
窃盗,自転車盗,浅草,日本堤交番,131067,東京都,台東区,日本堤２丁目,2019-12-30,17,その他,その他,50歳代,その他,施錠した
窃盗,自転車盗,浅草,日本堤交番,131067,東京都,台東区,清川１丁目,2020-01-18,22,その他の住宅（３階建て以下共同住宅等）,駐車（輪）場,30歳代,その他,施錠した
窃盗,自転車盗,浅草,日本堤交番,131067,東京都,台東区,清川１丁目,2020-04-23,18,道路上,その他,60-64歳,その他,施錠した
窃盗,自転車盗,浅草,日本堤交番,131067,東京都,台東区,清川２丁目,2019-12-19,08,道路上,その他,30歳代,その他,施錠した
窃盗,自転車盗,浅草,日本堤交番,131067,東京都,台東区,清川２丁目,2019-12-30,14,道路上,その他,65-69歳,その他,施錠した
窃盗,自転車盗,浅草,日本堤交番,131067,東京都,台東区,清川２丁目,2020-01-11,12,道路上,その他,40歳代,その他,施錠した
窃盗,自転車盗,浅草,日本堤交番,131067,東京都,台東区,清川２丁目,2020-06-08,18,道路上,その他,70歳以上,その他,施錠した
窃盗,自転車盗,浅草,日本堤交番,131067,東京都,台東区,清川２丁目,2020-08-30,18,４階建て以上共同住宅,駐車（輪）場,10歳代,高校生,施錠した
窃盗,自転車盗,浅草,日本堤交番,131067,東京都,台東区,日本堤１丁目,2020-05-01,23,道路上,その他,70歳以上,その他,施錠した
窃盗,自転車盗,浅草,日本堤交番,131067,東京都,台東区,日本堤１丁目,2020-08-15,18,道路上,その他,30歳代,その他,施錠した
窃盗,自転車盗,浅草,日本堤交番,131067,東京都,台東区,日本堤１丁目,2020-09-11,18,道路上,その他,70歳以上,その他,施錠した
窃盗,自転車盗,浅草,日本堤交番,131067,東京都,台東区,日本堤２丁目,2020-11-06,11,道路上,その他,70歳以上,その他,施錠した
窃盗,自転車盗,浅草,日本堤交番,131067,東京都,台東区,橋場２丁目,2019-12-30,15,４階建て以上共同住宅,駐車（輪）場,60-64歳,その他,施錠した
窃盗,自転車盗,浅草,日本堤交番,131067,東京都,台東区,橋場２丁目,2020-08-11,17,４階建て以上共同住宅,駐車（輪）場,10歳代,中学生,施錠した
窃盗,自転車盗,浅草,日本堤交番,131067,東京都,台東区,東浅草２丁目,2020-05-07,22,４階建て以上共同住宅,駐車（輪）場,20歳代,その他,施錠した
窃盗,自転車盗,浅草,日本堤交番,131067,東京都,台東区,東浅草２丁目,2020-12-03,18,道路上,その他,40歳代,その他,施錠した
窃盗,自転車盗,浅草,吉原交番,131067,東京都,台東区,千束３丁目,2019-12-29,02,道路上,その他,20歳代,その他,施錠した
窃盗,自転車盗,浅草,吉原交番,131067,東京都,台東区,千束３丁目,2020-02-01,19,道路上,その他,50歳代,その他,施錠した
窃盗,自転車盗,浅草,吉原交番,131067,東京都,台東区,千束３丁目,2020-02-13,14,道路上,その他,20歳代,その他,施錠した
窃盗,自転車盗,浅草,吉原交番,131067,東京都,台東区,千束３丁目,2020-06-16,15,４階建て以上共同住宅,駐車（輪）場,65-69歳,その他,施錠した
窃盗,自転車盗,浅草,吉原交番,131067,東京都,台東区,千束４丁目,2020-03-31,17,道路上,その他,70歳以上,その他,施錠した
窃盗,自転車盗,浅草,東浅草交番,131067,東京都,台東区,浅草５丁目,2020-01-07,20,その他の住宅（３階建て以下共同住宅等）,駐車（輪）場,20歳代,その他,施錠した
窃盗,自転車盗,浅草,東浅草交番,131067,東京都,台東区,浅草５丁目,2020-05-14,00,４階建て以上共同住宅,駐車（輪）場,20歳代,その他,施錠した
窃盗,自転車盗,浅草,東浅草交番,131067,東京都,台東区,浅草５丁目,2020-09-08,22,４階建て以上共同住宅,駐車（輪）場,30歳代,その他,施錠した
窃盗,自転車盗,浅草,東浅草交番,131067,東京都,台東区,今戸２丁目,2020-02-21,10,道路上,その他,40歳代,その他,施錠した
窃盗,自転車盗,浅草,東浅草交番,131067,東京都,台東区,東浅草１丁目,2020-06-03,17,道路上,その他,50歳代,その他,施錠した
窃盗,自転車盗,浅草,西浅草三丁目交番,131067,東京都,台東区,浅草３丁目,2019-12-06,15,道路上,その他,60-64歳,その他,施錠した
窃盗,自転車盗,浅草,西浅草三丁目交番,131067,東京都,台東区,浅草３丁目,2020-02-29,21,道路上,その他,20歳代,その他,施錠した
窃盗,自転車盗,浅草,西浅草三丁目交番,131067,東京都,台東区,浅草３丁目,2020-08-11,18,その他,駐車（輪）場,40歳代,その他,施錠した
窃盗,自転車盗,浅草,西浅草三丁目交番,131067,東京都,台東区,浅草４丁目,2020-07-21,23,一戸建住宅,その他,30歳代,その他,施錠した
窃盗,自転車盗,浅草,西浅草三丁目交番,131067,東京都,台東区,浅草４丁目,2020-11-10,19,その他,駐車（輪）場,70歳以上,その他,施錠した
窃盗,自転車盗,浅草,西浅草三丁目交番,131067,東京都,台東区,浅草４丁目,2020-11-16,20,その他の住宅（３階建て以下共同住宅等）,駐車（輪）場,50歳代,その他,施錠した
窃盗,自転車盗,浅草,西浅草三丁目交番,131067,東京都,台東区,浅草５丁目,2020-01-11,20,その他の住宅（３階建て以下共同住宅等）,駐車（輪）場,50歳代,その他,施錠した
窃盗,自転車盗,浅草,西浅草三丁目交番,131067,東京都,台東区,浅草５丁目,2020-01-29,23,道路上,その他,40歳代,その他,施錠した
窃盗,自転車盗,浅草,西浅草三丁目交番,131067,東京都,台東区,浅草５丁目,2020-02-16,22,道路上,その他,20歳代,その他,施錠した
窃盗,自転車盗,浅草,西浅草三丁目交番,131067,東京都,台東区,浅草５丁目,2020-04-04,15,道路上,その他,70歳以上,その他,施錠した
窃盗,自転車盗,浅草,西浅草三丁目交番,131067,東京都,台東区,千束１丁目,2020-02-17,21,４階建て以上共同住宅,駐車（輪）場,20歳代,その他,施錠した
窃盗,自転車盗,浅草,西浅草三丁目交番,131067,東京都,台東区,千束１丁目,2020-07-29,21,４階建て以上共同住宅,駐車（輪）場,20歳代,その他,施錠した
窃盗,自転車盗,浅草,西浅草三丁目交番,131067,東京都,台東区,千束２丁目,2020-07-18,21,４階建て以上共同住宅,駐車（輪）場,20歳代,その他,施錠した
窃盗,自転車盗,浅草,西浅草三丁目交番,131067,東京都,台東区,千束２丁目,2020-07-24,07,４階建て以上共同住宅,駐車（輪）場,40歳代,その他,施錠した
窃盗,自転車盗,浅草,西浅草三丁目交番,131067,東京都,台東区,千束３丁目,2020-10-15,20,４階建て以上共同住宅,駐車（輪）場,20歳代,その他,施錠した
窃盗,自転車盗,浅草,西浅草三丁目交番,131067,東京都,台東区,西浅草３丁目,2020-10-21,01,道路上,その他,30歳代,その他,施錠した
窃盗,自転車盗,浅草,公園六区交番,131067,東京都,台東区,浅草１丁目,2020-01-08,11,道路上,その他,50歳代,その他,施錠した
窃盗,自転車盗,浅草,公園六区交番,131067,東京都,台東区,浅草１丁目,2020-01-23,18,道路上,その他,50歳代,その他,施錠した
窃盗,自転車盗,浅草,公園六区交番,131067,東京都,台東区,浅草１丁目,2020-02-14,09,道路上,その他,70歳以上,その他,施錠した
窃盗,自転車盗,浅草,公園六区交番,131067,東京都,台東区,浅草１丁目,2020-02-14,13,道路上,その他,40歳代,その他,施錠した
窃盗,自転車盗,浅草,公園六区交番,131067,東京都,台東区,浅草１丁目,2020-03-12,12,道路上,その他,70歳以上,その他,施錠した
窃盗,自転車盗,浅草,公園六区交番,131067,東京都,台東区,浅草１丁目,2020-05-07,10,その他,駐車（輪）場,30歳代,その他,施錠した
窃盗,自転車盗,浅草,公園六区交番,131067,東京都,台東区,浅草１丁目,2020-06-05,06,道路上,その他,60-64歳,その他,施錠した
窃盗,自転車盗,浅草,公園六区交番,131067,東京都,台東区,浅草１丁目,2020-06-21,21,道路上,その他,10歳代,大学生,施錠した
窃盗,自転車盗,浅草,公園六区交番,131067,東京都,台東区,浅草１丁目,2020-07-09,12,その他,駐車（輪）場,20歳代,その他,施錠した
窃盗,自転車盗,浅草,公園六区交番,131067,東京都,台東区,浅草１丁目,2020-11-10,16,道路上,その他,30歳代,その他,施錠した
窃盗,自転車盗,浅草,公園六区交番,131067,東京都,台東区,浅草１丁目,2020-11-17,15,道路上,その他,40歳代,その他,施錠した
窃盗,自転車盗,浅草,公園六区交番,131067,東京都,台東区,浅草２丁目,2019-12-29,23,道路上,その他,30歳代,その他,施錠した
窃盗,自転車盗,浅草,公園六区交番,131067,東京都,台東区,浅草２丁目,2020-01-11,18,道路上,その他,40歳代,その他,施錠した
窃盗,自転車盗,浅草,公園六区交番,131067,東京都,台東区,浅草２丁目,2020-01-11,18,道路上,その他,70歳以上,その他,施錠した
窃盗,自転車盗,浅草,公園六区交番,131067,東京都,台東区,浅草２丁目,2020-01-22,20,道路上,その他,50歳代,その他,施錠した
窃盗,自転車盗,浅草,公園六区交番,131067,東京都,台東区,浅草２丁目,2020-02-07,13,その他,駐車（輪）場,10歳代,高校生,施錠した
窃盗,自転車盗,浅草,公園六区交番,131067,東京都,台東区,浅草２丁目,2020-04-29,09,道路上,その他,30歳代,その他,施錠した
窃盗,自転車盗,浅草,公園六区交番,131067,東京都,台東区,浅草２丁目,2020-05-02,22,４階建て以上共同住宅,駐車（輪）場,30歳代,その他,施錠した
窃盗,自転車盗,浅草,公園六区交番,131067,東京都,台東区,浅草２丁目,2020-05-06,17,道路上,その他,30歳代,その他,施錠した
窃盗,自転車盗,浅草,公園六区交番,131067,東京都,台東区,浅草２丁目,2020-06-06,09,道路上,その他,50歳代,その他,施錠した
窃盗,自転車盗,浅草,公園六区交番,131067,東京都,台東区,浅草２丁目,2020-07-04,19,道路上,その他,30歳代,その他,施錠した
窃盗,自転車盗,浅草,公園六区交番,131067,東京都,台東区,浅草２丁目,2020-07-05,17,道路上,その他,20歳代,その他,施錠した
窃盗,自転車盗,浅草,公園六区交番,131067,東京都,台東区,浅草２丁目,2020-10-24,17,道路上,その他,30歳代,その他,施錠した
窃盗,自転車盗,浅草,公園六区交番,131067,東京都,台東区,浅草２丁目,2020-11-14,02,４階建て以上共同住宅,駐車（輪）場,30歳代,その他,施錠した
窃盗,自転車盗,浅草,公園六区交番,131067,東京都,台東区,浅草３丁目,2019-12-12,21,道路上,その他,40歳代,その他,施錠した
窃盗,自転車盗,浅草,公園六区交番,131067,東京都,台東区,浅草３丁目,2020-01-11,18,４階建て以上共同住宅,駐車（輪）場,30歳代,その他,施錠した
窃盗,自転車盗,浅草,公園六区交番,131067,東京都,台東区,西浅草３丁目,2020-08-25,18,４階建て以上共同住宅,駐車（輪）場,40歳代,その他,施錠した
窃盗,自転車盗,浅草,雷門交番,131067,東京都,台東区,浅草１丁目,2020-03-17,09,道路上,その他,60-64歳,その他,施錠した
窃盗,自転車盗,浅草,雷門交番,131067,東京都,台東区,浅草１丁目,2020-08-18,06,道路上,その他,30歳代,その他,施錠した
窃盗,自転車盗,浅草,雷門交番,131067,東京都,台東区,浅草２丁目,2020-09-12,14,道路上,その他,10歳代,中学生,施錠した
窃盗,自転車盗,浅草,雷門交番,131067,東京都,台東区,浅草３丁目,2020-10-01,09,４階建て以上共同住宅,駐車（輪）場,40歳代,その他,施錠した
窃盗,自転車盗,浅草,雷門交番,131067,東京都,台東区,雷門１丁目,2020-05-08,11,道路上,その他,20歳代,その他,施錠した
窃盗,自転車盗,浅草,雷門交番,131067,東京都,台東区,雷門１丁目,2020-05-12,17,４階建て以上共同住宅,駐車（輪）場,30歳代,その他,施錠した
窃盗,自転車盗,浅草,雷門交番,131067,東京都,台東区,雷門１丁目,2020-08-25,17,その他の住宅（３階建て以下共同住宅等）,駐車（輪）場,30歳代,その他,施錠した
窃盗,自転車盗,浅草,雷門交番,131067,東京都,台東区,雷門１丁目,2020-11-22,20,４階建て以上共同住宅,駐車（輪）場,20歳代,その他,施錠した
窃盗,自転車盗,浅草,雷門交番,131067,東京都,台東区,雷門２丁目,2020-04-07,08,道路上,その他,50歳代,その他,施錠した
窃盗,自転車盗,浅草,雷門交番,131067,東京都,台東区,雷門２丁目,2020-04-21,13,道路上,その他,70歳以上,その他,施錠した
窃盗,自転車盗,浅草,花川戸交番,131067,東京都,台東区,雷門２丁目,2020-06-03,11,道路上,その他,20歳代,その他,施錠した
窃盗,自転車盗,浅草,花川戸交番,131067,東京都,台東区,花川戸１丁目,2020-02-10,07,その他,駐車（輪）場,20歳代,その他,施錠した
窃盗,自転車盗,浅草,花川戸交番,131067,東京都,台東区,花川戸１丁目,2020-10-01,10,駐車（輪）場,駐車（輪）場,30歳代,その他,施錠した
窃盗,自転車盗,浅草,花川戸交番,131067,東京都,台東区,花川戸１丁目,2020-10-06,19,その他,駐車（輪）場,60-64歳,その他,施錠した
窃盗,自転車盗,浅草,花川戸交番,131067,東京都,台東区,花川戸１丁目,2020-10-30,19,道路上,その他,10歳代,その他,施錠した
窃盗,自転車盗,浅草,花川戸交番,131067,東京都,台東区,花川戸２丁目,2020-04-18,17,道路上,その他,60-64歳,その他,施錠した
窃盗,自転車盗,浅草,聖天町交番,131067,東京都,台東区,浅草４丁目,2020-01-08,18,その他の住宅（３階建て以下共同住宅等）,駐車（輪）場,50歳代,その他,施錠した
窃盗,自転車盗,浅草,聖天町交番,131067,東京都,台東区,浅草４丁目,2020-10-01,23,道路上,その他,30歳代,その他,施錠した
窃盗,自転車盗,浅草,聖天町交番,131067,東京都,台東区,浅草６丁目,2020-03-28,11,道路上,その他,法人・団体、被害者なし,法人・団体、被害者なし,施錠した
窃盗,自転車盗,浅草,聖天町交番,131067,東京都,台東区,浅草６丁目,2020-08-13,13,４階建て以上共同住宅,駐車（輪）場,20歳代,その他,施錠した
窃盗,自転車盗,浅草,聖天町交番,131067,東京都,台東区,浅草６丁目,2020-09-27,18,４階建て以上共同住宅,駐車（輪）場,50歳代,その他,施錠した
窃盗,自転車盗,浅草,聖天町交番,131067,東京都,台東区,浅草７丁目,2020-03-15,23,道路上,その他,20歳代,その他,施錠した
窃盗,自転車盗,浅草,聖天町交番,131067,東京都,台東区,浅草７丁目,2020-07-29,18,４階建て以上共同住宅,駐車（輪）場,10歳代,中学生,施錠した
窃盗,自転車盗,浅草,聖天町交番,131067,東京都,台東区,浅草７丁目,2020-09-16,19,道路上,その他,40歳代,その他,施錠した
窃盗,自転車盗,浅草,橋場交番,131067,東京都,台東区,清川１丁目,2020-03-22,17,道路上,その他,50歳代,その他,施錠した
窃盗,自転車盗,浅草,橋場交番,131067,東京都,台東区,清川１丁目,2020-07-31,17,４階建て以上共同住宅,その他,60-64歳,その他,施錠した
窃盗,自転車盗,浅草,橋場交番,131067,東京都,台東区,清川１丁目,2020-09-02,16,道路上,その他,50歳代,その他,施錠した
窃盗,自転車盗,浅草,橋場交番,131067,東京都,台東区,清川２丁目,2020-11-23,02,一戸建住宅,駐車（輪）場,20歳代,その他,施錠した
窃盗,自転車盗,浅草,橋場交番,131067,東京都,台東区,橋場１丁目,2020-08-11,22,その他の住宅（３階建て以下共同住宅等）,その他,10歳代,大学生,施錠した
窃盗,自転車盗,浅草,橋場交番,131067,東京都,台東区,橋場２丁目,2020-05-04,19,その他の住宅（３階建て以下共同住宅等）,駐車（輪）場,70歳以上,その他,施錠した
窃盗,自転車盗,蔵前,田原町交番,131067,東京都,台東区,寿１丁目,2020-02-01,17,道路上,その他,法人・団体、被害者なし,法人・団体、被害者なし,施錠した
窃盗,自転車盗,蔵前,田原町交番,131067,東京都,台東区,寿１丁目,2020-12-07,00,道路上,その他,40歳代,その他,施錠した
窃盗,自転車盗,蔵前,田原町交番,131067,東京都,台東区,寿２丁目,2020-08-31,07,道路上,その他,30歳代,その他,施錠した
窃盗,自転車盗,蔵前,田原町交番,131067,東京都,台東区,寿２丁目,2020-11-21,14,４階建て以上共同住宅,駐車（輪）場,50歳代,その他,施錠した
窃盗,自転車盗,蔵前,田原町交番,131067,東京都,台東区,寿２丁目,2020-12-03,20,４階建て以上共同住宅,その他,30歳代,その他,施錠した
窃盗,自転車盗,蔵前,田原町交番,131067,東京都,台東区,西浅草１丁目,2020-04-03,17,道路上,その他,30歳代,その他,施錠した
窃盗,自転車盗,蔵前,田原町交番,131067,東京都,台東区,西浅草１丁目,2020-04-13,20,道路上,その他,70歳以上,その他,施錠した
窃盗,自転車盗,蔵前,田原町交番,131067,東京都,台東区,西浅草１丁目,2020-07-21,10,道路上,その他,20歳代,その他,施錠した
窃盗,自転車盗,蔵前,田原町交番,131067,東京都,台東区,西浅草２丁目,2020-05-31,14,道路上,その他,50歳代,その他,施錠した
窃盗,自転車盗,蔵前,田原町交番,131067,東京都,台東区,西浅草２丁目,2020-09-01,11,道路上,その他,40歳代,その他,施錠した
窃盗,自転車盗,蔵前,田原町交番,131067,東京都,台東区,西浅草２丁目,2020-09-29,20,道路上,その他,60-64歳,その他,施錠した
窃盗,自転車盗,蔵前,菊屋橋交番,131067,東京都,台東区,東上野６丁目,2020-01-29,08,４階建て以上共同住宅,駐車（輪）場,20歳代,その他,施錠した
窃盗,自転車盗,蔵前,菊屋橋交番,131067,東京都,台東区,東上野６丁目,2020-03-03,18,その他,その他,20歳代,その他,施錠した
窃盗,自転車盗,蔵前,菊屋橋交番,131067,東京都,台東区,東上野６丁目,2020-03-13,17,道路上,その他,法人・団体、被害者なし,法人・団体、被害者なし,施錠した
窃盗,自転車盗,蔵前,菊屋橋交番,131067,東京都,台東区,東上野６丁目,2020-07-31,13,道路上,その他,20歳代,その他,施錠した
窃盗,自転車盗,蔵前,菊屋橋交番,131067,東京都,台東区,松が谷１丁目,2020-07-13,18,４階建て以上共同住宅,駐車（輪）場,20歳代,その他,施錠した
窃盗,自転車盗,蔵前,菊屋橋交番,131067,東京都,台東区,松が谷２丁目,2020-04-02,16,道路上,その他,65-69歳,その他,施錠した
窃盗,自転車盗,蔵前,菊屋橋交番,131067,東京都,台東区,元浅草２丁目,2020-02-11,12,４階建て以上共同住宅,駐車（輪）場,20歳代,その他,施錠した
窃盗,自転車盗,蔵前,菊屋橋交番,131067,東京都,台東区,元浅草２丁目,2020-05-14,15,道路上,その他,30歳代,その他,施錠した
窃盗,自転車盗,蔵前,菊屋橋交番,131067,東京都,台東区,元浅草２丁目,2020-06-17,09,４階建て以上共同住宅,駐車（輪）場,40歳代,その他,施錠した
窃盗,自転車盗,蔵前,小島二丁目交番,131067,東京都,台東区,小島２丁目,2020-06-21,不明,４階建て以上共同住宅,駐車（輪）場,70歳以上,その他,施錠した
窃盗,自転車盗,蔵前,小島二丁目交番,131067,東京都,台東区,小島２丁目,2020-08-01,17,道路上,その他,50歳代,その他,施錠した
窃盗,自転車盗,蔵前,小島二丁目交番,131067,東京都,台東区,小島２丁目,2020-08-07,16,道路上,その他,50歳代,その他,施錠した
窃盗,自転車盗,蔵前,小島二丁目交番,131067,東京都,台東区,小島２丁目,2020-08-18,18,４階建て以上共同住宅,駐車（輪）場,10歳代,小学生,施錠した
窃盗,自転車盗,蔵前,小島二丁目交番,131067,東京都,台東区,鳥越１丁目,2020-09-25,21,４階建て以上共同住宅,駐車（輪）場,10歳代,高校生,施錠した
窃盗,自転車盗,蔵前,小島二丁目交番,131067,東京都,台東区,元浅草１丁目,2020-03-01,14,４階建て以上共同住宅,駐車（輪）場,30歳代,その他,施錠した
窃盗,自転車盗,蔵前,小島二丁目交番,131067,東京都,台東区,元浅草１丁目,2020-08-31,17,道路上,その他,30歳代,その他,施錠した
窃盗,自転車盗,蔵前,小島二丁目交番,131067,東京都,台東区,元浅草３丁目,2020-10-07,16,４階建て以上共同住宅,駐車（輪）場,20歳代,その他,施錠した
窃盗,自転車盗,蔵前,蔵前二丁目交番,131067,東京都,台東区,蔵前２丁目,2020-02-16,15,一戸建住宅,駐車（輪）場,50歳代,その他,施錠した
窃盗,自転車盗,蔵前,蔵前二丁目交番,131067,東京都,台東区,蔵前２丁目,2020-06-17,12,道路上,その他,60-64歳,その他,施錠した
窃盗,自転車盗,蔵前,蔵前二丁目交番,131067,東京都,台東区,蔵前３丁目,2020-02-28,08,道路上,その他,20歳代,その他,施錠した
窃盗,自転車盗,蔵前,蔵前二丁目交番,131067,東京都,台東区,蔵前４丁目,2020-09-27,16,道路上,その他,30歳代,その他,施錠した
窃盗,自転車盗,蔵前,蔵前二丁目交番,131067,東京都,台東区,寿３丁目,2020-04-15,21,一戸建住宅,その他,40歳代,その他,施錠した
窃盗,自転車盗,蔵前,蔵前二丁目交番,131067,東京都,台東区,寿４丁目,2020-04-29,12,道路上,その他,20歳代,その他,施錠した
窃盗,自転車盗,蔵前,須賀橋交番,131067,東京都,台東区,浅草橋１丁目,2020-03-12,12,道路上,その他,20歳代,大学生,施錠した
窃盗,自転車盗,蔵前,須賀橋交番,131067,東京都,台東区,浅草橋１丁目,2020-04-02,19,４階建て以上共同住宅,駐車（輪）場,20歳代,その他,施錠した
窃盗,自転車盗,蔵前,須賀橋交番,131067,東京都,台東区,浅草橋１丁目,2020-06-03,10,４階建て以上共同住宅,駐車（輪）場,30歳代,その他,施錠した
窃盗,自転車盗,蔵前,須賀橋交番,131067,東京都,台東区,浅草橋１丁目,2020-08-25,11,道路上,その他,65-69歳,その他,施錠した
窃盗,自転車盗,蔵前,須賀橋交番,131067,東京都,台東区,浅草橋１丁目,2020-09-14,20,道路上,その他,40歳代,その他,施錠した
窃盗,自転車盗,蔵前,須賀橋交番,131067,東京都,台東区,浅草橋１丁目,2020-10-07,08,道路上,その他,40歳代,その他,施錠した
窃盗,自転車盗,蔵前,須賀橋交番,131067,東京都,台東区,浅草橋１丁目,2020-10-21,08,駐車（輪）場,駐車（輪）場,40歳代,その他,施錠した
窃盗,自転車盗,蔵前,須賀橋交番,131067,東京都,台東区,浅草橋１丁目,2020-10-28,13,道路上,その他,法人・団体、被害者なし,法人・団体、被害者なし,施錠した
窃盗,自転車盗,蔵前,須賀橋交番,131067,東京都,台東区,浅草橋２丁目,2020-05-25,23,一戸建住宅,その他,40歳代,その他,施錠した
窃盗,自転車盗,蔵前,須賀橋交番,131067,東京都,台東区,浅草橋３丁目,2020-01-15,16,４階建て以上共同住宅,駐車（輪）場,20歳代,その他,施錠した
窃盗,自転車盗,蔵前,須賀橋交番,131067,東京都,台東区,浅草橋３丁目,2020-03-22,20,４階建て以上共同住宅,駐車（輪）場,50歳代,その他,施錠した
窃盗,自転車盗,蔵前,須賀橋交番,131067,東京都,台東区,浅草橋３丁目,2020-05-01,不明,４階建て以上共同住宅,駐車（輪）場,20歳代,その他,施錠した
窃盗,自転車盗,蔵前,須賀橋交番,131067,東京都,台東区,浅草橋３丁目,2020-08-14,16,道路上,その他,30歳代,その他,施錠した
窃盗,自転車盗,蔵前,須賀橋交番,131067,東京都,台東区,浅草橋４丁目,2020-07-22,20,道路上,その他,50歳代,その他,施錠した
窃盗,自転車盗,蔵前,須賀橋交番,131067,東京都,台東区,浅草橋５丁目,2020-01-31,20,その他,その他,20歳代,その他,施錠した
窃盗,自転車盗,蔵前,須賀橋交番,131067,東京都,台東区,浅草橋５丁目,2020-06-27,17,一戸建住宅,駐車（輪）場,10歳代,中学生,施錠した
窃盗,自転車盗,蔵前,須賀橋交番,131067,東京都,台東区,蔵前３丁目,2020-06-30,22,道路上,その他,20歳代,その他,施錠した
窃盗,自転車盗,蔵前,須賀橋交番,131067,東京都,台東区,柳橋１丁目,2020-12-16,05,道路上,その他,50歳代,その他,施錠した
窃盗,自転車盗,蔵前,須賀橋交番,131067,東京都,台東区,柳橋２丁目,2019-12-19,01,４階建て以上共同住宅,駐車（輪）場,20歳代,大学生,施錠した
窃盗,自転車盗,尾久,熊野前交番,131181,東京都,荒川区,西尾久８丁目,2020-07-02,07,駐車（輪）場,駐車（輪）場,30歳代,その他,施錠した
窃盗,自転車盗,尾久,熊野前交番,131181,東京都,荒川区,東尾久３丁目,2020-03-04,18,その他の住宅（３階建て以下共同住宅等）,駐車（輪）場,70歳以上,その他,施錠した
窃盗,自転車盗,尾久,熊野前交番,131181,東京都,荒川区,東尾久６丁目,2020-09-04,01,一戸建住宅,駐車（輪）場,40歳代,その他,施錠した
窃盗,自転車盗,尾久,熊野前交番,131181,東京都,荒川区,東尾久８丁目,2020-03-31,16,駐車（輪）場,駐車（輪）場,40歳代,その他,施錠した
窃盗,自転車盗,尾久,尾竹橋交番,131181,東京都,荒川区,町屋５丁目,2020-08-30,22,４階建て以上共同住宅,駐車（輪）場,10歳代,その他,施錠した
窃盗,自転車盗,尾久,尾竹橋交番,131181,東京都,荒川区,町屋６丁目,2020-01-19,09,その他,駐車（輪）場,10歳代,中学生,施錠した
窃盗,自転車盗,尾久,尾竹橋交番,131181,東京都,荒川区,町屋６丁目,2020-04-13,00,その他,駐車（輪）場,法人・団体、被害者なし,法人・団体、被害者なし,施錠した
窃盗,自転車盗,尾久,赤土交番,131181,東京都,荒川区,東尾久１丁目,2019-12-01,17,一戸建住宅,駐車（輪）場,65-69歳,その他,施錠した
窃盗,自転車盗,尾久,赤土交番,131181,東京都,荒川区,東尾久１丁目,2020-07-26,23,４階建て以上共同住宅,駐車（輪）場,40歳代,その他,施錠した
窃盗,自転車盗,尾久,赤土交番,131181,東京都,荒川区,東尾久２丁目,2020-10-08,22,一戸建住宅,その他,50歳代,その他,施錠した
窃盗,自転車盗,尾久,赤土交番,131181,東京都,荒川区,東尾久３丁目,2019-12-08,00,４階建て以上共同住宅,駐車（輪）場,20歳代,その他,施錠した
窃盗,自転車盗,尾久,赤土交番,131181,東京都,荒川区,東尾久４丁目,2020-08-07,17,その他の住宅（３階建て以下共同住宅等）,駐車（輪）場,50歳代,その他,施錠した
窃盗,自転車盗,尾久,赤土交番,131181,東京都,荒川区,東尾久８丁目,2020-07-02,16,その他の住宅（３階建て以下共同住宅等）,その他,20歳代,大学生,施錠した
窃盗,自転車盗,尾久,西尾久交番,131181,東京都,荒川区,西尾久２丁目,2020-01-30,11,道路上,その他,20歳代,大学生,施錠した
窃盗,自転車盗,尾久,西尾久交番,131181,東京都,荒川区,西尾久２丁目,2020-03-20,21,４階建て以上共同住宅,駐車（輪）場,50歳代,その他,施錠した
窃盗,自転車盗,尾久,西尾久交番,131181,東京都,荒川区,西尾久７丁目,2020-01-28,17,その他の住宅（３階建て以下共同住宅等）,駐車（輪）場,30歳代,その他,施錠した
窃盗,自転車盗,尾久,西尾久交番,131181,東京都,荒川区,東尾久５丁目,2020-08-15,20,４階建て以上共同住宅,駐車（輪）場,40歳代,その他,施錠した
窃盗,自転車盗,尾久,荒川遊園前交番,131181,東京都,荒川区,西尾久８丁目,2019-12-07,12,一戸建住宅,その他,10歳代,小学生,施錠した
窃盗,自転車盗,尾久,荒川遊園前交番,131181,東京都,荒川区,西尾久８丁目,2020-06-01,20,その他,駐車（輪）場,30歳代,その他,施錠した
窃盗,自転車盗,尾久,荒川遊園前交番,131181,東京都,荒川区,西尾久８丁目,2020-10-05,17,４階建て以上共同住宅,駐車（輪）場,70歳以上,その他,施錠した
窃盗,自転車盗,南千住,天王前交番,131181,東京都,荒川区,南千住１丁目,2020-02-28,17,道路上,その他,60-64歳,その他,施錠した
窃盗,自転車盗,南千住,天王前交番,131181,東京都,荒川区,南千住４丁目,2019-04-01,不明,駐車（輪）場,駐車（輪）場,40歳代,その他,施錠した
窃盗,自転車盗,南千住,天王前交番,131181,東京都,荒川区,南千住５丁目,2020-12-06,11,４階建て以上共同住宅,駐車（輪）場,40歳代,その他,施錠した
窃盗,自転車盗,南千住,天王前交番,131181,東京都,荒川区,南千住６丁目,2020-01-19,16,その他,駐車（輪）場,70歳以上,その他,施錠した
窃盗,自転車盗,南千住,天王前交番,131181,東京都,荒川区,南千住６丁目,2020-04-26,18,４階建て以上共同住宅,駐車（輪）場,30歳代,その他,施錠した
窃盗,自転車盗,南千住,天王前交番,131181,東京都,荒川区,南千住６丁目,2020-05-08,10,その他,駐車（輪）場,70歳以上,その他,施錠した
窃盗,自転車盗,南千住,南千住一丁目交番,131181,東京都,荒川区,東日暮里１丁目,2020-01-07,13,その他,駐車（輪）場,20歳代,大学生,施錠した
窃盗,自転車盗,南千住,南千住一丁目交番,131181,東京都,荒川区,東日暮里１丁目,2020-04-03,18,その他,駐車（輪）場,50歳代,その他,施錠した
窃盗,自転車盗,南千住,南千住一丁目交番,131181,東京都,荒川区,東日暮里１丁目,2020-11-02,20,４階建て以上共同住宅,駐車（輪）場,50歳代,その他,施錠した
窃盗,自転車盗,南千住,南千住一丁目交番,131181,東京都,荒川区,南千住１丁目,2020-02-07,05,道路上,その他,20歳代,大学生,施錠した
窃盗,自転車盗,南千住,南千住一丁目交番,131181,東京都,荒川区,南千住１丁目,2020-03-28,00,道路上,その他,30歳代,その他,施錠した
窃盗,自転車盗,南千住,南千住一丁目交番,131181,東京都,荒川区,南千住１丁目,2020-08-25,10,道路上,その他,65-69歳,その他,施錠した
窃盗,自転車盗,南千住,南千住一丁目交番,131181,東京都,荒川区,南千住１丁目,2020-09-08,09,道路上,その他,10歳代,高校生,施錠した
窃盗,自転車盗,南千住,南千住一丁目交番,131181,東京都,荒川区,南千住１丁目,2020-11-19,21,駐車（輪）場,駐車（輪）場,30歳代,その他,施錠した
窃盗,自転車盗,南千住,南千住一丁目交番,131181,東京都,荒川区,南千住１丁目,2020-12-12,10,その他,駐車（輪）場,60-64歳,その他,施錠した
窃盗,自転車盗,南千住,南千住八丁目交番,131181,東京都,荒川区,南千住４丁目,2020-01-08,09,駐車（輪）場,駐車（輪）場,30歳代,その他,施錠した
窃盗,自転車盗,南千住,南千住八丁目交番,131181,東京都,荒川区,南千住４丁目,2020-07-17,17,４階建て以上共同住宅,駐車（輪）場,30歳代,その他,施錠した
窃盗,自転車盗,南千住,南千住八丁目交番,131181,東京都,荒川区,南千住４丁目,2020-09-05,22,駐車（輪）場,駐車（輪）場,40歳代,その他,施錠した
窃盗,自転車盗,南千住,南千住八丁目交番,131181,東京都,荒川区,南千住８丁目,2020-10-01,05,４階建て以上共同住宅,駐車（輪）場,30歳代,その他,施錠した
窃盗,自転車盗,南千住,南千住三丁目交番,131181,東京都,荒川区,南千住２丁目,2020-06-10,09,駐車（輪）場,駐車（輪）場,50歳代,その他,施錠した
窃盗,自転車盗,南千住,南千住三丁目交番,131181,東京都,荒川区,南千住２丁目,2020-08-15,07,道路上,その他,60-64歳,その他,施錠した
窃盗,自転車盗,南千住,南千住三丁目交番,131181,東京都,荒川区,南千住２丁目,2020-10-24,22,その他の住宅（３階建て以下共同住宅等）,駐車（輪）場,40歳代,その他,施錠した
窃盗,自転車盗,南千住,南千住三丁目交番,131181,東京都,荒川区,南千住３丁目,2020-09-01,18,４階建て以上共同住宅,駐車（輪）場,40歳代,その他,施錠した
窃盗,自転車盗,南千住,南千住三丁目交番,131181,東京都,荒川区,南千住７丁目,2020-03-01,22,駐車（輪）場,駐車（輪）場,40歳代,その他,施錠した
窃盗,自転車盗,南千住,南千住駅東口交番,131181,東京都,荒川区,南千住３丁目,2020-02-13,10,駐車（輪）場,駐車（輪）場,40歳代,その他,施錠した
窃盗,自転車盗,南千住,南千住駅東口交番,131181,東京都,荒川区,南千住３丁目,2020-10-09,17,４階建て以上共同住宅,駐車（輪）場,40歳代,その他,施錠した
窃盗,自転車盗,南千住,南千住駅東口交番,131181,東京都,荒川区,南千住４丁目,2020-05-02,14,駐車（輪）場,駐車（輪）場,60-64歳,その他,施錠した
窃盗,自転車盗,南千住,南千住駅東口交番,131181,東京都,荒川区,南千住４丁目,2020-06-01,17,４階建て以上共同住宅,駐車（輪）場,50歳代,その他,施錠した
窃盗,自転車盗,南千住,南千住駅東口交番,131181,東京都,荒川区,南千住４丁目,2020-06-11,15,駐車（輪）場,駐車（輪）場,40歳代,その他,施錠した
窃盗,自転車盗,南千住,南千住駅東口交番,131181,東京都,荒川区,南千住４丁目,2020-07-01,09,その他,駐車（輪）場,30歳代,その他,施錠した
窃盗,自転車盗,南千住,南千住駅東口交番,131181,東京都,荒川区,南千住５丁目,2020-03-24,19,道路上,その他,60-64歳,その他,施錠した
窃盗,自転車盗,南千住,南千住駅東口交番,131181,東京都,荒川区,南千住５丁目,2020-04-14,00,駐車（輪）場,駐車（輪）場,20歳代,大学生,施錠した
窃盗,自転車盗,南千住,南千住駅東口交番,131181,東京都,荒川区,南千住５丁目,2020-06-17,10,道路上,その他,10歳代,大学生,施錠した
窃盗,自転車盗,南千住,南千住駅東口交番,131181,東京都,荒川区,南千住７丁目,2020-01-21,22,道路上,その他,10歳代,中学生,施錠した
窃盗,自転車盗,南千住,南千住駅東口交番,131181,東京都,荒川区,南千住７丁目,2020-02-22,18,道路上,その他,60-64歳,その他,施錠した
窃盗,自転車盗,南千住,南千住駅東口交番,131181,東京都,荒川区,南千住７丁目,2020-03-25,10,その他,駐車（輪）場,50歳代,その他,施錠した
窃盗,自転車盗,南千住,南千住駅東口交番,131181,東京都,荒川区,南千住７丁目,2020-07-07,19,４階建て以上共同住宅,駐車（輪）場,60-64歳,その他,施錠した
窃盗,自転車盗,荒川,三河島駅前交番,131181,東京都,荒川区,荒川３丁目,2020-02-01,16,４階建て以上共同住宅,駐車（輪）場,40歳代,その他,施錠した
窃盗,自転車盗,荒川,三河島駅前交番,131181,東京都,荒川区,荒川３丁目,2020-02-23,23,道路上,その他,20歳代,その他,施錠した
窃盗,自転車盗,荒川,三河島駅前交番,131181,東京都,荒川区,荒川３丁目,2020-07-16,17,４階建て以上共同住宅,駐車（輪）場,20歳代,その他,施錠した
窃盗,自転車盗,荒川,三河島駅前交番,131181,東京都,荒川区,荒川３丁目,2020-09-20,17,４階建て以上共同住宅,駐車（輪）場,30歳代,その他,施錠した
窃盗,自転車盗,荒川,三河島駅前交番,131181,東京都,荒川区,東日暮里２丁目,2019-11-14,21,４階建て以上共同住宅,駐車（輪）場,20歳代,その他,施錠した
窃盗,自転車盗,荒川,三河島駅前交番,131181,東京都,荒川区,東日暮里２丁目,2020-03-10,02,４階建て以上共同住宅,駐車（輪）場,40歳代,その他,施錠した
窃盗,自転車盗,荒川,三河島駅前交番,131181,東京都,荒川区,東日暮里３丁目,2020-01-26,09,４階建て以上共同住宅,駐車（輪）場,30歳代,その他,施錠した
窃盗,自転車盗,荒川,三河島駅前交番,131181,東京都,荒川区,東日暮里３丁目,2020-02-18,21,その他の住宅（３階建て以下共同住宅等）,駐車（輪）場,30歳代,その他,施錠した
窃盗,自転車盗,荒川,三河島駅前交番,131181,東京都,荒川区,東日暮里３丁目,2020-02-28,19,一戸建住宅,駐車（輪）場,10歳代,高校生,施錠した
窃盗,自転車盗,荒川,三河島駅前交番,131181,東京都,荒川区,東日暮里３丁目,2020-04-05,11,４階建て以上共同住宅,駐車（輪）場,30歳代,その他,施錠した
窃盗,自転車盗,荒川,東日暮里交番,131181,東京都,荒川区,荒川１丁目,2019-12-29,14,４階建て以上共同住宅,駐車（輪）場,40歳代,その他,施錠した
窃盗,自転車盗,荒川,東日暮里交番,131181,東京都,荒川区,東日暮里１丁目,2020-10-06,06,道路上,その他,70歳以上,その他,施錠した
窃盗,自転車盗,荒川,東日暮里交番,131181,東京都,荒川区,東日暮里２丁目,2020-03-22,12,道路上,その他,70歳以上,その他,施錠した
窃盗,自転車盗,荒川,東日暮里交番,131181,東京都,荒川区,東日暮里４丁目,2019-12-14,16,一戸建住宅,駐車（輪）場,10歳代,大学生,施錠した
窃盗,自転車盗,荒川,東日暮里交番,131181,東京都,荒川区,東日暮里４丁目,2020-01-08,08,その他の住宅（３階建て以下共同住宅等）,駐車（輪）場,65-69歳,その他,施錠した
窃盗,自転車盗,荒川,東日暮里交番,131181,東京都,荒川区,東日暮里４丁目,2020-09-27,18,その他の住宅（３階建て以下共同住宅等）,駐車（輪）場,30歳代,その他,施錠した
窃盗,自転車盗,荒川,町屋交番,131181,東京都,荒川区,荒川６丁目,2020-03-02,06,道路上,その他,30歳代,その他,施錠した
窃盗,自転車盗,荒川,町屋交番,131181,東京都,荒川区,荒川６丁目,2020-11-23,08,その他の住宅（３階建て以下共同住宅等）,駐車（輪）場,40歳代,その他,施錠した
窃盗,自転車盗,荒川,町屋交番,131181,東京都,荒川区,町屋１丁目,2020-02-02,21,駐車（輪）場,駐車（輪）場,40歳代,その他,施錠した
窃盗,自転車盗,荒川,町屋交番,131181,東京都,荒川区,町屋１丁目,2020-02-07,14,一戸建住宅,駐車（輪）場,40歳代,その他,施錠した
窃盗,自転車盗,荒川,町屋交番,131181,東京都,荒川区,町屋１丁目,2020-06-16,02,道路上,その他,20歳代,大学生,施錠した
窃盗,自転車盗,荒川,町屋交番,131181,東京都,荒川区,町屋１丁目,2020-08-16,16,駐車（輪）場,駐車（輪）場,30歳代,その他,施錠した
窃盗,自転車盗,荒川,町屋交番,131181,東京都,荒川区,町屋１丁目,2020-09-18,20,道路上,その他,20歳代,大学生,施錠した
窃盗,自転車盗,荒川,町屋交番,131181,東京都,荒川区,町屋２丁目,2020-01-20,20,道路上,その他,50歳代,その他,施錠した
窃盗,自転車盗,荒川,町屋交番,131181,東京都,荒川区,町屋２丁目,2020-03-06,18,道路上,その他,20歳代,その他,施錠した
窃盗,自転車盗,荒川,町屋交番,131181,東京都,荒川区,町屋２丁目,2020-04-13,20,道路上,その他,30歳代,その他,施錠した
窃盗,自転車盗,荒川,町屋交番,131181,東京都,荒川区,町屋３丁目,2020-10-19,07,道路上,その他,70歳以上,その他,施錠した
窃盗,自転車盗,荒川,町屋交番,131181,東京都,荒川区,町屋３丁目,2020-11-05,17,その他の住宅（３階建て以下共同住宅等）,駐車（輪）場,法人・団体、被害者なし,法人・団体、被害者なし,施錠した
窃盗,自転車盗,荒川,町屋交番,131181,東京都,荒川区,町屋４丁目,2020-08-27,02,４階建て以上共同住宅,駐車（輪）場,20歳代,大学生,施錠した
窃盗,自転車盗,荒川,町屋交番,131181,東京都,荒川区,町屋８丁目,2020-01-07,18,４階建て以上共同住宅,駐車（輪）場,10歳代,中学生,施錠した
窃盗,自転車盗,荒川,町屋交番,131181,東京都,荒川区,町屋８丁目,2020-05-02,12,４階建て以上共同住宅,駐車（輪）場,30歳代,その他,施錠した
窃盗,自転車盗,荒川,荒川五丁目交番,131181,東京都,荒川区,荒川１丁目,2020-07-17,20,４階建て以上共同住宅,駐車（輪）場,30歳代,その他,施錠した
窃盗,自転車盗,荒川,荒川五丁目交番,131181,東京都,荒川区,荒川２丁目,2020-02-12,18,その他,その他,60-64歳,その他,施錠した
窃盗,自転車盗,荒川,荒川五丁目交番,131181,東京都,荒川区,荒川７丁目,2020-01-29,19,その他,駐車（輪）場,30歳代,その他,施錠した
窃盗,自転車盗,荒川,荒川五丁目交番,131181,東京都,荒川区,荒川７丁目,2020-03-04,06,駐車（輪）場,駐車（輪）場,10歳代,高校生,施錠した
窃盗,自転車盗,荒川,荒川五丁目交番,131181,東京都,荒川区,荒川７丁目,2020-03-04,07,駐車（輪）場,駐車（輪）場,10歳代,大学生,施錠した
窃盗,自転車盗,荒川,荒川五丁目交番,131181,東京都,荒川区,荒川７丁目,2020-07-03,18,４階建て以上共同住宅,駐車（輪）場,60-64歳,その他,施錠した
窃盗,自転車盗,荒川,西日暮里六丁目交番,131181,東京都,荒川区,荒川６丁目,2019-12-16,22,道路上,その他,30歳代,その他,施錠した
窃盗,自転車盗,荒川,西日暮里六丁目交番,131181,東京都,荒川区,荒川６丁目,2019-12-21,19,その他,駐車（輪）場,40歳代,その他,施錠した
窃盗,自転車盗,荒川,西日暮里六丁目交番,131181,東京都,荒川区,荒川６丁目,2020-02-27,13,その他の住宅（３階建て以下共同住宅等）,その他,20歳代,その他,施錠した
窃盗,自転車盗,荒川,西日暮里六丁目交番,131181,東京都,荒川区,荒川６丁目,2020-03-01,13,一戸建住宅,駐車（輪）場,50歳代,その他,施錠した
窃盗,自転車盗,荒川,西日暮里六丁目交番,131181,東京都,荒川区,西日暮里１丁目,2019-12-09,19,その他の住宅（３階建て以下共同住宅等）,その他,40歳代,その他,施錠した
窃盗,自転車盗,荒川,西日暮里六丁目交番,131181,東京都,荒川区,西日暮里１丁目,2019-12-27,06,道路上,その他,30歳代,その他,施錠した
窃盗,自転車盗,荒川,西日暮里六丁目交番,131181,東京都,荒川区,西日暮里１丁目,2020-10-05,09,道路上,その他,50歳代,その他,施錠した
窃盗,自転車盗,荒川,西日暮里六丁目交番,131181,東京都,荒川区,西日暮里６丁目,2019-07-03,11,４階建て以上共同住宅,駐車（輪）場,30歳代,その他,施錠した
窃盗,自転車盗,荒川,西日暮里六丁目交番,131181,東京都,荒川区,西日暮里６丁目,2020-06-30,08,その他の住宅（３階建て以下共同住宅等）,駐車（輪）場,50歳代,その他,施錠した
窃盗,自転車盗,荒川,日暮里駅前交番,131181,東京都,荒川区,西日暮里２丁目,2020-01-16,17,その他の住宅（３階建て以下共同住宅等）,駐車（輪）場,20歳代,その他,施錠した
窃盗,自転車盗,荒川,日暮里駅前交番,131181,東京都,荒川区,西日暮里２丁目,2020-03-01,21,その他,駐車（輪）場,40歳代,その他,施錠した
窃盗,自転車盗,荒川,日暮里駅前交番,131181,東京都,荒川区,西日暮里２丁目,2020-03-10,18,道路上,その他,50歳代,その他,施錠した
窃盗,自転車盗,荒川,日暮里駅前交番,131181,東京都,荒川区,西日暮里２丁目,2020-04-23,15,道路上,その他,40歳代,その他,施錠した
窃盗,自転車盗,荒川,日暮里駅前交番,131181,東京都,荒川区,西日暮里２丁目,2020-05-09,18,４階建て以上共同住宅,駐車（輪）場,30歳代,その他,施錠した
窃盗,自転車盗,荒川,日暮里駅前交番,131181,東京都,荒川区,西日暮里２丁目,2020-08-23,00,道路上,その他,20歳代,大学生,施錠した
窃盗,自転車盗,荒川,日暮里駅前交番,131181,東京都,荒川区,西日暮里２丁目,2020-09-10,06,駐車（輪）場,駐車（輪）場,50歳代,その他,施錠した
窃盗,自転車盗,荒川,日暮里駅前交番,131181,東京都,荒川区,西日暮里２丁目,2020-09-23,21,４階建て以上共同住宅,駐車（輪）場,10歳代,高校生,施錠した
窃盗,自転車盗,荒川,日暮里駅前交番,131181,東京都,荒川区,西日暮里２丁目,2020-10-31,18,道路上,その他,40歳代,その他,施錠した
窃盗,自転車盗,荒川,日暮里駅前交番,131181,東京都,荒川区,東日暮里４丁目,2020-08-03,01,道路上,その他,50歳代,その他,施錠した
窃盗,自転車盗,荒川,日暮里駅前交番,131181,東京都,荒川区,東日暮里５丁目,2020-02-18,00,道路上,その他,20歳代,その他,施錠した
窃盗,自転車盗,荒川,日暮里駅前交番,131181,東京都,荒川区,東日暮里５丁目,2020-05-18,15,その他,駐車（輪）場,50歳代,その他,施錠した
窃盗,自転車盗,荒川,日暮里駅前交番,131181,東京都,荒川区,東日暮里５丁目,2020-06-27,15,４階建て以上共同住宅,駐車（輪）場,20歳代,その他,施錠した
窃盗,自転車盗,荒川,日暮里駅前交番,131181,東京都,荒川区,東日暮里５丁目,2020-09-20,12,道路上,その他,50歳代,その他,施錠した
窃盗,自転車盗,荒川,日暮里駅前交番,131181,東京都,荒川区,東日暮里６丁目,2019-12-15,12,４階建て以上共同住宅,駐車（輪）場,20歳代,その他,施錠した
窃盗,自転車盗,荒川,日暮里駅前交番,131181,東京都,荒川区,東日暮里６丁目,2020-06-28,21,４階建て以上共同住宅,駐車（輪）場,50歳代,その他,施錠した
窃盗,自転車盗,荒川,日暮里駅前交番,131181,東京都,荒川区,東日暮里６丁目,2020-07-15,21,４階建て以上共同住宅,駐車（輪）場,20歳代,その他,施錠した
窃盗,自転車盗,荒川,日暮里駅前交番,131181,東京都,荒川区,東日暮里６丁目,2020-09-04,18,駐車（輪）場,駐車（輪）場,65-69歳,その他,施錠した
窃盗,自転車盗,荒川,西日暮里駅前交番,131181,東京都,荒川区,西日暮里５丁目,2019-12-09,22,その他,その他,30歳代,その他,施錠した
窃盗,自転車盗,荒川,西日暮里駅前交番,131181,東京都,荒川区,西日暮里５丁目,2020-01-06,08,道路上,その他,30歳代,その他,施錠した
窃盗,自転車盗,荒川,西日暮里駅前交番,131181,東京都,荒川区,西日暮里５丁目,2020-01-24,23,その他,駐車（輪）場,20歳代,その他,施錠した
窃盗,自転車盗,荒川,西日暮里駅前交番,131181,東京都,荒川区,西日暮里５丁目,2020-01-30,23,道路上,その他,20歳代,大学生,施錠した
窃盗,自転車盗,荒川,西日暮里駅前交番,131181,東京都,荒川区,西日暮里５丁目,2020-02-07,07,駐車（輪）場,駐車（輪）場,30歳代,その他,施錠した
窃盗,自転車盗,荒川,西日暮里駅前交番,131181,東京都,荒川区,西日暮里５丁目,2020-02-20,19,道路上,その他,10歳代,中学生,施錠した
窃盗,自転車盗,荒川,西日暮里駅前交番,131181,東京都,荒川区,西日暮里５丁目,2020-04-28,07,駐車（輪）場,駐車（輪）場,20歳代,その他,施錠した
窃盗,自転車盗,荒川,西日暮里駅前交番,131181,東京都,荒川区,西日暮里５丁目,2020-05-06,19,道路上,その他,30歳代,その他,施錠した
窃盗,自転車盗,荒川,西日暮里駅前交番,131181,東京都,荒川区,西日暮里５丁目,2020-09-17,11,駐車（輪）場,駐車（輪）場,50歳代,その他,施錠した
窃盗,自転車盗,荒川,西日暮里駅前交番,131181,東京都,荒川区,西日暮里５丁目,2020-10-06,16,駐車（輪）場,駐車（輪）場,10歳代,大学生,施錠した
窃盗,自転車盗,荒川,西日暮里駅前交番,131181,東京都,荒川区,西日暮里６丁目,2020-08-27,00,４階建て以上共同住宅,駐車（輪）場,30歳代,その他,施錠した
窃盗,自転車盗,千住,北千住駅西口交番,131211,東京都,足立区,千住１丁目,2019-11-28,09,その他,駐車（輪）場,70歳以上,その他,施錠した
窃盗,自転車盗,千住,北千住駅西口交番,131211,東京都,足立区,千住１丁目,2020-03-04,16,駐車（輪）場,駐車（輪）場,50歳代,その他,施錠した
窃盗,自転車盗,千住,北千住駅西口交番,131211,東京都,足立区,千住１丁目,2020-06-14,22,道路上,その他,20歳代,その他,施錠した
窃盗,自転車盗,千住,北千住駅西口交番,131211,東京都,足立区,千住１丁目,2020-06-17,19,その他,駐車（輪）場,50歳代,その他,施錠した
窃盗,自転車盗,千住,北千住駅西口交番,131211,東京都,足立区,千住２丁目,2019-12-12,20,道路上,その他,10歳代,高校生,施錠した
窃盗,自転車盗,千住,北千住駅西口交番,131211,東京都,足立区,千住２丁目,2020-01-27,22,駐車（輪）場,駐車（輪）場,20歳代,大学生,施錠した
窃盗,自転車盗,千住,北千住駅西口交番,131211,東京都,足立区,千住２丁目,2020-03-26,13,道路上,その他,30歳代,その他,施錠した
窃盗,自転車盗,千住,北千住駅西口交番,131211,東京都,足立区,千住２丁目,2020-05-01,23,道路上,その他,30歳代,その他,施錠した
窃盗,自転車盗,千住,北千住駅西口交番,131211,東京都,足立区,千住２丁目,2020-08-05,11,駐車（輪）場,駐車（輪）場,30歳代,その他,施錠した
窃盗,自転車盗,千住,北千住駅西口交番,131211,東京都,足立区,千住２丁目,2020-09-16,19,道路上,その他,30歳代,その他,施錠した
窃盗,自転車盗,千住,北千住駅西口交番,131211,東京都,足立区,千住２丁目,2020-10-19,05,道路上,その他,50歳代,その他,施錠した
窃盗,自転車盗,千住,北千住駅西口交番,131211,東京都,足立区,千住３丁目,2020-04-03,18,駐車（輪）場,駐車（輪）場,20歳代,その他,施錠した
窃盗,自転車盗,千住,北千住駅西口交番,131211,東京都,足立区,千住３丁目,2020-10-25,11,道路上,その他,20歳代,大学生,施錠した
窃盗,自転車盗,千住,北千住駅西口交番,131211,東京都,足立区,千住旭町,2019-12-04,08,その他の住宅（３階建て以下共同住宅等）,駐車（輪）場,20歳代,大学生,施錠した
窃盗,自転車盗,千住,北千住駅西口交番,131211,東京都,足立区,千住龍田町,2020-02-19,21,その他の住宅（３階建て以下共同住宅等）,駐車（輪）場,20歳代,その他,施錠した
窃盗,自転車盗,千住,北千住駅西口交番,131211,東京都,足立区,千住中居町,2019-03-25,19,４階建て以上共同住宅,駐車（輪）場,20歳代,その他,施錠した
窃盗,自転車盗,千住,北千住駅西口交番,131211,東京都,足立区,千住中居町,2020-02-20,19,一戸建住宅,その他,30歳代,その他,施錠した
窃盗,自転車盗,千住,千住四丁目交番,131211,東京都,足立区,千住３丁目,2019-11-02,12,その他,駐車（輪）場,10歳代,その他,施錠した
窃盗,自転車盗,千住,千住四丁目交番,131211,東京都,足立区,千住４丁目,2020-04-04,20,道路上,その他,70歳以上,その他,施錠した
窃盗,自転車盗,千住,千住四丁目交番,131211,東京都,足立区,千住４丁目,2020-07-30,18,その他の住宅（３階建て以下共同住宅等）,その他,50歳代,その他,施錠した
窃盗,自転車盗,千住,千住四丁目交番,131211,東京都,足立区,千住大川町,2019-11-21,08,４階建て以上共同住宅,駐車（輪）場,40歳代,大学生,施錠した
窃盗,自転車盗,千住,桜木町交番,131211,東京都,足立区,千住元町,2020-08-13,18,４階建て以上共同住宅,駐車（輪）場,50歳代,その他,施錠した
窃盗,自転車盗,千住,緑町交番,131211,東京都,足立区,千住宮元町,2020-05-16,14,駐車（輪）場,駐車（輪）場,40歳代,その他,施錠した
窃盗,自転車盗,千住,緑町交番,131211,東京都,足立区,千住緑町１丁目,2019-12-31,17,その他,駐車（輪）場,20歳代,その他,施錠した
窃盗,自転車盗,千住,緑町交番,131211,東京都,足立区,千住緑町１丁目,2020-04-25,07,その他,その他,40歳代,その他,施錠した
窃盗,自転車盗,千住,大橋交番,131211,東京都,足立区,千住仲町,2019-12-14,16,一戸建住宅,駐車（輪）場,10歳代,中学生,施錠した
窃盗,自転車盗,千住,大橋交番,131211,東京都,足立区,千住仲町,2020-02-05,18,その他の住宅（３階建て以下共同住宅等）,駐車（輪）場,40歳代,その他,施錠した
窃盗,自転車盗,千住,大橋交番,131211,東京都,足立区,千住橋戸町,2019-11-20,19,その他,駐車（輪）場,50歳代,その他,施錠した
窃盗,自転車盗,千住,旭町交番,131211,東京都,足立区,千住旭町,2019-09-15,10,道路上,その他,20歳代,その他,施錠した
窃盗,自転車盗,千住,旭町交番,131211,東京都,足立区,千住東２丁目,2020-08-09,20,４階建て以上共同住宅,駐車（輪）場,20歳代,その他,施錠した
窃盗,自転車盗,千住,北千住駅東口交番,131211,東京都,足立区,千住旭町,2020-03-28,17,駐車（輪）場,駐車（輪）場,40歳代,その他,施錠した
窃盗,自転車盗,千住,北千住駅東口交番,131211,東京都,足立区,千住旭町,2020-04-09,09,駐車（輪）場,駐車（輪）場,10歳代,高校生,施錠した
窃盗,自転車盗,千住,北千住駅東口交番,131211,東京都,足立区,千住旭町,2020-06-01,16,駐車（輪）場,駐車（輪）場,20歳代,大学生,施錠した
窃盗,自転車盗,千住,北千住駅東口交番,131211,東京都,足立区,柳原２丁目,2020-06-25,11,道路上,その他,10歳代,大学生,施錠した
窃盗,自転車盗,千住,曙町交番,131211,東京都,足立区,千住関屋町,2020-03-15,不明,駐車（輪）場,駐車（輪）場,20歳代,その他,施錠した
窃盗,自転車盗,西新井,梅田一丁目交番,131211,東京都,足立区,梅田２丁目,2020-01-10,16,駐車（輪）場,駐車（輪）場,65-69歳,その他,施錠した
窃盗,自転車盗,西新井,梅田一丁目交番,131211,東京都,足立区,梅田２丁目,2020-06-13,18,道路上,その他,65-69歳,その他,施錠した
窃盗,自転車盗,西新井,梅田一丁目交番,131211,東京都,足立区,梅田３丁目,2020-06-12,09,道路上,その他,40歳代,その他,施錠した
窃盗,自転車盗,西新井,梅田一丁目交番,131211,東京都,足立区,梅田３丁目,2020-08-16,23,４階建て以上共同住宅,駐車（輪）場,40歳代,その他,施錠した
窃盗,自転車盗,西新井,梅田七丁目交番,131211,東京都,足立区,梅島１丁目,2020-06-05,22,その他の住宅（３階建て以下共同住宅等）,駐車（輪）場,20歳代,その他,施錠した
窃盗,自転車盗,西新井,梅田七丁目交番,131211,東京都,足立区,梅島１丁目,2020-07-27,12,その他,駐車（輪）場,10歳代,その他,施錠した
窃盗,自転車盗,西新井,梅田七丁目交番,131211,東京都,足立区,梅島１丁目,2020-09-07,17,４階建て以上共同住宅,駐車（輪）場,50歳代,その他,施錠した
窃盗,自転車盗,西新井,梅田七丁目交番,131211,東京都,足立区,梅島２丁目,2020-01-12,23,４階建て以上共同住宅,駐車（輪）場,30歳代,その他,施錠した
窃盗,自転車盗,西新井,梅田七丁目交番,131211,東京都,足立区,梅島２丁目,2020-06-27,17,４階建て以上共同住宅,駐車（輪）場,10歳代,中学生,施錠した
窃盗,自転車盗,西新井,梅田七丁目交番,131211,東京都,足立区,梅島２丁目,2020-07-20,13,その他,駐車（輪）場,30歳代,その他,施錠した
窃盗,自転車盗,西新井,梅田七丁目交番,131211,東京都,足立区,梅田６丁目,2020-02-15,10,その他の住宅（３階建て以下共同住宅等）,その他,65-69歳,その他,施錠した
窃盗,自転車盗,西新井,梅田七丁目交番,131211,東京都,足立区,梅田６丁目,2020-07-12,11,４階建て以上共同住宅,駐車（輪）場,20歳代,その他,施錠した
窃盗,自転車盗,西新井,梅田七丁目交番,131211,東京都,足立区,梅田６丁目,2020-08-11,17,４階建て以上共同住宅,駐車（輪）場,30歳代,その他,施錠した
窃盗,自転車盗,西新井,梅田七丁目交番,131211,東京都,足立区,梅田７丁目,2020-01-24,16,その他,駐車（輪）場,10歳代,高校生,施錠した
窃盗,自転車盗,西新井,梅田七丁目交番,131211,東京都,足立区,梅田７丁目,2020-04-16,12,４階建て以上共同住宅,駐車（輪）場,40歳代,その他,施錠した
窃盗,自転車盗,西新井,梅田七丁目交番,131211,東京都,足立区,梅田７丁目,2020-06-19,18,４階建て以上共同住宅,駐車（輪）場,40歳代,その他,施錠した
窃盗,自転車盗,西新井,梅田七丁目交番,131211,東京都,足立区,梅田８丁目,2020-01-26,09,駐車（輪）場,駐車（輪）場,20歳代,その他,施錠した
窃盗,自転車盗,西新井,梅田七丁目交番,131211,東京都,足立区,梅田８丁目,2020-02-08,10,駐車（輪）場,駐車（輪）場,20歳代,その他,施錠した
窃盗,自転車盗,西新井,梅田七丁目交番,131211,東京都,足立区,梅田８丁目,2020-02-28,08,駐車（輪）場,駐車（輪）場,10歳代,その他,施錠した
窃盗,自転車盗,西新井,梅田七丁目交番,131211,東京都,足立区,梅田８丁目,2020-05-29,18,駐車（輪）場,駐車（輪）場,70歳以上,その他,施錠した
窃盗,自転車盗,西新井,梅田七丁目交番,131211,東京都,足立区,梅田８丁目,2020-07-12,18,道路上,その他,30歳代,その他,施錠した
窃盗,自転車盗,西新井,梅田七丁目交番,131211,東京都,足立区,梅田８丁目,2020-08-04,18,４階建て以上共同住宅,駐車（輪）場,30歳代,その他,施錠した
窃盗,自転車盗,西新井,梅田七丁目交番,131211,東京都,足立区,梅田８丁目,2020-11-21,14,駐車（輪）場,駐車（輪）場,20歳代,大学生,施錠した
窃盗,自転車盗,西新井,大師前交番,131211,東京都,足立区,栗原３丁目,2020-02-04,06,その他の住宅（３階建て以下共同住宅等）,駐車（輪）場,50歳代,その他,施錠した
窃盗,自転車盗,西新井,大師前交番,131211,東京都,足立区,西新井１丁目,2020-01-04,14,その他,駐車（輪）場,50歳代,その他,施錠した
窃盗,自転車盗,西新井,大師前交番,131211,東京都,足立区,西新井１丁目,2020-04-03,20,道路上,その他,50歳代,その他,施錠した
窃盗,自転車盗,西新井,大師前交番,131211,東京都,足立区,西新井１丁目,2020-04-24,17,道路上,その他,50歳代,その他,施錠した
窃盗,自転車盗,西新井,大師前交番,131211,東京都,足立区,西新井６丁目,2020-03-03,21,その他の住宅（３階建て以下共同住宅等）,駐車（輪）場,50歳代,その他,施錠した
窃盗,自転車盗,西新井,大師前交番,131211,東京都,足立区,西新井６丁目,2020-07-08,17,４階建て以上共同住宅,駐車（輪）場,40歳代,その他,施錠した
窃盗,自転車盗,西新井,大師前交番,131211,東京都,足立区,西新井７丁目,2020-02-09,18,４階建て以上共同住宅,駐車（輪）場,20歳代,その他,施錠した
窃盗,自転車盗,西新井,大師前交番,131211,東京都,足立区,西新井７丁目,2020-09-08,08,その他,その他,20歳代,その他,施錠した
窃盗,自転車盗,西新井,大師前交番,131211,東京都,足立区,西新井本町１丁目,2020-01-04,14,その他,駐車（輪）場,40歳代,その他,施錠した
窃盗,自転車盗,西新井,大師前交番,131211,東京都,足立区,西新井本町２丁目,2020-02-03,10,その他,駐車（輪）場,20歳代,その他,施錠した
窃盗,自転車盗,西新井,大師前交番,131211,東京都,足立区,西新井本町２丁目,2020-06-13,09,その他,駐車（輪）場,10歳代,高校生,施錠した
窃盗,自転車盗,西新井,大師前交番,131211,東京都,足立区,西新井本町２丁目,2020-08-08,12,４階建て以上共同住宅,駐車（輪）場,40歳代,その他,施錠した
窃盗,自転車盗,西新井,大師前交番,131211,東京都,足立区,西新井本町３丁目,2020-05-08,19,道路上,その他,20歳代,その他,施錠した
窃盗,自転車盗,西新井,大師前交番,131211,東京都,足立区,西新井本町５丁目,2019-10-15,07,４階建て以上共同住宅,駐車（輪）場,30歳代,その他,施錠した
窃盗,自転車盗,西新井,西新井駅前交番,131211,東京都,足立区,梅島３丁目,2020-09-15,20,４階建て以上共同住宅,駐車（輪）場,20歳代,その他,施錠した
窃盗,自転車盗,西新井,西新井駅前交番,131211,東京都,足立区,西新井栄町１丁目,2019-08-17,08,その他,駐車（輪）場,20歳代,大学生,施錠した
窃盗,自転車盗,西新井,西新井駅前交番,131211,東京都,足立区,西新井栄町１丁目,2019-12-27,11,その他,駐車（輪）場,10歳代,高校生,施錠した
窃盗,自転車盗,西新井,西新井駅前交番,131211,東京都,足立区,西新井栄町１丁目,2020-01-02,19,その他,駐車（輪）場,20歳代,その他,施錠した
窃盗,自転車盗,西新井,西新井駅前交番,131211,東京都,足立区,西新井栄町１丁目,2020-01-31,14,その他,駐車（輪）場,10歳代,大学生,施錠した
窃盗,自転車盗,西新井,西新井駅前交番,131211,東京都,足立区,西新井栄町１丁目,2020-02-04,16,道路上,その他,30歳代,その他,施錠した
窃盗,自転車盗,西新井,西新井駅前交番,131211,東京都,足立区,西新井栄町１丁目,2020-02-09,09,その他,駐車（輪）場,30歳代,その他,施錠した
窃盗,自転車盗,西新井,西新井駅前交番,131211,東京都,足立区,西新井栄町１丁目,2020-03-18,13,その他,駐車（輪）場,10歳代,中学生,施錠した
窃盗,自転車盗,西新井,西新井駅前交番,131211,東京都,足立区,西新井栄町１丁目,2020-04-05,13,その他,駐車（輪）場,10歳代,高校生,施錠した
窃盗,自転車盗,西新井,西新井駅前交番,131211,東京都,足立区,西新井栄町１丁目,2020-06-15,16,その他の住宅（３階建て以下共同住宅等）,その他,50歳代,その他,施錠した
窃盗,自転車盗,西新井,西新井駅前交番,131211,東京都,足立区,西新井栄町１丁目,2020-07-18,16,その他,駐車（輪）場,10歳代,高校生,施錠した
窃盗,自転車盗,西新井,西新井駅前交番,131211,東京都,足立区,西新井栄町１丁目,2020-08-18,14,その他,駐車（輪）場,20歳代,大学生,施錠した
窃盗,自転車盗,西新井,西新井駅前交番,131211,東京都,足立区,西新井栄町１丁目,2020-08-22,16,その他,駐車（輪）場,20歳代,その他,施錠した
窃盗,自転車盗,西新井,西新井駅前交番,131211,東京都,足立区,西新井栄町１丁目,2020-08-24,18,その他,駐車（輪）場,10歳代,高校生,施錠した
窃盗,自転車盗,西新井,西新井駅前交番,131211,東京都,足立区,西新井栄町１丁目,2020-08-26,08,その他,駐車（輪）場,20歳代,その他,施錠した
窃盗,自転車盗,西新井,西新井駅前交番,131211,東京都,足立区,西新井栄町１丁目,2020-09-01,00,４階建て以上共同住宅,駐車（輪）場,40歳代,その他,施錠した
窃盗,自転車盗,西新井,西新井駅前交番,131211,東京都,足立区,西新井栄町１丁目,2020-09-19,18,その他,駐車（輪）場,40歳代,その他,施錠した
窃盗,自転車盗,西新井,西新井駅前交番,131211,東京都,足立区,西新井栄町１丁目,2020-09-29,18,その他,駐車（輪）場,40歳代,その他,施錠した
窃盗,自転車盗,西新井,西新井駅前交番,131211,東京都,足立区,西新井栄町１丁目,2020-11-15,18,その他,駐車（輪）場,10歳代,高校生,施錠した
窃盗,自転車盗,西新井,西新井駅前交番,131211,東京都,足立区,西新井栄町２丁目,2020-01-27,06,道路上,その他,10歳代,その他,施錠した
窃盗,自転車盗,西新井,西新井駅前交番,131211,東京都,足立区,西新井栄町２丁目,2020-04-24,16,その他の住宅（３階建て以下共同住宅等）,その他,20歳代,その他,施錠した
窃盗,自転車盗,西新井,西新井駅前交番,131211,東京都,足立区,西新井栄町２丁目,2020-07-02,00,道路上,その他,30歳代,その他,施錠した
窃盗,自転車盗,西新井,西新井駅前交番,131211,東京都,足立区,西新井栄町２丁目,2020-07-28,12,駐車（輪）場,駐車（輪）場,法人・団体、被害者なし,法人・団体、被害者なし,施錠した
窃盗,自転車盗,西新井,西新井駅前交番,131211,東京都,足立区,西新井栄町２丁目,2020-07-29,18,その他の住宅（３階建て以下共同住宅等）,その他,20歳代,その他,施錠した
窃盗,自転車盗,西新井,西新井駅前交番,131211,東京都,足立区,西新井栄町２丁目,2020-09-03,15,その他,駐車（輪）場,20歳代,その他,施錠した
窃盗,自転車盗,西新井,西新井駅前交番,131211,東京都,足立区,西新井栄町２丁目,2020-09-22,20,駐車（輪）場,駐車（輪）場,40歳代,その他,施錠した
窃盗,自転車盗,西新井,西新井駅前交番,131211,東京都,足立区,西新井栄町２丁目,2020-10-01,20,道路上,その他,20歳代,その他,施錠した
窃盗,自転車盗,西新井,西新井駅前交番,131211,東京都,足立区,西新井栄町２丁目,2020-10-05,12,駐車（輪）場,駐車（輪）場,30歳代,その他,施錠した
窃盗,自転車盗,西新井,西新井駅前交番,131211,東京都,足立区,西新井栄町２丁目,2020-10-14,18,駐車（輪）場,駐車（輪）場,10歳代,その他,施錠した
窃盗,自転車盗,西新井,西新井駅前交番,131211,東京都,足立区,西新井栄町３丁目,2020-04-03,21,その他,駐車（輪）場,20歳代,その他,施錠した
窃盗,自転車盗,西新井,関原三丁目交番,131211,東京都,足立区,関原１丁目,2020-03-31,07,一戸建住宅,その他,30歳代,その他,施錠した
窃盗,自転車盗,西新井,関原三丁目交番,131211,東京都,足立区,関原２丁目,2020-03-22,07,４階建て以上共同住宅,駐車（輪）場,30歳代,その他,施錠した
窃盗,自転車盗,西新井,本木交番,131211,東京都,足立区,興野１丁目,2020-01-03,17,道路上,その他,65-69歳,その他,施錠した
窃盗,自転車盗,西新井,本木交番,131211,東京都,足立区,興野２丁目,2020-07-01,04,その他の住宅（３階建て以下共同住宅等）,駐車（輪）場,20歳代,その他,施錠した
窃盗,自転車盗,西新井,本木交番,131211,東京都,足立区,本木１丁目,2020-02-11,21,道路上,その他,50歳代,その他,施錠した
窃盗,自転車盗,西新井,本木交番,131211,東京都,足立区,本木２丁目,2020-03-23,18,一戸建住宅,その他,20歳代,その他,施錠した
窃盗,自転車盗,西新井,本木交番,131211,東京都,足立区,本木２丁目,2020-08-30,15,その他の住宅（３階建て以下共同住宅等）,駐車（輪）場,30歳代,その他,施錠した
窃盗,自転車盗,西新井,本木交番,131211,東京都,足立区,本木東町,2020-09-08,07,その他の住宅（３階建て以下共同住宅等）,その他,20歳代,その他,施錠した
窃盗,自転車盗,西新井,江北交番,131211,東京都,足立区,江北１丁目,2020-07-30,10,道路上,その他,20歳代,その他,施錠した
窃盗,自転車盗,西新井,江北交番,131211,東京都,足立区,江北２丁目,2020-06-30,08,４階建て以上共同住宅,駐車（輪）場,40歳代,その他,施錠した
窃盗,自転車盗,西新井,江北交番,131211,東京都,足立区,江北３丁目,2020-02-11,11,４階建て以上共同住宅,駐車（輪）場,法人・団体、被害者なし,法人・団体、被害者なし,施錠した
窃盗,自転車盗,西新井,江北交番,131211,東京都,足立区,江北３丁目,2020-07-19,19,４階建て以上共同住宅,駐車（輪）場,30歳代,その他,施錠した
窃盗,自転車盗,西新井,江北交番,131211,東京都,足立区,江北４丁目,2020-08-23,22,４階建て以上共同住宅,駐車（輪）場,20歳代,その他,施錠した
窃盗,自転車盗,西新井,宮城交番,131211,東京都,足立区,小台２丁目,2020-02-15,06,その他,駐車（輪）場,30歳代,その他,施錠した
窃盗,自転車盗,西新井,島根交番,131211,東京都,足立区,栗原１丁目,2019-10-22,17,４階建て以上共同住宅,駐車（輪）場,10歳代,高校生,施錠した
窃盗,自転車盗,西新井,島根交番,131211,東京都,足立区,栗原１丁目,2020-01-10,20,４階建て以上共同住宅,駐車（輪）場,65-69歳,その他,施錠した
窃盗,自転車盗,西新井,島根交番,131211,東京都,足立区,栗原１丁目,2020-03-27,20,４階建て以上共同住宅,駐車（輪）場,20歳代,その他,施錠した
窃盗,自転車盗,西新井,島根交番,131211,東京都,足立区,栗原１丁目,2020-09-16,20,その他の住宅（３階建て以下共同住宅等）,駐車（輪）場,40歳代,その他,施錠した
窃盗,自転車盗,西新井,島根交番,131211,東京都,足立区,栗原２丁目,2020-06-10,20,４階建て以上共同住宅,駐車（輪）場,30歳代,その他,施錠した
窃盗,自転車盗,西新井,島根交番,131211,東京都,足立区,島根２丁目,2019-12-24,17,４階建て以上共同住宅,駐車（輪）場,10歳代,小学生,施錠した
窃盗,自転車盗,西新井,島根交番,131211,東京都,足立区,島根２丁目,2020-04-15,20,４階建て以上共同住宅,駐車（輪）場,10歳代,中学生,施錠した
窃盗,自転車盗,西新井,島根交番,131211,東京都,足立区,島根３丁目,2020-04-17,21,道路上,その他,20歳代,その他,施錠した
窃盗,自転車盗,西新井,島根交番,131211,東京都,足立区,島根３丁目,2020-09-23,23,４階建て以上共同住宅,駐車（輪）場,20歳代,その他,施錠した
窃盗,自転車盗,西新井,島根交番,131211,東京都,足立区,島根４丁目,2020-11-20,13,一戸建住宅,駐車（輪）場,70歳以上,その他,施錠した
窃盗,自転車盗,西新井,島根交番,131211,東京都,足立区,六月１丁目,2020-01-27,12,その他,駐車（輪）場,60-64歳,その他,施錠した
窃盗,自転車盗,西新井,島根交番,131211,東京都,足立区,六月１丁目,2020-02-28,07,４階建て以上共同住宅,駐車（輪）場,20歳代,その他,施錠した
窃盗,自転車盗,西新井,島根交番,131211,東京都,足立区,六月２丁目,2020-01-07,18,その他の住宅（３階建て以下共同住宅等）,駐車（輪）場,20歳代,その他,施錠した
窃盗,自転車盗,西新井,島根交番,131211,東京都,足立区,六月２丁目,2020-02-20,17,４階建て以上共同住宅,駐車（輪）場,10歳代,小学生,施錠した
窃盗,自転車盗,西新井,島根交番,131211,東京都,足立区,六月２丁目,2020-05-31,17,４階建て以上共同住宅,駐車（輪）場,30歳代,その他,施錠した
窃盗,自転車盗,西新井,島根交番,131211,東京都,足立区,六月３丁目,2020-04-18,09,４階建て以上共同住宅,駐車（輪）場,30歳代,その他,施錠した
窃盗,自転車盗,西新井,皿沼交番,131211,東京都,足立区,加賀２丁目,2020-02-19,23,４階建て以上共同住宅,駐車（輪）場,20歳代,その他,施錠した
窃盗,自転車盗,西新井,皿沼交番,131211,東京都,足立区,加賀２丁目,2020-06-17,20,４階建て以上共同住宅,駐車（輪）場,40歳代,その他,施錠した
窃盗,自転車盗,西新井,皿沼交番,131211,東京都,足立区,江北６丁目,2020-01-31,19,その他,駐車（輪）場,40歳代,その他,施錠した
窃盗,自転車盗,西新井,皿沼交番,131211,東京都,足立区,江北６丁目,2020-07-31,18,４階建て以上共同住宅,駐車（輪）場,65-69歳,その他,施錠した
窃盗,自転車盗,西新井,皿沼交番,131211,東京都,足立区,江北７丁目,2020-05-23,03,４階建て以上共同住宅,駐車（輪）場,65-69歳,その他,施錠した
窃盗,自転車盗,西新井,皿沼交番,131211,東京都,足立区,江北７丁目,2020-06-01,00,その他の住宅（３階建て以下共同住宅等）,駐車（輪）場,40歳代,その他,施錠した
窃盗,自転車盗,西新井,皿沼交番,131211,東京都,足立区,江北７丁目,2020-06-10,03,４階建て以上共同住宅,駐車（輪）場,65-69歳,その他,施錠した
窃盗,自転車盗,西新井,皿沼交番,131211,東京都,足立区,皿沼２丁目,2020-02-05,05,その他の住宅（３階建て以下共同住宅等）,駐車（輪）場,70歳以上,その他,施錠した
窃盗,自転車盗,西新井,皿沼交番,131211,東京都,足立区,鹿浜６丁目,2019-12-28,17,４階建て以上共同住宅,駐車（輪）場,70歳以上,その他,施錠した
窃盗,自転車盗,西新井,皿沼交番,131211,東京都,足立区,鹿浜６丁目,2020-05-16,18,４階建て以上共同住宅,駐車（輪）場,10歳代,高校生,施錠した
窃盗,自転車盗,西新井,皿沼交番,131211,東京都,足立区,鹿浜６丁目,2020-06-16,21,４階建て以上共同住宅,駐車（輪）場,30歳代,その他,施錠した
窃盗,自転車盗,西新井,皿沼交番,131211,東京都,足立区,鹿浜６丁目,2020-07-13,17,その他の住宅（３階建て以下共同住宅等）,駐車（輪）場,60-64歳,その他,施錠した
窃盗,自転車盗,西新井,皿沼交番,131211,東京都,足立区,鹿浜６丁目,2020-11-02,20,一戸建住宅,その他,20歳代,大学生,施錠した
窃盗,自転車盗,西新井,皿沼交番,131211,東京都,足立区,谷在家２丁目,2020-02-04,11,その他,駐車（輪）場,10歳代,その他,施錠した
窃盗,自転車盗,西新井,皿沼交番,131211,東京都,足立区,谷在家２丁目,2020-04-24,15,４階建て以上共同住宅,駐車（輪）場,20歳代,その他,施錠した
窃盗,自転車盗,西新井,皿沼交番,131211,東京都,足立区,谷在家３丁目,2020-08-10,23,その他の住宅（３階建て以下共同住宅等）,その他,30歳代,その他,施錠した
窃盗,自転車盗,西新井,皿沼交番,131211,東京都,足立区,谷在家３丁目,2020-09-21,07,その他,駐車（輪）場,20歳代,その他,施錠した
窃盗,自転車盗,西新井,皿沼交番,131211,東京都,足立区,谷在家３丁目,2020-10-23,09,駐車（輪）場,駐車（輪）場,20歳代,その他,施錠した
窃盗,自転車盗,西新井,鹿浜交番,131211,東京都,足立区,鹿浜１丁目,2020-04-08,08,駐車（輪）場,駐車（輪）場,65-69歳,その他,施錠した
窃盗,自転車盗,西新井,鹿浜交番,131211,東京都,足立区,鹿浜３丁目,2020-04-27,20,その他の住宅（３階建て以下共同住宅等）,駐車（輪）場,20歳代,その他,施錠した
窃盗,自転車盗,西新井,鹿浜交番,131211,東京都,足立区,鹿浜３丁目,2020-08-11,06,道路上,その他,50歳代,その他,施錠した
窃盗,自転車盗,西新井,鹿浜交番,131211,東京都,足立区,鹿浜４丁目,2020-04-29,19,その他の住宅（３階建て以下共同住宅等）,駐車（輪）場,20歳代,その他,施錠した
窃盗,自転車盗,西新井,鹿浜交番,131211,東京都,足立区,鹿浜４丁目,2020-06-03,17,一戸建住宅,その他,70歳以上,その他,施錠した
窃盗,自転車盗,西新井,鹿浜交番,131211,東京都,足立区,鹿浜５丁目,2020-02-07,09,その他,駐車（輪）場,50歳代,その他,施錠した
窃盗,自転車盗,西新井,新田駐在所,131211,東京都,足立区,新田１丁目,2019-12-25,18,４階建て以上共同住宅,駐車（輪）場,20歳代,その他,施錠した
窃盗,自転車盗,西新井,新田駐在所,131211,東京都,足立区,新田２丁目,2020-05-21,07,その他,駐車（輪）場,70歳以上,その他,施錠した
窃盗,自転車盗,西新井,新田駐在所,131211,東京都,足立区,新田２丁目,2020-05-21,21,４階建て以上共同住宅,その他,10歳代,中学生,施錠した
窃盗,自転車盗,西新井,新田駐在所,131211,東京都,足立区,新田２丁目,2020-11-26,12,その他,その他,30歳代,その他,施錠した
窃盗,自転車盗,西新井,新田駐在所,131211,東京都,足立区,新田３丁目,2020-05-21,19,その他,駐車（輪）場,10歳代,小学生,施錠した
窃盗,自転車盗,西新井,新田駐在所,131211,東京都,足立区,新田３丁目,2020-07-02,22,４階建て以上共同住宅,駐車（輪）場,20歳代,その他,施錠した
窃盗,自転車盗,西新井,新田駐在所,131211,東京都,足立区,新田３丁目,2020-09-08,20,４階建て以上共同住宅,駐車（輪）場,20歳代,その他,施錠した
窃盗,自転車盗,西新井,西新井五丁目交番,131211,東京都,足立区,栗原３丁目,2020-06-05,12,４階建て以上共同住宅,駐車（輪）場,30歳代,その他,施錠した
窃盗,自転車盗,西新井,西新井五丁目交番,131211,東京都,足立区,栗原４丁目,2020-02-13,21,道路上,その他,40歳代,その他,施錠した
窃盗,自転車盗,西新井,西新井五丁目交番,131211,東京都,足立区,栗原４丁目,2020-09-21,18,４階建て以上共同住宅,駐車（輪）場,60-64歳,その他,施錠した
窃盗,自転車盗,西新井,西新井五丁目交番,131211,東京都,足立区,西新井２丁目,2020-11-21,12,４階建て以上共同住宅,駐車（輪）場,70歳以上,その他,施錠した
窃盗,自転車盗,西新井,西新井五丁目交番,131211,東京都,足立区,西新井３丁目,2020-06-29,07,４階建て以上共同住宅,駐車（輪）場,10歳代,高校生,施錠した
窃盗,自転車盗,西新井,西新井五丁目交番,131211,東京都,足立区,西新井３丁目,2020-08-11,11,４階建て以上共同住宅,駐車（輪）場,70歳以上,その他,施錠した
窃盗,自転車盗,西新井,西新井五丁目交番,131211,東京都,足立区,西新井３丁目,2020-09-05,10,その他の住宅（３階建て以下共同住宅等）,駐車（輪）場,20歳代,その他,施錠した
窃盗,自転車盗,西新井,西新井五丁目交番,131211,東京都,足立区,西新井４丁目,2020-03-20,06,駐車（輪）場,駐車（輪）場,40歳代,その他,施錠した
窃盗,自転車盗,西新井,西新井五丁目交番,131211,東京都,足立区,西新井４丁目,2020-04-21,20,４階建て以上共同住宅,駐車（輪）場,20歳代,その他,施錠した
窃盗,自転車盗,西新井,西新井五丁目交番,131211,東京都,足立区,西新井４丁目,2020-06-25,19,その他の住宅（３階建て以下共同住宅等）,その他,20歳代,大学生,施錠した
窃盗,自転車盗,西新井,西新井五丁目交番,131211,東京都,足立区,西新井５丁目,2020-03-02,21,道路上,その他,10歳代,大学生,施錠した
窃盗,自転車盗,西新井,扇交番,131211,東京都,足立区,扇１丁目,2020-02-09,19,４階建て以上共同住宅,駐車（輪）場,70歳以上,その他,施錠した
窃盗,自転車盗,西新井,扇交番,131211,東京都,足立区,扇１丁目,2020-07-07,15,４階建て以上共同住宅,駐車（輪）場,20歳代,その他,施錠した
窃盗,自転車盗,西新井,扇交番,131211,東京都,足立区,扇３丁目,2020-02-09,17,その他の住宅（３階建て以下共同住宅等）,駐車（輪）場,40歳代,その他,施錠した
窃盗,自転車盗,西新井,扇交番,131211,東京都,足立区,扇３丁目,2020-07-23,20,一戸建住宅,その他,10歳代,高校生,施錠した
窃盗,自転車盗,西新井,扇交番,131211,東京都,足立区,扇３丁目,2020-08-15,17,その他,駐車（輪）場,10歳代,高校生,施錠した
窃盗,自転車盗,西新井,扇交番,131211,東京都,足立区,江北１丁目,2020-01-29,18,その他,駐車（輪）場,30歳代,その他,施錠した
窃盗,自転車盗,綾瀬,大谷田交番,131211,東京都,足立区,大谷田１丁目,2020-01-03,11,その他,駐車（輪）場,40歳代,その他,施錠した
窃盗,自転車盗,綾瀬,大谷田交番,131211,東京都,足立区,大谷田１丁目,2020-02-18,11,４階建て以上共同住宅,駐車（輪）場,70歳以上,その他,施錠した
窃盗,自転車盗,綾瀬,大谷田交番,131211,東京都,足立区,大谷田１丁目,2020-03-09,17,４階建て以上共同住宅,駐車（輪）場,50歳代,その他,施錠した
窃盗,自転車盗,綾瀬,大谷田交番,131211,東京都,足立区,大谷田１丁目,2020-03-09,19,４階建て以上共同住宅,駐車（輪）場,40歳代,その他,施錠した
窃盗,自転車盗,綾瀬,大谷田交番,131211,東京都,足立区,大谷田１丁目,2020-03-15,20,４階建て以上共同住宅,駐車（輪）場,10歳代,その他,施錠した
窃盗,自転車盗,綾瀬,大谷田交番,131211,東京都,足立区,大谷田１丁目,2020-06-02,16,４階建て以上共同住宅,駐車（輪）場,10歳代,高校生,施錠した
窃盗,自転車盗,綾瀬,大谷田交番,131211,東京都,足立区,大谷田１丁目,2020-07-22,21,４階建て以上共同住宅,駐車（輪）場,20歳代,その他,施錠した
窃盗,自転車盗,綾瀬,大谷田交番,131211,東京都,足立区,大谷田１丁目,2020-08-05,18,４階建て以上共同住宅,駐車（輪）場,60-64歳,その他,施錠した
窃盗,自転車盗,綾瀬,大谷田交番,131211,東京都,足立区,大谷田１丁目,2020-10-12,16,４階建て以上共同住宅,駐車（輪）場,50歳代,その他,施錠した
窃盗,自転車盗,綾瀬,大谷田交番,131211,東京都,足立区,大谷田１丁目,2020-11-24,17,道路上,その他,70歳以上,その他,施錠した
窃盗,自転車盗,綾瀬,大谷田交番,131211,東京都,足立区,大谷田２丁目,2020-04-08,22,４階建て以上共同住宅,駐車（輪）場,50歳代,その他,施錠した
窃盗,自転車盗,綾瀬,大谷田交番,131211,東京都,足立区,大谷田２丁目,2020-10-03,18,道路上,その他,70歳以上,その他,施錠した
窃盗,自転車盗,綾瀬,大谷田交番,131211,東京都,足立区,大谷田２丁目,2020-12-09,19,４階建て以上共同住宅,駐車（輪）場,10歳代,高校生,施錠した
窃盗,自転車盗,綾瀬,大谷田交番,131211,東京都,足立区,大谷田３丁目,2020-02-11,20,４階建て以上共同住宅,その他,10歳代,中学生,施錠した
窃盗,自転車盗,綾瀬,大谷田交番,131211,東京都,足立区,大谷田３丁目,2020-02-23,07,駐車（輪）場,駐車（輪）場,40歳代,その他,施錠した
窃盗,自転車盗,綾瀬,大谷田交番,131211,東京都,足立区,大谷田４丁目,2020-02-21,07,駐車（輪）場,駐車（輪）場,10歳代,その他,施錠した
窃盗,自転車盗,綾瀬,大谷田交番,131211,東京都,足立区,大谷田４丁目,2020-02-22,13,その他,駐車（輪）場,20歳代,大学生,施錠した
窃盗,自転車盗,綾瀬,大谷田交番,131211,東京都,足立区,大谷田５丁目,2020-03-04,08,４階建て以上共同住宅,駐車（輪）場,50歳代,その他,施錠した
窃盗,自転車盗,綾瀬,大谷田交番,131211,東京都,足立区,大谷田５丁目,2020-03-04,08,４階建て以上共同住宅,駐車（輪）場,50歳代,その他,施錠した
窃盗,自転車盗,綾瀬,大谷田交番,131211,東京都,足立区,大谷田５丁目,2020-04-19,13,その他の住宅（３階建て以下共同住宅等）,駐車（輪）場,20歳代,その他,施錠した
窃盗,自転車盗,綾瀬,大谷田交番,131211,東京都,足立区,大谷田５丁目,2020-08-04,19,４階建て以上共同住宅,駐車（輪）場,10歳代,高校生,施錠した
窃盗,自転車盗,綾瀬,大谷田交番,131211,東京都,足立区,佐野２丁目,2020-04-23,21,一戸建住宅,駐車（輪）場,50歳代,その他,施錠した
窃盗,自転車盗,綾瀬,大谷田交番,131211,東京都,足立区,佐野２丁目,2020-08-06,22,４階建て以上共同住宅,駐車（輪）場,20歳代,その他,施錠した
窃盗,自転車盗,綾瀬,大谷田交番,131211,東京都,足立区,佐野２丁目,2020-12-03,23,４階建て以上共同住宅,駐車（輪）場,20歳代,その他,施錠した
窃盗,自転車盗,綾瀬,大谷田交番,131211,東京都,足立区,一ツ家１丁目,2020-02-23,20,駐車（輪）場,駐車（輪）場,10歳代,その他,施錠した
窃盗,自転車盗,綾瀬,大谷田交番,131211,東京都,足立区,谷中３丁目,2020-10-31,20,４階建て以上共同住宅,駐車（輪）場,10歳代,中学生,施錠した
窃盗,自転車盗,綾瀬,大谷田交番,131211,東京都,足立区,谷中４丁目,2020-05-20,12,４階建て以上共同住宅,駐車（輪）場,40歳代,その他,施錠した
窃盗,自転車盗,綾瀬,大谷田交番,131211,東京都,足立区,谷中４丁目,2020-09-10,09,駐車（輪）場,駐車（輪）場,40歳代,その他,施錠した
窃盗,自転車盗,綾瀬,中川交番,131211,東京都,足立区,中川４丁目,2020-11-18,11,４階建て以上共同住宅,駐車（輪）場,70歳以上,その他,施錠した
窃盗,自転車盗,綾瀬,中川交番,131211,東京都,足立区,中川５丁目,2020-01-06,22,その他の住宅（３階建て以下共同住宅等）,駐車（輪）場,10歳代,高校生,施錠した
窃盗,自転車盗,綾瀬,綾瀬六丁目交番,131211,東京都,足立区,綾瀬４丁目,2020-08-03,08,その他,駐車（輪）場,50歳代,その他,施錠した
窃盗,自転車盗,綾瀬,綾瀬六丁目交番,131211,東京都,足立区,綾瀬７丁目,2020-01-24,12,４階建て以上共同住宅,駐車（輪）場,20歳代,その他,施錠した
窃盗,自転車盗,綾瀬,綾瀬六丁目交番,131211,東京都,足立区,綾瀬７丁目,2020-06-19,22,４階建て以上共同住宅,駐車（輪）場,10歳代,大学生,施錠した
窃盗,自転車盗,綾瀬,綾瀬六丁目交番,131211,東京都,足立区,綾瀬７丁目,2020-11-14,21,４階建て以上共同住宅,駐車（輪）場,40歳代,その他,施錠した
窃盗,自転車盗,綾瀬,綾瀬六丁目交番,131211,東京都,足立区,大谷田２丁目,2020-02-22,06,道路上,その他,40歳代,その他,施錠した
窃盗,自転車盗,綾瀬,綾瀬六丁目交番,131211,東京都,足立区,大谷田２丁目,2020-02-24,07,駐車（輪）場,駐車（輪）場,40歳代,その他,施錠した
窃盗,自転車盗,綾瀬,綾瀬六丁目交番,131211,東京都,足立区,加平１丁目,2020-04-21,07,駐車（輪）場,駐車（輪）場,40歳代,その他,施錠した
窃盗,自転車盗,綾瀬,綾瀬六丁目交番,131211,東京都,足立区,加平１丁目,2020-09-20,16,４階建て以上共同住宅,駐車（輪）場,20歳代,その他,施錠した
窃盗,自転車盗,綾瀬,綾瀬六丁目交番,131211,東京都,足立区,東綾瀬３丁目,2020-04-28,17,４階建て以上共同住宅,駐車（輪）場,10歳代,中学生,施錠した
窃盗,自転車盗,綾瀬,綾瀬六丁目交番,131211,東京都,足立区,谷中１丁目,2020-06-22,02,その他の住宅（３階建て以下共同住宅等）,駐車（輪）場,20歳代,大学生,施錠した
窃盗,自転車盗,綾瀬,綾瀬六丁目交番,131211,東京都,足立区,谷中２丁目,2020-02-20,12,道路上,その他,20歳代,その他,施錠した
窃盗,自転車盗,綾瀬,綾瀬六丁目交番,131211,東京都,足立区,谷中２丁目,2020-06-05,15,４階建て以上共同住宅,駐車（輪）場,20歳代,大学生,施錠した
窃盗,自転車盗,綾瀬,綾瀬六丁目交番,131211,東京都,足立区,谷中２丁目,2020-07-09,10,駐車（輪）場,駐車（輪）場,30歳代,その他,施錠した
窃盗,自転車盗,綾瀬,綾瀬六丁目交番,131211,東京都,足立区,谷中２丁目,2020-07-10,07,４階建て以上共同住宅,駐車（輪）場,20歳代,その他,施錠した
窃盗,自転車盗,綾瀬,綾瀬六丁目交番,131211,東京都,足立区,谷中２丁目,2020-07-11,07,駐車（輪）場,駐車（輪）場,40歳代,その他,施錠した
窃盗,自転車盗,綾瀬,綾瀬六丁目交番,131211,東京都,足立区,谷中２丁目,2020-07-11,15,駐車（輪）場,駐車（輪）場,20歳代,その他,施錠した
窃盗,自転車盗,綾瀬,綾瀬六丁目交番,131211,東京都,足立区,谷中２丁目,2020-09-12,13,駐車（輪）場,駐車（輪）場,20歳代,その他,施錠した
窃盗,自転車盗,綾瀬,綾瀬六丁目交番,131211,東京都,足立区,谷中２丁目,2020-12-11,09,駐車（輪）場,駐車（輪）場,20歳代,その他,施錠した
窃盗,自転車盗,綾瀬,綾瀬六丁目交番,131211,東京都,足立区,谷中２丁目,2020-12-15,16,駐車（輪）場,駐車（輪）場,20歳代,その他,施錠した
窃盗,自転車盗,綾瀬,綾瀬駅西口交番,131211,東京都,足立区,足立２丁目,2020-04-25,11,道路上,その他,30歳代,その他,施錠した
窃盗,自転車盗,綾瀬,綾瀬駅西口交番,131211,東京都,足立区,足立２丁目,2020-07-12,15,４階建て以上共同住宅,駐車（輪）場,20歳代,大学生,施錠した
窃盗,自転車盗,綾瀬,綾瀬駅西口交番,131211,東京都,足立区,綾瀬１丁目,2020-07-12,04,道路上,その他,20歳代,その他,施錠した
窃盗,自転車盗,綾瀬,綾瀬駅西口交番,131211,東京都,足立区,綾瀬４丁目,2020-04-13,08,駐車（輪）場,駐車（輪）場,20歳代,その他,施錠した
窃盗,自転車盗,綾瀬,綾瀬駅西口交番,131211,東京都,足立区,綾瀬４丁目,2020-05-08,12,４階建て以上共同住宅,駐車（輪）場,40歳代,その他,施錠した
窃盗,自転車盗,綾瀬,綾瀬駅西口交番,131211,東京都,足立区,綾瀬４丁目,2020-07-08,11,その他,駐車（輪）場,50歳代,その他,施錠した
窃盗,自転車盗,綾瀬,綾瀬駅西口交番,131211,東京都,足立区,綾瀬４丁目,2020-07-13,16,その他,駐車（輪）場,50歳代,その他,施錠した
窃盗,自転車盗,綾瀬,綾瀬駅西口交番,131211,東京都,足立区,綾瀬４丁目,2020-10-16,12,その他,駐車（輪）場,40歳代,その他,施錠した
窃盗,自転車盗,綾瀬,綾瀬駅西口交番,131211,東京都,足立区,綾瀬４丁目,2020-11-01,14,駐車（輪）場,駐車（輪）場,40歳代,その他,施錠した
窃盗,自転車盗,綾瀬,綾瀬駅西口交番,131211,東京都,足立区,大谷田４丁目,2020-03-19,01,その他の住宅（３階建て以下共同住宅等）,その他,30歳代,その他,施錠した
窃盗,自転車盗,綾瀬,綾瀬駅西口交番,131211,東京都,足立区,西綾瀬３丁目,2020-10-06,19,４階建て以上共同住宅,駐車（輪）場,30歳代,その他,施錠した
窃盗,自転車盗,綾瀬,綾瀬駅西口交番,131211,東京都,足立区,西綾瀬４丁目,2020-04-17,12,その他の住宅（３階建て以下共同住宅等）,駐車（輪）場,30歳代,その他,施錠した
窃盗,自転車盗,綾瀬,弘道交番,131211,東京都,足立区,青井１丁目,2020-11-17,04,４階建て以上共同住宅,駐車（輪）場,20歳代,その他,施錠した
窃盗,自転車盗,綾瀬,弘道交番,131211,東京都,足立区,青井２丁目,2020-04-28,11,その他の住宅（３階建て以下共同住宅等）,駐車（輪）場,20歳代,その他,施錠した
窃盗,自転車盗,綾瀬,弘道交番,131211,東京都,足立区,青井２丁目,2020-05-13,16,その他の住宅（３階建て以下共同住宅等）,駐車（輪）場,40歳代,その他,施錠した
窃盗,自転車盗,綾瀬,弘道交番,131211,東京都,足立区,青井３丁目,2020-10-25,14,一戸建住宅,駐車（輪）場,30歳代,その他,施錠した
窃盗,自転車盗,綾瀬,弘道交番,131211,東京都,足立区,青井４丁目,2020-02-05,19,駐車（輪）場,駐車（輪）場,10歳代,中学生,施錠した
窃盗,自転車盗,綾瀬,弘道交番,131211,東京都,足立区,青井４丁目,2020-03-19,19,一戸建住宅,その他,50歳代,その他,施錠した
窃盗,自転車盗,綾瀬,弘道交番,131211,東京都,足立区,弘道１丁目,2019-12-08,10,道路上,その他,10歳代,中学生,施錠した
窃盗,自転車盗,綾瀬,弘道交番,131211,東京都,足立区,弘道１丁目,2020-02-21,21,４階建て以上共同住宅,その他,10歳代,高校生,施錠した
窃盗,自転車盗,綾瀬,弘道交番,131211,東京都,足立区,弘道１丁目,2020-07-24,09,４階建て以上共同住宅,駐車（輪）場,10歳代,小学生,施錠した
窃盗,自転車盗,綾瀬,弘道交番,131211,東京都,足立区,弘道１丁目,2020-09-30,19,その他の住宅（３階建て以下共同住宅等）,駐車（輪）場,10歳代,中学生,施錠した
窃盗,自転車盗,綾瀬,弘道交番,131211,東京都,足立区,弘道１丁目,2020-12-12,17,道路上,その他,10歳代,その他,施錠した
窃盗,自転車盗,綾瀬,弘道交番,131211,東京都,足立区,弘道２丁目,2020-02-21,10,４階建て以上共同住宅,駐車（輪）場,20歳代,その他,施錠した
窃盗,自転車盗,綾瀬,弘道交番,131211,東京都,足立区,西綾瀬２丁目,2020-02-22,19,４階建て以上共同住宅,駐車（輪）場,10歳代,高校生,施錠した
窃盗,自転車盗,綾瀬,弘道交番,131211,東京都,足立区,西綾瀬２丁目,2020-02-27,09,４階建て以上共同住宅,駐車（輪）場,30歳代,その他,施錠した
窃盗,自転車盗,綾瀬,中央本町交番,131211,東京都,足立区,中央本町４丁目,2020-01-19,12,４階建て以上共同住宅,駐車（輪）場,10歳代,小学生,施錠した
窃盗,自転車盗,綾瀬,中央本町交番,131211,東京都,足立区,中央本町４丁目,2020-02-06,18,４階建て以上共同住宅,駐車（輪）場,70歳以上,その他,施錠した
窃盗,自転車盗,綾瀬,中央本町交番,131211,東京都,足立区,中央本町４丁目,2020-03-01,17,４階建て以上共同住宅,駐車（輪）場,60-64歳,その他,施錠した
窃盗,自転車盗,綾瀬,中央本町交番,131211,東京都,足立区,中央本町４丁目,2020-03-18,20,４階建て以上共同住宅,駐車（輪）場,40歳代,その他,施錠した
窃盗,自転車盗,綾瀬,中央本町交番,131211,東京都,足立区,中央本町５丁目,2020-03-24,17,道路上,その他,70歳以上,その他,施錠した
窃盗,自転車盗,綾瀬,中央本町交番,131211,東京都,足立区,中央本町５丁目,2020-05-07,19,４階建て以上共同住宅,その他,10歳代,その他,施錠した
窃盗,自転車盗,綾瀬,中央本町交番,131211,東京都,足立区,中央本町５丁目,2020-11-21,06,その他の住宅（３階建て以下共同住宅等）,駐車（輪）場,20歳代,その他,施錠した
窃盗,自転車盗,綾瀬,中央本町交番,131211,東京都,足立区,平野１丁目,2020-09-18,22,その他,駐車（輪）場,20歳代,その他,施錠した
窃盗,自転車盗,綾瀬,中央本町交番,131211,東京都,足立区,平野２丁目,2020-11-27,09,その他,駐車（輪）場,30歳代,その他,施錠した
窃盗,自転車盗,綾瀬,中央本町交番,131211,東京都,足立区,平野２丁目,2020-12-02,09,その他,駐車（輪）場,60-64歳,その他,施錠した
窃盗,自転車盗,綾瀬,中央本町交番,131211,東京都,足立区,平野３丁目,2020-02-28,20,４階建て以上共同住宅,駐車（輪）場,65-69歳,その他,施錠した
窃盗,自転車盗,綾瀬,中央本町交番,131211,東京都,足立区,平野３丁目,2020-03-03,18,一戸建住宅,その他,30歳代,その他,施錠した
窃盗,自転車盗,綾瀬,中央本町交番,131211,東京都,足立区,保塚町,2020-04-10,15,その他,駐車（輪）場,50歳代,その他,施錠した
窃盗,自転車盗,綾瀬,中央本町交番,131211,東京都,足立区,保塚町,2020-09-01,08,その他,駐車（輪）場,30歳代,その他,施錠した
窃盗,自転車盗,綾瀬,神明交番,131211,東京都,足立区,北加平町,2020-01-13,16,一戸建住宅,その他,10歳代,中学生,施錠した
窃盗,自転車盗,綾瀬,神明交番,131211,東京都,足立区,北加平町,2020-08-18,10,その他,駐車（輪）場,20歳代,その他,施錠した
窃盗,自転車盗,綾瀬,神明交番,131211,東京都,足立区,辰沼１丁目,2020-01-09,09,その他の住宅（３階建て以下共同住宅等）,駐車（輪）場,10歳代,小学生,施錠した
窃盗,自転車盗,綾瀬,神明交番,131211,東京都,足立区,辰沼１丁目,2020-01-09,09,その他の住宅（３階建て以下共同住宅等）,駐車（輪）場,10歳代,小学生,施錠した
窃盗,自転車盗,綾瀬,神明交番,131211,東京都,足立区,辰沼１丁目,2020-01-11,15,４階建て以上共同住宅,駐車（輪）場,10歳未満,小学生,施錠した
窃盗,自転車盗,綾瀬,神明交番,131211,東京都,足立区,辰沼１丁目,2020-05-15,21,４階建て以上共同住宅,駐車（輪）場,30歳代,その他,施錠した
窃盗,自転車盗,綾瀬,神明交番,131211,東京都,足立区,辰沼１丁目,2020-10-07,17,４階建て以上共同住宅,駐車（輪）場,65-69歳,その他,施錠した
窃盗,自転車盗,綾瀬,神明交番,131211,東京都,足立区,辰沼１丁目,2020-10-23,21,４階建て以上共同住宅,駐車（輪）場,70歳以上,その他,施錠した
窃盗,自転車盗,綾瀬,神明交番,131211,東京都,足立区,六木３丁目,2020-05-14,23,道路上,その他,10歳代,その他,施錠した
窃盗,自転車盗,綾瀬,神明交番,131211,東京都,足立区,六木３丁目,2020-05-21,23,一戸建住宅,その他,10歳代,小学生,施錠した
窃盗,自転車盗,綾瀬,神明交番,131211,東京都,足立区,六木３丁目,2020-05-28,00,一戸建住宅,その他,50歳代,その他,施錠した
窃盗,自転車盗,綾瀬,一ツ家交番,131211,東京都,足立区,青井５丁目,2020-12-10,21,４階建て以上共同住宅,駐車（輪）場,10歳代,高校生,施錠した
窃盗,自転車盗,綾瀬,一ツ家交番,131211,東京都,足立区,加平２丁目,2020-05-01,02,その他,駐車（輪）場,20歳代,その他,施錠した
窃盗,自転車盗,綾瀬,一ツ家交番,131211,東京都,足立区,加平２丁目,2020-06-05,17,その他の住宅（３階建て以下共同住宅等）,駐車（輪）場,20歳代,大学生,施錠した
窃盗,自転車盗,綾瀬,一ツ家交番,131211,東京都,足立区,一ツ家１丁目,2020-03-02,13,その他の住宅（３階建て以下共同住宅等）,駐車（輪）場,50歳代,その他,施錠した
窃盗,自転車盗,綾瀬,一ツ家交番,131211,東京都,足立区,一ツ家１丁目,2020-03-11,17,４階建て以上共同住宅,駐車（輪）場,50歳代,その他,施錠した
窃盗,自転車盗,綾瀬,一ツ家交番,131211,東京都,足立区,一ツ家２丁目,2020-03-08,20,４階建て以上共同住宅,駐車（輪）場,10歳代,高校生,施錠した
窃盗,自転車盗,綾瀬,一ツ家交番,131211,東京都,足立区,一ツ家２丁目,2020-03-09,22,４階建て以上共同住宅,駐車（輪）場,10歳代,高校生,施錠した
窃盗,自転車盗,綾瀬,一ツ家交番,131211,東京都,足立区,一ツ家２丁目,2020-03-23,20,一戸建住宅,その他,70歳以上,その他,施錠した
窃盗,自転車盗,綾瀬,一ツ家交番,131211,東京都,足立区,一ツ家３丁目,2020-01-13,23,４階建て以上共同住宅,駐車（輪）場,20歳代,その他,施錠した
窃盗,自転車盗,綾瀬,一ツ家交番,131211,東京都,足立区,一ツ家３丁目,2020-02-01,17,その他,駐車（輪）場,20歳代,その他,施錠した
窃盗,自転車盗,綾瀬,一ツ家交番,131211,東京都,足立区,一ツ家３丁目,2020-10-16,17,その他の住宅（３階建て以下共同住宅等）,駐車（輪）場,10歳未満,小学生,施錠した
窃盗,自転車盗,綾瀬,一ツ家交番,131211,東京都,足立区,平野３丁目,2020-10-30,06,４階建て以上共同住宅,駐車（輪）場,30歳代,その他,施錠した
窃盗,自転車盗,綾瀬,一ツ家交番,131211,東京都,足立区,保塚町,2020-06-25,19,駐車（輪）場,駐車（輪）場,20歳代,その他,施錠した
窃盗,自転車盗,綾瀬,一ツ家交番,131211,東京都,足立区,六町３丁目,2019-12-18,17,駐車（輪）場,駐車（輪）場,10歳代,高校生,施錠した
窃盗,自転車盗,綾瀬,一ツ家交番,131211,東京都,足立区,六町３丁目,2020-03-27,08,駐車（輪）場,駐車（輪）場,50歳代,その他,施錠した
窃盗,自転車盗,綾瀬,一ツ家交番,131211,東京都,足立区,六町４丁目,2019-06-21,00,駐車（輪）場,駐車（輪）場,20歳代,その他,施錠した
窃盗,自転車盗,綾瀬,一ツ家交番,131211,東京都,足立区,六町４丁目,2019-12-26,18,道路上,その他,10歳代,高校生,施錠した
窃盗,自転車盗,綾瀬,一ツ家交番,131211,東京都,足立区,六町４丁目,2020-01-02,20,道路上,その他,40歳代,その他,施錠した
窃盗,自転車盗,綾瀬,一ツ家交番,131211,東京都,足立区,六町４丁目,2020-03-31,07,駐車（輪）場,駐車（輪）場,40歳代,その他,施錠した
窃盗,自転車盗,綾瀬,一ツ家交番,131211,東京都,足立区,六町４丁目,2020-05-07,13,駐車（輪）場,駐車（輪）場,20歳代,その他,施錠した
窃盗,自転車盗,綾瀬,一ツ家交番,131211,東京都,足立区,六町４丁目,2020-06-01,06,駐車（輪）場,駐車（輪）場,20歳代,その他,施錠した
窃盗,自転車盗,綾瀬,一ツ家交番,131211,東京都,足立区,六町４丁目,2020-09-27,15,駐車（輪）場,駐車（輪）場,10歳代,高校生,施錠した
窃盗,自転車盗,綾瀬,一ツ家交番,131211,東京都,足立区,六町４丁目,2020-11-05,07,駐車（輪）場,駐車（輪）場,50歳代,その他,施錠した
窃盗,自転車盗,綾瀬,一ツ家交番,131211,東京都,足立区,六町４丁目,2020-11-08,22,道路上,その他,50歳代,その他,施錠した
窃盗,自転車盗,綾瀬,一ツ家交番,131211,東京都,足立区,六町４丁目,2020-11-22,14,駐車（輪）場,駐車（輪）場,10歳代,高校生,施錠した
窃盗,自転車盗,綾瀬,足立駐在所,131211,東京都,足立区,足立２丁目,2020-08-28,19,その他,駐車（輪）場,20歳代,その他,施錠した
窃盗,自転車盗,綾瀬,足立駐在所,131211,東京都,足立区,足立３丁目,2020-08-02,17,４階建て以上共同住宅,その他,40歳代,その他,施錠した
窃盗,自転車盗,綾瀬,足立駐在所,131211,東京都,足立区,足立３丁目,2020-11-02,15,４階建て以上共同住宅,駐車（輪）場,20歳代,大学生,施錠した
窃盗,自転車盗,綾瀬,東和交番,131211,東京都,足立区,東和１丁目,2020-03-04,15,その他の住宅（３階建て以下共同住宅等）,駐車（輪）場,40歳代,その他,施錠した
窃盗,自転車盗,綾瀬,東和交番,131211,東京都,足立区,東和１丁目,2020-09-05,05,４階建て以上共同住宅,駐車（輪）場,50歳代,その他,施錠した
窃盗,自転車盗,綾瀬,東和交番,131211,東京都,足立区,東和２丁目,2020-01-02,22,一戸建住宅,その他,10歳代,高校生,施錠した
窃盗,自転車盗,綾瀬,東和交番,131211,東京都,足立区,東和２丁目,2020-02-01,09,その他,その他,65-69歳,その他,施錠した
窃盗,自転車盗,綾瀬,東和交番,131211,東京都,足立区,東和２丁目,2020-07-09,16,その他,駐車（輪）場,10歳代,高校生,施錠した
窃盗,自転車盗,綾瀬,東和交番,131211,東京都,足立区,東和３丁目,2020-04-30,03,その他の住宅（３階建て以下共同住宅等）,駐車（輪）場,40歳代,その他,施錠した
窃盗,自転車盗,綾瀬,東和交番,131211,東京都,足立区,東和４丁目,2019-10-15,19,その他の住宅（３階建て以下共同住宅等）,駐車（輪）場,30歳代,その他,施錠した
窃盗,自転車盗,綾瀬,東和交番,131211,東京都,足立区,東和４丁目,2020-04-28,21,４階建て以上共同住宅,駐車（輪）場,65-69歳,その他,施錠した
窃盗,自転車盗,綾瀬,東和交番,131211,東京都,足立区,東和５丁目,2020-03-26,15,その他,駐車（輪）場,30歳代,その他,施錠した
窃盗,自転車盗,綾瀬,足立四丁目交番,131211,東京都,足立区,足立１丁目,2020-03-23,12,道路上,その他,40歳代,その他,施錠した
窃盗,自転車盗,綾瀬,足立四丁目交番,131211,東京都,足立区,足立１丁目,2020-07-29,08,４階建て以上共同住宅,その他,40歳代,その他,施錠した
窃盗,自転車盗,綾瀬,足立四丁目交番,131211,東京都,足立区,足立１丁目,2020-08-08,18,その他の住宅（３階建て以下共同住宅等）,駐車（輪）場,70歳以上,その他,施錠した
窃盗,自転車盗,綾瀬,足立四丁目交番,131211,東京都,足立区,足立１丁目,2020-08-25,07,その他の住宅（３階建て以下共同住宅等）,その他,20歳代,その他,施錠した
窃盗,自転車盗,綾瀬,足立四丁目交番,131211,東京都,足立区,足立４丁目,2020-02-15,21,その他の住宅（３階建て以下共同住宅等）,駐車（輪）場,30歳代,その他,施錠した
窃盗,自転車盗,綾瀬,足立四丁目交番,131211,東京都,足立区,足立４丁目,2020-03-01,21,一戸建住宅,その他,40歳代,その他,施錠した
窃盗,自転車盗,綾瀬,足立四丁目交番,131211,東京都,足立区,足立４丁目,2020-10-23,18,その他の住宅（３階建て以下共同住宅等）,駐車（輪）場,50歳代,その他,施錠した
窃盗,自転車盗,綾瀬,足立四丁目交番,131211,東京都,足立区,足立４丁目,2020-12-07,02,一戸建住宅,その他,20歳代,大学生,施錠した
窃盗,自転車盗,綾瀬,足立四丁目交番,131211,東京都,足立区,足立４丁目,2020-12-09,23,４階建て以上共同住宅,駐車（輪）場,50歳代,その他,施錠した
窃盗,自転車盗,綾瀬,足立四丁目交番,131211,東京都,足立区,弘道１丁目,2020-04-27,16,４階建て以上共同住宅,駐車（輪）場,10歳代,その他,施錠した
窃盗,自転車盗,綾瀬,足立四丁目交番,131211,東京都,足立区,弘道１丁目,2020-09-25,09,その他の住宅（３階建て以下共同住宅等）,駐車（輪）場,30歳代,その他,施錠した
窃盗,自転車盗,綾瀬,足立四丁目交番,131211,東京都,足立区,弘道２丁目,2020-04-23,17,４階建て以上共同住宅,駐車（輪）場,50歳代,その他,施錠した
窃盗,自転車盗,綾瀬,足立四丁目交番,131211,東京都,足立区,中央本町１丁目,2020-09-24,08,その他の住宅（３階建て以下共同住宅等）,駐車（輪）場,30歳代,その他,施錠した
窃盗,自転車盗,綾瀬,足立四丁目交番,131211,東京都,足立区,中央本町１丁目,2020-09-24,17,その他,駐車（輪）場,10歳代,高校生,施錠した
窃盗,自転車盗,綾瀬,足立四丁目交番,131211,東京都,足立区,中央本町２丁目,2020-02-17,08,駐車（輪）場,駐車（輪）場,40歳代,その他,施錠した
窃盗,自転車盗,綾瀬,足立四丁目交番,131211,東京都,足立区,中央本町２丁目,2020-09-20,17,道路上,その他,10歳代,中学生,施錠した
窃盗,自転車盗,綾瀬,足立四丁目交番,131211,東京都,足立区,西綾瀬２丁目,2020-07-01,18,その他,駐車（輪）場,40歳代,その他,施錠した
窃盗,自転車盗,綾瀬,綾瀬駅東口交番,131211,東京都,足立区,綾瀬２丁目,2019-12-30,21,その他の住宅（３階建て以下共同住宅等）,その他,20歳代,その他,施錠した
窃盗,自転車盗,綾瀬,綾瀬駅東口交番,131211,東京都,足立区,綾瀬２丁目,2020-01-10,09,道路上,その他,20歳代,その他,施錠した
窃盗,自転車盗,綾瀬,綾瀬駅東口交番,131211,東京都,足立区,綾瀬２丁目,2020-02-22,09,一戸建住宅,駐車（輪）場,60-64歳,その他,施錠した
窃盗,自転車盗,綾瀬,綾瀬駅東口交番,131211,東京都,足立区,綾瀬２丁目,2020-02-22,10,その他の住宅（３階建て以下共同住宅等）,駐車（輪）場,40歳代,その他,施錠した
窃盗,自転車盗,綾瀬,綾瀬駅東口交番,131211,東京都,足立区,綾瀬２丁目,2020-06-05,19,その他,駐車（輪）場,65-69歳,その他,施錠した
窃盗,自転車盗,綾瀬,綾瀬駅東口交番,131211,東京都,足立区,綾瀬２丁目,2020-07-24,12,その他,その他,10歳代,高校生,施錠した
窃盗,自転車盗,綾瀬,綾瀬駅東口交番,131211,東京都,足立区,綾瀬２丁目,2020-08-13,16,駐車（輪）場,駐車（輪）場,20歳代,その他,施錠した
窃盗,自転車盗,綾瀬,綾瀬駅東口交番,131211,東京都,足立区,綾瀬２丁目,2020-08-22,22,その他の住宅（３階建て以下共同住宅等）,駐車（輪）場,30歳代,その他,施錠した
窃盗,自転車盗,綾瀬,綾瀬駅東口交番,131211,東京都,足立区,綾瀬３丁目,2019-12-30,12,４階建て以上共同住宅,その他,10歳代,高校生,施錠した
窃盗,自転車盗,綾瀬,綾瀬駅東口交番,131211,東京都,足立区,綾瀬３丁目,2019-12-30,14,駐車（輪）場,駐車（輪）場,30歳代,その他,施錠した
窃盗,自転車盗,綾瀬,綾瀬駅東口交番,131211,東京都,足立区,綾瀬３丁目,2020-02-15,22,その他,駐車（輪）場,50歳代,その他,施錠した
窃盗,自転車盗,綾瀬,綾瀬駅東口交番,131211,東京都,足立区,綾瀬３丁目,2020-02-16,18,４階建て以上共同住宅,駐車（輪）場,20歳代,その他,施錠した
窃盗,自転車盗,綾瀬,綾瀬駅東口交番,131211,東京都,足立区,綾瀬３丁目,2020-04-23,08,駐車（輪）場,駐車（輪）場,20歳代,その他,施錠した
窃盗,自転車盗,綾瀬,綾瀬駅東口交番,131211,東京都,足立区,綾瀬３丁目,2020-07-05,14,４階建て以上共同住宅,駐車（輪）場,30歳代,その他,施錠した
窃盗,自転車盗,綾瀬,綾瀬駅東口交番,131211,東京都,足立区,綾瀬３丁目,2020-07-27,08,その他,駐車（輪）場,60-64歳,その他,施錠した
窃盗,自転車盗,綾瀬,綾瀬駅東口交番,131211,東京都,足立区,綾瀬３丁目,2020-09-26,04,駐車（輪）場,駐車（輪）場,20歳代,その他,施錠した
窃盗,自転車盗,綾瀬,綾瀬駅東口交番,131211,東京都,足立区,綾瀬３丁目,2020-10-06,19,道路上,その他,30歳代,その他,施錠した
窃盗,自転車盗,綾瀬,綾瀬駅東口交番,131211,東京都,足立区,綾瀬３丁目,2020-10-26,15,道路上,その他,50歳代,その他,施錠した
窃盗,自転車盗,綾瀬,綾瀬駅東口交番,131211,東京都,足立区,綾瀬３丁目,2020-11-22,08,駐車（輪）場,駐車（輪）場,50歳代,その他,施錠した
窃盗,自転車盗,綾瀬,綾瀬駅東口交番,131211,東京都,足立区,綾瀬５丁目,2020-08-14,19,駐車（輪）場,駐車（輪）場,40歳代,その他,施錠した
窃盗,自転車盗,綾瀬,綾瀬駅東口交番,131211,東京都,足立区,綾瀬５丁目,2020-10-21,22,その他の住宅（３階建て以下共同住宅等）,駐車（輪）場,20歳代,その他,施錠した
窃盗,自転車盗,綾瀬,綾瀬駅東口交番,131211,東京都,足立区,佐野２丁目,2020-01-16,15,４階建て以上共同住宅,駐車（輪）場,20歳代,その他,施錠した
窃盗,自転車盗,綾瀬,綾瀬駅東口交番,131211,東京都,足立区,東綾瀬１丁目,2020-01-16,18,一戸建住宅,その他,60-64歳,その他,施錠した
窃盗,自転車盗,綾瀬,綾瀬駅東口交番,131211,東京都,足立区,東綾瀬１丁目,2020-06-26,03,駐車（輪）場,駐車（輪）場,40歳代,その他,施錠した
窃盗,自転車盗,綾瀬,綾瀬駅東口交番,131211,東京都,足立区,東綾瀬１丁目,2020-08-01,20,その他の住宅（３階建て以下共同住宅等）,駐車（輪）場,20歳代,その他,施錠した
窃盗,自転車盗,竹の塚,花畑北駐在所,131211,東京都,足立区,花畑５丁目,2020-08-22,18,４階建て以上共同住宅,駐車（輪）場,10歳代,その他,施錠した
窃盗,自転車盗,竹の塚,花畑北駐在所,131211,東京都,足立区,花畑８丁目,2020-01-05,18,４階建て以上共同住宅,駐車（輪）場,10歳代,高校生,施錠した
窃盗,自転車盗,竹の塚,花畑北駐在所,131211,東京都,足立区,花畑８丁目,2020-09-10,18,４階建て以上共同住宅,駐車（輪）場,10歳代,中学生,施錠した
窃盗,自転車盗,竹の塚,花畑交番,131211,東京都,足立区,花畑２丁目,2020-08-08,15,４階建て以上共同住宅,駐車（輪）場,20歳代,大学生,施錠した
窃盗,自転車盗,竹の塚,花畑交番,131211,東京都,足立区,花畑３丁目,2020-07-17,18,その他の住宅（３階建て以下共同住宅等）,駐車（輪）場,40歳代,その他,施錠した
窃盗,自転車盗,竹の塚,花畑交番,131211,東京都,足立区,花畑５丁目,2020-09-26,18,４階建て以上共同住宅,駐車（輪）場,10歳代,中学生,施錠した
窃盗,自転車盗,竹の塚,花畑交番,131211,東京都,足立区,花畑６丁目,2020-06-12,07,その他,駐車（輪）場,50歳代,その他,施錠した
窃盗,自転車盗,竹の塚,花畑交番,131211,東京都,足立区,花畑８丁目,2020-09-29,21,４階建て以上共同住宅,駐車（輪）場,10歳代,小学生,施錠した
窃盗,自転車盗,竹の塚,花畑交番,131211,東京都,足立区,南花畑１丁目,2020-02-17,15,駐車（輪）場,駐車（輪）場,20歳代,その他,施錠した
窃盗,自転車盗,竹の塚,花畑交番,131211,東京都,足立区,南花畑４丁目,2020-03-09,02,一戸建住宅,駐車（輪）場,20歳代,高校生,施錠した
窃盗,自転車盗,竹の塚,花畑交番,131211,東京都,足立区,南花畑４丁目,2020-11-04,00,道路上,その他,20歳代,その他,施錠した
窃盗,自転車盗,竹の塚,花畑交番,131211,東京都,足立区,南花畑５丁目,2020-05-20,18,４階建て以上共同住宅,駐車（輪）場,70歳以上,その他,施錠した
窃盗,自転車盗,竹の塚,保木間交番,131211,東京都,足立区,東保木間１丁目,2019-12-29,13,４階建て以上共同住宅,駐車（輪）場,20歳代,その他,施錠した
窃盗,自転車盗,竹の塚,保木間交番,131211,東京都,足立区,東保木間２丁目,2020-09-16,18,その他,駐車（輪）場,10歳代,中学生,施錠した
窃盗,自転車盗,竹の塚,保木間交番,131211,東京都,足立区,保木間１丁目,2020-01-26,22,４階建て以上共同住宅,駐車（輪）場,10歳代,高校生,施錠した
窃盗,自転車盗,竹の塚,保木間交番,131211,東京都,足立区,保木間１丁目,2020-04-28,19,４階建て以上共同住宅,駐車（輪）場,50歳代,その他,施錠した
窃盗,自転車盗,竹の塚,保木間交番,131211,東京都,足立区,保木間１丁目,2020-07-26,16,４階建て以上共同住宅,駐車（輪）場,40歳代,その他,施錠した
窃盗,自転車盗,竹の塚,保木間交番,131211,東京都,足立区,保木間２丁目,2020-01-01,21,４階建て以上共同住宅,駐車（輪）場,20歳代,その他,施錠した
窃盗,自転車盗,竹の塚,保木間交番,131211,東京都,足立区,保木間２丁目,2020-03-26,19,一戸建住宅,その他,20歳代,その他,施錠した
窃盗,自転車盗,竹の塚,保木間交番,131211,東京都,足立区,保木間２丁目,2020-03-27,22,その他,駐車（輪）場,20歳代,その他,施錠した
窃盗,自転車盗,竹の塚,保木間交番,131211,東京都,足立区,保木間２丁目,2020-04-27,16,道路上,その他,10歳代,大学生,施錠した
窃盗,自転車盗,竹の塚,保木間交番,131211,東京都,足立区,保木間２丁目,2020-05-10,21,４階建て以上共同住宅,駐車（輪）場,30歳代,その他,施錠した
窃盗,自転車盗,竹の塚,保木間交番,131211,東京都,足立区,保木間２丁目,2020-07-03,16,４階建て以上共同住宅,駐車（輪）場,20歳代,その他,施錠した
窃盗,自転車盗,竹の塚,保木間交番,131211,東京都,足立区,保木間３丁目,2020-08-15,06,４階建て以上共同住宅,駐車（輪）場,40歳代,その他,施錠した
窃盗,自転車盗,竹の塚,保木間交番,131211,東京都,足立区,保木間５丁目,2020-08-26,02,その他の住宅（３階建て以下共同住宅等）,駐車（輪）場,30歳代,その他,施錠した
窃盗,自転車盗,竹の塚,保木間交番,131211,東京都,足立区,保木間５丁目,2020-09-23,12,４階建て以上共同住宅,駐車（輪）場,60-64歳,その他,施錠した
窃盗,自転車盗,竹の塚,西保木間交番,131211,東京都,足立区,西保木間１丁目,2020-10-27,18,その他,駐車（輪）場,20歳代,その他,施錠した
窃盗,自転車盗,竹の塚,西保木間交番,131211,東京都,足立区,西保木間３丁目,2018-09-15,00,４階建て以上共同住宅,駐車（輪）場,50歳代,その他,施錠した
窃盗,自転車盗,竹の塚,西保木間交番,131211,東京都,足立区,西保木間３丁目,2020-06-18,14,４階建て以上共同住宅,駐車（輪）場,10歳代,高校生,施錠した
窃盗,自転車盗,竹の塚,西保木間交番,131211,東京都,足立区,花畑５丁目,2019-08-01,不明,駐車（輪）場,駐車（輪）場,30歳代,その他,施錠した
窃盗,自転車盗,竹の塚,西保木間交番,131211,東京都,足立区,保木間２丁目,2020-10-31,23,一戸建住宅,駐車（輪）場,10歳代,その他,施錠した
窃盗,自転車盗,竹の塚,西保木間交番,131211,東京都,足立区,保木間４丁目,2020-10-13,23,その他の住宅（３階建て以下共同住宅等）,駐車（輪）場,20歳代,その他,施錠した
窃盗,自転車盗,竹の塚,西保木間交番,131211,東京都,足立区,保木間５丁目,2020-02-21,不明,４階建て以上共同住宅,駐車（輪）場,20歳代,大学生,施錠した
窃盗,自転車盗,竹の塚,西保木間交番,131211,東京都,足立区,保木間５丁目,2020-03-24,21,４階建て以上共同住宅,駐車（輪）場,10歳代,高校生,施錠した
窃盗,自転車盗,竹の塚,竹の塚駅前交番,131211,東京都,足立区,竹の塚１丁目,2020-02-09,01,駐車（輪）場,駐車（輪）場,40歳代,その他,施錠した
窃盗,自転車盗,竹の塚,竹の塚駅前交番,131211,東京都,足立区,竹の塚１丁目,2020-02-29,15,その他,駐車（輪）場,50歳代,その他,施錠した
窃盗,自転車盗,竹の塚,竹の塚駅前交番,131211,東京都,足立区,竹の塚１丁目,2020-04-09,13,４階建て以上共同住宅,駐車（輪）場,10歳代,大学生,施錠した
窃盗,自転車盗,竹の塚,竹の塚駅前交番,131211,東京都,足立区,竹の塚１丁目,2020-08-05,09,４階建て以上共同住宅,駐車（輪）場,30歳代,その他,施錠した
窃盗,自転車盗,竹の塚,竹の塚駅前交番,131211,東京都,足立区,竹の塚１丁目,2020-08-06,12,４階建て以上共同住宅,駐車（輪）場,10歳代,小学生,施錠した
窃盗,自転車盗,竹の塚,竹の塚駅前交番,131211,東京都,足立区,竹の塚１丁目,2020-08-07,18,４階建て以上共同住宅,駐車（輪）場,70歳以上,その他,施錠した
窃盗,自転車盗,竹の塚,竹の塚駅前交番,131211,東京都,足立区,竹の塚１丁目,2020-09-08,13,道路上,その他,30歳代,その他,施錠した
窃盗,自転車盗,竹の塚,竹の塚駅前交番,131211,東京都,足立区,竹の塚１丁目,2020-10-07,10,その他,駐車（輪）場,50歳代,その他,施錠した
窃盗,自転車盗,竹の塚,竹の塚駅前交番,131211,東京都,足立区,竹の塚２丁目,2020-01-12,07,道路上,その他,20歳代,その他,施錠した
窃盗,自転車盗,竹の塚,竹の塚駅前交番,131211,東京都,足立区,竹の塚３丁目,2020-02-22,12,一戸建住宅,駐車（輪）場,40歳代,その他,施錠した
窃盗,自転車盗,竹の塚,竹の塚駅前交番,131211,東京都,足立区,竹の塚３丁目,2020-06-06,10,４階建て以上共同住宅,駐車（輪）場,20歳代,大学生,施錠した
窃盗,自転車盗,竹の塚,竹の塚駅前交番,131211,東京都,足立区,竹の塚３丁目,2020-08-23,15,４階建て以上共同住宅,駐車（輪）場,30歳代,その他,施錠した
窃盗,自転車盗,竹の塚,竹の塚駅前交番,131211,東京都,足立区,竹の塚３丁目,2020-09-19,11,その他の住宅（３階建て以下共同住宅等）,駐車（輪）場,20歳代,その他,施錠した
窃盗,自転車盗,竹の塚,竹の塚駅前交番,131211,東京都,足立区,竹の塚４丁目,2019-09-01,00,その他,駐車（輪）場,50歳代,その他,施錠した
窃盗,自転車盗,竹の塚,竹の塚駅前交番,131211,東京都,足立区,竹の塚４丁目,2020-01-30,16,４階建て以上共同住宅,駐車（輪）場,70歳以上,その他,施錠した
窃盗,自転車盗,竹の塚,竹の塚駅前交番,131211,東京都,足立区,竹の塚４丁目,2020-03-30,18,４階建て以上共同住宅,駐車（輪）場,65-69歳,その他,施錠した
窃盗,自転車盗,竹の塚,竹の塚駅前交番,131211,東京都,足立区,竹の塚５丁目,2020-08-15,22,道路上,その他,30歳代,その他,施錠した
窃盗,自転車盗,竹の塚,竹の塚駅前交番,131211,東京都,足立区,竹の塚６丁目,2019-05-26,04,駐車（輪）場,駐車（輪）場,10歳代,中学生,施錠した
窃盗,自転車盗,竹の塚,竹の塚駅前交番,131211,東京都,足立区,竹の塚６丁目,2019-07-25,17,その他,その他,10歳代,大学生,施錠した
窃盗,自転車盗,竹の塚,竹の塚駅前交番,131211,東京都,足立区,竹の塚６丁目,2020-02-10,19,その他,駐車（輪）場,50歳代,その他,施錠した
窃盗,自転車盗,竹の塚,竹の塚駅前交番,131211,東京都,足立区,竹の塚６丁目,2020-06-15,12,道路上,その他,70歳以上,その他,施錠した
窃盗,自転車盗,竹の塚,竹の塚駅前交番,131211,東京都,足立区,竹の塚６丁目,2020-07-18,07,駐車（輪）場,駐車（輪）場,40歳代,その他,施錠した
窃盗,自転車盗,竹の塚,竹の塚駅前交番,131211,東京都,足立区,竹の塚６丁目,2020-07-31,21,駐車（輪）場,駐車（輪）場,20歳代,その他,施錠した
窃盗,自転車盗,竹の塚,竹の塚駅前交番,131211,東京都,足立区,竹の塚６丁目,2020-09-18,05,道路上,その他,20歳代,その他,施錠した
窃盗,自転車盗,竹の塚,竹の塚駅前交番,131211,東京都,足立区,竹の塚６丁目,2020-10-08,17,駐車（輪）場,駐車（輪）場,30歳代,その他,施錠した
窃盗,自転車盗,竹の塚,竹の塚駅前交番,131211,東京都,足立区,西竹の塚２丁目,2020-08-18,13,駐車（輪）場,駐車（輪）場,20歳代,その他,施錠した
窃盗,自転車盗,竹の塚,伊興町交番,131211,東京都,足立区,竹の塚６丁目,2020-06-11,22,その他,駐車（輪）場,10歳代,その他,施錠した
窃盗,自転車盗,竹の塚,伊興町交番,131211,東京都,足立区,伊興１丁目,2019-12-19,21,４階建て以上共同住宅,駐車（輪）場,30歳代,その他,施錠した
窃盗,自転車盗,竹の塚,伊興町交番,131211,東京都,足立区,伊興１丁目,2020-02-28,19,道路上,その他,20歳代,その他,施錠した
窃盗,自転車盗,竹の塚,伊興町交番,131211,東京都,足立区,伊興１丁目,2020-11-21,08,道路上,その他,10歳代,中学生,施錠した
窃盗,自転車盗,竹の塚,伊興町交番,131211,東京都,足立区,西竹の塚１丁目,2020-01-24,06,その他の住宅（３階建て以下共同住宅等）,駐車（輪）場,20歳代,その他,施錠した
窃盗,自転車盗,竹の塚,伊興町交番,131211,東京都,足立区,西竹の塚１丁目,2020-03-30,07,駐車（輪）場,駐車（輪）場,50歳代,その他,施錠した
窃盗,自転車盗,竹の塚,伊興町交番,131211,東京都,足立区,西竹の塚２丁目,2020-01-09,20,その他の住宅（３階建て以下共同住宅等）,駐車（輪）場,40歳代,その他,施錠した
窃盗,自転車盗,竹の塚,伊興町交番,131211,東京都,足立区,西竹の塚２丁目,2020-01-14,07,駐車（輪）場,駐車（輪）場,50歳代,その他,施錠した
窃盗,自転車盗,竹の塚,伊興町交番,131211,東京都,足立区,西竹の塚２丁目,2020-03-17,05,駐車（輪）場,駐車（輪）場,30歳代,その他,施錠した
窃盗,自転車盗,竹の塚,伊興町交番,131211,東京都,足立区,西竹の塚２丁目,2020-03-24,18,駐車（輪）場,駐車（輪）場,30歳代,その他,施錠した
窃盗,自転車盗,竹の塚,伊興町交番,131211,東京都,足立区,西竹の塚２丁目,2020-10-15,09,駐車（輪）場,駐車（輪）場,40歳代,その他,施錠した
窃盗,自転車盗,竹の塚,伊興町交番,131211,東京都,足立区,伊興本町１丁目,2020-03-07,08,その他,駐車（輪）場,10歳代,その他,施錠した
窃盗,自転車盗,竹の塚,伊興町交番,131211,東京都,足立区,伊興本町１丁目,2020-03-11,19,その他の住宅（３階建て以下共同住宅等）,駐車（輪）場,30歳代,その他,施錠した
窃盗,自転車盗,竹の塚,入谷町交番,131211,東京都,足立区,入谷１丁目,2019-12-25,17,４階建て以上共同住宅,駐車（輪）場,30歳代,その他,施錠した
窃盗,自転車盗,竹の塚,入谷町交番,131211,東京都,足立区,入谷１丁目,2020-01-14,21,４階建て以上共同住宅,駐車（輪）場,10歳代,中学生,施錠した
窃盗,自転車盗,竹の塚,入谷町交番,131211,東京都,足立区,入谷１丁目,2020-05-13,10,その他,駐車（輪）場,70歳以上,その他,施錠した
窃盗,自転車盗,竹の塚,入谷町交番,131211,東京都,足立区,入谷１丁目,2020-09-04,13,その他,駐車（輪）場,10歳代,高校生,施錠した
窃盗,自転車盗,竹の塚,入谷町交番,131211,東京都,足立区,入谷８丁目,2020-11-23,08,４階建て以上共同住宅,駐車（輪）場,60-64歳,その他,施錠した
窃盗,自転車盗,竹の塚,入谷町交番,131211,東京都,足立区,西竹の塚１丁目,2020-08-22,19,道路上,その他,20歳代,その他,施錠した
窃盗,自転車盗,竹の塚,見沼代親水公園駅前交番,131211,東京都,足立区,舎人１丁目,2020-07-28,14,その他の住宅（３階建て以下共同住宅等）,その他,10歳代,その他,施錠した
窃盗,自転車盗,竹の塚,見沼代親水公園駅前交番,131211,東京都,足立区,舎人２丁目,2020-01-12,20,その他の住宅（３階建て以下共同住宅等）,駐車（輪）場,30歳代,その他,施錠した
窃盗,自転車盗,竹の塚,見沼代親水公園駅前交番,131211,東京都,足立区,舎人２丁目,2020-09-18,08,駐車（輪）場,駐車（輪）場,30歳代,その他,施錠した
窃盗,自転車盗,竹の塚,見沼代親水公園駅前交番,131211,東京都,足立区,舎人４丁目,2020-01-01,08,一戸建住宅,その他,10歳代,高校生,施錠した
窃盗,自転車盗,竹の塚,見沼代親水公園駅前交番,131211,東京都,足立区,舎人５丁目,2020-01-09,18,４階建て以上共同住宅,駐車（輪）場,10歳代,中学生,施錠した
窃盗,自転車盗,竹の塚,見沼代親水公園駅前交番,131211,東京都,足立区,舎人５丁目,2020-02-29,21,その他の住宅（３階建て以下共同住宅等）,駐車（輪）場,10歳代,中学生,施錠した
窃盗,自転車盗,竹の塚,見沼代親水公園駅前交番,131211,東京都,足立区,舎人６丁目,2020-08-07,12,４階建て以上共同住宅,駐車（輪）場,20歳代,その他,施錠した
窃盗,自転車盗,竹の塚,見沼代親水公園駅前交番,131211,東京都,足立区,舎人６丁目,2020-10-13,19,４階建て以上共同住宅,駐車（輪）場,10歳代,中学生,施錠した
窃盗,自転車盗,竹の塚,見沼代親水公園駅前交番,131211,東京都,足立区,古千谷本町１丁目,2020-08-30,08,その他,駐車（輪）場,40歳代,その他,施錠した
窃盗,自転車盗,竹の塚,見沼代親水公園駅前交番,131211,東京都,足立区,古千谷本町２丁目,2020-08-26,19,その他の住宅（３階建て以下共同住宅等）,駐車（輪）場,10歳代,高校生,施錠した
窃盗,自転車盗,竹の塚,古千谷駐在所,131211,東京都,足立区,西伊興１丁目,2020-05-01,12,その他の住宅（３階建て以下共同住宅等）,駐車（輪）場,法人・団体、被害者なし,法人・団体、被害者なし,施錠した
窃盗,自転車盗,竹の塚,古千谷駐在所,131211,東京都,足立区,西伊興３丁目,2020-02-28,11,一戸建住宅,駐車（輪）場,70歳以上,その他,施錠した
窃盗,自転車盗,城東,進開橋交番,131083,東京都,江東区,大島１丁目,2019-12-26,18,４階建て以上共同住宅,駐車（輪）場,40歳代,その他,施錠した
窃盗,自転車盗,城東,進開橋交番,131083,東京都,江東区,大島１丁目,2020-02-05,21,道路上,その他,70歳以上,その他,施錠した
窃盗,自転車盗,城東,進開橋交番,131083,東京都,江東区,大島１丁目,2020-02-17,17,駐車（輪）場,駐車（輪）場,30歳代,その他,施錠した
窃盗,自転車盗,城東,進開橋交番,131083,東京都,江東区,大島１丁目,2020-08-08,12,４階建て以上共同住宅,駐車（輪）場,40歳代,その他,施錠した
窃盗,自転車盗,城東,進開橋交番,131083,東京都,江東区,大島２丁目,2019-12-26,17,一戸建住宅,駐車（輪）場,10歳代,高校生,施錠した
窃盗,自転車盗,城東,進開橋交番,131083,東京都,江東区,大島２丁目,2020-02-10,20,道路上,その他,50歳代,その他,施錠した
窃盗,自転車盗,城東,進開橋交番,131083,東京都,江東区,大島２丁目,2020-04-04,15,４階建て以上共同住宅,駐車（輪）場,10歳代,その他,施錠した
窃盗,自転車盗,城東,進開橋交番,131083,東京都,江東区,大島２丁目,2020-06-20,22,その他の住宅（３階建て以下共同住宅等）,駐車（輪）場,20歳代,その他,施錠した
窃盗,自転車盗,城東,進開橋交番,131083,東京都,江東区,大島３丁目,2019-12-23,15,道路上,その他,50歳代,その他,施錠した
窃盗,自転車盗,城東,進開橋交番,131083,東京都,江東区,大島３丁目,2020-05-10,17,一戸建住宅,その他,40歳代,その他,施錠した
窃盗,自転車盗,城東,進開橋交番,131083,東京都,江東区,大島４丁目,2019-10-31,14,４階建て以上共同住宅,駐車（輪）場,70歳以上,その他,施錠した
窃盗,自転車盗,城東,進開橋交番,131083,東京都,江東区,大島４丁目,2019-12-23,14,道路上,その他,70歳以上,その他,施錠した
窃盗,自転車盗,城東,進開橋交番,131083,東京都,江東区,大島４丁目,2020-01-16,22,駐車（輪）場,駐車（輪）場,20歳代,大学生,施錠した
窃盗,自転車盗,城東,進開橋交番,131083,東京都,江東区,大島４丁目,2020-01-22,18,４階建て以上共同住宅,駐車（輪）場,20歳代,その他,施錠した
窃盗,自転車盗,城東,進開橋交番,131083,東京都,江東区,大島４丁目,2020-03-23,09,４階建て以上共同住宅,駐車（輪）場,30歳代,その他,施錠した
窃盗,自転車盗,城東,進開橋交番,131083,東京都,江東区,大島４丁目,2020-04-02,06,その他,駐車（輪）場,40歳代,その他,施錠した
窃盗,自転車盗,城東,進開橋交番,131083,東京都,江東区,大島４丁目,2020-04-22,17,道路上,その他,40歳代,その他,施錠した
窃盗,自転車盗,城東,進開橋交番,131083,東京都,江東区,大島４丁目,2020-11-14,13,４階建て以上共同住宅,駐車（輪）場,30歳代,その他,施錠した
窃盗,自転車盗,城東,進開橋交番,131083,東京都,江東区,亀戸１丁目,2020-09-23,22,道路上,その他,20歳代,その他,施錠した
窃盗,自転車盗,城東,進開橋交番,131083,東京都,江東区,北砂５丁目,2020-09-24,18,４階建て以上共同住宅,駐車（輪）場,40歳代,その他,施錠した
窃盗,自転車盗,城東,進開橋交番,131083,東京都,江東区,南砂１丁目,2020-09-03,19,４階建て以上共同住宅,駐車（輪）場,40歳代,その他,施錠した
窃盗,自転車盗,城東,日曹橋交番,131083,東京都,江東区,南砂２丁目,2020-01-13,00,道路上,その他,30歳代,その他,施錠した
窃盗,自転車盗,城東,日曹橋交番,131083,東京都,江東区,南砂２丁目,2020-02-07,08,その他,駐車（輪）場,40歳代,その他,施錠した
窃盗,自転車盗,城東,日曹橋交番,131083,東京都,江東区,南砂２丁目,2020-02-27,19,４階建て以上共同住宅,駐車（輪）場,30歳代,その他,施錠した
窃盗,自転車盗,城東,日曹橋交番,131083,東京都,江東区,南砂２丁目,2020-03-01,17,４階建て以上共同住宅,駐車（輪）場,40歳代,その他,施錠した
窃盗,自転車盗,城東,日曹橋交番,131083,東京都,江東区,南砂２丁目,2020-03-26,21,４階建て以上共同住宅,駐車（輪）場,10歳代,中学生,施錠した
窃盗,自転車盗,城東,日曹橋交番,131083,東京都,江東区,南砂２丁目,2020-05-15,17,４階建て以上共同住宅,駐車（輪）場,30歳代,その他,施錠した
窃盗,自転車盗,城東,日曹橋交番,131083,東京都,江東区,南砂２丁目,2020-05-25,08,その他,駐車（輪）場,30歳代,その他,施錠した
窃盗,自転車盗,城東,日曹橋交番,131083,東京都,江東区,南砂２丁目,2020-06-20,17,４階建て以上共同住宅,駐車（輪）場,10歳代,小学生,施錠した
窃盗,自転車盗,城東,日曹橋交番,131083,東京都,江東区,南砂２丁目,2020-09-21,00,４階建て以上共同住宅,駐車（輪）場,40歳代,その他,施錠した
窃盗,自転車盗,城東,日曹橋交番,131083,東京都,江東区,南砂２丁目,2020-09-27,15,４階建て以上共同住宅,駐車（輪）場,60-64歳,その他,施錠した
窃盗,自転車盗,城東,日曹橋交番,131083,東京都,江東区,南砂２丁目,2020-12-11,14,４階建て以上共同住宅,駐車（輪）場,70歳以上,その他,施錠した
窃盗,自転車盗,城東,日曹橋交番,131083,東京都,江東区,南砂３丁目,2020-01-01,11,駐車（輪）場,駐車（輪）場,40歳代,その他,施錠した
窃盗,自転車盗,城東,日曹橋交番,131083,東京都,江東区,南砂３丁目,2020-02-15,17,その他,その他,10歳代,中学生,施錠した
窃盗,自転車盗,城東,日曹橋交番,131083,東京都,江東区,南砂３丁目,2020-03-20,15,４階建て以上共同住宅,駐車（輪）場,50歳代,その他,施錠した
窃盗,自転車盗,城東,日曹橋交番,131083,東京都,江東区,南砂３丁目,2020-04-15,18,４階建て以上共同住宅,駐車（輪）場,20歳代,その他,施錠した
窃盗,自転車盗,城東,日曹橋交番,131083,東京都,江東区,南砂３丁目,2020-06-19,18,４階建て以上共同住宅,駐車（輪）場,10歳代,高校生,施錠した
窃盗,自転車盗,城東,日曹橋交番,131083,東京都,江東区,南砂３丁目,2020-06-25,11,その他,駐車（輪）場,30歳代,その他,施錠した
窃盗,自転車盗,城東,日曹橋交番,131083,東京都,江東区,南砂３丁目,2020-07-03,22,４階建て以上共同住宅,駐車（輪）場,10歳代,高校生,施錠した
窃盗,自転車盗,城東,日曹橋交番,131083,東京都,江東区,南砂４丁目,2018-12-11,不明,４階建て以上共同住宅,駐車（輪）場,50歳代,その他,施錠した
窃盗,自転車盗,城東,日曹橋交番,131083,東京都,江東区,南砂４丁目,2020-03-14,12,４階建て以上共同住宅,駐車（輪）場,20歳代,その他,施錠した
窃盗,自転車盗,城東,日曹橋交番,131083,東京都,江東区,南砂４丁目,2020-03-25,18,その他,駐車（輪）場,30歳代,その他,施錠した
窃盗,自転車盗,城東,日曹橋交番,131083,東京都,江東区,南砂６丁目,2020-11-07,19,その他,駐車（輪）場,30歳代,その他,施錠した
窃盗,自転車盗,城東,元八幡交番,131083,東京都,江東区,南砂３丁目,2020-07-27,08,駐車（輪）場,駐車（輪）場,10歳代,高校生,施錠した
窃盗,自転車盗,城東,元八幡交番,131083,東京都,江東区,南砂６丁目,2019-10-12,13,その他,駐車（輪）場,20歳代,その他,施錠した
窃盗,自転車盗,城東,元八幡交番,131083,東京都,江東区,南砂６丁目,2020-02-07,12,駐車（輪）場,駐車（輪）場,40歳代,その他,施錠した
窃盗,自転車盗,城東,元八幡交番,131083,東京都,江東区,南砂６丁目,2020-03-18,09,その他,駐車（輪）場,20歳代,その他,施錠した
窃盗,自転車盗,城東,元八幡交番,131083,東京都,江東区,南砂６丁目,2020-04-01,22,その他,駐車（輪）場,20歳代,大学生,施錠した
窃盗,自転車盗,城東,元八幡交番,131083,東京都,江東区,南砂６丁目,2020-04-08,22,その他の住宅（３階建て以下共同住宅等）,その他,20歳代,その他,施錠した
窃盗,自転車盗,城東,元八幡交番,131083,東京都,江東区,南砂６丁目,2020-04-29,14,その他,駐車（輪）場,20歳代,その他,施錠した
窃盗,自転車盗,城東,元八幡交番,131083,東京都,江東区,南砂６丁目,2020-10-02,17,その他の住宅（３階建て以下共同住宅等）,その他,10歳代,中学生,施錠した
窃盗,自転車盗,城東,葛西橋西交番,131083,東京都,江東区,東砂４丁目,2020-08-07,22,４階建て以上共同住宅,駐車（輪）場,20歳代,その他,施錠した
窃盗,自転車盗,城東,葛西橋西交番,131083,東京都,江東区,東砂７丁目,2019-12-22,18,４階建て以上共同住宅,駐車（輪）場,10歳代,小学生,施錠した
窃盗,自転車盗,城東,葛西橋西交番,131083,東京都,江東区,東砂７丁目,2020-06-15,20,４階建て以上共同住宅,駐車（輪）場,20歳代,その他,施錠した
窃盗,自転車盗,城東,葛西橋西交番,131083,東京都,江東区,東砂７丁目,2020-08-06,17,４階建て以上共同住宅,駐車（輪）場,50歳代,その他,施錠した
窃盗,自転車盗,城東,葛西橋西交番,131083,東京都,江東区,東砂７丁目,2020-08-13,00,道路上,その他,30歳代,その他,施錠した
窃盗,自転車盗,城東,葛西橋西交番,131083,東京都,江東区,南砂３丁目,2020-02-28,18,道路上,その他,10歳代,中学生,施錠した
窃盗,自転車盗,城東,葛西橋西交番,131083,東京都,江東区,南砂６丁目,2020-01-16,20,道路上,その他,10歳代,中学生,施錠した
窃盗,自転車盗,城東,葛西橋西交番,131083,東京都,江東区,南砂６丁目,2020-01-24,08,駐車（輪）場,駐車（輪）場,70歳以上,その他,施錠した
窃盗,自転車盗,城東,葛西橋西交番,131083,東京都,江東区,南砂６丁目,2020-11-06,09,その他,駐車（輪）場,50歳代,その他,施錠した
窃盗,自転車盗,城東,砂町交番,131083,東京都,江東区,北砂４丁目,2020-04-07,07,一戸建住宅,その他,50歳代,その他,施錠した
窃盗,自転車盗,城東,砂町交番,131083,東京都,江東区,北砂４丁目,2020-04-24,21,その他の住宅（３階建て以下共同住宅等）,その他,30歳代,その他,施錠した
窃盗,自転車盗,城東,砂町交番,131083,東京都,江東区,北砂４丁目,2020-06-04,10,４階建て以上共同住宅,駐車（輪）場,70歳以上,その他,施錠した
窃盗,自転車盗,城東,砂町交番,131083,東京都,江東区,北砂４丁目,2020-06-21,19,４階建て以上共同住宅,駐車（輪）場,30歳代,その他,施錠した
窃盗,自転車盗,城東,砂町交番,131083,東京都,江東区,北砂４丁目,2020-07-10,06,一戸建住宅,その他,20歳代,その他,施錠した
窃盗,自転車盗,城東,砂町交番,131083,東京都,江東区,北砂４丁目,2020-08-03,12,その他の住宅（３階建て以下共同住宅等）,駐車（輪）場,65-69歳,その他,施錠した
窃盗,自転車盗,城東,砂町交番,131083,東京都,江東区,北砂４丁目,2020-08-07,00,一戸建住宅,その他,30歳代,その他,施錠した
窃盗,自転車盗,城東,砂町交番,131083,東京都,江東区,北砂４丁目,2020-09-10,20,４階建て以上共同住宅,駐車（輪）場,10歳代,中学生,施錠した
窃盗,自転車盗,城東,砂町交番,131083,東京都,江東区,北砂４丁目,2020-10-25,14,一戸建住宅,その他,30歳代,その他,施錠した
窃盗,自転車盗,城東,砂町交番,131083,東京都,江東区,南砂１丁目,2019-12-27,14,道路上,その他,40歳代,その他,施錠した
窃盗,自転車盗,城東,砂町交番,131083,東京都,江東区,南砂１丁目,2020-04-04,15,４階建て以上共同住宅,駐車（輪）場,20歳代,大学生,施錠した
窃盗,自転車盗,城東,砂町交番,131083,東京都,江東区,南砂１丁目,2020-09-06,17,４階建て以上共同住宅,駐車（輪）場,50歳代,その他,施錠した
窃盗,自転車盗,城東,砂町交番,131083,東京都,江東区,南砂４丁目,2020-03-13,16,４階建て以上共同住宅,その他,70歳以上,その他,施錠した
窃盗,自転車盗,城東,砂町交番,131083,東京都,江東区,南砂５丁目,2020-05-09,11,駐車（輪）場,駐車（輪）場,20歳代,その他,施錠した
窃盗,自転車盗,城東,砂町交番,131083,東京都,江東区,南砂５丁目,2020-07-28,15,一戸建住宅,駐車（輪）場,70歳以上,その他,施錠した
窃盗,自転車盗,城東,砂町交番,131083,東京都,江東区,南砂５丁目,2020-09-21,01,道路上,その他,40歳代,その他,施錠した
窃盗,自転車盗,城東,砂町交番,131083,東京都,江東区,南砂５丁目,2020-11-29,08,道路上,その他,60-64歳,その他,施錠した
窃盗,自転車盗,城東,北砂五丁目交番,131083,東京都,江東区,北砂１丁目,2020-02-13,21,４階建て以上共同住宅,駐車（輪）場,10歳代,高校生,施錠した
窃盗,自転車盗,城東,北砂五丁目交番,131083,東京都,江東区,北砂１丁目,2020-02-21,16,４階建て以上共同住宅,駐車（輪）場,40歳代,その他,施錠した
窃盗,自転車盗,城東,北砂五丁目交番,131083,東京都,江東区,北砂１丁目,2020-06-26,02,４階建て以上共同住宅,駐車（輪）場,40歳代,その他,施錠した
窃盗,自転車盗,城東,北砂五丁目交番,131083,東京都,江東区,北砂１丁目,2020-08-11,22,４階建て以上共同住宅,その他,10歳代,小学生,施錠した
窃盗,自転車盗,城東,北砂五丁目交番,131083,東京都,江東区,北砂１丁目,2020-08-24,16,４階建て以上共同住宅,その他,10歳代,小学生,施錠した
窃盗,自転車盗,城東,北砂五丁目交番,131083,東京都,江東区,北砂１丁目,2020-10-01,12,その他,駐車（輪）場,70歳以上,その他,施錠した
窃盗,自転車盗,城東,北砂五丁目交番,131083,東京都,江東区,北砂２丁目,2020-01-27,09,その他,駐車（輪）場,20歳代,その他,施錠した
窃盗,自転車盗,城東,北砂五丁目交番,131083,東京都,江東区,北砂２丁目,2020-11-19,17,その他,駐車（輪）場,10歳代,大学生,施錠した
窃盗,自転車盗,城東,北砂五丁目交番,131083,東京都,江東区,北砂３丁目,2020-03-29,21,４階建て以上共同住宅,駐車（輪）場,20歳代,その他,施錠した
窃盗,自転車盗,城東,北砂五丁目交番,131083,東京都,江東区,北砂３丁目,2020-04-30,16,駐車（輪）場,駐車（輪）場,20歳代,その他,施錠した
窃盗,自転車盗,城東,北砂五丁目交番,131083,東京都,江東区,北砂３丁目,2020-08-28,07,一戸建住宅,その他,30歳代,その他,施錠した
窃盗,自転車盗,城東,北砂五丁目交番,131083,東京都,江東区,北砂４丁目,2020-06-09,22,４階建て以上共同住宅,駐車（輪）場,10歳代,高校生,施錠した
窃盗,自転車盗,城東,北砂五丁目交番,131083,東京都,江東区,北砂５丁目,2019-11-21,22,４階建て以上共同住宅,駐車（輪）場,20歳代,その他,施錠した
窃盗,自転車盗,城東,北砂五丁目交番,131083,東京都,江東区,北砂５丁目,2019-12-22,20,４階建て以上共同住宅,駐車（輪）場,20歳代,その他,施錠した
窃盗,自転車盗,城東,北砂五丁目交番,131083,東京都,江東区,北砂５丁目,2020-03-07,20,４階建て以上共同住宅,その他,70歳以上,その他,施錠した
窃盗,自転車盗,城東,北砂五丁目交番,131083,東京都,江東区,北砂５丁目,2020-04-08,12,４階建て以上共同住宅,駐車（輪）場,50歳代,その他,施錠した
窃盗,自転車盗,城東,北砂五丁目交番,131083,東京都,江東区,北砂５丁目,2020-08-05,10,駐車（輪）場,駐車（輪）場,30歳代,その他,施錠した
窃盗,自転車盗,城東,北砂五丁目交番,131083,東京都,江東区,北砂５丁目,2020-08-29,16,４階建て以上共同住宅,駐車（輪）場,20歳代,その他,施錠した
窃盗,自転車盗,城東,北砂五丁目交番,131083,東京都,江東区,北砂５丁目,2020-10-12,16,４階建て以上共同住宅,駐車（輪）場,40歳代,その他,施錠した
窃盗,自転車盗,城東,北砂五丁目交番,131083,東京都,江東区,北砂５丁目,2020-12-04,17,４階建て以上共同住宅,駐車（輪）場,20歳代,その他,施錠した
窃盗,自転車盗,城東,番所橋交番,131083,東京都,江東区,北砂６丁目,2020-01-05,16,４階建て以上共同住宅,駐車（輪）場,20歳代,その他,施錠した
窃盗,自転車盗,城東,番所橋交番,131083,東京都,江東区,北砂７丁目,2020-10-19,19,４階建て以上共同住宅,駐車（輪）場,60-64歳,その他,施錠した
窃盗,自転車盗,城東,番所橋交番,131083,東京都,江東区,東砂１丁目,2019-12-14,09,４階建て以上共同住宅,駐車（輪）場,20歳代,その他,施錠した
窃盗,自転車盗,城東,番所橋交番,131083,東京都,江東区,東砂１丁目,2020-09-28,08,４階建て以上共同住宅,駐車（輪）場,10歳代,中学生,施錠した
窃盗,自転車盗,城東,番所橋交番,131083,東京都,江東区,東砂１丁目,2020-11-30,21,４階建て以上共同住宅,駐車（輪）場,30歳代,その他,施錠した
窃盗,自転車盗,城東,番所橋交番,131083,東京都,江東区,東砂２丁目,2020-03-14,02,４階建て以上共同住宅,駐車（輪）場,40歳代,その他,施錠した
窃盗,自転車盗,城東,番所橋交番,131083,東京都,江東区,東砂３丁目,2020-02-22,19,４階建て以上共同住宅,駐車（輪）場,10歳代,小学生,施錠した
窃盗,自転車盗,城東,番所橋交番,131083,東京都,江東区,東砂４丁目,2019-07-11,不明,４階建て以上共同住宅,駐車（輪）場,50歳代,その他,施錠した
窃盗,自転車盗,城東,番所橋交番,131083,東京都,江東区,南砂６丁目,2020-03-20,12,その他,駐車（輪）場,10歳代,その他,施錠した
窃盗,自転車盗,城東,大島交番,131083,東京都,江東区,大島１丁目,2020-01-09,08,道路上,その他,40歳代,その他,施錠した
窃盗,自転車盗,城東,大島交番,131083,東京都,江東区,大島３丁目,2020-02-01,23,４階建て以上共同住宅,駐車（輪）場,40歳代,その他,施錠した
窃盗,自転車盗,城東,大島交番,131083,東京都,江東区,大島３丁目,2020-10-10,21,その他の住宅（３階建て以下共同住宅等）,駐車（輪）場,50歳代,その他,施錠した
窃盗,自転車盗,城東,大島交番,131083,東京都,江東区,大島３丁目,2020-10-22,17,４階建て以上共同住宅,駐車（輪）場,40歳代,その他,施錠した
窃盗,自転車盗,城東,大島交番,131083,東京都,江東区,大島４丁目,2019-12-25,17,４階建て以上共同住宅,駐車（輪）場,10歳未満,小学生,施錠した
窃盗,自転車盗,城東,大島交番,131083,東京都,江東区,大島４丁目,2020-01-02,21,道路上,その他,50歳代,その他,施錠した
窃盗,自転車盗,城東,大島交番,131083,東京都,江東区,大島４丁目,2020-06-30,22,道路上,その他,50歳代,その他,施錠した
窃盗,自転車盗,城東,大島交番,131083,東京都,江東区,大島５丁目,2019-12-26,07,駐車（輪）場,駐車（輪）場,10歳代,高校生,施錠した
窃盗,自転車盗,城東,大島交番,131083,東京都,江東区,大島５丁目,2020-03-22,10,その他,駐車（輪）場,50歳代,その他,施錠した
窃盗,自転車盗,城東,大島交番,131083,東京都,江東区,大島６丁目,2019-12-20,10,４階建て以上共同住宅,駐車（輪）場,70歳以上,その他,施錠した
窃盗,自転車盗,城東,大島交番,131083,東京都,江東区,大島６丁目,2020-01-15,13,４階建て以上共同住宅,駐車（輪）場,40歳代,その他,施錠した
窃盗,自転車盗,城東,大島交番,131083,東京都,江東区,大島６丁目,2020-01-26,20,４階建て以上共同住宅,駐車（輪）場,20歳代,その他,施錠した
窃盗,自転車盗,城東,大島交番,131083,東京都,江東区,大島６丁目,2020-05-24,18,道路上,その他,10歳代,その他,施錠した
窃盗,自転車盗,城東,大島交番,131083,東京都,江東区,大島６丁目,2020-06-12,12,４階建て以上共同住宅,その他,30歳代,その他,施錠した
窃盗,自転車盗,城東,大島交番,131083,東京都,江東区,大島６丁目,2020-06-29,19,道路上,その他,10歳代,中学生,施錠した
窃盗,自転車盗,城東,大島交番,131083,東京都,江東区,大島６丁目,2020-08-21,18,４階建て以上共同住宅,駐車（輪）場,40歳代,その他,施錠した
窃盗,自転車盗,城東,大島交番,131083,東京都,江東区,大島６丁目,2020-09-28,08,４階建て以上共同住宅,その他,40歳代,その他,施錠した
窃盗,自転車盗,城東,大島交番,131083,東京都,江東区,大島７丁目,2020-02-24,08,その他の住宅（３階建て以下共同住宅等）,その他,20歳代,その他,施錠した
窃盗,自転車盗,城東,大島交番,131083,東京都,江東区,大島８丁目,2020-01-02,19,４階建て以上共同住宅,駐車（輪）場,70歳以上,その他,施錠した
窃盗,自転車盗,城東,大島交番,131083,東京都,江東区,大島８丁目,2020-09-21,22,４階建て以上共同住宅,駐車（輪）場,50歳代,その他,施錠した
窃盗,自転車盗,城東,大島交番,131083,東京都,江東区,亀戸６丁目,2020-12-10,18,その他,駐車（輪）場,40歳代,その他,施錠した
窃盗,自転車盗,城東,大島交番,131083,東京都,江東区,北砂３丁目,2019-12-24,00,４階建て以上共同住宅,駐車（輪）場,10歳代,大学生,施錠した
窃盗,自転車盗,城東,大島交番,131083,東京都,江東区,東砂１丁目,2020-05-29,20,４階建て以上共同住宅,駐車（輪）場,40歳代,その他,施錠した
窃盗,自転車盗,城東,亀戸交番,131083,東京都,江東区,大島５丁目,2020-06-24,09,その他,駐車（輪）場,60-64歳,その他,施錠した
窃盗,自転車盗,城東,亀戸交番,131083,東京都,江東区,亀戸７丁目,2020-05-30,17,駐車（輪）場,駐車（輪）場,40歳代,その他,施錠した
窃盗,自転車盗,城東,亀戸交番,131083,東京都,江東区,亀戸７丁目,2020-06-01,14,道路上,その他,70歳以上,その他,施錠した
窃盗,自転車盗,城東,亀戸交番,131083,東京都,江東区,亀戸７丁目,2020-07-11,18,一戸建住宅,駐車（輪）場,40歳代,その他,施錠した
窃盗,自転車盗,城東,亀戸交番,131083,東京都,江東区,亀戸７丁目,2020-07-20,18,４階建て以上共同住宅,駐車（輪）場,10歳代,中学生,施錠した
窃盗,自転車盗,城東,亀戸交番,131083,東京都,江東区,亀戸７丁目,2020-08-30,18,４階建て以上共同住宅,駐車（輪）場,40歳代,その他,施錠した
窃盗,自転車盗,城東,亀戸交番,131083,東京都,江東区,亀戸７丁目,2020-09-02,11,４階建て以上共同住宅,駐車（輪）場,50歳代,その他,施錠した
窃盗,自転車盗,城東,亀戸交番,131083,東京都,江東区,亀戸８丁目,2020-03-01,17,４階建て以上共同住宅,駐車（輪）場,10歳代,高校生,施錠した
窃盗,自転車盗,城東,亀戸交番,131083,東京都,江東区,亀戸９丁目,2020-02-20,22,道路上,その他,10歳代,大学生,施錠した
窃盗,自転車盗,城東,亀戸交番,131083,東京都,江東区,亀戸９丁目,2020-03-06,18,道路上,その他,30歳代,その他,施錠した
窃盗,自転車盗,城東,亀戸交番,131083,東京都,江東区,亀戸９丁目,2020-03-10,16,４階建て以上共同住宅,駐車（輪）場,30歳代,その他,施錠した
窃盗,自転車盗,城東,亀戸交番,131083,東京都,江東区,亀戸９丁目,2020-06-04,17,４階建て以上共同住宅,駐車（輪）場,10歳代,中学生,施錠した
窃盗,自転車盗,城東,亀戸交番,131083,東京都,江東区,亀戸９丁目,2020-07-12,18,４階建て以上共同住宅,駐車（輪）場,10歳代,中学生,施錠した
窃盗,自転車盗,城東,亀戸交番,131083,東京都,江東区,亀戸９丁目,2020-07-18,18,４階建て以上共同住宅,駐車（輪）場,10歳代,小学生,施錠した
窃盗,自転車盗,城東,亀戸交番,131083,東京都,江東区,亀戸９丁目,2020-10-19,00,４階建て以上共同住宅,駐車（輪）場,50歳代,その他,施錠した
窃盗,自転車盗,城東,天神橋交番,131083,東京都,江東区,亀戸２丁目,2020-06-29,00,４階建て以上共同住宅,駐車（輪）場,60-64歳,その他,施錠した
窃盗,自転車盗,城東,天神橋交番,131083,東京都,江東区,亀戸２丁目,2020-08-10,11,道路上,その他,50歳代,その他,施錠した
窃盗,自転車盗,城東,天神橋交番,131083,東京都,江東区,亀戸２丁目,2020-09-21,18,道路上,その他,50歳代,その他,施錠した
窃盗,自転車盗,城東,天神橋交番,131083,東京都,江東区,亀戸３丁目,2020-04-27,19,その他の住宅（３階建て以下共同住宅等）,その他,30歳代,その他,施錠した
窃盗,自転車盗,城東,天神橋交番,131083,東京都,江東区,亀戸３丁目,2020-07-24,00,道路上,その他,30歳代,その他,施錠した
窃盗,自転車盗,城東,天神橋交番,131083,東京都,江東区,亀戸３丁目,2020-08-20,18,道路上,その他,70歳以上,その他,施錠した
窃盗,自転車盗,城東,天神橋交番,131083,東京都,江東区,亀戸３丁目,2020-08-20,19,４階建て以上共同住宅,駐車（輪）場,30歳代,その他,施錠した
窃盗,自転車盗,城東,天神橋交番,131083,東京都,江東区,亀戸３丁目,2020-10-06,19,４階建て以上共同住宅,駐車（輪）場,30歳代,その他,施錠した
窃盗,自転車盗,城東,天神橋交番,131083,東京都,江東区,亀戸３丁目,2020-10-17,23,４階建て以上共同住宅,駐車（輪）場,20歳代,その他,施錠した
窃盗,自転車盗,城東,亀戸駅前交番,131083,東京都,江東区,大島３丁目,2020-06-09,15,４階建て以上共同住宅,駐車（輪）場,40歳代,その他,施錠した
窃盗,自転車盗,城東,亀戸駅前交番,131083,東京都,江東区,亀戸１丁目,2019-12-20,20,４階建て以上共同住宅,駐車（輪）場,40歳代,その他,施錠した
窃盗,自転車盗,城東,亀戸駅前交番,131083,東京都,江東区,亀戸１丁目,2019-12-27,08,４階建て以上共同住宅,駐車（輪）場,10歳代,中学生,施錠した
窃盗,自転車盗,城東,亀戸駅前交番,131083,東京都,江東区,亀戸１丁目,2020-03-04,07,道路上,その他,70歳以上,その他,施錠した
窃盗,自転車盗,城東,亀戸駅前交番,131083,東京都,江東区,亀戸１丁目,2020-05-03,17,４階建て以上共同住宅,駐車（輪）場,10歳代,中学生,施錠した
窃盗,自転車盗,城東,亀戸駅前交番,131083,東京都,江東区,亀戸１丁目,2020-10-13,22,４階建て以上共同住宅,駐車（輪）場,40歳代,その他,施錠した
窃盗,自転車盗,城東,亀戸駅前交番,131083,東京都,江東区,亀戸１丁目,2020-10-31,23,４階建て以上共同住宅,駐車（輪）場,20歳代,その他,施錠した
窃盗,自転車盗,城東,亀戸駅前交番,131083,東京都,江東区,亀戸２丁目,2020-02-20,23,道路上,その他,40歳代,その他,施錠した
窃盗,自転車盗,城東,亀戸駅前交番,131083,東京都,江東区,亀戸２丁目,2020-07-06,17,その他,駐車（輪）場,30歳代,その他,施錠した
窃盗,自転車盗,城東,亀戸駅前交番,131083,東京都,江東区,亀戸２丁目,2020-07-14,07,駐車（輪）場,駐車（輪）場,10歳代,高校生,施錠した
窃盗,自転車盗,城東,亀戸駅前交番,131083,東京都,江東区,亀戸２丁目,2020-08-24,12,４階建て以上共同住宅,駐車（輪）場,20歳代,その他,施錠した
窃盗,自転車盗,城東,亀戸駅前交番,131083,東京都,江東区,亀戸２丁目,2020-09-04,09,駐車（輪）場,駐車（輪）場,30歳代,その他,施錠した
窃盗,自転車盗,城東,亀戸駅前交番,131083,東京都,江東区,亀戸２丁目,2020-10-02,23,道路上,その他,60-64歳,その他,施錠した
窃盗,自転車盗,城東,亀戸駅前交番,131083,東京都,江東区,亀戸２丁目,2020-10-03,20,駐車（輪）場,駐車（輪）場,30歳代,その他,施錠した
窃盗,自転車盗,城東,亀戸駅前交番,131083,東京都,江東区,亀戸２丁目,2020-11-12,08,４階建て以上共同住宅,その他,30歳代,その他,施錠した
窃盗,自転車盗,城東,亀戸駅前交番,131083,東京都,江東区,亀戸３丁目,2019-11-28,21,道路上,その他,30歳代,その他,施錠した
窃盗,自転車盗,城東,亀戸駅前交番,131083,東京都,江東区,亀戸３丁目,2020-04-16,13,駐車（輪）場,駐車（輪）場,40歳代,その他,施錠した
窃盗,自転車盗,城東,亀戸駅前交番,131083,東京都,江東区,亀戸３丁目,2020-12-18,23,４階建て以上共同住宅,駐車（輪）場,20歳代,大学生,施錠した
窃盗,自転車盗,城東,亀戸駅前交番,131083,東京都,江東区,亀戸４丁目,2020-04-16,22,その他の住宅（３階建て以下共同住宅等）,その他,20歳代,その他,施錠した
窃盗,自転車盗,城東,亀戸駅前交番,131083,東京都,江東区,亀戸４丁目,2020-09-26,16,４階建て以上共同住宅,駐車（輪）場,40歳代,その他,施錠した
窃盗,自転車盗,城東,亀戸駅前交番,131083,東京都,江東区,亀戸５丁目,2019-12-22,23,４階建て以上共同住宅,駐車（輪）場,30歳代,その他,施錠した
窃盗,自転車盗,城東,亀戸駅前交番,131083,東京都,江東区,亀戸５丁目,2020-01-27,21,道路上,その他,70歳以上,その他,施錠した
窃盗,自転車盗,城東,亀戸駅前交番,131083,東京都,江東区,亀戸５丁目,2020-02-09,15,道路上,その他,30歳代,その他,施錠した
窃盗,自転車盗,城東,亀戸駅前交番,131083,東京都,江東区,亀戸５丁目,2020-05-25,15,その他,駐車（輪）場,50歳代,その他,施錠した
窃盗,自転車盗,城東,亀戸駅前交番,131083,東京都,江東区,亀戸５丁目,2020-07-11,11,道路上,その他,20歳代,その他,施錠した
窃盗,自転車盗,城東,亀戸駅前交番,131083,東京都,江東区,亀戸５丁目,2020-07-30,19,その他の住宅（３階建て以下共同住宅等）,駐車（輪）場,20歳代,その他,施錠した
窃盗,自転車盗,城東,亀戸駅前交番,131083,東京都,江東区,亀戸５丁目,2020-08-22,07,道路上,その他,40歳代,その他,施錠した
窃盗,自転車盗,城東,亀戸駅前交番,131083,東京都,江東区,亀戸５丁目,2020-08-24,19,道路上,その他,20歳代,その他,施錠した
窃盗,自転車盗,城東,亀戸駅前交番,131083,東京都,江東区,亀戸５丁目,2020-09-09,09,道路上,その他,20歳代,その他,施錠した
窃盗,自転車盗,城東,亀戸駅前交番,131083,東京都,江東区,亀戸５丁目,2020-10-02,20,駐車（輪）場,駐車（輪）場,50歳代,その他,施錠した
窃盗,自転車盗,城東,亀戸駅前交番,131083,東京都,江東区,亀戸５丁目,2020-11-16,22,その他,駐車（輪）場,60-64歳,その他,施錠した
窃盗,自転車盗,城東,亀戸駅前交番,131083,東京都,江東区,亀戸５丁目,2020-11-28,14,その他の住宅（３階建て以下共同住宅等）,その他,50歳代,その他,施錠した
窃盗,自転車盗,城東,亀戸駅前交番,131083,東京都,江東区,亀戸５丁目,2020-12-12,21,その他の住宅（３階建て以下共同住宅等）,その他,20歳代,その他,施錠した
窃盗,自転車盗,城東,亀戸駅前交番,131083,東京都,江東区,亀戸６丁目,2019-11-28,11,駐車（輪）場,駐車（輪）場,20歳代,その他,施錠した
窃盗,自転車盗,城東,亀戸駅前交番,131083,東京都,江東区,亀戸６丁目,2020-03-26,16,その他,駐車（輪）場,20歳代,大学生,施錠した
窃盗,自転車盗,城東,亀戸駅前交番,131083,東京都,江東区,亀戸６丁目,2020-06-12,12,４階建て以上共同住宅,駐車（輪）場,20歳代,その他,施錠した
窃盗,自転車盗,城東,亀戸駅前交番,131083,東京都,江東区,亀戸６丁目,2020-11-01,08,駐車（輪）場,駐車（輪）場,40歳代,その他,施錠した
窃盗,自転車盗,城東,亀戸駅前交番,131083,東京都,江東区,亀戸６丁目,2020-11-11,18,その他,駐車（輪）場,30歳代,その他,施錠した
窃盗,自転車盗,城東,東大島駅前交番,131083,東京都,江東区,大島４丁目,2020-04-09,12,道路上,その他,法人・団体、被害者なし,法人・団体、被害者なし,施錠した
窃盗,自転車盗,城東,東大島駅前交番,131083,東京都,江東区,大島７丁目,2020-01-05,18,道路上,その他,20歳代,その他,施錠した
窃盗,自転車盗,城東,東大島駅前交番,131083,東京都,江東区,大島７丁目,2020-02-14,18,４階建て以上共同住宅,駐車（輪）場,40歳代,その他,施錠した
窃盗,自転車盗,城東,東大島駅前交番,131083,東京都,江東区,大島８丁目,2019-12-25,16,４階建て以上共同住宅,駐車（輪）場,10歳代,中学生,施錠した
窃盗,自転車盗,城東,東大島駅前交番,131083,東京都,江東区,大島８丁目,2019-12-28,00,４階建て以上共同住宅,駐車（輪）場,40歳代,その他,施錠した
窃盗,自転車盗,城東,東大島駅前交番,131083,東京都,江東区,大島８丁目,2020-06-18,11,道路上,その他,40歳代,その他,施錠した
窃盗,自転車盗,城東,東大島駅前交番,131083,東京都,江東区,大島９丁目,2019-12-26,08,駐車（輪）場,駐車（輪）場,10歳代,高校生,施錠した
窃盗,自転車盗,城東,東大島駅前交番,131083,東京都,江東区,大島９丁目,2020-02-03,17,４階建て以上共同住宅,駐車（輪）場,40歳代,その他,施錠した
窃盗,自転車盗,城東,東大島駅前交番,131083,東京都,江東区,大島９丁目,2020-03-26,07,道路上,その他,30歳代,その他,施錠した
窃盗,自転車盗,城東,東大島駅前交番,131083,東京都,江東区,大島９丁目,2020-07-14,22,４階建て以上共同住宅,駐車（輪）場,20歳代,その他,施錠した
窃盗,自転車盗,城東,東大島駅前交番,131083,東京都,江東区,大島９丁目,2020-07-22,08,駐車（輪）場,駐車（輪）場,10歳代,中学生,施錠した
窃盗,自転車盗,本所,両国交番,131075,東京都,墨田区,亀沢１丁目,2020-06-30,15,４階建て以上共同住宅,駐車（輪）場,20歳代,その他,施錠した
窃盗,自転車盗,本所,両国交番,131075,東京都,墨田区,千歳１丁目,2020-07-15,19,４階建て以上共同住宅,駐車（輪）場,30歳代,その他,施錠した
窃盗,自転車盗,本所,両国交番,131075,東京都,墨田区,千歳１丁目,2020-09-25,19,道路上,その他,70歳以上,その他,施錠した
窃盗,自転車盗,本所,両国交番,131075,東京都,墨田区,千歳１丁目,2020-10-05,11,４階建て以上共同住宅,駐車（輪）場,20歳代,その他,施錠した
窃盗,自転車盗,本所,両国交番,131075,東京都,墨田区,千歳３丁目,2020-07-11,17,道路上,その他,20歳代,その他,施錠した
窃盗,自転車盗,本所,両国交番,131075,東京都,墨田区,緑１丁目,2020-08-25,10,その他の住宅（３階建て以下共同住宅等）,駐車（輪）場,40歳代,その他,施錠した
窃盗,自転車盗,本所,両国交番,131075,東京都,墨田区,横網１丁目,2020-01-24,23,道路上,その他,20歳代,その他,施錠した
窃盗,自転車盗,本所,両国交番,131075,東京都,墨田区,両国１丁目,2020-01-08,20,４階建て以上共同住宅,駐車（輪）場,40歳代,その他,施錠した
窃盗,自転車盗,本所,両国交番,131075,東京都,墨田区,両国１丁目,2020-08-09,09,４階建て以上共同住宅,その他,50歳代,その他,施錠した
窃盗,自転車盗,本所,両国交番,131075,東京都,墨田区,両国３丁目,2019-12-15,00,道路上,その他,20歳代,その他,施錠した
窃盗,自転車盗,本所,両国交番,131075,東京都,墨田区,両国４丁目,2019-11-07,18,４階建て以上共同住宅,駐車（輪）場,30歳代,その他,施錠した
窃盗,自転車盗,本所,両国交番,131075,東京都,墨田区,両国４丁目,2019-12-11,18,道路上,その他,30歳代,その他,施錠した
窃盗,自転車盗,本所,両国交番,131075,東京都,墨田区,両国４丁目,2020-07-28,15,４階建て以上共同住宅,駐車（輪）場,20歳代,その他,施錠した
窃盗,自転車盗,本所,菊川二丁目交番,131075,東京都,墨田区,菊川１丁目,2020-06-10,02,４階建て以上共同住宅,駐車（輪）場,20歳代,その他,施錠した
窃盗,自転車盗,本所,菊川二丁目交番,131075,東京都,墨田区,菊川２丁目,2020-04-03,21,その他の住宅（３階建て以下共同住宅等）,その他,20歳代,その他,施錠した
窃盗,自転車盗,本所,菊川二丁目交番,131075,東京都,墨田区,菊川２丁目,2020-08-03,14,４階建て以上共同住宅,その他,65-69歳,その他,施錠した
窃盗,自転車盗,本所,菊川二丁目交番,131075,東京都,墨田区,菊川３丁目,2020-02-22,11,４階建て以上共同住宅,駐車（輪）場,65-69歳,その他,施錠した
窃盗,自転車盗,本所,菊川二丁目交番,131075,東京都,墨田区,菊川３丁目,2020-03-06,08,駐車（輪）場,駐車（輪）場,65-69歳,その他,施錠した
窃盗,自転車盗,本所,菊川二丁目交番,131075,東京都,墨田区,菊川３丁目,2020-08-27,06,駐車（輪）場,駐車（輪）場,10歳代,その他,施錠した
窃盗,自転車盗,本所,菊川二丁目交番,131075,東京都,墨田区,立川１丁目,2020-04-24,16,４階建て以上共同住宅,駐車（輪）場,20歳代,その他,施錠した
窃盗,自転車盗,本所,菊川二丁目交番,131075,東京都,墨田区,緑３丁目,2020-08-20,18,４階建て以上共同住宅,駐車（輪）場,30歳代,その他,施錠した
窃盗,自転車盗,本所,江東橋交番,131075,東京都,墨田区,亀沢２丁目,2020-09-16,18,４階建て以上共同住宅,駐車（輪）場,30歳代,その他,施錠した
窃盗,自転車盗,本所,江東橋交番,131075,東京都,墨田区,江東橋１丁目,2020-07-19,01,４階建て以上共同住宅,その他,30歳代,その他,施錠した
窃盗,自転車盗,本所,江東橋交番,131075,東京都,墨田区,江東橋１丁目,2020-08-22,16,道路上,その他,30歳代,その他,施錠した
窃盗,自転車盗,本所,江東橋交番,131075,東京都,墨田区,江東橋１丁目,2020-10-02,12,その他,駐車（輪）場,法人・団体、被害者なし,法人・団体、被害者なし,施錠した
窃盗,自転車盗,本所,江東橋交番,131075,東京都,墨田区,江東橋２丁目,2020-09-16,16,その他,その他,20歳代,その他,施錠した
窃盗,自転車盗,本所,江東橋交番,131075,東京都,墨田区,江東橋４丁目,2020-09-17,15,その他,その他,20歳代,その他,施錠した
窃盗,自転車盗,本所,江東橋交番,131075,東京都,墨田区,緑２丁目,2020-03-09,07,一戸建住宅,駐車（輪）場,20歳代,大学生,施錠した
窃盗,自転車盗,本所,江東橋交番,131075,東京都,墨田区,緑２丁目,2020-09-26,17,道路上,その他,40歳代,その他,施錠した
窃盗,自転車盗,本所,江東橋交番,131075,東京都,墨田区,緑３丁目,2020-10-31,19,４階建て以上共同住宅,駐車（輪）場,20歳代,その他,施錠した
窃盗,自転車盗,本所,江東橋交番,131075,東京都,墨田区,緑４丁目,2020-02-21,16,４階建て以上共同住宅,駐車（輪）場,20歳代,その他,施錠した
窃盗,自転車盗,本所,江東橋交番,131075,東京都,墨田区,緑４丁目,2020-03-26,19,道路上,その他,30歳代,その他,施錠した
窃盗,自転車盗,本所,江東橋交番,131075,東京都,墨田区,緑４丁目,2020-04-15,15,道路上,その他,70歳以上,その他,施錠した
窃盗,自転車盗,本所,江東橋交番,131075,東京都,墨田区,緑４丁目,2020-05-24,18,４階建て以上共同住宅,駐車（輪）場,30歳代,その他,施錠した
窃盗,自転車盗,本所,江東橋交番,131075,東京都,墨田区,緑４丁目,2020-08-01,23,４階建て以上共同住宅,駐車（輪）場,50歳代,その他,施錠した
窃盗,自転車盗,本所,江東橋交番,131075,東京都,墨田区,緑４丁目,2020-08-05,18,道路上,その他,20歳代,大学生,施錠した
窃盗,自転車盗,本所,江東橋交番,131075,東京都,墨田区,緑４丁目,2020-11-05,00,道路上,その他,50歳代,その他,施錠した
窃盗,自転車盗,本所,錦糸町駅南口交番,131075,東京都,墨田区,錦糸１丁目,2020-09-13,09,道路上,その他,50歳代,その他,施錠した
窃盗,自転車盗,本所,錦糸町駅南口交番,131075,東京都,墨田区,錦糸１丁目,2020-11-06,15,道路上,その他,30歳代,その他,施錠した
窃盗,自転車盗,本所,錦糸町駅南口交番,131075,東京都,墨田区,錦糸４丁目,2020-11-30,20,道路上,その他,50歳代,その他,施錠した
窃盗,自転車盗,本所,錦糸町駅南口交番,131075,東京都,墨田区,江東橋１丁目,2020-10-13,08,４階建て以上共同住宅,その他,40歳代,その他,施錠した
窃盗,自転車盗,本所,錦糸町駅南口交番,131075,東京都,墨田区,江東橋１丁目,2020-11-07,17,４階建て以上共同住宅,駐車（輪）場,20歳代,その他,施錠した
窃盗,自転車盗,本所,錦糸町駅南口交番,131075,東京都,墨田区,江東橋２丁目,2019-11-15,12,４階建て以上共同住宅,駐車（輪）場,20歳代,その他,施錠した
窃盗,自転車盗,本所,錦糸町駅南口交番,131075,東京都,墨田区,江東橋２丁目,2020-02-12,21,道路上,その他,10歳代,高校生,施錠した
窃盗,自転車盗,本所,錦糸町駅南口交番,131075,東京都,墨田区,江東橋３丁目,2019-11-10,23,道路上,その他,50歳代,その他,施錠した
窃盗,自転車盗,本所,錦糸町駅南口交番,131075,東京都,墨田区,江東橋３丁目,2019-12-03,07,駐車（輪）場,駐車（輪）場,20歳代,大学生,施錠した
窃盗,自転車盗,本所,錦糸町駅南口交番,131075,東京都,墨田区,江東橋３丁目,2019-12-12,10,駐車（輪）場,駐車（輪）場,50歳代,その他,施錠した
窃盗,自転車盗,本所,錦糸町駅南口交番,131075,東京都,墨田区,江東橋３丁目,2020-02-08,16,道路上,その他,20歳代,その他,施錠した
窃盗,自転車盗,本所,錦糸町駅南口交番,131075,東京都,墨田区,江東橋３丁目,2020-03-04,21,道路上,その他,50歳代,その他,施錠した
窃盗,自転車盗,本所,錦糸町駅南口交番,131075,東京都,墨田区,江東橋３丁目,2020-03-17,22,４階建て以上共同住宅,その他,40歳代,その他,施錠した
窃盗,自転車盗,本所,錦糸町駅南口交番,131075,東京都,墨田区,江東橋３丁目,2020-04-26,14,４階建て以上共同住宅,駐車（輪）場,40歳代,その他,施錠した
窃盗,自転車盗,本所,錦糸町駅南口交番,131075,東京都,墨田区,江東橋３丁目,2020-05-22,02,道路上,その他,30歳代,その他,施錠した
窃盗,自転車盗,本所,錦糸町駅南口交番,131075,東京都,墨田区,江東橋３丁目,2020-06-22,00,道路上,その他,20歳代,その他,施錠した
窃盗,自転車盗,本所,錦糸町駅南口交番,131075,東京都,墨田区,江東橋３丁目,2020-07-31,03,道路上,その他,20歳代,その他,施錠した
窃盗,自転車盗,本所,錦糸町駅南口交番,131075,東京都,墨田区,江東橋３丁目,2020-09-10,17,道路上,その他,40歳代,その他,施錠した
窃盗,自転車盗,本所,錦糸町駅南口交番,131075,東京都,墨田区,江東橋３丁目,2020-09-16,00,道路上,その他,30歳代,その他,施錠した
窃盗,自転車盗,本所,錦糸町駅南口交番,131075,東京都,墨田区,江東橋３丁目,2020-10-14,00,道路上,その他,30歳代,その他,施錠した
窃盗,自転車盗,本所,錦糸町駅南口交番,131075,東京都,墨田区,江東橋４丁目,2019-10-30,10,道路上,その他,50歳代,その他,施錠した
窃盗,自転車盗,本所,錦糸町駅南口交番,131075,東京都,墨田区,江東橋４丁目,2020-01-17,19,駐車（輪）場,駐車（輪）場,30歳代,その他,施錠した
窃盗,自転車盗,本所,錦糸町駅南口交番,131075,東京都,墨田区,江東橋４丁目,2020-03-16,12,その他,駐車（輪）場,70歳以上,その他,施錠した
窃盗,自転車盗,本所,錦糸町駅南口交番,131075,東京都,墨田区,江東橋４丁目,2020-08-20,18,道路上,その他,20歳代,大学生,施錠した
窃盗,自転車盗,本所,錦糸町駅南口交番,131075,東京都,墨田区,江東橋４丁目,2020-08-27,15,その他,駐車（輪）場,30歳代,その他,施錠した
窃盗,自転車盗,本所,錦糸町駅南口交番,131075,東京都,墨田区,江東橋４丁目,2020-08-27,22,４階建て以上共同住宅,駐車（輪）場,20歳代,大学生,施錠した
窃盗,自転車盗,本所,錦糸町駅南口交番,131075,東京都,墨田区,江東橋４丁目,2020-09-21,16,４階建て以上共同住宅,駐車（輪）場,30歳代,その他,施錠した
窃盗,自転車盗,本所,錦糸町駅南口交番,131075,東京都,墨田区,江東橋４丁目,2020-10-22,17,道路上,その他,20歳代,その他,施錠した
窃盗,自転車盗,本所,錦糸町駅南口交番,131075,東京都,墨田区,江東橋４丁目,2020-10-26,12,その他,その他,20歳代,その他,施錠した
窃盗,自転車盗,本所,錦糸町駅南口交番,131075,東京都,墨田区,江東橋４丁目,2020-11-09,20,４階建て以上共同住宅,その他,30歳代,その他,施錠した
窃盗,自転車盗,本所,錦糸町駅北口交番,131075,東京都,墨田区,亀沢４丁目,2019-11-18,08,その他の住宅（３階建て以下共同住宅等）,駐車（輪）場,40歳代,その他,施錠した
窃盗,自転車盗,本所,錦糸町駅北口交番,131075,東京都,墨田区,亀沢４丁目,2019-11-19,08,その他の住宅（３階建て以下共同住宅等）,駐車（輪）場,10歳代,中学生,施錠した
窃盗,自転車盗,本所,錦糸町駅北口交番,131075,東京都,墨田区,錦糸１丁目,2020-07-02,17,その他,その他,30歳代,その他,施錠した
窃盗,自転車盗,本所,錦糸町駅北口交番,131075,東京都,墨田区,錦糸１丁目,2020-09-10,22,４階建て以上共同住宅,駐車（輪）場,20歳代,その他,施錠した
窃盗,自転車盗,本所,錦糸町駅北口交番,131075,東京都,墨田区,錦糸１丁目,2020-09-27,17,その他,その他,70歳以上,その他,施錠した
窃盗,自転車盗,本所,錦糸町駅北口交番,131075,東京都,墨田区,錦糸２丁目,2019-12-06,08,駐車（輪）場,駐車（輪）場,30歳代,その他,施錠した
窃盗,自転車盗,本所,錦糸町駅北口交番,131075,東京都,墨田区,錦糸２丁目,2019-12-25,02,４階建て以上共同住宅,駐車（輪）場,30歳代,その他,施錠した
窃盗,自転車盗,本所,錦糸町駅北口交番,131075,東京都,墨田区,錦糸２丁目,2020-01-04,10,駐車（輪）場,駐車（輪）場,65-69歳,その他,施錠した
窃盗,自転車盗,本所,錦糸町駅北口交番,131075,東京都,墨田区,錦糸２丁目,2020-02-14,16,駐車（輪）場,駐車（輪）場,20歳代,その他,施錠した
窃盗,自転車盗,本所,錦糸町駅北口交番,131075,東京都,墨田区,錦糸３丁目,2020-08-27,12,その他,駐車（輪）場,30歳代,その他,施錠した
窃盗,自転車盗,本所,錦糸町駅北口交番,131075,東京都,墨田区,錦糸３丁目,2020-10-14,10,その他,駐車（輪）場,30歳代,その他,施錠した
窃盗,自転車盗,本所,錦糸町駅北口交番,131075,東京都,墨田区,錦糸４丁目,2019-12-01,00,その他,駐車（輪）場,10歳代,その他,施錠した
窃盗,自転車盗,本所,錦糸町駅北口交番,131075,東京都,墨田区,錦糸４丁目,2019-12-03,00,４階建て以上共同住宅,駐車（輪）場,40歳代,その他,施錠した
窃盗,自転車盗,本所,錦糸町駅北口交番,131075,東京都,墨田区,錦糸４丁目,2019-12-09,09,その他,駐車（輪）場,70歳以上,その他,施錠した
窃盗,自転車盗,本所,錦糸町駅北口交番,131075,東京都,墨田区,錦糸４丁目,2019-12-12,11,その他,駐車（輪）場,10歳代,大学生,施錠した
窃盗,自転車盗,本所,錦糸町駅北口交番,131075,東京都,墨田区,錦糸４丁目,2020-01-03,03,その他,その他,20歳代,大学生,施錠した
窃盗,自転車盗,本所,錦糸町駅北口交番,131075,東京都,墨田区,錦糸４丁目,2020-01-21,09,その他,駐車（輪）場,20歳代,大学生,施錠した
窃盗,自転車盗,本所,錦糸町駅北口交番,131075,東京都,墨田区,錦糸４丁目,2020-04-01,10,その他,その他,50歳代,その他,施錠した
窃盗,自転車盗,本所,錦糸町駅北口交番,131075,東京都,墨田区,錦糸４丁目,2020-04-02,21,道路上,その他,20歳代,その他,施錠した
窃盗,自転車盗,本所,錦糸町駅北口交番,131075,東京都,墨田区,錦糸４丁目,2020-06-29,10,４階建て以上共同住宅,駐車（輪）場,50歳代,その他,施錠した
窃盗,自転車盗,本所,錦糸町駅北口交番,131075,東京都,墨田区,錦糸４丁目,2020-07-05,18,その他,その他,30歳代,その他,施錠した
窃盗,自転車盗,本所,錦糸町駅北口交番,131075,東京都,墨田区,錦糸４丁目,2020-07-15,14,その他,駐車（輪）場,30歳代,その他,施錠した
窃盗,自転車盗,本所,錦糸町駅北口交番,131075,東京都,墨田区,錦糸４丁目,2020-07-16,16,４階建て以上共同住宅,駐車（輪）場,30歳代,その他,施錠した
窃盗,自転車盗,本所,錦糸町駅北口交番,131075,東京都,墨田区,錦糸４丁目,2020-07-17,19,４階建て以上共同住宅,駐車（輪）場,50歳代,その他,施錠した
窃盗,自転車盗,本所,錦糸町駅北口交番,131075,東京都,墨田区,錦糸４丁目,2020-07-27,20,その他の住宅（３階建て以下共同住宅等）,駐車（輪）場,40歳代,その他,施錠した
窃盗,自転車盗,本所,錦糸町駅北口交番,131075,東京都,墨田区,錦糸４丁目,2020-08-01,19,その他,駐車（輪）場,20歳代,その他,施錠した
窃盗,自転車盗,本所,錦糸町駅北口交番,131075,東京都,墨田区,錦糸４丁目,2020-09-16,18,道路上,その他,20歳代,その他,施錠した
窃盗,自転車盗,本所,錦糸町駅北口交番,131075,東京都,墨田区,錦糸４丁目,2020-09-22,10,道路上,その他,30歳代,その他,施錠した
窃盗,自転車盗,本所,錦糸町駅北口交番,131075,東京都,墨田区,錦糸４丁目,2020-09-27,17,その他,その他,10歳代,大学生,施錠した
窃盗,自転車盗,本所,錦糸町駅北口交番,131075,東京都,墨田区,錦糸４丁目,2020-09-29,18,その他,その他,10歳代,高校生,施錠した
窃盗,自転車盗,本所,錦糸町駅北口交番,131075,東京都,墨田区,錦糸４丁目,2020-10-18,19,道路上,その他,30歳代,その他,施錠した
窃盗,自転車盗,本所,錦糸町駅北口交番,131075,東京都,墨田区,錦糸４丁目,2020-10-23,19,その他,その他,30歳代,その他,施錠した
窃盗,自転車盗,本所,錦糸町駅北口交番,131075,東京都,墨田区,錦糸４丁目,2020-11-05,08,その他,その他,30歳代,その他,施錠した
窃盗,自転車盗,本所,錦糸町駅北口交番,131075,東京都,墨田区,錦糸４丁目,2020-11-15,14,道路上,その他,50歳代,その他,施錠した
窃盗,自転車盗,本所,錦糸町駅北口交番,131075,東京都,墨田区,太平１丁目,2020-02-01,22,道路上,その他,20歳代,その他,施錠した
窃盗,自転車盗,本所,横川交番,131075,東京都,墨田区,太平３丁目,2020-01-31,10,道路上,その他,70歳以上,その他,施錠した
窃盗,自転車盗,本所,横川交番,131075,東京都,墨田区,太平３丁目,2020-06-24,10,道路上,その他,法人・団体、被害者なし,法人・団体、被害者なし,施錠した
窃盗,自転車盗,本所,横川交番,131075,東京都,墨田区,太平４丁目,2019-12-05,23,４階建て以上共同住宅,駐車（輪）場,30歳代,その他,施錠した
窃盗,自転車盗,本所,横川交番,131075,東京都,墨田区,太平４丁目,2020-05-29,06,その他,駐車（輪）場,50歳代,その他,施錠した
窃盗,自転車盗,本所,横川交番,131075,東京都,墨田区,太平４丁目,2020-08-08,23,４階建て以上共同住宅,駐車（輪）場,30歳代,その他,施錠した
窃盗,自転車盗,本所,横川交番,131075,東京都,墨田区,太平４丁目,2020-10-12,23,道路上,その他,40歳代,その他,施錠した
窃盗,自転車盗,本所,横川交番,131075,東京都,墨田区,本所４丁目,2019-12-27,14,道路上,その他,70歳以上,その他,施錠した
窃盗,自転車盗,本所,横川交番,131075,東京都,墨田区,向島１丁目,2019-12-06,09,道路上,その他,20歳代,その他,施錠した
窃盗,自転車盗,本所,横川交番,131075,東京都,墨田区,横川２丁目,2020-01-19,21,４階建て以上共同住宅,駐車（輪）場,30歳代,その他,施錠した
窃盗,自転車盗,本所,横川交番,131075,東京都,墨田区,横川３丁目,2019-11-25,09,道路上,その他,20歳代,その他,施錠した
窃盗,自転車盗,本所,横川交番,131075,東京都,墨田区,横川３丁目,2020-10-02,22,４階建て以上共同住宅,駐車（輪）場,20歳代,その他,施錠した
窃盗,自転車盗,本所,横川交番,131075,東京都,墨田区,横川４丁目,2020-01-10,11,４階建て以上共同住宅,駐車（輪）場,20歳代,その他,施錠した
窃盗,自転車盗,本所,横川交番,131075,東京都,墨田区,横川４丁目,2020-03-09,19,駐車（輪）場,駐車（輪）場,50歳代,その他,施錠した
窃盗,自転車盗,本所,横川交番,131075,東京都,墨田区,横川４丁目,2020-05-23,07,道路上,その他,70歳以上,その他,施錠した
窃盗,自転車盗,本所,横川交番,131075,東京都,墨田区,横川４丁目,2020-09-28,17,４階建て以上共同住宅,駐車（輪）場,20歳代,その他,施錠した
窃盗,自転車盗,本所,横川交番,131075,東京都,墨田区,横川５丁目,2020-02-02,18,４階建て以上共同住宅,駐車（輪）場,65-69歳,その他,施錠した
窃盗,自転車盗,本所,横川交番,131075,東京都,墨田区,横川５丁目,2020-02-22,15,４階建て以上共同住宅,駐車（輪）場,50歳代,その他,施錠した
窃盗,自転車盗,本所,横川交番,131075,東京都,墨田区,横川５丁目,2020-03-22,15,４階建て以上共同住宅,駐車（輪）場,40歳代,その他,施錠した
窃盗,自転車盗,本所,横川交番,131075,東京都,墨田区,横川５丁目,2020-07-18,15,４階建て以上共同住宅,駐車（輪）場,20歳代,その他,施錠した
窃盗,自転車盗,本所,押上駅前交番,131075,東京都,墨田区,押上１丁目,2020-03-16,23,その他,駐車（輪）場,20歳代,その他,施錠した
窃盗,自転車盗,本所,押上駅前交番,131075,東京都,墨田区,押上１丁目,2020-04-06,14,道路上,その他,10歳代,高校生,施錠した
窃盗,自転車盗,本所,押上駅前交番,131075,東京都,墨田区,押上１丁目,2020-06-03,22,一戸建住宅,その他,50歳代,その他,施錠した
窃盗,自転車盗,本所,押上駅前交番,131075,東京都,墨田区,押上１丁目,2020-08-19,11,道路上,その他,70歳以上,その他,施錠した
窃盗,自転車盗,本所,押上駅前交番,131075,東京都,墨田区,押上１丁目,2020-09-15,07,駐車（輪）場,駐車（輪）場,30歳代,その他,施錠した
窃盗,自転車盗,本所,押上駅前交番,131075,東京都,墨田区,押上１丁目,2020-10-30,20,４階建て以上共同住宅,駐車（輪）場,40歳代,その他,施錠した
窃盗,自転車盗,本所,押上駅前交番,131075,東京都,墨田区,押上１丁目,2020-11-07,09,道路上,その他,10歳代,高校生,施錠した
窃盗,自転車盗,本所,押上駅前交番,131075,東京都,墨田区,押上１丁目,2020-11-07,09,道路上,その他,10歳代,高校生,施錠した
窃盗,自転車盗,本所,押上駅前交番,131075,東京都,墨田区,押上２丁目,2019-12-25,17,駐車（輪）場,駐車（輪）場,10歳代,高校生,施錠した
窃盗,自転車盗,本所,押上駅前交番,131075,東京都,墨田区,業平１丁目,2020-06-20,12,４階建て以上共同住宅,駐車（輪）場,50歳代,その他,施錠した
窃盗,自転車盗,本所,押上駅前交番,131075,東京都,墨田区,業平２丁目,2020-02-23,00,一戸建住宅,駐車（輪）場,10歳代,その他,施錠した
窃盗,自転車盗,本所,押上駅前交番,131075,東京都,墨田区,業平２丁目,2020-03-31,13,４階建て以上共同住宅,駐車（輪）場,20歳代,その他,施錠した
窃盗,自転車盗,本所,押上駅前交番,131075,東京都,墨田区,業平３丁目,2020-03-28,00,その他の住宅（３階建て以下共同住宅等）,その他,40歳代,その他,施錠した
窃盗,自転車盗,本所,押上駅前交番,131075,東京都,墨田区,業平３丁目,2020-04-07,10,その他,駐車（輪）場,30歳代,その他,施錠した
窃盗,自転車盗,本所,押上駅前交番,131075,東京都,墨田区,業平３丁目,2020-11-10,20,道路上,その他,20歳代,その他,施錠した
窃盗,自転車盗,本所,押上駅前交番,131075,東京都,墨田区,業平４丁目,2020-01-18,07,その他,駐車（輪）場,10歳代,高校生,施錠した
窃盗,自転車盗,本所,押上駅前交番,131075,東京都,墨田区,業平４丁目,2020-09-02,16,４階建て以上共同住宅,駐車（輪）場,20歳代,その他,施錠した
窃盗,自転車盗,本所,押上駅前交番,131075,東京都,墨田区,業平４丁目,2020-10-02,23,道路上,その他,20歳代,大学生,施錠した
窃盗,自転車盗,本所,押上駅前交番,131075,東京都,墨田区,業平５丁目,2020-03-08,01,道路上,その他,20歳代,その他,施錠した
窃盗,自転車盗,本所,押上駅前交番,131075,東京都,墨田区,業平５丁目,2020-10-19,07,一戸建住宅,駐車（輪）場,10歳代,大学生,施錠した
窃盗,自転車盗,本所,向島交番,131075,東京都,墨田区,向島２丁目,2020-05-22,21,４階建て以上共同住宅,駐車（輪）場,30歳代,その他,施錠した
窃盗,自転車盗,本所,向島交番,131075,東京都,墨田区,向島３丁目,2019-11-30,16,４階建て以上共同住宅,駐車（輪）場,10歳代,中学生,施錠した
窃盗,自転車盗,本所,向島交番,131075,東京都,墨田区,向島３丁目,2020-07-04,16,道路上,その他,60-64歳,その他,施錠した
窃盗,自転車盗,本所,向島交番,131075,東京都,墨田区,向島４丁目,2020-09-25,08,一戸建住宅,その他,40歳代,その他,施錠した
窃盗,自転車盗,本所,向島交番,131075,東京都,墨田区,向島５丁目,2020-01-01,02,その他の住宅（３階建て以下共同住宅等）,駐車（輪）場,60-64歳,その他,施錠した
窃盗,自転車盗,本所,向島交番,131075,東京都,墨田区,向島５丁目,2020-03-26,19,駐車（輪）場,駐車（輪）場,法人・団体、被害者なし,法人・団体、被害者なし,施錠した
窃盗,自転車盗,本所,向島交番,131075,東京都,墨田区,向島５丁目,2020-08-10,18,４階建て以上共同住宅,駐車（輪）場,30歳代,その他,施錠した
窃盗,自転車盗,本所,吾妻橋交番,131075,東京都,墨田区,吾妻橋３丁目,2019-12-08,08,道路上,その他,30歳代,その他,施錠した
窃盗,自転車盗,本所,吾妻橋交番,131075,東京都,墨田区,東駒形１丁目,2020-08-07,07,道路上,その他,65-69歳,その他,施錠した
窃盗,自転車盗,本所,吾妻橋交番,131075,東京都,墨田区,東駒形３丁目,2020-02-05,15,道路上,その他,70歳以上,その他,施錠した
窃盗,自転車盗,本所,吾妻橋交番,131075,東京都,墨田区,東駒形３丁目,2020-07-11,20,その他,駐車（輪）場,50歳代,その他,施錠した
窃盗,自転車盗,本所,吾妻橋交番,131075,東京都,墨田区,東駒形４丁目,2020-01-06,08,道路上,その他,20歳代,その他,施錠した
窃盗,自転車盗,本所,吾妻橋交番,131075,東京都,墨田区,東駒形４丁目,2020-06-19,19,道路上,その他,20歳代,その他,施錠した
窃盗,自転車盗,本所,横網交番,131075,東京都,墨田区,石原１丁目,2020-10-18,07,道路上,その他,30歳代,その他,施錠した
窃盗,自転車盗,本所,横網交番,131075,東京都,墨田区,石原２丁目,2020-04-24,16,その他の住宅（３階建て以下共同住宅等）,駐車（輪）場,40歳代,その他,施錠した
窃盗,自転車盗,本所,横網交番,131075,東京都,墨田区,石原２丁目,2020-06-23,05,その他の住宅（３階建て以下共同住宅等）,駐車（輪）場,40歳代,その他,施錠した
窃盗,自転車盗,本所,横網交番,131075,東京都,墨田区,本所１丁目,2020-07-17,11,４階建て以上共同住宅,駐車（輪）場,20歳代,その他,施錠した
窃盗,自転車盗,本所,横網交番,131075,東京都,墨田区,本所３丁目,2020-08-24,20,一戸建住宅,その他,50歳代,その他,施錠した
窃盗,自転車盗,本所,横網交番,131075,東京都,墨田区,横網１丁目,2019-12-22,12,道路上,その他,20歳代,その他,施錠した
窃盗,自転車盗,本所,横網交番,131075,東京都,墨田区,横網１丁目,2020-01-14,00,道路上,その他,40歳代,その他,施錠した
窃盗,自転車盗,本所,横網交番,131075,東京都,墨田区,横網１丁目,2020-01-25,03,道路上,その他,20歳代,その他,施錠した
窃盗,自転車盗,本所,横網交番,131075,東京都,墨田区,横網１丁目,2020-02-14,17,道路上,その他,30歳代,その他,施錠した
窃盗,自転車盗,本所,横網交番,131075,東京都,墨田区,横網１丁目,2020-09-15,12,道路上,その他,40歳代,その他,施錠した
窃盗,自転車盗,本所,石原三丁目交番,131075,東京都,墨田区,石原１丁目,2020-01-25,14,道路上,その他,50歳代,その他,施錠した
窃盗,自転車盗,本所,石原三丁目交番,131075,東京都,墨田区,石原１丁目,2020-07-08,16,その他の住宅（３階建て以下共同住宅等）,駐車（輪）場,60-64歳,その他,施錠した
窃盗,自転車盗,本所,石原三丁目交番,131075,東京都,墨田区,石原２丁目,2019-10-30,06,４階建て以上共同住宅,駐車（輪）場,10歳代,大学生,施錠した
窃盗,自転車盗,本所,石原三丁目交番,131075,東京都,墨田区,石原３丁目,2019-11-24,20,道路上,その他,20歳代,大学生,施錠した
窃盗,自転車盗,本所,石原三丁目交番,131075,東京都,墨田区,石原３丁目,2020-02-06,16,その他,駐車（輪）場,30歳代,その他,施錠した
窃盗,自転車盗,本所,石原三丁目交番,131075,東京都,墨田区,石原３丁目,2020-04-10,16,４階建て以上共同住宅,駐車（輪）場,30歳代,その他,施錠した
窃盗,自転車盗,本所,石原三丁目交番,131075,東京都,墨田区,石原４丁目,2020-01-02,18,一戸建住宅,駐車（輪）場,40歳代,その他,施錠した
窃盗,自転車盗,本所,石原三丁目交番,131075,東京都,墨田区,石原４丁目,2020-07-26,16,４階建て以上共同住宅,駐車（輪）場,10歳未満,小学生,施錠した
窃盗,自転車盗,本所,石原三丁目交番,131075,東京都,墨田区,石原４丁目,2020-08-04,20,４階建て以上共同住宅,その他,20歳代,その他,施錠した
窃盗,自転車盗,本所,石原三丁目交番,131075,東京都,墨田区,石原４丁目,2020-10-03,19,４階建て以上共同住宅,駐車（輪）場,30歳代,その他,施錠した
窃盗,自転車盗,本所,石原三丁目交番,131075,東京都,墨田区,石原４丁目,2020-11-04,19,その他の住宅（３階建て以下共同住宅等）,駐車（輪）場,10歳代,その他,施錠した
窃盗,自転車盗,本所,石原三丁目交番,131075,東京都,墨田区,江東橋２丁目,2020-07-11,12,その他,駐車（輪）場,40歳代,その他,施錠した
窃盗,自転車盗,本所,言問交番,131075,東京都,墨田区,吾妻橋１丁目,2019-04-28,17,４階建て以上共同住宅,駐車（輪）場,20歳代,その他,施錠した
窃盗,自転車盗,本所,言問交番,131075,東京都,墨田区,吾妻橋１丁目,2020-03-17,10,道路上,その他,70歳以上,その他,施錠した
窃盗,自転車盗,本所,言問交番,131075,東京都,墨田区,吾妻橋１丁目,2020-03-24,16,駐車（輪）場,駐車（輪）場,40歳代,その他,施錠した
窃盗,自転車盗,本所,言問交番,131075,東京都,墨田区,吾妻橋１丁目,2020-09-24,15,４階建て以上共同住宅,駐車（輪）場,70歳以上,その他,施錠した
窃盗,自転車盗,本所,言問交番,131075,東京都,墨田区,吾妻橋１丁目,2020-10-19,17,道路上,その他,40歳代,その他,施錠した
窃盗,自転車盗,本所,言問交番,131075,東京都,墨田区,吾妻橋３丁目,2020-03-27,21,４階建て以上共同住宅,駐車（輪）場,20歳代,その他,施錠した
窃盗,自転車盗,本所,言問交番,131075,東京都,墨田区,吾妻橋３丁目,2020-07-02,20,その他の住宅（３階建て以下共同住宅等）,駐車（輪）場,30歳代,その他,施錠した
窃盗,自転車盗,本所,言問交番,131075,東京都,墨田区,本所３丁目,2020-07-25,22,４階建て以上共同住宅,駐車（輪）場,40歳代,その他,施錠した
窃盗,自転車盗,本所,言問交番,131075,東京都,墨田区,向島１丁目,2020-10-24,22,道路上,その他,60-64歳,その他,施錠した
窃盗,自転車盗,本所,言問交番,131075,東京都,墨田区,向島１丁目,2020-10-25,22,一戸建住宅,その他,30歳代,その他,施錠した
窃盗,自転車盗,向島,平井橋交番,131075,東京都,墨田区,立花３丁目,2020-10-07,19,４階建て以上共同住宅,駐車（輪）場,30歳代,その他,施錠した
窃盗,自転車盗,向島,平井橋交番,131075,東京都,墨田区,立花５丁目,2020-04-14,17,道路上,その他,50歳代,その他,施錠した
窃盗,自転車盗,向島,平井橋交番,131075,東京都,墨田区,立花６丁目,2020-05-01,00,その他の住宅（３階建て以下共同住宅等）,その他,20歳代,その他,施錠した
窃盗,自転車盗,向島,小村井交番,131075,東京都,墨田区,立花１丁目,2019-10-27,16,４階建て以上共同住宅,駐車（輪）場,30歳代,その他,施錠した
窃盗,自転車盗,向島,小村井交番,131075,東京都,墨田区,立花１丁目,2020-01-23,20,４階建て以上共同住宅,駐車（輪）場,50歳代,その他,施錠した
窃盗,自転車盗,向島,小村井交番,131075,東京都,墨田区,立花１丁目,2020-01-31,12,４階建て以上共同住宅,駐車（輪）場,70歳以上,その他,施錠した
窃盗,自転車盗,向島,小村井交番,131075,東京都,墨田区,立花１丁目,2020-02-25,15,４階建て以上共同住宅,駐車（輪）場,10歳未満,小学生,施錠した
窃盗,自転車盗,向島,小村井交番,131075,東京都,墨田区,立花１丁目,2020-03-22,11,駐車（輪）場,駐車（輪）場,50歳代,その他,施錠した
窃盗,自転車盗,向島,小村井交番,131075,東京都,墨田区,立花１丁目,2020-05-05,17,道路上,その他,40歳代,その他,施錠した
窃盗,自転車盗,向島,小村井交番,131075,東京都,墨田区,立花１丁目,2020-08-17,21,４階建て以上共同住宅,駐車（輪）場,20歳代,大学生,施錠した
窃盗,自転車盗,向島,小村井交番,131075,東京都,墨田区,立花３丁目,2020-07-18,21,その他の住宅（３階建て以下共同住宅等）,駐車（輪）場,30歳代,その他,施錠した
窃盗,自転車盗,向島,小村井交番,131075,東京都,墨田区,立花４丁目,2020-03-11,09,駐車（輪）場,駐車（輪）場,70歳以上,その他,施錠した
窃盗,自転車盗,向島,小村井交番,131075,東京都,墨田区,立花４丁目,2020-07-10,16,その他の住宅（３階建て以下共同住宅等）,駐車（輪）場,10歳代,高校生,施錠した
窃盗,自転車盗,向島,小村井交番,131075,東京都,墨田区,文花１丁目,2020-02-13,18,４階建て以上共同住宅,駐車（輪）場,10歳代,小学生,施錠した
窃盗,自転車盗,向島,小村井交番,131075,東京都,墨田区,文花１丁目,2020-03-10,17,４階建て以上共同住宅,駐車（輪）場,10歳代,小学生,施錠した
窃盗,自転車盗,向島,小村井交番,131075,東京都,墨田区,文花１丁目,2020-05-12,19,４階建て以上共同住宅,駐車（輪）場,30歳代,その他,施錠した
窃盗,自転車盗,向島,小村井交番,131075,東京都,墨田区,文花１丁目,2020-05-22,22,その他,駐車（輪）場,40歳代,その他,施錠した
窃盗,自転車盗,向島,小村井交番,131075,東京都,墨田区,文花１丁目,2020-07-24,23,４階建て以上共同住宅,駐車（輪）場,10歳代,中学生,施錠した
窃盗,自転車盗,向島,小村井交番,131075,東京都,墨田区,文花１丁目,2020-09-01,20,４階建て以上共同住宅,駐車（輪）場,10歳代,高校生,施錠した
窃盗,自転車盗,向島,小村井交番,131075,東京都,墨田区,文花３丁目,2019-05-13,17,その他,駐車（輪）場,法人・団体、被害者なし,法人・団体、被害者なし,施錠した
窃盗,自転車盗,向島,小村井交番,131075,東京都,墨田区,文花３丁目,2020-02-01,00,道路上,その他,40歳代,その他,施錠した
窃盗,自転車盗,向島,小村井交番,131075,東京都,墨田区,文花３丁目,2020-10-12,01,４階建て以上共同住宅,駐車（輪）場,20歳代,その他,施錠した
窃盗,自転車盗,向島,京島二丁目交番,131075,東京都,墨田区,京島１丁目,2020-02-25,09,その他,駐車（輪）場,50歳代,その他,施錠した
窃盗,自転車盗,向島,京島二丁目交番,131075,東京都,墨田区,京島１丁目,2020-09-24,07,その他,駐車（輪）場,20歳代,その他,施錠した
窃盗,自転車盗,向島,京島二丁目交番,131075,東京都,墨田区,八広２丁目,2019-12-02,17,その他の住宅（３階建て以下共同住宅等）,駐車（輪）場,30歳代,その他,施錠した
窃盗,自転車盗,向島,京島二丁目交番,131075,東京都,墨田区,八広２丁目,2020-09-22,12,道路上,その他,50歳代,その他,施錠した
窃盗,自転車盗,向島,曳舟交番,131075,東京都,墨田区,京島１丁目,2020-06-15,14,道路上,その他,50歳代,その他,施錠した
窃盗,自転車盗,向島,曳舟交番,131075,東京都,墨田区,京島１丁目,2020-07-06,16,道路上,その他,50歳代,その他,施錠した
窃盗,自転車盗,向島,曳舟交番,131075,東京都,墨田区,東向島１丁目,2020-05-02,01,その他の住宅（３階建て以下共同住宅等）,駐車（輪）場,30歳代,その他,施錠した
窃盗,自転車盗,向島,曳舟交番,131075,東京都,墨田区,東向島１丁目,2020-10-29,09,道路上,その他,30歳代,その他,施錠した
窃盗,自転車盗,向島,曳舟交番,131075,東京都,墨田区,東向島１丁目,2020-11-03,13,その他の住宅（３階建て以下共同住宅等）,駐車（輪）場,70歳以上,その他,施錠した
窃盗,自転車盗,向島,曳舟交番,131075,東京都,墨田区,東向島２丁目,2019-12-28,09,駐車（輪）場,駐車（輪）場,10歳代,その他,施錠した
窃盗,自転車盗,向島,曳舟交番,131075,東京都,墨田区,東向島２丁目,2020-02-01,17,道路上,その他,70歳以上,その他,施錠した
窃盗,自転車盗,向島,曳舟交番,131075,東京都,墨田区,東向島２丁目,2020-03-20,11,その他,駐車（輪）場,20歳代,その他,施錠した
窃盗,自転車盗,向島,曳舟交番,131075,東京都,墨田区,東向島２丁目,2020-09-10,20,４階建て以上共同住宅,駐車（輪）場,40歳代,その他,施錠した
窃盗,自転車盗,向島,曳舟交番,131075,東京都,墨田区,東向島２丁目,2020-10-18,20,その他,駐車（輪）場,20歳代,その他,施錠した
窃盗,自転車盗,向島,東向島交番,131075,東京都,墨田区,京島１丁目,2020-02-25,12,道路上,その他,10歳代,中学生,施錠した
窃盗,自転車盗,向島,東向島交番,131075,東京都,墨田区,東向島２丁目,2019-12-15,00,その他の住宅（３階建て以下共同住宅等）,駐車（輪）場,50歳代,その他,施錠した
窃盗,自転車盗,向島,東向島交番,131075,東京都,墨田区,東向島２丁目,2020-02-25,21,その他の住宅（３階建て以下共同住宅等）,駐車（輪）場,20歳代,その他,施錠した
窃盗,自転車盗,向島,東向島交番,131075,東京都,墨田区,東向島２丁目,2020-05-14,12,一戸建住宅,その他,30歳代,その他,施錠した
窃盗,自転車盗,向島,東向島交番,131075,東京都,墨田区,東向島３丁目,2019-12-21,16,その他,駐車（輪）場,法人・団体、被害者なし,法人・団体、被害者なし,施錠した
窃盗,自転車盗,向島,東向島交番,131075,東京都,墨田区,東向島４丁目,2020-10-30,07,駐車（輪）場,駐車（輪）場,20歳代,その他,施錠した
窃盗,自転車盗,向島,東向島交番,131075,東京都,墨田区,東向島５丁目,2020-03-14,14,一戸建住宅,その他,50歳代,その他,施錠した
窃盗,自転車盗,向島,東向島交番,131075,東京都,墨田区,東向島５丁目,2020-07-22,19,道路上,その他,40歳代,その他,施錠した
窃盗,自転車盗,向島,東向島交番,131075,東京都,墨田区,東向島６丁目,2019-12-28,17,その他,駐車（輪）場,10歳代,高校生,施錠した
窃盗,自転車盗,向島,東向島交番,131075,東京都,墨田区,東向島６丁目,2020-01-11,00,一戸建住宅,駐車（輪）場,30歳代,その他,施錠した
窃盗,自転車盗,向島,東向島交番,131075,東京都,墨田区,八広１丁目,2020-10-07,05,４階建て以上共同住宅,駐車（輪）場,30歳代,その他,施錠した
窃盗,自転車盗,向島,東向島交番,131075,東京都,墨田区,八広６丁目,2020-01-10,08,駐車（輪）場,駐車（輪）場,10歳代,その他,施錠した
窃盗,自転車盗,向島,白鬚橋交番,131075,東京都,墨田区,墨田１丁目,2020-04-19,09,その他,その他,70歳以上,その他,施錠した
窃盗,自転車盗,向島,白鬚橋交番,131075,東京都,墨田区,墨田１丁目,2020-04-27,17,４階建て以上共同住宅,その他,10歳代,小学生,施錠した
窃盗,自転車盗,向島,白鬚橋交番,131075,東京都,墨田区,墨田１丁目,2020-05-05,08,４階建て以上共同住宅,駐車（輪）場,40歳代,その他,施錠した
窃盗,自転車盗,向島,白鬚橋交番,131075,東京都,墨田区,墨田２丁目,2020-04-27,16,４階建て以上共同住宅,駐車（輪）場,30歳代,その他,施錠した
窃盗,自転車盗,向島,白鬚橋交番,131075,東京都,墨田区,堤通１丁目,2019-11-30,18,その他,駐車（輪）場,70歳以上,その他,施錠した
窃盗,自転車盗,向島,白鬚橋交番,131075,東京都,墨田区,堤通１丁目,2020-02-01,14,一戸建住宅,その他,50歳代,その他,施錠した
窃盗,自転車盗,向島,白鬚橋交番,131075,東京都,墨田区,堤通１丁目,2020-02-29,18,４階建て以上共同住宅,駐車（輪）場,10歳代,中学生,施錠した
窃盗,自転車盗,向島,白鬚橋交番,131075,東京都,墨田区,堤通１丁目,2020-09-06,06,４階建て以上共同住宅,駐車（輪）場,40歳代,その他,施錠した
窃盗,自転車盗,向島,白鬚橋交番,131075,東京都,墨田区,堤通１丁目,2020-10-08,18,４階建て以上共同住宅,駐車（輪）場,10歳代,中学生,施錠した
窃盗,自転車盗,向島,白鬚橋交番,131075,東京都,墨田区,堤通１丁目,2020-11-14,19,その他,駐車（輪）場,20歳代,大学生,施錠した
窃盗,自転車盗,向島,白鬚橋交番,131075,東京都,墨田区,堤通２丁目,2020-02-09,19,４階建て以上共同住宅,駐車（輪）場,30歳代,その他,施錠した
窃盗,自転車盗,向島,白鬚橋交番,131075,東京都,墨田区,堤通２丁目,2020-10-19,01,４階建て以上共同住宅,駐車（輪）場,20歳代,その他,施錠した
窃盗,自転車盗,向島,白鬚橋交番,131075,東京都,墨田区,東向島３丁目,2020-06-27,17,４階建て以上共同住宅,駐車（輪）場,20歳代,その他,施錠した
窃盗,自転車盗,向島,白鬚橋交番,131075,東京都,墨田区,東向島３丁目,2020-11-15,22,４階建て以上共同住宅,駐車（輪）場,40歳代,その他,施錠した
窃盗,自転車盗,向島,白鬚橋交番,131075,東京都,墨田区,東向島４丁目,2020-08-30,15,一戸建住宅,その他,20歳代,その他,施錠した
窃盗,自転車盗,向島,鐘ケ淵駅前交番,131075,東京都,墨田区,墨田２丁目,2020-01-04,17,一戸建住宅,駐車（輪）場,40歳代,その他,施錠した
窃盗,自転車盗,向島,鐘ケ淵駅前交番,131075,東京都,墨田区,墨田２丁目,2020-07-24,18,一戸建住宅,その他,30歳代,その他,施錠した
窃盗,自転車盗,向島,鐘ケ淵駅前交番,131075,東京都,墨田区,墨田３丁目,2020-02-14,13,駐車（輪）場,駐車（輪）場,30歳代,その他,施錠した
窃盗,自転車盗,向島,鐘ケ淵駅前交番,131075,東京都,墨田区,墨田４丁目,2020-05-31,20,一戸建住宅,その他,50歳代,その他,施錠した
窃盗,自転車盗,向島,鐘ケ淵駅前交番,131075,東京都,墨田区,墨田４丁目,2020-09-17,09,道路上,その他,70歳以上,その他,施錠した
窃盗,自転車盗,向島,鐘ケ淵駅前交番,131075,東京都,墨田区,墨田４丁目,2020-10-14,01,道路上,その他,50歳代,その他,施錠した
窃盗,自転車盗,向島,鐘ケ淵駅前交番,131075,東京都,墨田区,墨田４丁目,2020-10-19,18,その他の住宅（３階建て以下共同住宅等）,その他,30歳代,その他,施錠した
窃盗,自転車盗,向島,鐘ケ淵駅前交番,131075,東京都,墨田区,墨田４丁目,2020-10-20,18,その他の住宅（３階建て以下共同住宅等）,その他,30歳代,その他,施錠した
窃盗,自転車盗,向島,鐘ケ淵駅前交番,131075,東京都,墨田区,墨田５丁目,2019-12-14,07,駐車（輪）場,駐車（輪）場,50歳代,その他,施錠した
窃盗,自転車盗,向島,鐘ケ淵駅前交番,131075,東京都,墨田区,墨田５丁目,2020-02-17,21,４階建て以上共同住宅,駐車（輪）場,20歳代,その他,施錠した
窃盗,自転車盗,向島,鐘ケ淵駅前交番,131075,東京都,墨田区,堤通２丁目,2019-12-15,12,４階建て以上共同住宅,駐車（輪）場,20歳代,大学生,施錠した
窃盗,自転車盗,向島,鐘ケ淵駅前交番,131075,東京都,墨田区,堤通２丁目,2020-04-25,15,４階建て以上共同住宅,その他,65-69歳,その他,施錠した
窃盗,自転車盗,向島,墨田三丁目交番,131075,東京都,墨田区,東向島４丁目,2020-03-28,04,その他の住宅（３階建て以下共同住宅等）,その他,30歳代,その他,施錠した
窃盗,自転車盗,向島,墨田三丁目交番,131075,東京都,墨田区,東向島６丁目,2020-09-22,17,４階建て以上共同住宅,駐車（輪）場,30歳代,その他,施錠した
窃盗,自転車盗,向島,四ツ木橋交番,131075,東京都,墨田区,東向島５丁目,2020-10-13,13,その他,その他,20歳代,その他,施錠した
窃盗,自転車盗,向島,四ツ木橋交番,131075,東京都,墨田区,八広６丁目,2020-09-23,11,一戸建住宅,その他,10歳代,高校生,施錠した
窃盗,自転車盗,向島,八広四丁目交番,131075,東京都,墨田区,東墨田２丁目,2020-05-27,07,その他の住宅（３階建て以下共同住宅等）,駐車（輪）場,50歳代,その他,施錠した
窃盗,自転車盗,向島,八広四丁目交番,131075,東京都,墨田区,八広１丁目,2020-01-05,21,道路上,その他,10歳代,大学生,施錠した
窃盗,自転車盗,向島,八広四丁目交番,131075,東京都,墨田区,八広１丁目,2020-02-14,04,４階建て以上共同住宅,駐車（輪）場,40歳代,その他,施錠した
窃盗,自転車盗,向島,八広四丁目交番,131075,東京都,墨田区,八広１丁目,2020-07-17,18,４階建て以上共同住宅,駐車（輪）場,20歳代,その他,施錠した
窃盗,自転車盗,向島,八広四丁目交番,131075,東京都,墨田区,八広４丁目,2019-12-30,22,４階建て以上共同住宅,駐車（輪）場,50歳代,その他,施錠した
窃盗,自転車盗,向島,八広四丁目交番,131075,東京都,墨田区,八広４丁目,2020-06-12,08,一戸建住宅,その他,20歳代,その他,施錠した
窃盗,自転車盗,向島,八広四丁目交番,131075,東京都,墨田区,八広５丁目,2019-11-29,20,道路上,その他,40歳代,その他,施錠した
窃盗,自転車盗,向島,堤通駐在所,131075,東京都,墨田区,墨田５丁目,2020-03-25,07,道路上,その他,50歳代,その他,施錠した
窃盗,自転車盗,亀有,小菅交番,131229,東京都,葛飾区,小菅１丁目,2020-10-03,19,道路上,その他,20歳代,その他,施錠した
窃盗,自転車盗,亀有,小菅交番,131229,東京都,葛飾区,小菅２丁目,2020-06-13,08,４階建て以上共同住宅,駐車（輪）場,20歳代,その他,施錠した
窃盗,自転車盗,亀有,小菅交番,131229,東京都,葛飾区,小菅３丁目,2020-10-29,06,その他の住宅（３階建て以下共同住宅等）,駐車（輪）場,30歳代,その他,施錠した
窃盗,自転車盗,亀有,小菅交番,131229,東京都,葛飾区,小菅４丁目,2020-02-25,10,４階建て以上共同住宅,駐車（輪）場,20歳代,その他,施錠した
窃盗,自転車盗,亀有,小菅交番,131229,東京都,葛飾区,小菅４丁目,2020-05-20,13,その他,駐車（輪）場,60-64歳,その他,施錠した
窃盗,自転車盗,亀有,堀切七丁目交番,131229,東京都,葛飾区,東堀切１丁目,2020-04-05,01,４階建て以上共同住宅,駐車（輪）場,50歳代,その他,施錠した
窃盗,自転車盗,亀有,堀切七丁目交番,131229,東京都,葛飾区,東堀切２丁目,2020-02-15,16,４階建て以上共同住宅,駐車（輪）場,40歳代,その他,施錠した
窃盗,自転車盗,亀有,堀切七丁目交番,131229,東京都,葛飾区,東堀切２丁目,2020-02-28,22,一戸建住宅,その他,20歳代,その他,施錠した
窃盗,自転車盗,亀有,堀切七丁目交番,131229,東京都,葛飾区,東堀切２丁目,2020-11-11,13,その他の住宅（３階建て以下共同住宅等）,駐車（輪）場,10歳代,その他,施錠した
窃盗,自転車盗,亀有,堀切七丁目交番,131229,東京都,葛飾区,東堀切３丁目,2020-12-05,18,４階建て以上共同住宅,駐車（輪）場,65-69歳,その他,施錠した
窃盗,自転車盗,亀有,堀切七丁目交番,131229,東京都,葛飾区,堀切５丁目,2020-04-26,17,４階建て以上共同住宅,駐車（輪）場,40歳代,その他,施錠した
窃盗,自転車盗,亀有,堀切七丁目交番,131229,東京都,葛飾区,堀切５丁目,2020-07-25,22,その他の住宅（３階建て以下共同住宅等）,駐車（輪）場,20歳代,その他,施錠した
窃盗,自転車盗,亀有,堀切七丁目交番,131229,東京都,葛飾区,堀切５丁目,2020-10-20,19,一戸建住宅,その他,70歳以上,その他,施錠した
窃盗,自転車盗,亀有,堀切七丁目交番,131229,東京都,葛飾区,堀切７丁目,2020-09-21,22,道路上,その他,20歳代,大学生,施錠した
窃盗,自転車盗,亀有,お花茶屋交番,131229,東京都,葛飾区,青戸６丁目,2020-04-22,21,４階建て以上共同住宅,駐車（輪）場,30歳代,その他,施錠した
窃盗,自転車盗,亀有,お花茶屋交番,131229,東京都,葛飾区,お花茶屋２丁目,2020-11-04,18,その他,駐車（輪）場,50歳代,その他,施錠した
窃盗,自転車盗,亀有,お花茶屋交番,131229,東京都,葛飾区,お花茶屋３丁目,2020-01-10,21,４階建て以上共同住宅,駐車（輪）場,10歳代,小学生,施錠した
窃盗,自転車盗,亀有,お花茶屋交番,131229,東京都,葛飾区,お花茶屋３丁目,2020-02-21,15,４階建て以上共同住宅,駐車（輪）場,10歳代,小学生,施錠した
窃盗,自転車盗,亀有,お花茶屋交番,131229,東京都,葛飾区,お花茶屋３丁目,2020-05-01,18,その他の住宅（３階建て以下共同住宅等）,駐車（輪）場,30歳代,その他,施錠した
窃盗,自転車盗,亀有,お花茶屋交番,131229,東京都,葛飾区,亀有３丁目,2020-02-02,14,その他,駐車（輪）場,20歳代,その他,施錠した
窃盗,自転車盗,亀有,お花茶屋交番,131229,東京都,葛飾区,白鳥１丁目,2020-02-20,06,道路上,その他,70歳以上,その他,施錠した
窃盗,自転車盗,亀有,お花茶屋交番,131229,東京都,葛飾区,白鳥２丁目,2020-03-13,20,その他の住宅（３階建て以下共同住宅等）,駐車（輪）場,20歳代,その他,施錠した
窃盗,自転車盗,亀有,お花茶屋交番,131229,東京都,葛飾区,白鳥２丁目,2020-06-23,19,その他の住宅（３階建て以下共同住宅等）,駐車（輪）場,65-69歳,その他,施錠した
窃盗,自転車盗,亀有,お花茶屋交番,131229,東京都,葛飾区,白鳥３丁目,2020-04-24,12,４階建て以上共同住宅,駐車（輪）場,60-64歳,その他,施錠した
窃盗,自転車盗,亀有,お花茶屋交番,131229,東京都,葛飾区,東堀切２丁目,2020-02-09,05,その他の住宅（３階建て以下共同住宅等）,駐車（輪）場,40歳代,その他,施錠した
窃盗,自転車盗,亀有,お花茶屋交番,131229,東京都,葛飾区,東堀切２丁目,2020-03-03,17,４階建て以上共同住宅,駐車（輪）場,65-69歳,その他,施錠した
窃盗,自転車盗,亀有,お花茶屋交番,131229,東京都,葛飾区,東堀切３丁目,2020-07-09,13,４階建て以上共同住宅,駐車（輪）場,70歳以上,その他,施錠した
窃盗,自転車盗,亀有,お花茶屋交番,131229,東京都,葛飾区,堀切５丁目,2020-01-11,15,駐車（輪）場,駐車（輪）場,65-69歳,その他,施錠した
窃盗,自転車盗,亀有,お花茶屋交番,131229,東京都,葛飾区,堀切５丁目,2020-06-12,18,一戸建住宅,駐車（輪）場,10歳代,高校生,施錠した
窃盗,自転車盗,亀有,青戸交番,131229,東京都,葛飾区,青戸３丁目,2020-06-15,17,４階建て以上共同住宅,駐車（輪）場,65-69歳,その他,施錠した
窃盗,自転車盗,亀有,青戸交番,131229,東京都,葛飾区,青戸３丁目,2020-10-05,16,４階建て以上共同住宅,駐車（輪）場,40歳代,その他,施錠した
窃盗,自転車盗,亀有,青戸交番,131229,東京都,葛飾区,青戸４丁目,2020-05-16,16,その他の住宅（３階建て以下共同住宅等）,駐車（輪）場,10歳代,中学生,施錠した
窃盗,自転車盗,亀有,青戸交番,131229,東京都,葛飾区,青戸６丁目,2020-04-22,18,４階建て以上共同住宅,駐車（輪）場,50歳代,その他,施錠した
窃盗,自転車盗,亀有,青戸交番,131229,東京都,葛飾区,青戸７丁目,2020-02-22,18,その他の住宅（３階建て以下共同住宅等）,駐車（輪）場,10歳未満,小学生,施錠した
窃盗,自転車盗,亀有,青戸交番,131229,東京都,葛飾区,青戸８丁目,2020-04-22,20,一戸建住宅,駐車（輪）場,30歳代,その他,施錠した
窃盗,自転車盗,亀有,青戸交番,131229,東京都,葛飾区,青戸８丁目,2020-06-20,21,４階建て以上共同住宅,駐車（輪）場,40歳代,その他,施錠した
窃盗,自転車盗,亀有,青戸交番,131229,東京都,葛飾区,亀有１丁目,2020-01-10,22,４階建て以上共同住宅,駐車（輪）場,50歳代,その他,施錠した
窃盗,自転車盗,亀有,青戸交番,131229,東京都,葛飾区,亀有１丁目,2020-01-14,17,４階建て以上共同住宅,駐車（輪）場,30歳代,その他,施錠した
窃盗,自転車盗,亀有,青戸交番,131229,東京都,葛飾区,亀有１丁目,2020-04-28,21,駐車（輪）場,駐車（輪）場,40歳代,その他,施錠した
窃盗,自転車盗,亀有,青戸交番,131229,東京都,葛飾区,白鳥４丁目,2020-02-24,12,４階建て以上共同住宅,駐車（輪）場,20歳代,その他,施錠した
窃盗,自転車盗,亀有,青戸交番,131229,東京都,葛飾区,白鳥４丁目,2020-08-23,23,４階建て以上共同住宅,駐車（輪）場,20歳代,その他,施錠した
窃盗,自転車盗,亀有,青戸交番,131229,東京都,葛飾区,白鳥４丁目,2020-10-30,18,道路上,その他,40歳代,その他,施錠した
窃盗,自転車盗,亀有,亀有駅南口交番,131229,東京都,葛飾区,金町６丁目,2020-02-12,19,その他,駐車（輪）場,20歳代,その他,施錠した
窃盗,自転車盗,亀有,亀有駅南口交番,131229,東京都,葛飾区,亀有１丁目,2020-04-03,08,４階建て以上共同住宅,駐車（輪）場,40歳代,その他,施錠した
窃盗,自転車盗,亀有,亀有駅南口交番,131229,東京都,葛飾区,亀有１丁目,2020-04-17,19,４階建て以上共同住宅,駐車（輪）場,30歳代,その他,施錠した
窃盗,自転車盗,亀有,亀有駅南口交番,131229,東京都,葛飾区,亀有２丁目,2019-12-28,12,駐車（輪）場,駐車（輪）場,20歳代,その他,施錠した
窃盗,自転車盗,亀有,亀有駅南口交番,131229,東京都,葛飾区,亀有２丁目,2020-02-15,13,道路上,その他,70歳以上,その他,施錠した
窃盗,自転車盗,亀有,亀有駅南口交番,131229,東京都,葛飾区,亀有２丁目,2020-07-04,18,４階建て以上共同住宅,駐車（輪）場,10歳代,高校生,施錠した
窃盗,自転車盗,亀有,亀有駅南口交番,131229,東京都,葛飾区,亀有３丁目,2019-12-25,14,その他,駐車（輪）場,10歳代,高校生,施錠した
窃盗,自転車盗,亀有,亀有駅南口交番,131229,東京都,葛飾区,亀有３丁目,2019-12-28,19,その他,駐車（輪）場,10歳代,高校生,施錠した
窃盗,自転車盗,亀有,亀有駅南口交番,131229,東京都,葛飾区,亀有３丁目,2019-12-30,18,その他,駐車（輪）場,10歳代,高校生,施錠した
窃盗,自転車盗,亀有,亀有駅南口交番,131229,東京都,葛飾区,亀有３丁目,2020-01-03,19,道路上,その他,50歳代,その他,施錠した
窃盗,自転車盗,亀有,亀有駅南口交番,131229,東京都,葛飾区,亀有３丁目,2020-01-22,18,その他,駐車（輪）場,10歳代,高校生,施錠した
窃盗,自転車盗,亀有,亀有駅南口交番,131229,東京都,葛飾区,亀有３丁目,2020-01-29,16,その他,駐車（輪）場,10歳代,高校生,施錠した
窃盗,自転車盗,亀有,亀有駅南口交番,131229,東京都,葛飾区,亀有３丁目,2020-02-04,20,その他の住宅（３階建て以下共同住宅等）,駐車（輪）場,20歳代,その他,施錠した
窃盗,自転車盗,亀有,亀有駅南口交番,131229,東京都,葛飾区,亀有３丁目,2020-02-07,16,その他,駐車（輪）場,20歳代,大学生,施錠した
窃盗,自転車盗,亀有,亀有駅南口交番,131229,東京都,葛飾区,亀有３丁目,2020-03-04,16,その他,駐車（輪）場,20歳代,その他,施錠した
窃盗,自転車盗,亀有,亀有駅南口交番,131229,東京都,葛飾区,亀有３丁目,2020-03-06,22,道路上,その他,20歳代,その他,施錠した
窃盗,自転車盗,亀有,亀有駅南口交番,131229,東京都,葛飾区,亀有３丁目,2020-03-16,15,その他,駐車（輪）場,10歳代,高校生,施錠した
窃盗,自転車盗,亀有,亀有駅南口交番,131229,東京都,葛飾区,亀有３丁目,2020-03-19,21,４階建て以上共同住宅,駐車（輪）場,50歳代,その他,施錠した
窃盗,自転車盗,亀有,亀有駅南口交番,131229,東京都,葛飾区,亀有３丁目,2020-05-01,17,その他,駐車（輪）場,20歳代,その他,施錠した
窃盗,自転車盗,亀有,亀有駅南口交番,131229,東京都,葛飾区,亀有３丁目,2020-05-10,09,その他,駐車（輪）場,10歳代,大学生,施錠した
窃盗,自転車盗,亀有,亀有駅南口交番,131229,東京都,葛飾区,亀有３丁目,2020-05-31,06,駐車（輪）場,駐車（輪）場,40歳代,その他,施錠した
窃盗,自転車盗,亀有,亀有駅南口交番,131229,東京都,葛飾区,亀有３丁目,2020-05-31,19,その他,駐車（輪）場,10歳代,中学生,施錠した
窃盗,自転車盗,亀有,亀有駅南口交番,131229,東京都,葛飾区,亀有３丁目,2020-06-10,17,その他,駐車（輪）場,10歳代,高校生,施錠した
窃盗,自転車盗,亀有,亀有駅南口交番,131229,東京都,葛飾区,亀有３丁目,2020-06-23,13,その他,駐車（輪）場,20歳代,大学生,施錠した
窃盗,自転車盗,亀有,亀有駅南口交番,131229,東京都,葛飾区,亀有３丁目,2020-06-28,02,駐車（輪）場,駐車（輪）場,50歳代,その他,施錠した
窃盗,自転車盗,亀有,亀有駅南口交番,131229,東京都,葛飾区,亀有３丁目,2020-07-02,16,駐車（輪）場,駐車（輪）場,20歳代,大学生,施錠した
窃盗,自転車盗,亀有,亀有駅南口交番,131229,東京都,葛飾区,亀有３丁目,2020-07-03,15,その他,駐車（輪）場,20歳代,大学生,施錠した
窃盗,自転車盗,亀有,亀有駅南口交番,131229,東京都,葛飾区,亀有３丁目,2020-07-08,16,その他,駐車（輪）場,10歳代,高校生,施錠した
窃盗,自転車盗,亀有,亀有駅南口交番,131229,東京都,葛飾区,亀有３丁目,2020-07-12,15,その他,駐車（輪）場,10歳代,中学生,施錠した
窃盗,自転車盗,亀有,亀有駅南口交番,131229,東京都,葛飾区,亀有３丁目,2020-08-02,03,道路上,その他,30歳代,その他,施錠した
窃盗,自転車盗,亀有,亀有駅南口交番,131229,東京都,葛飾区,亀有３丁目,2020-08-31,11,駐車（輪）場,駐車（輪）場,30歳代,その他,施錠した
窃盗,自転車盗,亀有,亀有駅南口交番,131229,東京都,葛飾区,亀有３丁目,2020-09-07,16,駐車（輪）場,駐車（輪）場,20歳代,その他,施錠した
窃盗,自転車盗,亀有,亀有駅南口交番,131229,東京都,葛飾区,亀有３丁目,2020-09-13,15,その他,駐車（輪）場,10歳代,高校生,施錠した
窃盗,自転車盗,亀有,亀有駅南口交番,131229,東京都,葛飾区,亀有３丁目,2020-09-20,11,その他,駐車（輪）場,20歳代,その他,施錠した
窃盗,自転車盗,亀有,亀有駅南口交番,131229,東京都,葛飾区,亀有３丁目,2020-09-20,11,その他,駐車（輪）場,30歳代,その他,施錠した
窃盗,自転車盗,亀有,亀有駅南口交番,131229,東京都,葛飾区,亀有３丁目,2020-09-30,17,道路上,その他,50歳代,その他,施錠した
窃盗,自転車盗,亀有,亀有駅南口交番,131229,東京都,葛飾区,亀有３丁目,2020-10-20,10,道路上,その他,65-69歳,その他,施錠した
窃盗,自転車盗,亀有,亀有駅南口交番,131229,東京都,葛飾区,西亀有２丁目,2020-09-09,04,４階建て以上共同住宅,駐車（輪）場,30歳代,その他,施錠した
窃盗,自転車盗,亀有,亀有駅南口交番,131229,東京都,葛飾区,西亀有３丁目,2020-01-31,13,４階建て以上共同住宅,駐車（輪）場,30歳代,その他,施錠した
窃盗,自転車盗,亀有,亀有駅北口交番,131229,東京都,葛飾区,亀有３丁目,2020-03-22,20,道路上,その他,60-64歳,その他,施錠した
窃盗,自転車盗,亀有,亀有駅北口交番,131229,東京都,葛飾区,亀有５丁目,2019-12-02,12,その他,駐車（輪）場,10歳代,高校生,施錠した
窃盗,自転車盗,亀有,亀有駅北口交番,131229,東京都,葛飾区,亀有５丁目,2019-12-18,08,道路上,その他,20歳代,その他,施錠した
窃盗,自転車盗,亀有,亀有駅北口交番,131229,東京都,葛飾区,亀有５丁目,2019-12-26,09,その他,駐車（輪）場,20歳代,その他,施錠した
窃盗,自転車盗,亀有,亀有駅北口交番,131229,東京都,葛飾区,亀有５丁目,2020-03-23,12,道路上,その他,20歳代,その他,施錠した
窃盗,自転車盗,亀有,亀有駅北口交番,131229,東京都,葛飾区,亀有５丁目,2020-04-17,12,その他,駐車（輪）場,20歳代,その他,施錠した
窃盗,自転車盗,亀有,亀有駅北口交番,131229,東京都,葛飾区,亀有５丁目,2020-05-08,20,４階建て以上共同住宅,駐車（輪）場,40歳代,その他,施錠した
窃盗,自転車盗,亀有,亀有駅北口交番,131229,東京都,葛飾区,亀有５丁目,2020-05-17,11,その他,駐車（輪）場,40歳代,その他,施錠した
窃盗,自転車盗,亀有,亀有駅北口交番,131229,東京都,葛飾区,亀有５丁目,2020-06-01,08,その他,駐車（輪）場,40歳代,その他,施錠した
窃盗,自転車盗,亀有,亀有駅北口交番,131229,東京都,葛飾区,亀有５丁目,2020-06-03,17,４階建て以上共同住宅,駐車（輪）場,50歳代,その他,施錠した
窃盗,自転車盗,亀有,亀有駅北口交番,131229,東京都,葛飾区,亀有５丁目,2020-06-25,16,その他,駐車（輪）場,20歳代,その他,施錠した
窃盗,自転車盗,亀有,亀有駅北口交番,131229,東京都,葛飾区,亀有５丁目,2020-07-28,18,その他,駐車（輪）場,20歳代,その他,施錠した
窃盗,自転車盗,亀有,亀有駅北口交番,131229,東京都,葛飾区,亀有５丁目,2020-12-13,02,４階建て以上共同住宅,駐車（輪）場,20歳代,大学生,施錠した
窃盗,自転車盗,亀有,亀有駅北口交番,131229,東京都,葛飾区,西亀有４丁目,2020-01-27,16,４階建て以上共同住宅,駐車（輪）場,30歳代,その他,施錠した
窃盗,自転車盗,亀有,亀有駅北口交番,131229,東京都,葛飾区,西亀有４丁目,2020-03-13,16,道路上,その他,70歳以上,その他,施錠した
窃盗,自転車盗,亀有,亀有駅北口交番,131229,東京都,葛飾区,西亀有４丁目,2020-03-23,09,道路上,その他,65-69歳,その他,施錠した
窃盗,自転車盗,亀有,亀有駅北口交番,131229,東京都,葛飾区,西亀有４丁目,2020-03-26,16,４階建て以上共同住宅,駐車（輪）場,10歳代,中学生,施錠した
窃盗,自転車盗,亀有,亀有駅北口交番,131229,東京都,葛飾区,西亀有４丁目,2020-07-17,18,その他の住宅（３階建て以下共同住宅等）,駐車（輪）場,70歳以上,その他,施錠した
窃盗,自転車盗,亀有,亀有駅北口交番,131229,東京都,葛飾区,西亀有４丁目,2020-07-25,20,その他の住宅（３階建て以下共同住宅等）,駐車（輪）場,30歳代,その他,施錠した
窃盗,自転車盗,亀有,亀有駅北口交番,131229,東京都,葛飾区,東金町２丁目,2020-08-01,20,４階建て以上共同住宅,駐車（輪）場,40歳代,その他,施錠した
窃盗,自転車盗,亀有,金町駅南口交番,131229,東京都,葛飾区,金町１丁目,2020-10-03,07,駐車（輪）場,駐車（輪）場,70歳以上,その他,施錠した
窃盗,自転車盗,亀有,金町駅南口交番,131229,東京都,葛飾区,金町２丁目,2020-04-15,22,４階建て以上共同住宅,駐車（輪）場,20歳代,その他,施錠した
窃盗,自転車盗,亀有,金町駅南口交番,131229,東京都,葛飾区,金町４丁目,2020-03-17,21,駐車（輪）場,駐車（輪）場,30歳代,その他,施錠した
窃盗,自転車盗,亀有,金町駅南口交番,131229,東京都,葛飾区,金町４丁目,2020-08-06,20,その他,駐車（輪）場,40歳代,その他,施錠した
窃盗,自転車盗,亀有,金町駅南口交番,131229,東京都,葛飾区,金町４丁目,2020-09-30,17,４階建て以上共同住宅,駐車（輪）場,70歳以上,その他,施錠した
窃盗,自転車盗,亀有,金町駅南口交番,131229,東京都,葛飾区,金町５丁目,2019-12-26,12,４階建て以上共同住宅,駐車（輪）場,20歳代,大学生,施錠した
窃盗,自転車盗,亀有,金町駅南口交番,131229,東京都,葛飾区,金町５丁目,2020-04-03,19,４階建て以上共同住宅,駐車（輪）場,40歳代,その他,施錠した
窃盗,自転車盗,亀有,金町駅南口交番,131229,東京都,葛飾区,金町５丁目,2020-12-07,22,４階建て以上共同住宅,駐車（輪）場,40歳代,その他,施錠した
窃盗,自転車盗,亀有,金町駅南口交番,131229,東京都,葛飾区,金町６丁目,2020-05-01,18,駐車（輪）場,駐車（輪）場,20歳代,その他,施錠した
窃盗,自転車盗,亀有,金町駅南口交番,131229,東京都,葛飾区,金町６丁目,2020-06-19,09,４階建て以上共同住宅,駐車（輪）場,30歳代,その他,施錠した
窃盗,自転車盗,亀有,金町駅南口交番,131229,東京都,葛飾区,金町６丁目,2020-08-07,19,その他,駐車（輪）場,20歳代,その他,施錠した
窃盗,自転車盗,亀有,金町駅南口交番,131229,東京都,葛飾区,金町６丁目,2020-11-11,13,その他,駐車（輪）場,20歳代,その他,施錠した
窃盗,自転車盗,亀有,金町駅南口交番,131229,東京都,葛飾区,東金町２丁目,2020-03-12,16,４階建て以上共同住宅,駐車（輪）場,40歳代,その他,施錠した
窃盗,自転車盗,亀有,柴又交番,131229,東京都,葛飾区,柴又１丁目,2020-10-21,18,その他の住宅（３階建て以下共同住宅等）,駐車（輪）場,10歳代,その他,施錠した
窃盗,自転車盗,亀有,柴又交番,131229,東京都,葛飾区,柴又３丁目,2020-04-12,17,その他の住宅（３階建て以下共同住宅等）,駐車（輪）場,65-69歳,その他,施錠した
窃盗,自転車盗,亀有,柴又交番,131229,東京都,葛飾区,柴又４丁目,2020-01-01,14,４階建て以上共同住宅,駐車（輪）場,70歳以上,その他,施錠した
窃盗,自転車盗,亀有,柴又交番,131229,東京都,葛飾区,柴又４丁目,2020-10-10,22,一戸建住宅,その他,50歳代,その他,施錠した
窃盗,自転車盗,亀有,柴又交番,131229,東京都,葛飾区,柴又５丁目,2020-07-31,15,道路上,その他,20歳代,その他,施錠した
窃盗,自転車盗,亀有,柴又交番,131229,東京都,葛飾区,柴又５丁目,2020-09-04,15,道路上,その他,10歳代,小学生,施錠した
窃盗,自転車盗,亀有,柴又交番,131229,東京都,葛飾区,柴又６丁目,2020-08-03,21,一戸建住宅,駐車（輪）場,10歳代,中学生,施錠した
窃盗,自転車盗,亀有,柴又交番,131229,東京都,葛飾区,柴又６丁目,2020-09-22,15,４階建て以上共同住宅,駐車（輪）場,20歳代,その他,施錠した
窃盗,自転車盗,亀有,西亀有交番,131229,東京都,葛飾区,新宿４丁目,2020-11-03,08,一戸建住宅,駐車（輪）場,10歳代,中学生,施錠した
窃盗,自転車盗,亀有,西亀有交番,131229,東京都,葛飾区,西亀有１丁目,2020-11-12,10,その他,駐車（輪）場,30歳代,その他,施錠した
窃盗,自転車盗,亀有,西亀有交番,131229,東京都,葛飾区,西亀有２丁目,2019-12-19,16,その他の住宅（３階建て以下共同住宅等）,駐車（輪）場,40歳代,その他,施錠した
窃盗,自転車盗,亀有,西亀有交番,131229,東京都,葛飾区,西亀有２丁目,2020-02-22,10,その他の住宅（３階建て以下共同住宅等）,駐車（輪）場,60-64歳,その他,施錠した
窃盗,自転車盗,亀有,西亀有交番,131229,東京都,葛飾区,西亀有２丁目,2020-11-29,12,４階建て以上共同住宅,駐車（輪）場,50歳代,その他,施錠した
窃盗,自転車盗,亀有,西亀有交番,131229,東京都,葛飾区,西亀有３丁目,2019-12-27,07,その他の住宅（３階建て以下共同住宅等）,駐車（輪）場,20歳代,その他,施錠した
窃盗,自転車盗,亀有,西亀有交番,131229,東京都,葛飾区,西亀有３丁目,2020-02-29,18,その他の住宅（３階建て以下共同住宅等）,駐車（輪）場,20歳代,その他,施錠した
窃盗,自転車盗,亀有,西亀有交番,131229,東京都,葛飾区,東堀切２丁目,2020-01-20,08,４階建て以上共同住宅,駐車（輪）場,10歳代,小学生,施錠した
窃盗,自転車盗,亀有,青戸南部駐在所,131229,東京都,葛飾区,青戸２丁目,2020-03-19,19,駐車（輪）場,駐車（輪）場,40歳代,その他,施錠した
窃盗,自転車盗,亀有,青戸南部駐在所,131229,東京都,葛飾区,青戸２丁目,2020-08-29,21,道路上,その他,20歳代,大学生,施錠した
窃盗,自転車盗,亀有,青戸南部駐在所,131229,東京都,葛飾区,青戸３丁目,2020-05-12,19,４階建て以上共同住宅,駐車（輪）場,50歳代,その他,施錠した
窃盗,自転車盗,亀有,青戸南部駐在所,131229,東京都,葛飾区,青戸６丁目,2019-12-24,18,一戸建住宅,駐車（輪）場,20歳代,大学生,施錠した
窃盗,自転車盗,亀有,亀田橋駐在所,131229,東京都,葛飾区,高砂６丁目,2020-10-23,08,一戸建住宅,その他,20歳代,その他,施錠した
窃盗,自転車盗,亀有,金町駅北口交番,131229,東京都,葛飾区,亀有５丁目,2020-04-27,11,一戸建住宅,駐車（輪）場,50歳代,その他,施錠した
窃盗,自転車盗,亀有,金町駅北口交番,131229,東京都,葛飾区,東金町１丁目,2019-12-25,16,４階建て以上共同住宅,駐車（輪）場,50歳代,その他,施錠した
窃盗,自転車盗,亀有,金町駅北口交番,131229,東京都,葛飾区,東金町１丁目,2020-01-03,18,４階建て以上共同住宅,駐車（輪）場,50歳代,その他,施錠した
窃盗,自転車盗,亀有,金町駅北口交番,131229,東京都,葛飾区,東金町１丁目,2020-02-11,02,道路上,その他,30歳代,その他,施錠した
窃盗,自転車盗,亀有,金町駅北口交番,131229,東京都,葛飾区,東金町１丁目,2020-02-14,15,その他,駐車（輪）場,50歳代,その他,施錠した
窃盗,自転車盗,亀有,金町駅北口交番,131229,東京都,葛飾区,東金町１丁目,2020-04-07,07,その他,駐車（輪）場,50歳代,その他,施錠した
窃盗,自転車盗,亀有,金町駅北口交番,131229,東京都,葛飾区,東金町１丁目,2020-05-17,15,その他の住宅（３階建て以下共同住宅等）,駐車（輪）場,10歳代,大学生,施錠した
窃盗,自転車盗,亀有,金町駅北口交番,131229,東京都,葛飾区,東金町１丁目,2020-06-15,12,４階建て以上共同住宅,駐車（輪）場,40歳代,その他,施錠した
窃盗,自転車盗,亀有,金町駅北口交番,131229,東京都,葛飾区,東金町１丁目,2020-08-01,19,道路上,その他,65-69歳,その他,施錠した
窃盗,自転車盗,亀有,金町駅北口交番,131229,東京都,葛飾区,東金町１丁目,2020-08-03,07,駐車（輪）場,駐車（輪）場,10歳代,大学生,施錠した
窃盗,自転車盗,亀有,金町駅北口交番,131229,東京都,葛飾区,東金町１丁目,2020-08-05,12,４階建て以上共同住宅,駐車（輪）場,20歳代,大学生,施錠した
窃盗,自転車盗,亀有,金町駅北口交番,131229,東京都,葛飾区,東金町１丁目,2020-08-08,10,駐車（輪）場,駐車（輪）場,20歳代,その他,施錠した
窃盗,自転車盗,亀有,金町駅北口交番,131229,東京都,葛飾区,東金町１丁目,2020-10-23,17,その他,駐車（輪）場,40歳代,その他,施錠した
窃盗,自転車盗,亀有,金町駅北口交番,131229,東京都,葛飾区,東金町１丁目,2020-11-03,18,その他,駐車（輪）場,10歳代,高校生,施錠した
窃盗,自転車盗,亀有,金町駅北口交番,131229,東京都,葛飾区,東金町１丁目,2020-11-28,17,駐車（輪）場,駐車（輪）場,20歳代,その他,施錠した
窃盗,自転車盗,亀有,金町駅北口交番,131229,東京都,葛飾区,東金町１丁目,2020-12-06,14,駐車（輪）場,駐車（輪）場,20歳代,その他,施錠した
窃盗,自転車盗,亀有,金町駅北口交番,131229,東京都,葛飾区,東金町２丁目,2020-02-09,09,その他,駐車（輪）場,10歳代,高校生,施錠した
窃盗,自転車盗,亀有,金町駅北口交番,131229,東京都,葛飾区,東金町２丁目,2020-11-27,22,４階建て以上共同住宅,駐車（輪）場,20歳代,大学生,施錠した
窃盗,自転車盗,亀有,金町駅北口交番,131229,東京都,葛飾区,東金町２丁目,2020-12-01,18,４階建て以上共同住宅,駐車（輪）場,20歳代,その他,施錠した
窃盗,自転車盗,亀有,東金町交番,131229,東京都,葛飾区,東金町５丁目,2019-12-01,19,その他の住宅（３階建て以下共同住宅等）,駐車（輪）場,20歳代,大学生,施錠した
窃盗,自転車盗,亀有,東金町交番,131229,東京都,葛飾区,東金町５丁目,2020-01-04,16,その他,駐車（輪）場,70歳以上,その他,施錠した
窃盗,自転車盗,亀有,水元公園前交番,131229,東京都,葛飾区,亀有３丁目,2020-12-12,22,駐車（輪）場,駐車（輪）場,50歳代,その他,施錠した
窃盗,自転車盗,亀有,水元公園前交番,131229,東京都,葛飾区,西水元１丁目,2020-09-27,05,その他,駐車（輪）場,40歳代,その他,施錠した
窃盗,自転車盗,亀有,水元公園前交番,131229,東京都,葛飾区,東金町１丁目,2020-02-25,21,その他,駐車（輪）場,10歳代,その他,施錠した
窃盗,自転車盗,亀有,水元公園前交番,131229,東京都,葛飾区,東水元１丁目,2020-12-20,15,４階建て以上共同住宅,駐車（輪）場,20歳代,その他,施錠した
窃盗,自転車盗,亀有,水元公園前交番,131229,東京都,葛飾区,東水元２丁目,2020-09-17,17,道路上,その他,65-69歳,その他,施錠した
窃盗,自転車盗,亀有,水元公園前交番,131229,東京都,葛飾区,水元１丁目,2020-06-20,19,その他,駐車（輪）場,40歳代,その他,施錠した
窃盗,自転車盗,亀有,水元公園前交番,131229,東京都,葛飾区,水元３丁目,2019-12-15,14,４階建て以上共同住宅,駐車（輪）場,30歳代,その他,施錠した
窃盗,自転車盗,亀有,水元公園前交番,131229,東京都,葛飾区,水元３丁目,2020-10-17,21,４階建て以上共同住宅,駐車（輪）場,20歳代,その他,施錠した
窃盗,自転車盗,亀有,水元公園前交番,131229,東京都,葛飾区,水元３丁目,2020-10-22,10,４階建て以上共同住宅,駐車（輪）場,30歳代,その他,施錠した
窃盗,自転車盗,亀有,水元公園前交番,131229,東京都,葛飾区,南水元１丁目,2020-02-10,15,駐車（輪）場,駐車（輪）場,10歳代,小学生,施錠した
窃盗,自転車盗,亀有,水元公園前交番,131229,東京都,葛飾区,南水元１丁目,2020-03-03,16,４階建て以上共同住宅,駐車（輪）場,10歳代,小学生,施錠した
窃盗,自転車盗,亀有,水元公園前交番,131229,東京都,葛飾区,南水元１丁目,2020-10-01,19,４階建て以上共同住宅,駐車（輪）場,10歳代,高校生,施錠した
窃盗,自転車盗,亀有,西水元駐在所,131229,東京都,葛飾区,西水元５丁目,2020-11-15,18,４階建て以上共同住宅,駐車（輪）場,40歳代,その他,施錠した
窃盗,自転車盗,亀有,西水元駐在所,131229,東京都,葛飾区,西水元６丁目,2020-04-10,20,一戸建住宅,駐車（輪）場,40歳代,その他,施錠した
窃盗,自転車盗,亀有,水元駐在所,131229,東京都,葛飾区,西水元１丁目,2020-04-12,18,駐車（輪）場,駐車（輪）場,70歳以上,その他,施錠した
窃盗,自転車盗,亀有,水元駐在所,131229,東京都,葛飾区,西水元１丁目,2020-04-13,07,駐車（輪）場,駐車（輪）場,70歳以上,その他,施錠した
窃盗,自転車盗,亀有,水元駐在所,131229,東京都,葛飾区,西水元２丁目,2019-12-26,22,４階建て以上共同住宅,駐車（輪）場,50歳代,その他,施錠した
窃盗,自転車盗,亀有,水元駐在所,131229,東京都,葛飾区,西水元２丁目,2020-03-26,04,その他,駐車（輪）場,10歳代,高校生,施錠した
窃盗,自転車盗,亀有,水元駐在所,131229,東京都,葛飾区,南水元２丁目,2020-08-15,12,その他,駐車（輪）場,20歳代,大学生,施錠した
窃盗,自転車盗,亀有,柴又二丁目交番,131229,東京都,葛飾区,金町１丁目,2020-06-06,08,その他,駐車（輪）場,70歳以上,その他,施錠した
窃盗,自転車盗,亀有,柴又二丁目交番,131229,東京都,葛飾区,金町１丁目,2020-11-19,20,４階建て以上共同住宅,駐車（輪）場,20歳代,その他,施錠した
窃盗,自転車盗,亀有,柴又二丁目交番,131229,東京都,葛飾区,柴又２丁目,2020-03-20,19,４階建て以上共同住宅,駐車（輪）場,70歳以上,その他,施錠した
窃盗,自転車盗,亀有,柴又二丁目交番,131229,東京都,葛飾区,柴又２丁目,2020-07-09,19,４階建て以上共同住宅,その他,40歳代,その他,施錠した
窃盗,自転車盗,亀有,柴又二丁目交番,131229,東京都,葛飾区,新宿１丁目,2020-03-03,15,道路上,その他,40歳代,その他,施錠した
窃盗,自転車盗,亀有,柴又二丁目交番,131229,東京都,葛飾区,新宿１丁目,2020-06-12,21,その他の住宅（３階建て以下共同住宅等）,駐車（輪）場,20歳代,その他,施錠した
窃盗,自転車盗,亀有,柴又二丁目交番,131229,東京都,葛飾区,新宿１丁目,2020-09-18,22,道路上,その他,30歳代,その他,施錠した
窃盗,自転車盗,亀有,柴又二丁目交番,131229,東京都,葛飾区,新宿１丁目,2020-09-20,15,その他の住宅（３階建て以下共同住宅等）,駐車（輪）場,40歳代,その他,施錠した
窃盗,自転車盗,亀有,柴又二丁目交番,131229,東京都,葛飾区,新宿３丁目,2020-03-30,12,４階建て以上共同住宅,駐車（輪）場,20歳代,その他,施錠した
窃盗,自転車盗,亀有,柴又二丁目交番,131229,東京都,葛飾区,新宿３丁目,2020-11-22,08,駐車（輪）場,駐車（輪）場,50歳代,その他,施錠した
窃盗,自転車盗,亀有,南水元交番,131229,東京都,葛飾区,新宿６丁目,2020-02-01,不明,４階建て以上共同住宅,駐車（輪）場,40歳代,その他,施錠した
窃盗,自転車盗,亀有,南水元交番,131229,東京都,葛飾区,新宿６丁目,2020-08-10,17,その他,駐車（輪）場,20歳代,大学生,施錠した
窃盗,自転車盗,亀有,南水元交番,131229,東京都,葛飾区,新宿６丁目,2020-08-21,14,４階建て以上共同住宅,駐車（輪）場,65-69歳,その他,施錠した
窃盗,自転車盗,亀有,南水元交番,131229,東京都,葛飾区,新宿６丁目,2020-09-28,12,その他,駐車（輪）場,60-64歳,その他,施錠した
窃盗,自転車盗,亀有,南水元交番,131229,東京都,葛飾区,南水元１丁目,2020-09-17,08,４階建て以上共同住宅,駐車（輪）場,10歳代,小学生,施錠した
窃盗,自転車盗,亀有,葛三橋交番,131229,東京都,葛飾区,水元４丁目,2020-03-28,06,４階建て以上共同住宅,駐車（輪）場,50歳代,その他,施錠した
窃盗,自転車盗,葛飾,四ツ木交番,131229,東京都,葛飾区,東四つ木４丁目,2019-12-27,19,道路上,その他,20歳代,その他,施錠した
窃盗,自転車盗,葛飾,四ツ木交番,131229,東京都,葛飾区,東四つ木４丁目,2020-05-21,00,その他の住宅（３階建て以下共同住宅等）,その他,20歳代,その他,施錠した
窃盗,自転車盗,葛飾,四ツ木交番,131229,東京都,葛飾区,四つ木１丁目,2019-11-26,10,道路上,その他,20歳代,その他,施錠した
窃盗,自転車盗,葛飾,四ツ木交番,131229,東京都,葛飾区,四つ木１丁目,2019-12-17,16,駐車（輪）場,駐車（輪）場,30歳代,その他,施錠した
窃盗,自転車盗,葛飾,四ツ木交番,131229,東京都,葛飾区,四つ木１丁目,2020-01-14,11,駐車（輪）場,駐車（輪）場,20歳代,その他,施錠した
窃盗,自転車盗,葛飾,四ツ木交番,131229,東京都,葛飾区,四つ木１丁目,2020-02-02,14,駐車（輪）場,駐車（輪）場,40歳代,その他,施錠した
窃盗,自転車盗,葛飾,四ツ木交番,131229,東京都,葛飾区,四つ木２丁目,2019-12-18,13,その他,駐車（輪）場,70歳以上,その他,施錠した
窃盗,自転車盗,葛飾,四ツ木交番,131229,東京都,葛飾区,四つ木２丁目,2020-01-07,11,一戸建住宅,駐車（輪）場,60-64歳,その他,施錠した
窃盗,自転車盗,葛飾,四ツ木交番,131229,東京都,葛飾区,四つ木２丁目,2020-03-18,13,一戸建住宅,駐車（輪）場,40歳代,その他,施錠した
窃盗,自転車盗,葛飾,四ツ木交番,131229,東京都,葛飾区,四つ木２丁目,2020-06-29,17,４階建て以上共同住宅,その他,10歳代,高校生,施錠した
窃盗,自転車盗,葛飾,四ツ木交番,131229,東京都,葛飾区,四つ木２丁目,2020-08-16,08,その他,駐車（輪）場,65-69歳,その他,施錠した
窃盗,自転車盗,葛飾,四ツ木交番,131229,東京都,葛飾区,四つ木２丁目,2020-10-30,13,その他,駐車（輪）場,70歳以上,その他,施錠した
窃盗,自転車盗,葛飾,四ツ木交番,131229,東京都,葛飾区,四つ木３丁目,2020-08-24,20,その他の住宅（３階建て以下共同住宅等）,その他,20歳代,その他,施錠した
窃盗,自転車盗,葛飾,四ツ木交番,131229,東京都,葛飾区,四つ木３丁目,2020-09-07,19,駐車（輪）場,駐車（輪）場,20歳代,その他,施錠した
窃盗,自転車盗,葛飾,四ツ木交番,131229,東京都,葛飾区,四つ木４丁目,2020-01-22,23,道路上,その他,20歳代,その他,施錠した
窃盗,自転車盗,葛飾,堀切交番,131229,東京都,葛飾区,堀切１丁目,2020-02-17,21,道路上,その他,60-64歳,その他,施錠した
窃盗,自転車盗,葛飾,堀切駅前交番,131229,東京都,葛飾区,堀切２丁目,2020-02-22,00,一戸建住宅,駐車（輪）場,30歳代,その他,施錠した
窃盗,自転車盗,葛飾,堀切駅前交番,131229,東京都,葛飾区,堀切３丁目,2020-06-30,17,道路上,その他,70歳以上,その他,施錠した
窃盗,自転車盗,葛飾,堀切駅前交番,131229,東京都,葛飾区,堀切３丁目,2020-08-26,17,道路上,その他,60-64歳,その他,施錠した
窃盗,自転車盗,葛飾,堀切駅前交番,131229,東京都,葛飾区,堀切３丁目,2020-09-13,16,その他の住宅（３階建て以下共同住宅等）,その他,30歳代,その他,施錠した
窃盗,自転車盗,葛飾,堀切駅前交番,131229,東京都,葛飾区,堀切４丁目,2020-06-23,18,道路上,その他,70歳以上,その他,施錠した
窃盗,自転車盗,葛飾,宝町交番,131229,東京都,葛飾区,宝町１丁目,2019-12-12,19,その他の住宅（３階建て以下共同住宅等）,駐車（輪）場,40歳代,その他,施錠した
窃盗,自転車盗,葛飾,宝町交番,131229,東京都,葛飾区,宝町１丁目,2020-07-04,19,４階建て以上共同住宅,その他,40歳代,その他,施錠した
窃盗,自転車盗,葛飾,宝町交番,131229,東京都,葛飾区,宝町１丁目,2020-08-12,14,その他の住宅（３階建て以下共同住宅等）,その他,30歳代,その他,施錠した
窃盗,自転車盗,葛飾,宝町交番,131229,東京都,葛飾区,宝町２丁目,2019-12-15,19,道路上,その他,50歳代,その他,施錠した
窃盗,自転車盗,葛飾,宝町交番,131229,東京都,葛飾区,宝町２丁目,2019-12-29,08,道路上,その他,30歳代,その他,施錠した
窃盗,自転車盗,葛飾,宝町交番,131229,東京都,葛飾区,宝町２丁目,2020-02-22,19,その他,駐車（輪）場,30歳代,その他,施錠した
窃盗,自転車盗,葛飾,宝町交番,131229,東京都,葛飾区,宝町２丁目,2020-05-16,08,駐車（輪）場,駐車（輪）場,10歳代,その他,施錠した
窃盗,自転車盗,葛飾,宝町交番,131229,東京都,葛飾区,宝町２丁目,2020-06-20,00,その他の住宅（３階建て以下共同住宅等）,その他,40歳代,その他,施錠した
窃盗,自転車盗,葛飾,宝町交番,131229,東京都,葛飾区,宝町２丁目,2020-08-28,22,その他の住宅（３階建て以下共同住宅等）,その他,30歳代,その他,施錠した
窃盗,自転車盗,葛飾,宝町交番,131229,東京都,葛飾区,宝町２丁目,2020-11-15,12,道路上,その他,40歳代,その他,施錠した
窃盗,自転車盗,葛飾,宝町交番,131229,東京都,葛飾区,四つ木５丁目,2020-06-05,13,その他,その他,10歳代,高校生,施錠した
窃盗,自転車盗,葛飾,宝町交番,131229,東京都,葛飾区,四つ木５丁目,2020-07-05,14,４階建て以上共同住宅,その他,65-69歳,その他,施錠した
窃盗,自転車盗,葛飾,宝町交番,131229,東京都,葛飾区,四つ木５丁目,2020-11-07,20,４階建て以上共同住宅,その他,50歳代,その他,施錠した
窃盗,自転車盗,葛飾,立石交番,131229,東京都,葛飾区,立石１丁目,2019-12-27,05,道路上,その他,10歳代,中学生,施錠した
窃盗,自転車盗,葛飾,立石交番,131229,東京都,葛飾区,立石１丁目,2020-03-25,15,その他,駐車（輪）場,40歳代,その他,施錠した
窃盗,自転車盗,葛飾,立石交番,131229,東京都,葛飾区,立石１丁目,2020-04-03,13,道路上,その他,10歳代,高校生,施錠した
窃盗,自転車盗,葛飾,立石交番,131229,東京都,葛飾区,立石１丁目,2020-06-23,08,その他の住宅（３階建て以下共同住宅等）,その他,10歳代,その他,施錠した
窃盗,自転車盗,葛飾,立石交番,131229,東京都,葛飾区,立石１丁目,2020-09-16,14,道路上,その他,50歳代,その他,施錠した
窃盗,自転車盗,葛飾,立石交番,131229,東京都,葛飾区,立石１丁目,2020-11-22,19,道路上,その他,10歳代,中学生,施錠した
窃盗,自転車盗,葛飾,立石交番,131229,東京都,葛飾区,立石２丁目,2020-11-11,04,駐車（輪）場,駐車（輪）場,40歳代,その他,施錠した
窃盗,自転車盗,葛飾,立石交番,131229,東京都,葛飾区,東四つ木１丁目,2020-04-04,19,駐車（輪）場,駐車（輪）場,50歳代,その他,施錠した
窃盗,自転車盗,葛飾,立石駅前交番,131229,東京都,葛飾区,立石２丁目,2020-06-22,06,その他の住宅（３階建て以下共同住宅等）,その他,70歳以上,その他,施錠した
窃盗,自転車盗,葛飾,立石駅前交番,131229,東京都,葛飾区,立石２丁目,2020-10-27,08,その他,駐車（輪）場,50歳代,その他,施錠した
窃盗,自転車盗,葛飾,立石駅前交番,131229,東京都,葛飾区,立石３丁目,2020-02-04,17,一戸建住宅,駐車（輪）場,60-64歳,その他,施錠した
窃盗,自転車盗,葛飾,立石駅前交番,131229,東京都,葛飾区,立石４丁目,2019-12-21,22,４階建て以上共同住宅,駐車（輪）場,10歳代,中学生,施錠した
窃盗,自転車盗,葛飾,立石駅前交番,131229,東京都,葛飾区,立石４丁目,2020-01-12,08,道路上,その他,70歳以上,その他,施錠した
窃盗,自転車盗,葛飾,立石駅前交番,131229,東京都,葛飾区,立石４丁目,2020-02-09,19,道路上,その他,30歳代,その他,施錠した
窃盗,自転車盗,葛飾,立石駅前交番,131229,東京都,葛飾区,立石４丁目,2020-04-10,10,駐車（輪）場,駐車（輪）場,20歳代,その他,施錠した
窃盗,自転車盗,葛飾,立石駅前交番,131229,東京都,葛飾区,立石４丁目,2020-08-11,08,道路上,その他,60-64歳,その他,施錠した
窃盗,自転車盗,葛飾,立石駅前交番,131229,東京都,葛飾区,立石４丁目,2020-08-19,07,道路上,その他,70歳以上,その他,施錠した
窃盗,自転車盗,葛飾,立石駅前交番,131229,東京都,葛飾区,立石４丁目,2020-11-08,19,４階建て以上共同住宅,その他,30歳代,その他,施錠した
窃盗,自転車盗,葛飾,立石駅前交番,131229,東京都,葛飾区,立石５丁目,2020-02-17,13,その他,駐車（輪）場,70歳以上,その他,施錠した
窃盗,自転車盗,葛飾,立石駅前交番,131229,東京都,葛飾区,立石５丁目,2020-03-26,15,その他,駐車（輪）場,70歳以上,その他,施錠した
窃盗,自転車盗,葛飾,立石駅前交番,131229,東京都,葛飾区,立石５丁目,2020-04-04,07,その他の住宅（３階建て以下共同住宅等）,駐車（輪）場,30歳代,その他,施錠した
窃盗,自転車盗,葛飾,立石駅前交番,131229,東京都,葛飾区,立石６丁目,2020-02-09,23,その他の住宅（３階建て以下共同住宅等）,駐車（輪）場,40歳代,その他,施錠した
窃盗,自転車盗,葛飾,立石駅前交番,131229,東京都,葛飾区,立石７丁目,2020-06-06,21,道路上,その他,30歳代,その他,施錠した
窃盗,自転車盗,葛飾,立石駅前交番,131229,東京都,葛飾区,立石７丁目,2020-07-04,17,道路上,その他,40歳代,その他,施錠した
窃盗,自転車盗,葛飾,立石駅前交番,131229,東京都,葛飾区,立石８丁目,2019-12-09,15,道路上,その他,50歳代,その他,施錠した
窃盗,自転車盗,葛飾,青砥駅前交番,131229,東京都,葛飾区,青戸３丁目,2020-02-07,22,道路上,その他,20歳代,その他,施錠した
窃盗,自転車盗,葛飾,青砥駅前交番,131229,東京都,葛飾区,青戸３丁目,2020-08-22,23,道路上,その他,20歳代,その他,施錠した
窃盗,自転車盗,葛飾,青砥駅前交番,131229,東京都,葛飾区,青戸３丁目,2020-10-16,20,その他,その他,50歳代,その他,施錠した
窃盗,自転車盗,葛飾,青砥駅前交番,131229,東京都,葛飾区,青戸３丁目,2020-11-05,00,その他,その他,65-69歳,その他,施錠した
窃盗,自転車盗,葛飾,青砥駅前交番,131229,東京都,葛飾区,奥戸１丁目,2020-02-21,10,駐車（輪）場,駐車（輪）場,50歳代,その他,施錠した
窃盗,自転車盗,葛飾,高砂駅前交番,131229,東京都,葛飾区,鎌倉３丁目,2020-04-20,19,一戸建住宅,駐車（輪）場,10歳代,高校生,施錠した
窃盗,自転車盗,葛飾,高砂駅前交番,131229,東京都,葛飾区,高砂３丁目,2019-12-10,17,４階建て以上共同住宅,駐車（輪）場,30歳代,その他,施錠した
窃盗,自転車盗,葛飾,高砂駅前交番,131229,東京都,葛飾区,高砂３丁目,2020-04-17,12,その他の住宅（３階建て以下共同住宅等）,駐車（輪）場,20歳代,その他,施錠した
窃盗,自転車盗,葛飾,高砂駅前交番,131229,東京都,葛飾区,高砂３丁目,2020-06-17,18,その他の住宅（３階建て以下共同住宅等）,その他,30歳代,その他,施錠した
窃盗,自転車盗,葛飾,高砂駅前交番,131229,東京都,葛飾区,高砂５丁目,2020-08-28,23,駐車（輪）場,駐車（輪）場,20歳代,その他,施錠した
窃盗,自転車盗,葛飾,細田交番,131229,東京都,葛飾区,奥戸９丁目,2020-11-05,13,その他の住宅（３階建て以下共同住宅等）,その他,50歳代,その他,施錠した
窃盗,自転車盗,葛飾,細田交番,131229,東京都,葛飾区,細田１丁目,2020-07-22,20,その他の住宅（３階建て以下共同住宅等）,その他,40歳代,その他,施錠した
窃盗,自転車盗,葛飾,細田交番,131229,東京都,葛飾区,細田３丁目,2019-12-28,07,その他,駐車（輪）場,50歳代,その他,施錠した
窃盗,自転車盗,葛飾,細田交番,131229,東京都,葛飾区,細田３丁目,2020-05-15,18,駐車（輪）場,駐車（輪）場,40歳代,その他,施錠した
窃盗,自転車盗,葛飾,細田交番,131229,東京都,葛飾区,細田４丁目,2020-01-10,23,道路上,その他,10歳代,高校生,施錠した
窃盗,自転車盗,葛飾,細田交番,131229,東京都,葛飾区,細田４丁目,2020-05-25,19,その他の住宅（３階建て以下共同住宅等）,その他,50歳代,その他,施錠した
窃盗,自転車盗,葛飾,細田交番,131229,東京都,葛飾区,細田４丁目,2020-09-17,22,その他の住宅（３階建て以下共同住宅等）,その他,50歳代,その他,施錠した
窃盗,自転車盗,葛飾,新小岩駅前交番,131229,東京都,葛飾区,新小岩１丁目,2019-12-13,17,４階建て以上共同住宅,駐車（輪）場,10歳代,高校生,施錠した
窃盗,自転車盗,葛飾,新小岩駅前交番,131229,東京都,葛飾区,新小岩１丁目,2019-12-25,19,その他,駐車（輪）場,30歳代,その他,施錠した
窃盗,自転車盗,葛飾,新小岩駅前交番,131229,東京都,葛飾区,新小岩１丁目,2019-12-27,17,道路上,その他,30歳代,その他,施錠した
窃盗,自転車盗,葛飾,新小岩駅前交番,131229,東京都,葛飾区,新小岩１丁目,2020-01-05,15,道路上,その他,30歳代,その他,施錠した
窃盗,自転車盗,葛飾,新小岩駅前交番,131229,東京都,葛飾区,新小岩１丁目,2020-01-11,15,道路上,その他,20歳代,大学生,施錠した
窃盗,自転車盗,葛飾,新小岩駅前交番,131229,東京都,葛飾区,新小岩１丁目,2020-01-25,07,駐車（輪）場,駐車（輪）場,10歳代,中学生,施錠した
窃盗,自転車盗,葛飾,新小岩駅前交番,131229,東京都,葛飾区,新小岩１丁目,2020-01-25,13,駐車（輪）場,駐車（輪）場,30歳代,その他,施錠した
窃盗,自転車盗,葛飾,新小岩駅前交番,131229,東京都,葛飾区,新小岩１丁目,2020-03-17,17,駐車（輪）場,駐車（輪）場,40歳代,その他,施錠した
窃盗,自転車盗,葛飾,新小岩駅前交番,131229,東京都,葛飾区,新小岩１丁目,2020-04-28,11,道路上,その他,70歳以上,その他,施錠した
窃盗,自転車盗,葛飾,新小岩駅前交番,131229,東京都,葛飾区,新小岩１丁目,2020-05-08,13,４階建て以上共同住宅,駐車（輪）場,10歳代,小学生,施錠した
窃盗,自転車盗,葛飾,新小岩駅前交番,131229,東京都,葛飾区,新小岩１丁目,2020-05-14,08,その他,駐車（輪）場,40歳代,その他,施錠した
窃盗,自転車盗,葛飾,新小岩駅前交番,131229,東京都,葛飾区,新小岩１丁目,2020-05-28,12,駐車（輪）場,駐車（輪）場,20歳代,大学生,施錠した
窃盗,自転車盗,葛飾,新小岩駅前交番,131229,東京都,葛飾区,新小岩１丁目,2020-07-05,20,道路上,その他,20歳代,その他,施錠した
窃盗,自転車盗,葛飾,新小岩駅前交番,131229,東京都,葛飾区,新小岩１丁目,2020-07-21,10,駐車（輪）場,駐車（輪）場,50歳代,その他,施錠した
窃盗,自転車盗,葛飾,新小岩駅前交番,131229,東京都,葛飾区,新小岩１丁目,2020-07-29,16,駐車（輪）場,駐車（輪）場,50歳代,その他,施錠した
窃盗,自転車盗,葛飾,新小岩駅前交番,131229,東京都,葛飾区,新小岩１丁目,2020-09-01,07,道路上,その他,20歳代,その他,施錠した
窃盗,自転車盗,葛飾,新小岩駅前交番,131229,東京都,葛飾区,新小岩１丁目,2020-09-24,07,道路上,その他,20歳代,その他,施錠した
窃盗,自転車盗,葛飾,新小岩駅前交番,131229,東京都,葛飾区,新小岩１丁目,2020-09-27,14,道路上,その他,10歳代,その他,施錠した
窃盗,自転車盗,葛飾,新小岩駅前交番,131229,東京都,葛飾区,新小岩１丁目,2020-10-06,10,道路上,その他,20歳代,その他,施錠した
窃盗,自転車盗,葛飾,新小岩駅前交番,131229,東京都,葛飾区,新小岩１丁目,2020-10-11,18,道路上,その他,10歳代,中学生,施錠した
窃盗,自転車盗,葛飾,新小岩駅前交番,131229,東京都,葛飾区,新小岩１丁目,2020-10-24,12,道路上,その他,20歳代,その他,施錠した
窃盗,自転車盗,葛飾,新小岩駅前交番,131229,東京都,葛飾区,新小岩１丁目,2020-11-01,00,その他,その他,40歳代,その他,施錠した
窃盗,自転車盗,葛飾,新小岩駅前交番,131229,東京都,葛飾区,新小岩１丁目,2020-11-05,18,その他,その他,10歳代,その他,施錠した
窃盗,自転車盗,葛飾,新小岩駅前交番,131229,東京都,葛飾区,新小岩２丁目,2019-12-16,20,道路上,その他,10歳代,中学生,施錠した
窃盗,自転車盗,葛飾,新小岩駅前交番,131229,東京都,葛飾区,新小岩２丁目,2020-02-08,21,駐車（輪）場,駐車（輪）場,65-69歳,その他,施錠した
窃盗,自転車盗,葛飾,新小岩駅前交番,131229,東京都,葛飾区,新小岩２丁目,2020-02-14,06,その他,駐車（輪）場,10歳代,中学生,施錠した
窃盗,自転車盗,葛飾,新小岩駅前交番,131229,東京都,葛飾区,新小岩２丁目,2020-02-19,18,道路上,その他,70歳以上,その他,施錠した
窃盗,自転車盗,葛飾,新小岩駅前交番,131229,東京都,葛飾区,新小岩２丁目,2020-03-10,17,その他の住宅（３階建て以下共同住宅等）,駐車（輪）場,10歳代,大学生,施錠した
窃盗,自転車盗,葛飾,新小岩駅前交番,131229,東京都,葛飾区,新小岩２丁目,2020-06-06,12,道路上,その他,10歳代,高校生,施錠した
窃盗,自転車盗,葛飾,新小岩駅前交番,131229,東京都,葛飾区,新小岩２丁目,2020-10-20,17,道路上,その他,30歳代,その他,施錠した
窃盗,自転車盗,葛飾,新小岩駅前交番,131229,東京都,葛飾区,新小岩３丁目,2020-02-11,17,その他の住宅（３階建て以下共同住宅等）,駐車（輪）場,20歳代,その他,施錠した
窃盗,自転車盗,葛飾,新小岩駅前交番,131229,東京都,葛飾区,新小岩３丁目,2020-05-21,18,その他,駐車（輪）場,法人・団体、被害者なし,法人・団体、被害者なし,施錠した
窃盗,自転車盗,葛飾,新小岩駅前交番,131229,東京都,葛飾区,新小岩３丁目,2020-11-06,18,４階建て以上共同住宅,その他,40歳代,その他,施錠した
窃盗,自転車盗,葛飾,新小岩駅前交番,131229,東京都,葛飾区,東四つ木１丁目,2020-02-09,18,その他,駐車（輪）場,法人・団体、被害者なし,法人・団体、被害者なし,施錠した
窃盗,自転車盗,葛飾,たつみ橋交番,131229,東京都,葛飾区,西新小岩１丁目,2019-12-18,09,駐車（輪）場,駐車（輪）場,20歳代,大学生,施錠した
窃盗,自転車盗,葛飾,たつみ橋交番,131229,東京都,葛飾区,西新小岩１丁目,2020-02-17,12,その他,駐車（輪）場,20歳代,その他,施錠した
窃盗,自転車盗,葛飾,たつみ橋交番,131229,東京都,葛飾区,西新小岩１丁目,2020-02-19,15,４階建て以上共同住宅,駐車（輪）場,10歳代,高校生,施錠した
窃盗,自転車盗,葛飾,たつみ橋交番,131229,東京都,葛飾区,西新小岩１丁目,2020-02-20,15,その他,駐車（輪）場,10歳代,高校生,施錠した
窃盗,自転車盗,葛飾,たつみ橋交番,131229,東京都,葛飾区,西新小岩１丁目,2020-03-07,08,駐車（輪）場,駐車（輪）場,30歳代,その他,施錠した
窃盗,自転車盗,葛飾,たつみ橋交番,131229,東京都,葛飾区,西新小岩１丁目,2020-03-13,15,道路上,その他,10歳代,高校生,施錠した
窃盗,自転車盗,葛飾,たつみ橋交番,131229,東京都,葛飾区,西新小岩１丁目,2020-03-20,10,駐車（輪）場,駐車（輪）場,20歳代,その他,施錠した
窃盗,自転車盗,葛飾,たつみ橋交番,131229,東京都,葛飾区,西新小岩１丁目,2020-03-20,16,駐車（輪）場,駐車（輪）場,30歳代,その他,施錠した
窃盗,自転車盗,葛飾,たつみ橋交番,131229,東京都,葛飾区,西新小岩１丁目,2020-03-27,06,その他,駐車（輪）場,20歳代,その他,施錠した
窃盗,自転車盗,葛飾,たつみ橋交番,131229,東京都,葛飾区,西新小岩１丁目,2020-04-14,05,道路上,その他,20歳代,その他,施錠した
窃盗,自転車盗,葛飾,たつみ橋交番,131229,東京都,葛飾区,西新小岩１丁目,2020-06-15,21,４階建て以上共同住宅,その他,20歳代,大学生,施錠した
窃盗,自転車盗,葛飾,たつみ橋交番,131229,東京都,葛飾区,西新小岩１丁目,2020-07-11,11,駐車（輪）場,駐車（輪）場,30歳代,その他,施錠した
窃盗,自転車盗,葛飾,たつみ橋交番,131229,東京都,葛飾区,西新小岩１丁目,2020-07-20,09,駐車（輪）場,駐車（輪）場,30歳代,その他,施錠した
窃盗,自転車盗,葛飾,たつみ橋交番,131229,東京都,葛飾区,西新小岩１丁目,2020-08-02,12,道路上,その他,10歳代,中学生,施錠した
窃盗,自転車盗,葛飾,たつみ橋交番,131229,東京都,葛飾区,西新小岩１丁目,2020-08-16,14,道路上,その他,50歳代,その他,施錠した
窃盗,自転車盗,葛飾,たつみ橋交番,131229,東京都,葛飾区,西新小岩１丁目,2020-09-03,18,４階建て以上共同住宅,駐車（輪）場,50歳代,その他,施錠した
窃盗,自転車盗,葛飾,たつみ橋交番,131229,東京都,葛飾区,西新小岩１丁目,2020-09-10,10,道路上,その他,20歳代,その他,施錠した
窃盗,自転車盗,葛飾,たつみ橋交番,131229,東京都,葛飾区,西新小岩１丁目,2020-09-17,16,駐車（輪）場,駐車（輪）場,50歳代,その他,施錠した
窃盗,自転車盗,葛飾,たつみ橋交番,131229,東京都,葛飾区,西新小岩１丁目,2020-09-22,18,４階建て以上共同住宅,その他,10歳代,中学生,施錠した
窃盗,自転車盗,葛飾,たつみ橋交番,131229,東京都,葛飾区,西新小岩１丁目,2020-11-15,15,道路上,その他,20歳代,その他,施錠した
窃盗,自転車盗,葛飾,たつみ橋交番,131229,東京都,葛飾区,西新小岩１丁目,2020-11-16,18,道路上,その他,10歳代,高校生,施錠した
窃盗,自転車盗,葛飾,たつみ橋交番,131229,東京都,葛飾区,西新小岩２丁目,2020-02-21,16,道路上,その他,20歳代,その他,施錠した
窃盗,自転車盗,葛飾,たつみ橋交番,131229,東京都,葛飾区,西新小岩３丁目,2020-05-05,08,４階建て以上共同住宅,駐車（輪）場,40歳代,その他,施錠した
窃盗,自転車盗,葛飾,たつみ橋交番,131229,東京都,葛飾区,西新小岩４丁目,2020-01-22,16,一戸建住宅,駐車（輪）場,40歳代,その他,施錠した
窃盗,自転車盗,葛飾,たつみ橋交番,131229,東京都,葛飾区,西新小岩４丁目,2020-04-03,16,その他,駐車（輪）場,60-64歳,その他,施錠した
窃盗,自転車盗,葛飾,たつみ橋交番,131229,東京都,葛飾区,西新小岩４丁目,2020-08-11,11,その他の住宅（３階建て以下共同住宅等）,駐車（輪）場,65-69歳,その他,施錠した
窃盗,自転車盗,葛飾,たつみ橋交番,131229,東京都,葛飾区,東新小岩１丁目,2019-12-31,17,道路上,その他,50歳代,その他,施錠した
窃盗,自転車盗,葛飾,たつみ橋交番,131229,東京都,葛飾区,東新小岩１丁目,2020-02-10,12,道路上,その他,20歳代,その他,施錠した
窃盗,自転車盗,葛飾,たつみ橋交番,131229,東京都,葛飾区,東新小岩１丁目,2020-02-22,19,駐車（輪）場,駐車（輪）場,50歳代,その他,施錠した
窃盗,自転車盗,葛飾,たつみ橋交番,131229,東京都,葛飾区,東新小岩１丁目,2020-03-04,09,駐車（輪）場,駐車（輪）場,20歳代,その他,施錠した
窃盗,自転車盗,葛飾,たつみ橋交番,131229,東京都,葛飾区,東新小岩１丁目,2020-03-13,19,一戸建住宅,駐車（輪）場,70歳以上,その他,施錠した
窃盗,自転車盗,葛飾,たつみ橋交番,131229,東京都,葛飾区,東新小岩１丁目,2020-03-27,21,４階建て以上共同住宅,駐車（輪）場,10歳代,中学生,施錠した
窃盗,自転車盗,葛飾,たつみ橋交番,131229,東京都,葛飾区,東新小岩１丁目,2020-06-02,13,道路上,その他,10歳代,高校生,施錠した
窃盗,自転車盗,葛飾,たつみ橋交番,131229,東京都,葛飾区,東新小岩１丁目,2020-06-29,21,一戸建住宅,その他,10歳代,大学生,施錠した
窃盗,自転車盗,葛飾,たつみ橋交番,131229,東京都,葛飾区,東新小岩３丁目,2020-02-03,19,４階建て以上共同住宅,駐車（輪）場,40歳代,その他,施錠した
窃盗,自転車盗,葛飾,たつみ橋交番,131229,東京都,葛飾区,東新小岩３丁目,2020-05-05,00,４階建て以上共同住宅,駐車（輪）場,40歳代,その他,施錠した
窃盗,自転車盗,葛飾,たつみ橋交番,131229,東京都,葛飾区,東新小岩３丁目,2020-07-25,12,４階建て以上共同住宅,その他,30歳代,その他,施錠した
窃盗,自転車盗,葛飾,たつみ橋交番,131229,東京都,葛飾区,東新小岩３丁目,2020-09-15,12,４階建て以上共同住宅,その他,30歳代,その他,施錠した
窃盗,自転車盗,葛飾,たつみ橋交番,131229,東京都,葛飾区,東新小岩５丁目,2020-05-27,23,その他の住宅（３階建て以下共同住宅等）,その他,20歳代,その他,施錠した
窃盗,自転車盗,葛飾,たつみ橋交番,131229,東京都,葛飾区,東新小岩５丁目,2020-06-22,19,その他,その他,10歳代,大学生,施錠した
窃盗,自転車盗,葛飾,上平井交番,131229,東京都,葛飾区,西新小岩５丁目,2020-01-30,02,道路上,その他,50歳代,その他,施錠した
窃盗,自転車盗,葛飾,上平井交番,131229,東京都,葛飾区,西新小岩５丁目,2020-04-30,18,その他の住宅（３階建て以下共同住宅等）,駐車（輪）場,20歳代,その他,施錠した
窃盗,自転車盗,葛飾,上平井交番,131229,東京都,葛飾区,西新小岩５丁目,2020-08-17,16,４階建て以上共同住宅,その他,10歳代,中学生,施錠した
窃盗,自転車盗,葛飾,上平井交番,131229,東京都,葛飾区,東新小岩６丁目,2020-01-06,15,４階建て以上共同住宅,駐車（輪）場,40歳代,その他,施錠した
窃盗,自転車盗,葛飾,上平井交番,131229,東京都,葛飾区,東新小岩６丁目,2020-03-03,09,その他の住宅（３階建て以下共同住宅等）,駐車（輪）場,20歳代,大学生,施錠した
窃盗,自転車盗,葛飾,上平井交番,131229,東京都,葛飾区,東新小岩６丁目,2020-11-18,12,その他,その他,50歳代,その他,施錠した
窃盗,自転車盗,葛飾,上平井交番,131229,東京都,葛飾区,東新小岩８丁目,2019-12-06,12,４階建て以上共同住宅,駐車（輪）場,50歳代,その他,施錠した
窃盗,自転車盗,葛飾,上平井交番,131229,東京都,葛飾区,東新小岩８丁目,2020-01-18,12,道路上,その他,10歳代,高校生,施錠した
窃盗,自転車盗,葛飾,平和橋交番,131229,東京都,葛飾区,東立石１丁目,2020-04-06,19,その他の住宅（３階建て以下共同住宅等）,駐車（輪）場,20歳代,その他,施錠した
窃盗,自転車盗,葛飾,平和橋交番,131229,東京都,葛飾区,東立石２丁目,2020-03-30,09,その他の住宅（３階建て以下共同住宅等）,駐車（輪）場,20歳代,その他,施錠した
窃盗,自転車盗,葛飾,平和橋交番,131229,東京都,葛飾区,東立石４丁目,2020-09-11,14,その他,その他,60-64歳,その他,施錠した
窃盗,自転車盗,葛飾,平和橋交番,131229,東京都,葛飾区,東立石４丁目,2020-11-06,17,その他の住宅（３階建て以下共同住宅等）,その他,10歳代,中学生,施錠した
窃盗,自転車盗,葛飾,平和橋交番,131229,東京都,葛飾区,東四つ木１丁目,2020-11-19,07,４階建て以上共同住宅,その他,30歳代,その他,施錠した
窃盗,自転車盗,葛飾,平和橋交番,131229,東京都,葛飾区,東四つ木２丁目,2020-03-18,00,その他の住宅（３階建て以下共同住宅等）,駐車（輪）場,30歳代,その他,施錠した
窃盗,自転車盗,葛飾,平和橋交番,131229,東京都,葛飾区,東四つ木２丁目,2020-04-22,19,その他の住宅（３階建て以下共同住宅等）,駐車（輪）場,20歳代,その他,施錠した
窃盗,自転車盗,葛飾,平和橋交番,131229,東京都,葛飾区,東四つ木２丁目,2020-07-27,22,その他の住宅（３階建て以下共同住宅等）,その他,20歳代,その他,施錠した
窃盗,自転車盗,葛飾,平和橋交番,131229,東京都,葛飾区,東四つ木２丁目,2020-08-24,12,４階建て以上共同住宅,その他,70歳以上,その他,施錠した
窃盗,自転車盗,葛飾,平和橋交番,131229,東京都,葛飾区,東四つ木２丁目,2020-08-31,18,その他の住宅（３階建て以下共同住宅等）,その他,40歳代,その他,施錠した
窃盗,自転車盗,葛飾,四ツ木駅前交番,131229,東京都,葛飾区,東四つ木３丁目,2020-05-13,08,駐車（輪）場,駐車（輪）場,40歳代,その他,施錠した
窃盗,自転車盗,葛飾,四ツ木駅前交番,131229,東京都,葛飾区,東四つ木３丁目,2020-08-21,11,駐車（輪）場,駐車（輪）場,20歳代,その他,施錠した
窃盗,自転車盗,葛飾,四ツ木駅前交番,131229,東京都,葛飾区,東四つ木３丁目,2020-10-24,20,一戸建住宅,その他,40歳代,その他,施錠した
窃盗,自転車盗,葛飾,四ツ木駅前交番,131229,東京都,葛飾区,東四つ木４丁目,2020-02-02,19,その他の住宅（３階建て以下共同住宅等）,駐車（輪）場,60-64歳,その他,施錠した
窃盗,自転車盗,葛飾,四ツ木駅前交番,131229,東京都,葛飾区,東四つ木４丁目,2020-05-09,15,４階建て以上共同住宅,駐車（輪）場,40歳代,その他,施錠した
窃盗,自転車盗,葛飾,四ツ木駅前交番,131229,東京都,葛飾区,東四つ木４丁目,2020-07-09,18,４階建て以上共同住宅,その他,30歳代,その他,施錠した
窃盗,自転車盗,葛飾,奥戸交番,131229,東京都,葛飾区,奥戸１丁目,2020-09-01,21,道路上,その他,10歳代,高校生,施錠した
窃盗,自転車盗,葛飾,奥戸交番,131229,東京都,葛飾区,奥戸２丁目,2020-03-20,17,その他,駐車（輪）場,10歳代,高校生,施錠した
窃盗,自転車盗,葛飾,奥戸交番,131229,東京都,葛飾区,奥戸３丁目,2020-05-17,12,その他,駐車（輪）場,30歳代,その他,施錠した
窃盗,自転車盗,葛飾,奥戸交番,131229,東京都,葛飾区,奥戸３丁目,2020-06-14,18,その他,その他,20歳代,その他,施錠した
窃盗,自転車盗,葛飾,奥戸交番,131229,東京都,葛飾区,奥戸３丁目,2020-08-13,09,その他,駐車（輪）場,40歳代,その他,施錠した
窃盗,自転車盗,葛飾,奥戸交番,131229,東京都,葛飾区,奥戸４丁目,2020-05-06,11,その他の住宅（３階建て以下共同住宅等）,駐車（輪）場,40歳代,その他,施錠した
窃盗,自転車盗,葛飾,奥戸交番,131229,東京都,葛飾区,奥戸４丁目,2020-07-03,02,その他の住宅（３階建て以下共同住宅等）,その他,70歳以上,その他,施錠した
窃盗,自転車盗,葛飾,奥戸交番,131229,東京都,葛飾区,奥戸５丁目,2020-06-07,17,その他の住宅（３階建て以下共同住宅等）,その他,10歳代,小学生,施錠した
窃盗,自転車盗,葛飾,奥戸交番,131229,東京都,葛飾区,奥戸６丁目,2020-01-29,11,その他,駐車（輪）場,60-64歳,その他,施錠した
窃盗,自転車盗,葛飾,奥戸交番,131229,東京都,葛飾区,奥戸８丁目,2018-09-26,18,その他,駐車（輪）場,10歳代,その他,施錠した
窃盗,自転車盗,葛飾,鎌倉交番,131229,東京都,葛飾区,鎌倉１丁目,2020-09-04,00,一戸建住宅,その他,30歳代,その他,施錠した
窃盗,自転車盗,葛飾,鎌倉交番,131229,東京都,葛飾区,鎌倉２丁目,2020-08-15,12,４階建て以上共同住宅,その他,50歳代,その他,施錠した
窃盗,自転車盗,葛飾,鎌倉交番,131229,東京都,葛飾区,鎌倉３丁目,2020-01-26,16,その他の住宅（３階建て以下共同住宅等）,駐車（輪）場,50歳代,その他,施錠した
窃盗,自転車盗,葛飾,鎌倉交番,131229,東京都,葛飾区,鎌倉３丁目,2020-06-26,20,一戸建住宅,その他,20歳代,その他,施錠した
窃盗,自転車盗,葛飾,小松橋交番,131229,東京都,葛飾区,新小岩４丁目,2020-01-24,08,道路上,その他,40歳代,その他,施錠した
窃盗,自転車盗,葛飾,小松橋交番,131229,東京都,葛飾区,新小岩４丁目,2020-10-06,22,４階建て以上共同住宅,その他,20歳代,その他,施錠した
窃盗,自転車盗,葛飾,小松橋交番,131229,東京都,葛飾区,東新小岩２丁目,2020-05-31,11,４階建て以上共同住宅,駐車（輪）場,50歳代,その他,施錠した
窃盗,自転車盗,葛飾,小松橋交番,131229,東京都,葛飾区,東新小岩２丁目,2020-07-26,17,４階建て以上共同住宅,その他,10歳代,中学生,施錠した
窃盗,自転車盗,小松川,小松川四丁目交番,131237,東京都,江戸川区,小松川３丁目,2020-06-18,18,その他の住宅（３階建て以下共同住宅等）,駐車（輪）場,10歳未満,小学生,施錠した
窃盗,自転車盗,小松川,小松川四丁目交番,131237,東京都,江戸川区,小松川３丁目,2020-07-30,18,その他,駐車（輪）場,10歳代,高校生,施錠した
窃盗,自転車盗,小松川,小松川四丁目交番,131237,東京都,江戸川区,小松川３丁目,2020-10-26,09,４階建て以上共同住宅,駐車（輪）場,10歳代,その他,施錠した
窃盗,自転車盗,小松川,小松川四丁目交番,131237,東京都,江戸川区,平井１丁目,2020-05-11,09,４階建て以上共同住宅,駐車（輪）場,30歳代,その他,施錠した
窃盗,自転車盗,小松川,小松川四丁目交番,131237,東京都,江戸川区,平井１丁目,2020-05-14,18,その他の住宅（３階建て以下共同住宅等）,駐車（輪）場,20歳代,その他,施錠した
窃盗,自転車盗,小松川,小松川四丁目交番,131237,東京都,江戸川区,平井１丁目,2020-11-05,不明,その他,駐車（輪）場,70歳以上,その他,施錠した
窃盗,自転車盗,小松川,小松川四丁目交番,131237,東京都,江戸川区,平井２丁目,2020-04-10,18,その他の住宅（３階建て以下共同住宅等）,駐車（輪）場,20歳代,大学生,施錠した
窃盗,自転車盗,小松川,小松川四丁目交番,131237,東京都,江戸川区,平井４丁目,2020-08-01,不明,４階建て以上共同住宅,駐車（輪）場,40歳代,その他,施錠した
窃盗,自転車盗,小松川,小松川四丁目交番,131237,東京都,江戸川区,平井４丁目,2020-09-22,20,その他,駐車（輪）場,10歳代,中学生,施錠した
窃盗,自転車盗,小松川,平井駅前交番,131237,東京都,江戸川区,一之江７丁目,2020-10-14,17,その他,駐車（輪）場,50歳代,その他,施錠した
窃盗,自転車盗,小松川,平井駅前交番,131237,東京都,江戸川区,江戸川４丁目,2020-02-08,21,道路上,その他,50歳代,その他,施錠した
窃盗,自転車盗,小松川,平井駅前交番,131237,東京都,江戸川区,平井３丁目,2019-12-26,07,駐車（輪）場,駐車（輪）場,20歳代,その他,施錠した
窃盗,自転車盗,小松川,平井駅前交番,131237,東京都,江戸川区,平井３丁目,2020-01-11,19,その他,駐車（輪）場,50歳代,その他,施錠した
窃盗,自転車盗,小松川,平井駅前交番,131237,東京都,江戸川区,平井３丁目,2020-01-22,18,駐車（輪）場,駐車（輪）場,20歳代,その他,施錠した
窃盗,自転車盗,小松川,平井駅前交番,131237,東京都,江戸川区,平井３丁目,2020-01-23,11,その他の住宅（３階建て以下共同住宅等）,駐車（輪）場,20歳代,大学生,施錠した
窃盗,自転車盗,小松川,平井駅前交番,131237,東京都,江戸川区,平井３丁目,2020-02-24,17,４階建て以上共同住宅,駐車（輪）場,50歳代,その他,施錠した
窃盗,自転車盗,小松川,平井駅前交番,131237,東京都,江戸川区,平井３丁目,2020-03-04,19,道路上,その他,40歳代,その他,施錠した
窃盗,自転車盗,小松川,平井駅前交番,131237,東京都,江戸川区,平井３丁目,2020-05-28,08,駐車（輪）場,駐車（輪）場,30歳代,その他,施錠した
窃盗,自転車盗,小松川,平井駅前交番,131237,東京都,江戸川区,平井３丁目,2020-08-21,11,一戸建住宅,駐車（輪）場,50歳代,その他,施錠した
窃盗,自転車盗,小松川,平井駅前交番,131237,東京都,江戸川区,平井３丁目,2020-09-15,12,４階建て以上共同住宅,駐車（輪）場,40歳代,その他,施錠した
窃盗,自転車盗,小松川,平井駅前交番,131237,東京都,江戸川区,平井３丁目,2020-10-03,17,駐車（輪）場,駐車（輪）場,50歳代,その他,施錠した
窃盗,自転車盗,小松川,平井駅前交番,131237,東京都,江戸川区,平井３丁目,2020-10-12,14,駐車（輪）場,駐車（輪）場,10歳代,高校生,施錠した
窃盗,自転車盗,小松川,平井駅前交番,131237,東京都,江戸川区,平井４丁目,2020-05-30,14,その他,駐車（輪）場,70歳以上,その他,施錠した
窃盗,自転車盗,小松川,平井駅前交番,131237,東京都,江戸川区,平井４丁目,2020-08-20,18,４階建て以上共同住宅,駐車（輪）場,20歳代,大学生,施錠した
窃盗,自転車盗,小松川,平井駅前交番,131237,東京都,江戸川区,平井４丁目,2020-09-14,19,道路上,その他,30歳代,その他,施錠した
窃盗,自転車盗,小松川,平井駅前交番,131237,東京都,江戸川区,平井４丁目,2020-09-19,17,一戸建住宅,駐車（輪）場,30歳代,その他,施錠した
窃盗,自転車盗,小松川,平井駅前交番,131237,東京都,江戸川区,平井５丁目,2020-01-09,14,駐車（輪）場,駐車（輪）場,50歳代,その他,施錠した
窃盗,自転車盗,小松川,平井駅前交番,131237,東京都,江戸川区,平井５丁目,2020-03-07,18,道路上,その他,40歳代,その他,施錠した
窃盗,自転車盗,小松川,平井駅前交番,131237,東京都,江戸川区,平井５丁目,2020-03-12,19,駐車（輪）場,駐車（輪）場,40歳代,その他,施錠した
窃盗,自転車盗,小松川,平井駅前交番,131237,東京都,江戸川区,平井５丁目,2020-03-31,07,駐車（輪）場,駐車（輪）場,20歳代,その他,施錠した
窃盗,自転車盗,小松川,平井駅前交番,131237,東京都,江戸川区,平井５丁目,2020-04-03,15,道路上,その他,20歳代,その他,施錠した
窃盗,自転車盗,小松川,平井駅前交番,131237,東京都,江戸川区,平井５丁目,2020-04-21,09,道路上,その他,50歳代,その他,施錠した
窃盗,自転車盗,小松川,平井駅前交番,131237,東京都,江戸川区,平井５丁目,2020-05-21,06,駐車（輪）場,駐車（輪）場,50歳代,その他,施錠した
窃盗,自転車盗,小松川,平井駅前交番,131237,東京都,江戸川区,平井５丁目,2020-08-02,18,道路上,その他,10歳代,中学生,施錠した
窃盗,自転車盗,小松川,平井駅前交番,131237,東京都,江戸川区,平井５丁目,2020-08-12,08,駐車（輪）場,駐車（輪）場,10歳代,高校生,施錠した
窃盗,自転車盗,小松川,平井駅前交番,131237,東京都,江戸川区,平井５丁目,2020-08-15,22,道路上,その他,20歳代,大学生,施錠した
窃盗,自転車盗,小松川,平井駅前交番,131237,東京都,江戸川区,平井５丁目,2020-08-29,19,４階建て以上共同住宅,駐車（輪）場,50歳代,その他,施錠した
窃盗,自転車盗,小松川,平井駅前交番,131237,東京都,江戸川区,平井５丁目,2020-08-30,18,その他の住宅（３階建て以下共同住宅等）,その他,60-64歳,その他,施錠した
窃盗,自転車盗,小松川,平井駅前交番,131237,東京都,江戸川区,平井５丁目,2020-11-06,16,道路上,その他,50歳代,その他,施錠した
窃盗,自転車盗,小松川,平井駅前交番,131237,東京都,江戸川区,平井５丁目,2020-12-07,10,駐車（輪）場,駐車（輪）場,40歳代,その他,施錠した
窃盗,自転車盗,小松川,平井七丁目交番,131237,東京都,江戸川区,平井６丁目,2020-06-06,16,一戸建住宅,その他,10歳代,高校生,施錠した
窃盗,自転車盗,小松川,平井七丁目交番,131237,東京都,江戸川区,平井７丁目,2020-02-23,12,４階建て以上共同住宅,駐車（輪）場,70歳以上,その他,施錠した
窃盗,自転車盗,小松川,平井七丁目交番,131237,東京都,江戸川区,平井７丁目,2020-06-07,19,４階建て以上共同住宅,駐車（輪）場,10歳代,高校生,施錠した
窃盗,自転車盗,小松川,平井七丁目交番,131237,東京都,江戸川区,平井７丁目,2020-08-20,17,４階建て以上共同住宅,駐車（輪）場,20歳代,その他,施錠した
窃盗,自転車盗,小松川,平井七丁目交番,131237,東京都,江戸川区,平井７丁目,2020-11-25,10,４階建て以上共同住宅,駐車（輪）場,70歳以上,その他,施錠した
窃盗,自転車盗,小松川,松島四丁目交番,131237,東京都,江戸川区,松島２丁目,2020-01-12,17,４階建て以上共同住宅,駐車（輪）場,50歳代,その他,施錠した
窃盗,自転車盗,小松川,松島四丁目交番,131237,東京都,江戸川区,松島２丁目,2020-03-05,09,一戸建住宅,駐車（輪）場,10歳代,高校生,施錠した
窃盗,自転車盗,小松川,松島四丁目交番,131237,東京都,江戸川区,松島２丁目,2020-07-19,18,４階建て以上共同住宅,駐車（輪）場,30歳代,その他,施錠した
窃盗,自転車盗,小松川,松島四丁目交番,131237,東京都,江戸川区,松島２丁目,2020-08-07,20,４階建て以上共同住宅,駐車（輪）場,40歳代,その他,施錠した
窃盗,自転車盗,小松川,松島四丁目交番,131237,東京都,江戸川区,松島２丁目,2020-09-19,17,一戸建住宅,その他,10歳代,小学生,施錠した
窃盗,自転車盗,小松川,松島四丁目交番,131237,東京都,江戸川区,松島２丁目,2020-10-24,19,その他の住宅（３階建て以下共同住宅等）,駐車（輪）場,20歳代,その他,施錠した
窃盗,自転車盗,小松川,松島四丁目交番,131237,東京都,江戸川区,松島３丁目,2020-04-03,23,道路上,その他,30歳代,その他,施錠した
窃盗,自転車盗,小松川,松島四丁目交番,131237,東京都,江戸川区,松島４丁目,2019-12-28,17,道路上,その他,30歳代,その他,施錠した
窃盗,自転車盗,小松川,松島四丁目交番,131237,東京都,江戸川区,松島４丁目,2020-02-01,23,その他,駐車（輪）場,20歳代,大学生,施錠した
窃盗,自転車盗,小松川,松島四丁目交番,131237,東京都,江戸川区,松島４丁目,2020-07-24,10,その他の住宅（３階建て以下共同住宅等）,駐車（輪）場,60-64歳,その他,施錠した
窃盗,自転車盗,小松川,八蔵橋交番,131237,東京都,江戸川区,中央１丁目,2020-02-04,09,その他,駐車（輪）場,50歳代,その他,施錠した
窃盗,自転車盗,小松川,八蔵橋交番,131237,東京都,江戸川区,中央１丁目,2020-06-06,19,４階建て以上共同住宅,駐車（輪）場,50歳代,その他,施錠した
窃盗,自転車盗,小松川,八蔵橋交番,131237,東京都,江戸川区,中央１丁目,2020-06-24,08,その他,駐車（輪）場,60-64歳,その他,施錠した
窃盗,自転車盗,小松川,八蔵橋交番,131237,東京都,江戸川区,中央１丁目,2020-06-25,15,４階建て以上共同住宅,駐車（輪）場,65-69歳,その他,施錠した
窃盗,自転車盗,小松川,八蔵橋交番,131237,東京都,江戸川区,中央１丁目,2020-06-29,08,その他,駐車（輪）場,30歳代,その他,施錠した
窃盗,自転車盗,小松川,八蔵橋交番,131237,東京都,江戸川区,中央３丁目,2020-05-21,20,道路上,その他,30歳代,その他,施錠した
窃盗,自転車盗,小松川,八蔵橋交番,131237,東京都,江戸川区,中央３丁目,2020-10-15,10,道路上,その他,70歳以上,その他,施錠した
窃盗,自転車盗,小松川,八蔵橋交番,131237,東京都,江戸川区,中央４丁目,2020-09-02,00,道路上,その他,30歳代,その他,施錠した
窃盗,自転車盗,小松川,八蔵橋交番,131237,東京都,江戸川区,中央４丁目,2020-10-23,03,４階建て以上共同住宅,駐車（輪）場,20歳代,その他,施錠した
窃盗,自転車盗,小松川,八蔵橋交番,131237,東京都,江戸川区,松島１丁目,2020-07-19,01,その他の住宅（３階建て以下共同住宅等）,駐車（輪）場,30歳代,その他,施錠した
窃盗,自転車盗,小松川,八蔵橋交番,131237,東京都,江戸川区,松島１丁目,2020-08-28,17,その他,駐車（輪）場,10歳代,高校生,施錠した
窃盗,自転車盗,小松川,八蔵橋交番,131237,東京都,江戸川区,松島３丁目,2020-08-26,06,駐車（輪）場,駐車（輪）場,20歳代,その他,施錠した
窃盗,自転車盗,小松川,八蔵橋交番,131237,東京都,江戸川区,松島３丁目,2020-12-06,21,４階建て以上共同住宅,駐車（輪）場,30歳代,その他,施錠した
窃盗,自転車盗,小松川,八蔵橋交番,131237,東京都,江戸川区,大杉２丁目,2020-05-22,19,４階建て以上共同住宅,駐車（輪）場,30歳代,その他,施錠した
窃盗,自転車盗,小松川,八蔵橋交番,131237,東京都,江戸川区,大杉５丁目,2020-03-01,21,その他の住宅（３階建て以下共同住宅等）,駐車（輪）場,20歳代,その他,施錠した
窃盗,自転車盗,小松川,八蔵橋交番,131237,東京都,江戸川区,大杉５丁目,2020-04-04,13,一戸建住宅,その他,50歳代,その他,施錠した
窃盗,自転車盗,小松川,八蔵橋交番,131237,東京都,江戸川区,大杉５丁目,2020-07-18,20,道路上,その他,40歳代,その他,施錠した
窃盗,自転車盗,小松川,京葉通交番,131237,東京都,江戸川区,中央２丁目,2020-04-28,21,その他の住宅（３階建て以下共同住宅等）,駐車（輪）場,50歳代,その他,施錠した
窃盗,自転車盗,小松川,京葉通交番,131237,東京都,江戸川区,中央２丁目,2020-04-30,10,４階建て以上共同住宅,駐車（輪）場,20歳代,その他,施錠した
窃盗,自転車盗,小松川,京葉通交番,131237,東京都,江戸川区,西一之江２丁目,2020-01-01,07,その他の住宅（３階建て以下共同住宅等）,駐車（輪）場,20歳代,その他,施錠した
窃盗,自転車盗,小松川,京葉通交番,131237,東京都,江戸川区,西一之江２丁目,2020-04-15,17,その他,駐車（輪）場,10歳代,高校生,施錠した
窃盗,自転車盗,小松川,京葉通交番,131237,東京都,江戸川区,松江２丁目,2020-07-14,20,４階建て以上共同住宅,駐車（輪）場,20歳代,その他,施錠した
窃盗,自転車盗,小松川,京葉通交番,131237,東京都,江戸川区,大杉１丁目,2020-01-11,18,４階建て以上共同住宅,駐車（輪）場,10歳代,高校生,施錠した
窃盗,自転車盗,小松川,京葉通交番,131237,東京都,江戸川区,大杉１丁目,2020-03-03,19,その他,駐車（輪）場,10歳代,中学生,施錠した
窃盗,自転車盗,小松川,京葉通交番,131237,東京都,江戸川区,大杉２丁目,2020-04-18,00,道路上,その他,40歳代,その他,施錠した
窃盗,自転車盗,小松川,京葉通交番,131237,東京都,江戸川区,大杉２丁目,2020-08-07,06,その他,駐車（輪）場,30歳代,その他,施錠した
窃盗,自転車盗,小松川,京葉通交番,131237,東京都,江戸川区,大杉２丁目,2020-12-19,16,その他の住宅（３階建て以下共同住宅等）,駐車（輪）場,30歳代,その他,施錠した
窃盗,自転車盗,小松川,京葉通交番,131237,東京都,江戸川区,大杉３丁目,2020-09-02,16,その他の住宅（３階建て以下共同住宅等）,駐車（輪）場,40歳代,その他,施錠した
窃盗,自転車盗,小松川,松江交番,131237,東京都,江戸川区,西小松川町,2020-08-12,17,一戸建住宅,その他,50歳代,その他,施錠した
窃盗,自転車盗,小松川,松江交番,131237,東京都,江戸川区,東小松川１丁目,2020-01-27,16,その他,駐車（輪）場,10歳代,その他,施錠した
窃盗,自転車盗,小松川,松江交番,131237,東京都,江戸川区,東小松川２丁目,2020-03-29,15,４階建て以上共同住宅,駐車（輪）場,30歳代,その他,施錠した
窃盗,自転車盗,小松川,松江交番,131237,東京都,江戸川区,東小松川２丁目,2020-08-26,13,道路上,その他,65-69歳,その他,施錠した
窃盗,自転車盗,小松川,松江交番,131237,東京都,江戸川区,東小松川３丁目,2020-03-06,14,一戸建住宅,その他,10歳代,高校生,施錠した
窃盗,自転車盗,小松川,松江交番,131237,東京都,江戸川区,東小松川３丁目,2020-05-05,15,４階建て以上共同住宅,駐車（輪）場,70歳以上,その他,施錠した
窃盗,自転車盗,小松川,松江交番,131237,東京都,江戸川区,東小松川３丁目,2020-10-02,21,一戸建住宅,その他,10歳代,その他,施錠した
窃盗,自転車盗,小松川,松江交番,131237,東京都,江戸川区,松江１丁目,2020-03-23,06,道路上,その他,70歳以上,その他,施錠した
窃盗,自転車盗,小松川,松江交番,131237,東京都,江戸川区,松江２丁目,2020-03-30,21,４階建て以上共同住宅,駐車（輪）場,30歳代,その他,施錠した
窃盗,自転車盗,小松川,松江交番,131237,東京都,江戸川区,松江２丁目,2020-11-22,18,一戸建住宅,その他,30歳代,その他,施錠した
窃盗,自転車盗,小松川,松江交番,131237,東京都,江戸川区,松江３丁目,2020-06-10,20,４階建て以上共同住宅,駐車（輪）場,20歳代,その他,施錠した
窃盗,自転車盗,小松川,松江交番,131237,東京都,江戸川区,松江３丁目,2020-10-21,10,道路上,その他,60-64歳,その他,施錠した
窃盗,自転車盗,小松川,松江交番,131237,東京都,江戸川区,松江４丁目,2020-04-20,15,４階建て以上共同住宅,駐車（輪）場,40歳代,その他,施錠した
窃盗,自転車盗,小松川,松江交番,131237,東京都,江戸川区,松江４丁目,2020-10-23,00,その他の住宅（３階建て以下共同住宅等）,駐車（輪）場,10歳代,その他,施錠した
窃盗,自転車盗,小松川,松江交番,131237,東京都,江戸川区,松江５丁目,2020-03-05,20,４階建て以上共同住宅,駐車（輪）場,40歳代,その他,施錠した
窃盗,自転車盗,小松川,一之江交番,131237,東京都,江戸川区,一之江２丁目,2020-01-30,21,一戸建住宅,駐車（輪）場,10歳代,高校生,施錠した
窃盗,自転車盗,小松川,一之江交番,131237,東京都,江戸川区,一之江３丁目,2020-06-23,21,その他の住宅（３階建て以下共同住宅等）,駐車（輪）場,20歳代,その他,施錠した
窃盗,自転車盗,小松川,一之江交番,131237,東京都,江戸川区,一之江３丁目,2020-08-03,19,その他の住宅（３階建て以下共同住宅等）,駐車（輪）場,70歳以上,その他,施錠した
窃盗,自転車盗,小松川,一之江交番,131237,東京都,江戸川区,一之江３丁目,2020-10-12,22,一戸建住宅,駐車（輪）場,10歳代,中学生,施錠した
窃盗,自転車盗,小松川,一之江交番,131237,東京都,江戸川区,一之江４丁目,2020-03-14,01,４階建て以上共同住宅,駐車（輪）場,20歳代,その他,施錠した
窃盗,自転車盗,小松川,一之江交番,131237,東京都,江戸川区,一之江５丁目,2019-12-27,16,道路上,その他,70歳以上,その他,施錠した
窃盗,自転車盗,小松川,一之江交番,131237,東京都,江戸川区,一之江５丁目,2020-07-28,13,４階建て以上共同住宅,駐車（輪）場,40歳代,その他,施錠した
窃盗,自転車盗,小松川,一之江交番,131237,東京都,江戸川区,一之江５丁目,2020-09-10,20,一戸建住宅,その他,10歳代,大学生,施錠した
窃盗,自転車盗,小松川,一之江交番,131237,東京都,江戸川区,一之江６丁目,2020-01-14,08,４階建て以上共同住宅,駐車（輪）場,10歳代,中学生,施錠した
窃盗,自転車盗,小松川,一之江交番,131237,東京都,江戸川区,一之江６丁目,2020-07-04,12,道路上,その他,40歳代,その他,施錠した
窃盗,自転車盗,小松川,一之江交番,131237,東京都,江戸川区,一之江６丁目,2020-09-25,19,その他,その他,10歳代,中学生,施錠した
窃盗,自転車盗,小松川,一之江交番,131237,東京都,江戸川区,一之江６丁目,2020-12-25,20,４階建て以上共同住宅,駐車（輪）場,10歳代,中学生,施錠した
窃盗,自転車盗,小松川,一之江交番,131237,東京都,江戸川区,一之江７丁目,2020-01-15,11,その他,駐車（輪）場,20歳代,大学生,施錠した
窃盗,自転車盗,小松川,一之江交番,131237,東京都,江戸川区,一之江７丁目,2020-03-09,09,４階建て以上共同住宅,駐車（輪）場,30歳代,その他,施錠した
窃盗,自転車盗,小松川,一之江交番,131237,東京都,江戸川区,一之江７丁目,2020-08-30,05,駐車（輪）場,駐車（輪）場,10歳代,大学生,施錠した
窃盗,自転車盗,小松川,一之江交番,131237,東京都,江戸川区,一之江７丁目,2020-10-19,09,道路上,その他,20歳代,その他,施錠した
窃盗,自転車盗,小松川,一之江交番,131237,東京都,江戸川区,西一之江３丁目,2020-09-09,17,４階建て以上共同住宅,駐車（輪）場,30歳代,その他,施錠した
窃盗,自転車盗,小松川,一之江交番,131237,東京都,江戸川区,春江町４丁目,2020-06-04,23,４階建て以上共同住宅,駐車（輪）場,40歳代,その他,施錠した
窃盗,自転車盗,小松川,一之江交番,131237,東京都,江戸川区,松江７丁目,2020-03-27,18,その他の住宅（３階建て以下共同住宅等）,駐車（輪）場,30歳代,その他,施錠した
窃盗,自転車盗,小松川,今井交番,131237,東京都,江戸川区,一之江３丁目,2020-08-31,12,その他,駐車（輪）場,20歳代,その他,施錠した
窃盗,自転車盗,小松川,今井交番,131237,東京都,江戸川区,一之江８丁目,2020-01-12,15,その他,駐車（輪）場,50歳代,その他,施錠した
窃盗,自転車盗,小松川,今井交番,131237,東京都,江戸川区,一之江８丁目,2020-01-26,12,その他,駐車（輪）場,70歳以上,その他,施錠した
窃盗,自転車盗,小松川,今井交番,131237,東京都,江戸川区,一之江８丁目,2020-07-08,08,駐車（輪）場,駐車（輪）場,40歳代,その他,施錠した
窃盗,自転車盗,小松川,今井交番,131237,東京都,江戸川区,一之江８丁目,2020-11-14,16,その他の住宅（３階建て以下共同住宅等）,駐車（輪）場,20歳代,その他,施錠した
窃盗,自転車盗,小松川,今井交番,131237,東京都,江戸川区,西一之江４丁目,2020-01-14,11,４階建て以上共同住宅,駐車（輪）場,70歳以上,その他,施錠した
窃盗,自転車盗,小松川,今井交番,131237,東京都,江戸川区,西瑞江３丁目,2020-05-07,11,その他の住宅（３階建て以下共同住宅等）,駐車（輪）場,50歳代,その他,施錠した
窃盗,自転車盗,小松川,今井交番,131237,東京都,江戸川区,西瑞江４丁目,2020-05-11,18,４階建て以上共同住宅,駐車（輪）場,70歳以上,その他,施錠した
窃盗,自転車盗,小松川,今井交番,131237,東京都,江戸川区,西瑞江４丁目,2020-08-11,10,一戸建住宅,その他,10歳代,小学生,施錠した
窃盗,自転車盗,小松川,椿町駐在所,131237,東京都,江戸川区,春江町２丁目,2020-06-06,09,その他,駐車（輪）場,30歳代,その他,施錠した
窃盗,自転車盗,小松川,椿町駐在所,131237,東京都,江戸川区,春江町２丁目,2020-10-09,08,４階建て以上共同住宅,駐車（輪）場,10歳代,高校生,施錠した
窃盗,自転車盗,小松川,椿町駐在所,131237,東京都,江戸川区,春江町３丁目,2020-06-27,06,その他,駐車（輪）場,30歳代,その他,施錠した
窃盗,自転車盗,小松川,南篠崎交番,131237,東京都,江戸川区,一之江８丁目,2020-11-19,18,道路上,その他,20歳代,その他,施錠した
窃盗,自転車盗,小松川,南篠崎交番,131237,東京都,江戸川区,江戸川１丁目,2020-03-31,12,その他の住宅（３階建て以下共同住宅等）,駐車（輪）場,40歳代,その他,施錠した
窃盗,自転車盗,小松川,南篠崎交番,131237,東京都,江戸川区,江戸川１丁目,2020-03-31,12,その他の住宅（３階建て以下共同住宅等）,駐車（輪）場,40歳代,その他,施錠した
窃盗,自転車盗,小松川,南篠崎交番,131237,東京都,江戸川区,江戸川１丁目,2020-06-04,17,道路上,その他,10歳代,高校生,施錠した
窃盗,自転車盗,小松川,南篠崎交番,131237,東京都,江戸川区,江戸川１丁目,2020-06-26,08,その他,駐車（輪）場,10歳代,中学生,施錠した
窃盗,自転車盗,小松川,南篠崎交番,131237,東京都,江戸川区,江戸川１丁目,2020-07-18,14,道路上,その他,40歳代,その他,施錠した
窃盗,自転車盗,小松川,南篠崎交番,131237,東京都,江戸川区,江戸川１丁目,2020-10-30,12,その他の住宅（３階建て以下共同住宅等）,駐車（輪）場,40歳代,その他,施錠した
窃盗,自転車盗,小松川,南篠崎交番,131237,東京都,江戸川区,篠崎町４丁目,2020-02-02,00,一戸建住宅,その他,40歳代,その他,施錠した
窃盗,自転車盗,小松川,南篠崎交番,131237,東京都,江戸川区,篠崎町４丁目,2020-06-02,23,その他の住宅（３階建て以下共同住宅等）,駐車（輪）場,40歳代,その他,施錠した
窃盗,自転車盗,小松川,南篠崎交番,131237,東京都,江戸川区,篠崎町４丁目,2020-07-22,22,一戸建住宅,その他,10歳代,高校生,施錠した
窃盗,自転車盗,小松川,南篠崎交番,131237,東京都,江戸川区,東瑞江１丁目,2020-11-26,17,その他,駐車（輪）場,10歳代,高校生,施錠した
窃盗,自転車盗,小松川,南篠崎交番,131237,東京都,江戸川区,南篠崎町１丁目,2020-01-27,18,その他の住宅（３階建て以下共同住宅等）,駐車（輪）場,10歳代,中学生,施錠した
窃盗,自転車盗,小松川,南篠崎交番,131237,東京都,江戸川区,南篠崎町１丁目,2020-03-16,07,その他の住宅（３階建て以下共同住宅等）,駐車（輪）場,10歳代,小学生,施錠した
窃盗,自転車盗,小松川,南篠崎交番,131237,東京都,江戸川区,南篠崎町１丁目,2020-05-31,15,その他の住宅（３階建て以下共同住宅等）,駐車（輪）場,40歳代,その他,施錠した
窃盗,自転車盗,小松川,南篠崎交番,131237,東京都,江戸川区,南篠崎町１丁目,2020-06-05,20,その他の住宅（３階建て以下共同住宅等）,駐車（輪）場,10歳代,中学生,施錠した
窃盗,自転車盗,小松川,南篠崎交番,131237,東京都,江戸川区,南篠崎町１丁目,2020-07-09,21,一戸建住宅,その他,50歳代,その他,施錠した
窃盗,自転車盗,小松川,南篠崎交番,131237,東京都,江戸川区,南篠崎町１丁目,2020-11-28,21,その他の住宅（３階建て以下共同住宅等）,駐車（輪）場,20歳代,その他,施錠した
窃盗,自転車盗,小松川,南篠崎交番,131237,東京都,江戸川区,南篠崎町５丁目,2020-09-25,23,４階建て以上共同住宅,駐車（輪）場,10歳代,高校生,施錠した
窃盗,自転車盗,小松川,南篠崎交番,131237,東京都,江戸川区,南篠崎町５丁目,2020-10-09,17,４階建て以上共同住宅,駐車（輪）場,40歳代,その他,施錠した
窃盗,自転車盗,小松川,東小松川交番,131237,東京都,江戸川区,小松川４丁目,2020-10-12,17,一戸建住宅,駐車（輪）場,10歳代,高校生,施錠した
窃盗,自転車盗,小松川,東小松川交番,131237,東京都,江戸川区,東小松川４丁目,2020-07-11,10,一戸建住宅,その他,50歳代,その他,施錠した
窃盗,自転車盗,小松川,東小松川交番,131237,東京都,江戸川区,松江５丁目,2020-05-22,21,４階建て以上共同住宅,駐車（輪）場,30歳代,その他,施錠した
窃盗,自転車盗,小松川,東小松川交番,131237,東京都,江戸川区,松江５丁目,2020-10-24,09,道路上,その他,70歳以上,その他,施錠した
窃盗,自転車盗,小松川,東瑞江交番,131237,東京都,江戸川区,江戸川２丁目,2020-06-06,12,４階建て以上共同住宅,駐車（輪）場,70歳以上,その他,施錠した
窃盗,自転車盗,小松川,東瑞江交番,131237,東京都,江戸川区,江戸川２丁目,2020-06-06,19,その他の住宅（３階建て以下共同住宅等）,駐車（輪）場,65-69歳,その他,施錠した
窃盗,自転車盗,小松川,東瑞江交番,131237,東京都,江戸川区,江戸川２丁目,2020-08-06,17,４階建て以上共同住宅,駐車（輪）場,10歳代,高校生,施錠した
窃盗,自転車盗,小松川,東瑞江交番,131237,東京都,江戸川区,江戸川２丁目,2020-08-09,22,４階建て以上共同住宅,駐車（輪）場,10歳代,その他,施錠した
窃盗,自転車盗,小松川,東瑞江交番,131237,東京都,江戸川区,江戸川２丁目,2020-08-24,11,４階建て以上共同住宅,駐車（輪）場,60-64歳,その他,施錠した
窃盗,自転車盗,小松川,東瑞江交番,131237,東京都,江戸川区,江戸川２丁目,2020-10-06,21,その他の住宅（３階建て以下共同住宅等）,駐車（輪）場,30歳代,その他,施錠した
窃盗,自転車盗,小松川,東瑞江交番,131237,東京都,江戸川区,江戸川２丁目,2020-10-16,12,４階建て以上共同住宅,駐車（輪）場,30歳代,その他,施錠した
窃盗,自転車盗,小松川,東瑞江交番,131237,東京都,江戸川区,東瑞江２丁目,2020-02-09,22,一戸建住宅,駐車（輪）場,10歳代,高校生,施錠した
窃盗,自転車盗,小松川,東瑞江交番,131237,東京都,江戸川区,東瑞江２丁目,2020-07-12,01,道路上,その他,65-69歳,その他,施錠した
窃盗,自転車盗,小松川,瑞江駅前交番,131237,東京都,江戸川区,江戸川３丁目,2020-02-05,20,４階建て以上共同住宅,駐車（輪）場,30歳代,その他,施錠した
窃盗,自転車盗,小松川,瑞江駅前交番,131237,東京都,江戸川区,江戸川３丁目,2020-03-19,10,駐車（輪）場,駐車（輪）場,70歳以上,その他,施錠した
窃盗,自転車盗,小松川,瑞江駅前交番,131237,東京都,江戸川区,江戸川３丁目,2020-06-03,13,その他,駐車（輪）場,30歳代,その他,施錠した
窃盗,自転車盗,小松川,瑞江駅前交番,131237,東京都,江戸川区,西瑞江３丁目,2020-01-27,23,４階建て以上共同住宅,駐車（輪）場,50歳代,その他,施錠した
窃盗,自転車盗,小松川,瑞江駅前交番,131237,東京都,江戸川区,東瑞江１丁目,2020-03-28,22,その他の住宅（３階建て以下共同住宅等）,駐車（輪）場,20歳代,その他,施錠した
窃盗,自転車盗,小松川,瑞江駅前交番,131237,東京都,江戸川区,東瑞江１丁目,2020-06-05,15,道路上,その他,70歳以上,その他,施錠した
窃盗,自転車盗,小松川,瑞江駅前交番,131237,東京都,江戸川区,東瑞江１丁目,2020-10-05,13,道路上,その他,20歳代,その他,施錠した
窃盗,自転車盗,小松川,瑞江駅前交番,131237,東京都,江戸川区,東瑞江３丁目,2019-12-28,17,その他の住宅（３階建て以下共同住宅等）,駐車（輪）場,20歳代,その他,施錠した
窃盗,自転車盗,小松川,瑞江駅前交番,131237,東京都,江戸川区,東瑞江３丁目,2020-03-19,18,一戸建住宅,その他,50歳代,その他,施錠した
窃盗,自転車盗,小松川,瑞江駅前交番,131237,東京都,江戸川区,南篠崎町２丁目,2020-01-06,09,その他,駐車（輪）場,50歳代,その他,施錠した
窃盗,自転車盗,小松川,瑞江駅前交番,131237,東京都,江戸川区,南篠崎町２丁目,2020-10-15,19,４階建て以上共同住宅,駐車（輪）場,20歳代,大学生,施錠した
窃盗,自転車盗,小松川,瑞江駅前交番,131237,東京都,江戸川区,南篠崎町３丁目,2020-02-18,17,その他,駐車（輪）場,40歳代,その他,施錠した
窃盗,自転車盗,小松川,瑞江駅前交番,131237,東京都,江戸川区,南篠崎町３丁目,2020-06-04,07,その他の住宅（３階建て以下共同住宅等）,駐車（輪）場,50歳代,その他,施錠した
窃盗,自転車盗,小松川,瑞江駅前交番,131237,東京都,江戸川区,南篠崎町３丁目,2020-06-04,23,その他の住宅（３階建て以下共同住宅等）,駐車（輪）場,30歳代,その他,施錠した
窃盗,自転車盗,小松川,瑞江駅前交番,131237,東京都,江戸川区,南篠崎町３丁目,2020-08-12,08,４階建て以上共同住宅,その他,60-64歳,その他,施錠した
窃盗,自転車盗,小松川,瑞江駅前交番,131237,東京都,江戸川区,瑞江２丁目,2019-12-31,13,その他,駐車（輪）場,20歳代,その他,施錠した
窃盗,自転車盗,小松川,瑞江駅前交番,131237,東京都,江戸川区,瑞江２丁目,2020-01-04,11,駐車（輪）場,駐車（輪）場,50歳代,その他,施錠した
窃盗,自転車盗,小松川,瑞江駅前交番,131237,東京都,江戸川区,瑞江２丁目,2020-01-13,19,その他,駐車（輪）場,20歳代,その他,施錠した
窃盗,自転車盗,小松川,瑞江駅前交番,131237,東京都,江戸川区,瑞江２丁目,2020-01-21,10,駐車（輪）場,駐車（輪）場,40歳代,その他,施錠した
窃盗,自転車盗,小松川,瑞江駅前交番,131237,東京都,江戸川区,瑞江２丁目,2020-02-04,21,４階建て以上共同住宅,駐車（輪）場,20歳代,その他,施錠した
窃盗,自転車盗,小松川,瑞江駅前交番,131237,東京都,江戸川区,瑞江２丁目,2020-02-07,09,その他,駐車（輪）場,50歳代,その他,施錠した
窃盗,自転車盗,小松川,瑞江駅前交番,131237,東京都,江戸川区,瑞江２丁目,2020-02-25,18,その他,駐車（輪）場,70歳以上,その他,施錠した
窃盗,自転車盗,小松川,瑞江駅前交番,131237,東京都,江戸川区,瑞江２丁目,2020-03-05,14,その他,駐車（輪）場,10歳代,その他,施錠した
窃盗,自転車盗,小松川,瑞江駅前交番,131237,東京都,江戸川区,瑞江２丁目,2020-03-18,00,４階建て以上共同住宅,駐車（輪）場,20歳代,その他,施錠した
窃盗,自転車盗,小松川,瑞江駅前交番,131237,東京都,江戸川区,瑞江２丁目,2020-03-19,17,その他,駐車（輪）場,50歳代,その他,施錠した
窃盗,自転車盗,小松川,瑞江駅前交番,131237,東京都,江戸川区,瑞江２丁目,2020-04-02,21,道路上,その他,10歳代,高校生,施錠した
窃盗,自転車盗,小松川,瑞江駅前交番,131237,東京都,江戸川区,瑞江２丁目,2020-04-04,16,その他,駐車（輪）場,50歳代,その他,施錠した
窃盗,自転車盗,小松川,瑞江駅前交番,131237,東京都,江戸川区,瑞江２丁目,2020-06-12,21,その他,駐車（輪）場,10歳代,高校生,施錠した
窃盗,自転車盗,小松川,瑞江駅前交番,131237,東京都,江戸川区,瑞江２丁目,2020-08-25,10,その他,駐車（輪）場,30歳代,その他,施錠した
窃盗,自転車盗,小松川,瑞江駅前交番,131237,東京都,江戸川区,瑞江２丁目,2020-11-11,00,その他の住宅（３階建て以下共同住宅等）,駐車（輪）場,20歳代,大学生,施錠した
窃盗,自転車盗,小松川,瑞江駅前交番,131237,東京都,江戸川区,瑞江３丁目,2020-11-09,16,その他,駐車（輪）場,10歳代,高校生,施錠した
窃盗,自転車盗,小松川,瑞江駅前交番,131237,東京都,江戸川区,瑞江３丁目,2020-12-07,13,一戸建住宅,駐車（輪）場,50歳代,その他,施錠した
窃盗,自転車盗,小松川,瑞江駅前交番,131237,東京都,江戸川区,瑞江３丁目,2020-12-25,16,一戸建住宅,その他,40歳代,その他,施錠した
窃盗,自転車盗,小松川,瑞江駅前交番,131237,東京都,江戸川区,瑞江４丁目,2020-09-04,07,その他の住宅（３階建て以下共同住宅等）,駐車（輪）場,20歳代,その他,施錠した
窃盗,自転車盗,小松川,小松川一丁目交番,131237,東京都,江戸川区,一之江１丁目,2020-11-06,19,４階建て以上共同住宅,駐車（輪）場,50歳代,その他,施錠した
窃盗,自転車盗,小松川,小松川一丁目交番,131237,東京都,江戸川区,小松川１丁目,2020-01-29,08,その他,駐車（輪）場,20歳代,その他,施錠した
窃盗,自転車盗,小松川,小松川一丁目交番,131237,東京都,江戸川区,小松川１丁目,2020-03-29,21,４階建て以上共同住宅,駐車（輪）場,30歳代,その他,施錠した
窃盗,自転車盗,小松川,小松川一丁目交番,131237,東京都,江戸川区,小松川１丁目,2020-06-05,12,道路上,その他,40歳代,その他,施錠した
窃盗,自転車盗,小松川,小松川一丁目交番,131237,東京都,江戸川区,小松川１丁目,2020-07-12,10,４階建て以上共同住宅,駐車（輪）場,10歳未満,小学生,施錠した
窃盗,自転車盗,小松川,小松川一丁目交番,131237,東京都,江戸川区,小松川１丁目,2020-07-22,17,４階建て以上共同住宅,駐車（輪）場,10歳代,高校生,施錠した
窃盗,自転車盗,小松川,小松川一丁目交番,131237,東京都,江戸川区,小松川１丁目,2020-08-06,19,４階建て以上共同住宅,駐車（輪）場,10歳未満,小学生,施錠した
窃盗,自転車盗,小松川,小松川一丁目交番,131237,東京都,江戸川区,小松川１丁目,2020-09-04,16,４階建て以上共同住宅,駐車（輪）場,65-69歳,その他,施錠した
窃盗,自転車盗,小松川,小松川一丁目交番,131237,東京都,江戸川区,小松川１丁目,2020-10-03,21,４階建て以上共同住宅,駐車（輪）場,10歳代,高校生,施錠した
窃盗,自転車盗,小松川,小松川一丁目交番,131237,東京都,江戸川区,小松川１丁目,2020-11-29,13,駐車（輪）場,駐車（輪）場,30歳代,その他,施錠した
窃盗,自転車盗,小松川,小松川一丁目交番,131237,東京都,江戸川区,小松川２丁目,2020-03-28,18,４階建て以上共同住宅,駐車（輪）場,20歳代,大学生,施錠した
窃盗,自転車盗,小松川,篠崎駅前交番,131237,東京都,江戸川区,篠崎町２丁目,2020-08-03,16,４階建て以上共同住宅,駐車（輪）場,70歳以上,その他,施錠した
窃盗,自転車盗,小松川,篠崎駅前交番,131237,東京都,江戸川区,篠崎町２丁目,2020-11-06,10,道路上,その他,70歳以上,その他,施錠した
窃盗,自転車盗,小松川,篠崎駅前交番,131237,東京都,江戸川区,篠崎町５丁目,2020-02-22,14,その他,駐車（輪）場,10歳代,高校生,施錠した
窃盗,自転車盗,小松川,篠崎駅前交番,131237,東京都,江戸川区,篠崎町５丁目,2020-03-29,19,４階建て以上共同住宅,駐車（輪）場,10歳代,小学生,施錠した
窃盗,自転車盗,小松川,篠崎駅前交番,131237,東京都,江戸川区,篠崎町６丁目,2020-01-25,06,その他,駐車（輪）場,20歳代,その他,施錠した
窃盗,自転車盗,小松川,篠崎駅前交番,131237,東京都,江戸川区,篠崎町６丁目,2020-02-21,23,その他の住宅（３階建て以下共同住宅等）,駐車（輪）場,10歳代,高校生,施錠した
窃盗,自転車盗,小松川,篠崎駅前交番,131237,東京都,江戸川区,篠崎町６丁目,2020-07-04,09,その他の住宅（３階建て以下共同住宅等）,駐車（輪）場,30歳代,その他,施錠した
窃盗,自転車盗,小松川,篠崎駅前交番,131237,東京都,江戸川区,篠崎町６丁目,2020-09-01,11,４階建て以上共同住宅,駐車（輪）場,50歳代,その他,施錠した
窃盗,自転車盗,小松川,篠崎駅前交番,131237,東京都,江戸川区,篠崎町７丁目,2019-12-16,21,その他,駐車（輪）場,10歳代,その他,施錠した
窃盗,自転車盗,小松川,篠崎駅前交番,131237,東京都,江戸川区,篠崎町７丁目,2020-01-25,15,その他,駐車（輪）場,50歳代,その他,施錠した
窃盗,自転車盗,小松川,篠崎駅前交番,131237,東京都,江戸川区,篠崎町７丁目,2020-02-12,11,駐車（輪）場,駐車（輪）場,20歳代,その他,施錠した
窃盗,自転車盗,小松川,篠崎駅前交番,131237,東京都,江戸川区,篠崎町７丁目,2020-02-17,21,その他,駐車（輪）場,10歳代,その他,施錠した
窃盗,自転車盗,小松川,篠崎駅前交番,131237,東京都,江戸川区,篠崎町７丁目,2020-05-26,08,駐車（輪）場,駐車（輪）場,40歳代,その他,施錠した
窃盗,自転車盗,小松川,篠崎駅前交番,131237,東京都,江戸川区,篠崎町７丁目,2020-07-06,22,４階建て以上共同住宅,駐車（輪）場,20歳代,大学生,施錠した
窃盗,自転車盗,小松川,篠崎駅前交番,131237,東京都,江戸川区,篠崎町７丁目,2020-07-07,20,その他,駐車（輪）場,70歳以上,その他,施錠した
窃盗,自転車盗,小松川,篠崎駅前交番,131237,東京都,江戸川区,篠崎町７丁目,2020-08-05,14,４階建て以上共同住宅,駐車（輪）場,30歳代,その他,施錠した
窃盗,自転車盗,小松川,篠崎駅前交番,131237,東京都,江戸川区,篠崎町７丁目,2020-08-31,16,その他,駐車（輪）場,20歳代,大学生,施錠した
窃盗,自転車盗,小松川,篠崎駅前交番,131237,東京都,江戸川区,篠崎町７丁目,2020-09-04,12,駐車（輪）場,駐車（輪）場,40歳代,その他,施錠した
窃盗,自転車盗,小松川,篠崎駅前交番,131237,東京都,江戸川区,篠崎町７丁目,2020-09-05,15,道路上,その他,20歳代,大学生,施錠した
窃盗,自転車盗,小松川,篠崎駅前交番,131237,東京都,江戸川区,篠崎町７丁目,2020-09-16,15,その他,駐車（輪）場,20歳代,大学生,施錠した
窃盗,自転車盗,小松川,篠崎駅前交番,131237,東京都,江戸川区,西一之江２丁目,2020-10-27,22,その他の住宅（３階建て以下共同住宅等）,駐車（輪）場,30歳代,その他,施錠した
窃盗,自転車盗,小松川,篠崎駅前交番,131237,東京都,江戸川区,春江町１丁目,2020-10-11,19,４階建て以上共同住宅,駐車（輪）場,40歳代,その他,施錠した
窃盗,自転車盗,小松川,篠崎駅前交番,131237,東京都,江戸川区,瑞江１丁目,2020-02-04,20,駐車（輪）場,駐車（輪）場,20歳代,大学生,施錠した
窃盗,自転車盗,小松川,篠崎駅前交番,131237,東京都,江戸川区,瑞江１丁目,2020-07-18,20,その他の住宅（３階建て以下共同住宅等）,駐車（輪）場,10歳代,高校生,施錠した
窃盗,自転車盗,小岩,一里塚交番,131237,東京都,江戸川区,東小岩５丁目,2020-01-04,17,その他,駐車（輪）場,50歳代,その他,施錠した
窃盗,自転車盗,小岩,一里塚交番,131237,東京都,江戸川区,東小岩５丁目,2020-03-02,不明,その他の住宅（３階建て以下共同住宅等）,駐車（輪）場,10歳代,中学生,施錠した
窃盗,自転車盗,小岩,一里塚交番,131237,東京都,江戸川区,東小岩５丁目,2020-07-03,15,駐車（輪）場,駐車（輪）場,40歳代,その他,施錠した
窃盗,自転車盗,小岩,一里塚交番,131237,東京都,江戸川区,東小岩６丁目,2020-05-13,14,駐車（輪）場,駐車（輪）場,65-69歳,その他,施錠した
窃盗,自転車盗,小岩,一里塚交番,131237,東京都,江戸川区,南小岩１丁目,2020-11-02,16,一戸建住宅,その他,10歳未満,小学生,施錠した
窃盗,自転車盗,小岩,南小岩交番,131237,東京都,江戸川区,鹿骨３丁目,2020-01-05,21,その他の住宅（３階建て以下共同住宅等）,駐車（輪）場,20歳代,その他,施錠した
窃盗,自転車盗,小岩,南小岩交番,131237,東京都,江戸川区,西小岩１丁目,2020-09-27,16,道路上,その他,60-64歳,その他,施錠した
窃盗,自転車盗,小岩,南小岩交番,131237,東京都,江戸川区,東小岩１丁目,2020-02-12,12,道路上,その他,50歳代,その他,施錠した
窃盗,自転車盗,小岩,南小岩交番,131237,東京都,江戸川区,東小岩１丁目,2020-08-01,00,その他の住宅（３階建て以下共同住宅等）,その他,50歳代,その他,施錠した
窃盗,自転車盗,小岩,南小岩交番,131237,東京都,江戸川区,東小岩１丁目,2020-10-07,14,その他の住宅（３階建て以下共同住宅等）,駐車（輪）場,10歳代,高校生,施錠した
窃盗,自転車盗,小岩,南小岩交番,131237,東京都,江戸川区,南小岩２丁目,2017-08-01,不明,その他の住宅（３階建て以下共同住宅等）,駐車（輪）場,50歳代,その他,施錠した
窃盗,自転車盗,小岩,南小岩交番,131237,東京都,江戸川区,南小岩２丁目,2020-08-25,01,４階建て以上共同住宅,駐車（輪）場,20歳代,その他,施錠した
窃盗,自転車盗,小岩,南小岩交番,131237,東京都,江戸川区,北篠崎２丁目,2020-08-09,19,その他の住宅（３階建て以下共同住宅等）,駐車（輪）場,10歳代,中学生,施錠した
窃盗,自転車盗,小岩,南小岩交番,131237,東京都,江戸川区,東松本１丁目,2020-01-06,08,その他の住宅（３階建て以下共同住宅等）,駐車（輪）場,10歳代,中学生,施錠した
窃盗,自転車盗,小岩,二枚橋交番,131237,東京都,江戸川区,西小岩１丁目,2020-10-04,18,その他の住宅（３階建て以下共同住宅等）,駐車（輪）場,40歳代,その他,施錠した
窃盗,自転車盗,小岩,二枚橋交番,131237,東京都,江戸川区,南小岩２丁目,2020-05-15,18,一戸建住宅,駐車（輪）場,10歳代,高校生,施錠した
窃盗,自転車盗,小岩,二枚橋交番,131237,東京都,江戸川区,南小岩４丁目,2020-01-18,15,駐車（輪）場,駐車（輪）場,50歳代,その他,施錠した
窃盗,自転車盗,小岩,二枚橋交番,131237,東京都,江戸川区,南小岩５丁目,2020-04-02,17,その他の住宅（３階建て以下共同住宅等）,駐車（輪）場,20歳代,大学生,施錠した
窃盗,自転車盗,小岩,二枚橋交番,131237,東京都,江戸川区,松本２丁目,2020-02-03,20,道路上,その他,40歳代,その他,施錠した
窃盗,自転車盗,小岩,菅原橋交番,131237,東京都,江戸川区,本一色１丁目,2020-05-10,17,一戸建住宅,駐車（輪）場,50歳代,その他,施錠した
窃盗,自転車盗,小岩,菅原橋交番,131237,東京都,江戸川区,本一色１丁目,2020-07-15,17,その他,駐車（輪）場,20歳代,大学生,施錠した
窃盗,自転車盗,小岩,菅原橋交番,131237,東京都,江戸川区,本一色１丁目,2020-08-28,17,その他の住宅（３階建て以下共同住宅等）,駐車（輪）場,30歳代,その他,施錠した
窃盗,自転車盗,小岩,菅原橋交番,131237,東京都,江戸川区,本一色２丁目,2020-08-16,04,道路上,その他,30歳代,その他,施錠した
窃盗,自転車盗,小岩,菅原橋交番,131237,東京都,江戸川区,本一色３丁目,2019-12-15,20,その他,駐車（輪）場,65-69歳,その他,施錠した
窃盗,自転車盗,小岩,菅原橋交番,131237,東京都,江戸川区,松本１丁目,2020-06-27,07,その他,その他,30歳代,その他,施錠した
窃盗,自転車盗,小岩,菅原橋交番,131237,東京都,江戸川区,松本１丁目,2020-08-19,14,その他,駐車（輪）場,10歳代,高校生,施錠した
窃盗,自転車盗,小岩,小岩駅前交番,131237,東京都,江戸川区,西小岩１丁目,2019-12-03,18,その他,駐車（輪）場,30歳代,その他,施錠した
窃盗,自転車盗,小岩,小岩駅前交番,131237,東京都,江戸川区,西小岩１丁目,2019-12-10,14,道路上,その他,50歳代,その他,施錠した
窃盗,自転車盗,小岩,小岩駅前交番,131237,東京都,江戸川区,西小岩１丁目,2019-12-17,09,道路上,その他,40歳代,その他,施錠した
窃盗,自転車盗,小岩,小岩駅前交番,131237,東京都,江戸川区,西小岩１丁目,2019-12-21,19,道路上,その他,20歳代,その他,施錠した
窃盗,自転車盗,小岩,小岩駅前交番,131237,東京都,江戸川区,西小岩１丁目,2020-01-12,02,道路上,その他,20歳代,その他,施錠した
窃盗,自転車盗,小岩,小岩駅前交番,131237,東京都,江戸川区,西小岩１丁目,2020-01-31,10,その他,駐車（輪）場,30歳代,その他,施錠した
窃盗,自転車盗,小岩,小岩駅前交番,131237,東京都,江戸川区,西小岩１丁目,2020-02-09,23,その他,駐車（輪）場,20歳代,その他,施錠した
窃盗,自転車盗,小岩,小岩駅前交番,131237,東京都,江戸川区,西小岩１丁目,2020-02-12,06,その他,駐車（輪）場,30歳代,その他,施錠した
窃盗,自転車盗,小岩,小岩駅前交番,131237,東京都,江戸川区,西小岩１丁目,2020-02-21,11,その他,駐車（輪）場,30歳代,その他,施錠した
窃盗,自転車盗,小岩,小岩駅前交番,131237,東京都,江戸川区,西小岩１丁目,2020-03-14,14,その他,駐車（輪）場,20歳代,大学生,施錠した
窃盗,自転車盗,小岩,小岩駅前交番,131237,東京都,江戸川区,西小岩１丁目,2020-03-15,22,道路上,その他,20歳代,その他,施錠した
窃盗,自転車盗,小岩,小岩駅前交番,131237,東京都,江戸川区,西小岩１丁目,2020-03-17,21,道路上,その他,40歳代,その他,施錠した
窃盗,自転車盗,小岩,小岩駅前交番,131237,東京都,江戸川区,西小岩１丁目,2020-03-27,17,その他の住宅（３階建て以下共同住宅等）,駐車（輪）場,20歳代,大学生,施錠した
窃盗,自転車盗,小岩,小岩駅前交番,131237,東京都,江戸川区,西小岩１丁目,2020-03-27,18,その他,駐車（輪）場,50歳代,その他,施錠した
窃盗,自転車盗,小岩,小岩駅前交番,131237,東京都,江戸川区,西小岩１丁目,2020-04-15,16,道路上,その他,20歳代,その他,施錠した
窃盗,自転車盗,小岩,小岩駅前交番,131237,東京都,江戸川区,西小岩１丁目,2020-05-06,02,道路上,その他,50歳代,その他,施錠した
窃盗,自転車盗,小岩,小岩駅前交番,131237,東京都,江戸川区,西小岩１丁目,2020-06-24,14,その他の住宅（３階建て以下共同住宅等）,その他,30歳代,その他,施錠した
窃盗,自転車盗,小岩,小岩駅前交番,131237,東京都,江戸川区,西小岩１丁目,2020-06-24,16,その他の住宅（３階建て以下共同住宅等）,駐車（輪）場,40歳代,その他,施錠した
窃盗,自転車盗,小岩,小岩駅前交番,131237,東京都,江戸川区,西小岩１丁目,2020-06-26,15,その他,駐車（輪）場,10歳代,高校生,施錠した
窃盗,自転車盗,小岩,小岩駅前交番,131237,東京都,江戸川区,西小岩１丁目,2020-07-09,11,駐車（輪）場,駐車（輪）場,50歳代,その他,施錠した
窃盗,自転車盗,小岩,小岩駅前交番,131237,東京都,江戸川区,西小岩１丁目,2020-08-13,23,道路上,その他,20歳代,大学生,施錠した
窃盗,自転車盗,小岩,小岩駅前交番,131237,東京都,江戸川区,西小岩１丁目,2020-09-02,17,その他,駐車（輪）場,20歳代,その他,施錠した
窃盗,自転車盗,小岩,小岩駅前交番,131237,東京都,江戸川区,西小岩１丁目,2020-09-20,13,その他の住宅（３階建て以下共同住宅等）,駐車（輪）場,60-64歳,その他,施錠した
窃盗,自転車盗,小岩,小岩駅前交番,131237,東京都,江戸川区,西小岩１丁目,2020-09-20,23,道路上,その他,20歳代,その他,施錠した
窃盗,自転車盗,小岩,小岩駅前交番,131237,東京都,江戸川区,西小岩１丁目,2020-10-09,09,その他,駐車（輪）場,30歳代,その他,施錠した
窃盗,自転車盗,小岩,小岩駅前交番,131237,東京都,江戸川区,西小岩１丁目,2020-10-30,18,その他の住宅（３階建て以下共同住宅等）,駐車（輪）場,30歳代,その他,施錠した
窃盗,自転車盗,小岩,小岩駅前交番,131237,東京都,江戸川区,西小岩１丁目,2020-11-09,18,４階建て以上共同住宅,駐車（輪）場,30歳代,その他,施錠した
窃盗,自転車盗,小岩,小岩駅前交番,131237,東京都,江戸川区,西小岩１丁目,2020-11-11,06,その他,駐車（輪）場,20歳代,その他,施錠した
窃盗,自転車盗,小岩,小岩駅前交番,131237,東京都,江戸川区,西小岩１丁目,2020-12-10,03,４階建て以上共同住宅,駐車（輪）場,40歳代,その他,施錠した
窃盗,自転車盗,小岩,小岩駅前交番,131237,東京都,江戸川区,西小岩１丁目,2020-12-11,21,道路上,その他,60-64歳,その他,施錠した
窃盗,自転車盗,小岩,小岩駅前交番,131237,東京都,江戸川区,西小岩４丁目,2019-12-30,18,その他の住宅（３階建て以下共同住宅等）,駐車（輪）場,50歳代,その他,施錠した
窃盗,自転車盗,小岩,小岩駅前交番,131237,東京都,江戸川区,南小岩３丁目,2019-12-03,21,道路上,その他,10歳代,中学生,施錠した
窃盗,自転車盗,小岩,小岩駅前交番,131237,東京都,江戸川区,南小岩５丁目,2020-06-30,11,その他の住宅（３階建て以下共同住宅等）,駐車（輪）場,40歳代,その他,施錠した
窃盗,自転車盗,小岩,小岩駅前交番,131237,東京都,江戸川区,南小岩６丁目,2019-12-16,11,その他,駐車（輪）場,30歳代,その他,施錠した
窃盗,自転車盗,小岩,小岩駅前交番,131237,東京都,江戸川区,南小岩６丁目,2020-01-29,05,駐車（輪）場,駐車（輪）場,50歳代,その他,施錠した
窃盗,自転車盗,小岩,小岩駅前交番,131237,東京都,江戸川区,南小岩６丁目,2020-03-22,19,道路上,その他,70歳以上,その他,施錠した
窃盗,自転車盗,小岩,小岩駅前交番,131237,東京都,江戸川区,南小岩６丁目,2020-04-29,19,その他の住宅（３階建て以下共同住宅等）,駐車（輪）場,40歳代,その他,施錠した
窃盗,自転車盗,小岩,小岩駅前交番,131237,東京都,江戸川区,南小岩６丁目,2020-07-28,17,その他の住宅（３階建て以下共同住宅等）,駐車（輪）場,50歳代,その他,施錠した
窃盗,自転車盗,小岩,小岩駅前交番,131237,東京都,江戸川区,南小岩６丁目,2020-08-10,17,その他の住宅（３階建て以下共同住宅等）,駐車（輪）場,30歳代,その他,施錠した
窃盗,自転車盗,小岩,小岩駅前交番,131237,東京都,江戸川区,南小岩６丁目,2020-08-30,11,駐車（輪）場,駐車（輪）場,20歳代,その他,施錠した
窃盗,自転車盗,小岩,小岩駅前交番,131237,東京都,江戸川区,南小岩６丁目,2020-11-09,06,その他,駐車（輪）場,30歳代,その他,施錠した
窃盗,自転車盗,小岩,小岩駅前交番,131237,東京都,江戸川区,南小岩６丁目,2020-12-24,18,その他の住宅（３階建て以下共同住宅等）,駐車（輪）場,20歳代,その他,施錠した
窃盗,自転車盗,小岩,小岩駅前交番,131237,東京都,江戸川区,南小岩７丁目,2019-11-12,16,道路上,その他,20歳代,その他,施錠した
窃盗,自転車盗,小岩,小岩駅前交番,131237,東京都,江戸川区,南小岩７丁目,2020-01-03,18,一戸建住宅,駐車（輪）場,40歳代,その他,施錠した
窃盗,自転車盗,小岩,小岩駅前交番,131237,東京都,江戸川区,南小岩７丁目,2020-01-18,10,その他,駐車（輪）場,10歳代,高校生,施錠した
窃盗,自転車盗,小岩,小岩駅前交番,131237,東京都,江戸川区,南小岩７丁目,2020-01-21,07,駐車（輪）場,駐車（輪）場,20歳代,その他,施錠した
窃盗,自転車盗,小岩,小岩駅前交番,131237,東京都,江戸川区,南小岩７丁目,2020-02-08,17,その他,駐車（輪）場,30歳代,その他,施錠した
窃盗,自転車盗,小岩,小岩駅前交番,131237,東京都,江戸川区,南小岩７丁目,2020-03-01,09,道路上,その他,20歳代,その他,施錠した
窃盗,自転車盗,小岩,小岩駅前交番,131237,東京都,江戸川区,南小岩７丁目,2020-03-06,07,駐車（輪）場,駐車（輪）場,20歳代,その他,施錠した
窃盗,自転車盗,小岩,小岩駅前交番,131237,東京都,江戸川区,南小岩７丁目,2020-03-12,05,道路上,その他,30歳代,その他,施錠した
窃盗,自転車盗,小岩,小岩駅前交番,131237,東京都,江戸川区,南小岩７丁目,2020-04-30,15,４階建て以上共同住宅,駐車（輪）場,50歳代,その他,施錠した
窃盗,自転車盗,小岩,小岩駅前交番,131237,東京都,江戸川区,南小岩７丁目,2020-06-17,23,４階建て以上共同住宅,駐車（輪）場,30歳代,その他,施錠した
窃盗,自転車盗,小岩,小岩駅前交番,131237,東京都,江戸川区,南小岩７丁目,2020-07-06,09,駐車（輪）場,駐車（輪）場,50歳代,その他,施錠した
窃盗,自転車盗,小岩,小岩駅前交番,131237,東京都,江戸川区,南小岩７丁目,2020-08-08,08,その他の住宅（３階建て以下共同住宅等）,駐車（輪）場,20歳代,その他,施錠した
窃盗,自転車盗,小岩,小岩駅前交番,131237,東京都,江戸川区,南小岩７丁目,2020-08-14,18,駐車（輪）場,駐車（輪）場,20歳代,大学生,施錠した
窃盗,自転車盗,小岩,小岩駅前交番,131237,東京都,江戸川区,南小岩７丁目,2020-10-09,07,駐車（輪）場,駐車（輪）場,10歳代,高校生,施錠した
窃盗,自転車盗,小岩,小岩駅前交番,131237,東京都,江戸川区,南小岩７丁目,2020-11-09,16,４階建て以上共同住宅,駐車（輪）場,40歳代,その他,施錠した
窃盗,自転車盗,小岩,小岩駅前交番,131237,東京都,江戸川区,南小岩７丁目,2020-12-19,09,その他,駐車（輪）場,40歳代,その他,施錠した
窃盗,自転車盗,小岩,小岩駅前交番,131237,東京都,江戸川区,南小岩８丁目,2020-01-12,21,駐車（輪）場,駐車（輪）場,40歳代,その他,施錠した
窃盗,自転車盗,小岩,小岩駅前交番,131237,東京都,江戸川区,上一色２丁目,2020-01-31,06,一戸建住宅,駐車（輪）場,70歳以上,その他,施錠した
窃盗,自転車盗,小岩,西小岩交番,131237,東京都,江戸川区,西小岩１丁目,2020-03-14,02,道路上,その他,20歳代,その他,施錠した
窃盗,自転車盗,小岩,西小岩交番,131237,東京都,江戸川区,西小岩２丁目,2020-06-09,17,４階建て以上共同住宅,駐車（輪）場,50歳代,その他,施錠した
窃盗,自転車盗,小岩,西小岩交番,131237,東京都,江戸川区,西小岩２丁目,2020-06-28,18,その他の住宅（３階建て以下共同住宅等）,駐車（輪）場,20歳代,その他,施錠した
窃盗,自転車盗,小岩,西小岩交番,131237,東京都,江戸川区,西小岩２丁目,2020-08-01,20,４階建て以上共同住宅,駐車（輪）場,20歳代,その他,施錠した
窃盗,自転車盗,小岩,西小岩交番,131237,東京都,江戸川区,西小岩３丁目,2020-06-07,22,その他の住宅（３階建て以下共同住宅等）,駐車（輪）場,60-64歳,その他,施錠した
窃盗,自転車盗,小岩,西小岩交番,131237,東京都,江戸川区,西小岩３丁目,2020-06-23,17,一戸建住宅,その他,10歳未満,小学生,施錠した
窃盗,自転車盗,小岩,西小岩交番,131237,東京都,江戸川区,西小岩３丁目,2020-07-15,07,その他の住宅（３階建て以下共同住宅等）,駐車（輪）場,30歳代,その他,施錠した
窃盗,自転車盗,小岩,西小岩交番,131237,東京都,江戸川区,西小岩３丁目,2020-08-13,15,その他,駐車（輪）場,30歳代,その他,施錠した
窃盗,自転車盗,小岩,西小岩交番,131237,東京都,江戸川区,上一色３丁目,2020-03-11,16,その他の住宅（３階建て以下共同住宅等）,駐車（輪）場,20歳代,その他,施錠した
窃盗,自転車盗,小岩,北小岩二丁目交番,131237,東京都,江戸川区,北小岩３丁目,2020-02-27,19,４階建て以上共同住宅,駐車（輪）場,20歳代,その他,施錠した
窃盗,自転車盗,小岩,北小岩二丁目交番,131237,東京都,江戸川区,北小岩３丁目,2020-11-01,01,道路上,その他,70歳以上,その他,施錠した
窃盗,自転車盗,小岩,北小岩二丁目交番,131237,東京都,江戸川区,西小岩１丁目,2020-05-12,06,その他,駐車（輪）場,20歳代,その他,施錠した
窃盗,自転車盗,小岩,北小岩二丁目交番,131237,東京都,江戸川区,西小岩５丁目,2020-01-22,13,４階建て以上共同住宅,駐車（輪）場,40歳代,その他,施錠した
窃盗,自転車盗,小岩,北小岩二丁目交番,131237,東京都,江戸川区,西小岩５丁目,2020-08-06,22,４階建て以上共同住宅,駐車（輪）場,10歳代,大学生,施錠した
窃盗,自転車盗,小岩,北小岩二丁目交番,131237,東京都,江戸川区,西小岩５丁目,2020-08-06,22,４階建て以上共同住宅,駐車（輪）場,10歳代,大学生,施錠した
窃盗,自転車盗,小岩,北小岩二丁目交番,131237,東京都,江戸川区,南小岩８丁目,2020-01-11,13,駐車（輪）場,駐車（輪）場,20歳代,その他,施錠した
窃盗,自転車盗,小岩,北小岩二丁目交番,131237,東京都,江戸川区,南小岩８丁目,2020-08-20,19,駐車（輪）場,駐車（輪）場,10歳代,大学生,施錠した
窃盗,自転車盗,小岩,北小岩二丁目交番,131237,東京都,江戸川区,南小岩８丁目,2020-08-29,12,その他,駐車（輪）場,20歳代,その他,施錠した
窃盗,自転車盗,小岩,京成小岩駅前交番,131237,東京都,江戸川区,北小岩２丁目,2020-02-11,18,４階建て以上共同住宅,駐車（輪）場,10歳未満,小学生,施錠した
窃盗,自転車盗,小岩,京成小岩駅前交番,131237,東京都,江戸川区,北小岩６丁目,2019-12-21,00,４階建て以上共同住宅,駐車（輪）場,50歳代,その他,施錠した
窃盗,自転車盗,小岩,京成小岩駅前交番,131237,東京都,江戸川区,北小岩６丁目,2020-05-21,21,一戸建住宅,駐車（輪）場,20歳代,その他,施錠した
窃盗,自転車盗,小岩,京成小岩駅前交番,131237,東京都,江戸川区,北小岩７丁目,2020-08-18,20,道路上,その他,10歳代,中学生,施錠した
窃盗,自転車盗,小岩,京成小岩駅前交番,131237,東京都,江戸川区,西小岩４丁目,2020-07-02,22,その他の住宅（３階建て以下共同住宅等）,駐車（輪）場,65-69歳,その他,施錠した
窃盗,自転車盗,小岩,京成小岩駅前交番,131237,東京都,江戸川区,西小岩５丁目,2020-04-16,14,一戸建住宅,駐車（輪）場,50歳代,その他,施錠した
窃盗,自転車盗,小岩,江戸川交番,131237,東京都,江戸川区,北小岩１丁目,2019-12-07,22,一戸建住宅,駐車（輪）場,40歳代,その他,施錠した
窃盗,自転車盗,小岩,江戸川交番,131237,東京都,江戸川区,北小岩３丁目,2019-10-10,21,その他の住宅（３階建て以下共同住宅等）,駐車（輪）場,30歳代,その他,施錠した
窃盗,自転車盗,小岩,江戸川交番,131237,東京都,江戸川区,北小岩４丁目,2019-12-19,20,その他の住宅（３階建て以下共同住宅等）,駐車（輪）場,10歳代,その他,施錠した
窃盗,自転車盗,小岩,江戸川交番,131237,東京都,江戸川区,北小岩４丁目,2020-12-04,08,４階建て以上共同住宅,駐車（輪）場,20歳代,その他,施錠した
窃盗,自転車盗,小岩,北小岩駐在所,131237,東京都,江戸川区,北小岩２丁目,2020-12-04,16,その他,駐車（輪）場,10歳代,高校生,施錠した
窃盗,自転車盗,小岩,北小岩駐在所,131237,東京都,江戸川区,北小岩５丁目,2020-07-13,23,その他の住宅（３階建て以下共同住宅等）,駐車（輪）場,60-64歳,その他,施錠した
窃盗,自転車盗,小岩,北小岩駐在所,131237,東京都,江戸川区,北小岩６丁目,2020-09-15,12,その他の住宅（３階建て以下共同住宅等）,駐車（輪）場,30歳代,その他,施錠した
窃盗,自転車盗,小岩,北小岩駐在所,131237,東京都,江戸川区,北小岩７丁目,2020-02-28,00,その他の住宅（３階建て以下共同住宅等）,駐車（輪）場,20歳代,大学生,施錠した
窃盗,自転車盗,小岩,上一色駐在所,131237,東京都,江戸川区,興宮町,2020-01-24,16,その他の住宅（３階建て以下共同住宅等）,駐車（輪）場,10歳代,中学生,施錠した
窃盗,自転車盗,小岩,上一色駐在所,131237,東京都,江戸川区,興宮町,2020-05-17,00,道路上,その他,20歳代,大学生,施錠した
窃盗,自転車盗,小岩,上一色駐在所,131237,東京都,江戸川区,上一色１丁目,2017-07-01,不明,その他,その他,法人・団体、被害者なし,法人・団体、被害者なし,施錠した
窃盗,自転車盗,小岩,上一色駐在所,131237,東京都,江戸川区,上一色２丁目,2020-06-15,19,４階建て以上共同住宅,駐車（輪）場,10歳代,高校生,施錠した
窃盗,自転車盗,小岩,鹿骨交番,131237,東京都,江戸川区,鹿骨１丁目,2019-12-10,10,その他の住宅（３階建て以下共同住宅等）,駐車（輪）場,50歳代,その他,施錠した
窃盗,自転車盗,小岩,鹿骨交番,131237,東京都,江戸川区,鹿骨４丁目,2020-08-26,23,４階建て以上共同住宅,駐車（輪）場,50歳代,その他,施錠した
窃盗,自転車盗,小岩,鹿骨交番,131237,東京都,江戸川区,上篠崎４丁目,2020-11-24,15,一戸建住宅,その他,50歳代,その他,施錠した
窃盗,自転車盗,小岩,上篠崎駐在所,131237,東京都,江戸川区,篠崎町１丁目,2019-12-13,22,その他の住宅（３階建て以下共同住宅等）,駐車（輪）場,10歳代,その他,施錠した
窃盗,自転車盗,小岩,上篠崎駐在所,131237,東京都,江戸川区,篠崎町１丁目,2020-03-28,14,４階建て以上共同住宅,その他,50歳代,その他,施錠した
窃盗,自転車盗,小岩,上篠崎駐在所,131237,東京都,江戸川区,南小岩３丁目,2020-07-15,07,道路上,その他,10歳代,中学生,施錠した
窃盗,自転車盗,小岩,上篠崎駐在所,131237,東京都,江戸川区,上篠崎１丁目,2020-07-11,09,その他,その他,10歳代,中学生,施錠した
窃盗,自転車盗,小岩,上篠崎駐在所,131237,東京都,江戸川区,上篠崎１丁目,2020-08-01,14,その他,駐車（輪）場,10歳代,小学生,施錠した
窃盗,自転車盗,小岩,上篠崎駐在所,131237,東京都,江戸川区,上篠崎１丁目,2020-08-06,08,その他の住宅（３階建て以下共同住宅等）,駐車（輪）場,40歳代,その他,施錠した
窃盗,自転車盗,小岩,上篠崎駐在所,131237,東京都,江戸川区,上篠崎２丁目,2019-10-30,22,道路上,その他,70歳以上,その他,施錠した
窃盗,自転車盗,小岩,上篠崎駐在所,131237,東京都,江戸川区,上篠崎２丁目,2020-01-05,15,駐車（輪）場,駐車（輪）場,50歳代,その他,施錠した
窃盗,自転車盗,小岩,上篠崎駐在所,131237,東京都,江戸川区,上篠崎３丁目,2020-05-12,13,４階建て以上共同住宅,駐車（輪）場,20歳代,その他,施錠した
窃盗,自転車盗,小岩,上篠崎駐在所,131237,東京都,江戸川区,北篠崎２丁目,2020-02-20,16,道路上,その他,70歳以上,その他,施錠した
窃盗,自転車盗,葛西,船堀駅前交番,131237,東京都,江戸川区,一之江町,2020-02-15,13,一戸建住宅,駐車（輪）場,20歳代,その他,施錠した
窃盗,自転車盗,葛西,船堀駅前交番,131237,東京都,江戸川区,春江町５丁目,2019-12-31,18,道路上,その他,10歳代,中学生,施錠した
窃盗,自転車盗,葛西,船堀駅前交番,131237,東京都,江戸川区,船堀１丁目,2020-02-18,07,４階建て以上共同住宅,駐車（輪）場,20歳代,その他,施錠した
窃盗,自転車盗,葛西,船堀駅前交番,131237,東京都,江戸川区,船堀１丁目,2020-03-14,22,４階建て以上共同住宅,駐車（輪）場,70歳以上,その他,施錠した
窃盗,自転車盗,葛西,船堀駅前交番,131237,東京都,江戸川区,船堀１丁目,2020-06-20,08,その他,駐車（輪）場,20歳代,その他,施錠した
窃盗,自転車盗,葛西,船堀駅前交番,131237,東京都,江戸川区,船堀１丁目,2020-08-26,20,その他,その他,10歳代,高校生,施錠した
窃盗,自転車盗,葛西,船堀駅前交番,131237,東京都,江戸川区,船堀１丁目,2020-10-13,20,道路上,その他,30歳代,その他,施錠した
窃盗,自転車盗,葛西,船堀駅前交番,131237,東京都,江戸川区,船堀１丁目,2020-11-06,08,その他,駐車（輪）場,20歳代,その他,施錠した
窃盗,自転車盗,葛西,船堀駅前交番,131237,東京都,江戸川区,船堀１丁目,2020-11-15,17,４階建て以上共同住宅,駐車（輪）場,50歳代,その他,施錠した
窃盗,自転車盗,葛西,船堀駅前交番,131237,東京都,江戸川区,船堀２丁目,2019-12-24,09,道路上,その他,40歳代,その他,施錠した
窃盗,自転車盗,葛西,船堀駅前交番,131237,東京都,江戸川区,船堀３丁目,2019-11-27,19,道路上,その他,20歳代,大学生,施錠した
窃盗,自転車盗,葛西,船堀駅前交番,131237,東京都,江戸川区,船堀３丁目,2019-12-08,12,４階建て以上共同住宅,駐車（輪）場,30歳代,その他,施錠した
窃盗,自転車盗,葛西,船堀駅前交番,131237,東京都,江戸川区,船堀３丁目,2020-02-09,00,駐車（輪）場,駐車（輪）場,20歳代,その他,施錠した
窃盗,自転車盗,葛西,船堀駅前交番,131237,東京都,江戸川区,船堀３丁目,2020-02-29,17,道路上,その他,20歳代,その他,施錠した
窃盗,自転車盗,葛西,船堀駅前交番,131237,東京都,江戸川区,船堀３丁目,2020-04-05,09,その他,駐車（輪）場,40歳代,その他,施錠した
窃盗,自転車盗,葛西,船堀駅前交番,131237,東京都,江戸川区,船堀３丁目,2020-04-15,06,４階建て以上共同住宅,駐車（輪）場,30歳代,その他,施錠した
窃盗,自転車盗,葛西,船堀駅前交番,131237,東京都,江戸川区,船堀３丁目,2020-09-17,20,道路上,その他,30歳代,その他,施錠した
窃盗,自転車盗,葛西,船堀駅前交番,131237,東京都,江戸川区,船堀３丁目,2020-10-12,08,道路上,その他,20歳代,その他,施錠した
窃盗,自転車盗,葛西,船堀駅前交番,131237,東京都,江戸川区,船堀４丁目,2020-08-26,19,その他,駐車（輪）場,30歳代,その他,施錠した
窃盗,自転車盗,葛西,船堀駅前交番,131237,東京都,江戸川区,船堀６丁目,2020-01-19,18,４階建て以上共同住宅,駐車（輪）場,40歳代,その他,施錠した
窃盗,自転車盗,葛西,船堀駅前交番,131237,東京都,江戸川区,船堀６丁目,2020-03-10,21,その他の住宅（３階建て以下共同住宅等）,駐車（輪）場,30歳代,その他,施錠した
窃盗,自転車盗,葛西,船堀駅前交番,131237,東京都,江戸川区,船堀６丁目,2020-09-16,13,４階建て以上共同住宅,駐車（輪）場,30歳代,その他,施錠した
窃盗,自転車盗,葛西,葛西橋東交番,131237,東京都,江戸川区,北葛西２丁目,2020-07-01,不明,４階建て以上共同住宅,駐車（輪）場,30歳代,その他,施錠した
窃盗,自転車盗,葛西,葛西橋東交番,131237,東京都,江戸川区,北葛西２丁目,2020-08-26,11,４階建て以上共同住宅,駐車（輪）場,40歳代,その他,施錠した
窃盗,自転車盗,葛西,葛西橋東交番,131237,東京都,江戸川区,北葛西３丁目,2020-02-28,10,その他の住宅（３階建て以下共同住宅等）,駐車（輪）場,10歳代,その他,施錠した
窃盗,自転車盗,葛西,葛西橋東交番,131237,東京都,江戸川区,北葛西４丁目,2020-03-12,18,その他の住宅（３階建て以下共同住宅等）,駐車（輪）場,70歳以上,その他,施錠した
窃盗,自転車盗,葛西,葛西橋東交番,131237,東京都,江戸川区,北葛西４丁目,2020-06-25,08,４階建て以上共同住宅,駐車（輪）場,40歳代,その他,施錠した
窃盗,自転車盗,葛西,葛西橋東交番,131237,東京都,江戸川区,北葛西５丁目,2020-05-14,19,４階建て以上共同住宅,駐車（輪）場,10歳代,高校生,施錠した
窃盗,自転車盗,葛西,葛西橋東交番,131237,東京都,江戸川区,西葛西１丁目,2020-01-13,17,４階建て以上共同住宅,駐車（輪）場,20歳代,その他,施錠した
窃盗,自転車盗,葛西,葛西橋東交番,131237,東京都,江戸川区,西葛西１丁目,2020-06-23,23,その他の住宅（３階建て以下共同住宅等）,駐車（輪）場,30歳代,その他,施錠した
窃盗,自転車盗,葛西,葛西橋東交番,131237,東京都,江戸川区,西葛西１丁目,2020-08-16,22,駐車（輪）場,駐車（輪）場,30歳代,その他,施錠した
窃盗,自転車盗,葛西,葛西橋東交番,131237,東京都,江戸川区,西葛西１丁目,2020-10-04,15,その他の住宅（３階建て以下共同住宅等）,駐車（輪）場,10歳代,その他,施錠した
窃盗,自転車盗,葛西,葛西橋東交番,131237,東京都,江戸川区,西葛西２丁目,2020-03-13,14,４階建て以上共同住宅,駐車（輪）場,30歳代,その他,施錠した
窃盗,自転車盗,葛西,葛西橋東交番,131237,東京都,江戸川区,西葛西３丁目,2020-11-07,20,その他,駐車（輪）場,50歳代,その他,施錠した
窃盗,自転車盗,葛西,共栄橋交番,131237,東京都,江戸川区,中葛西１丁目,2019-08-16,08,その他の住宅（３階建て以下共同住宅等）,駐車（輪）場,20歳代,その他,施錠した
窃盗,自転車盗,葛西,共栄橋交番,131237,東京都,江戸川区,中葛西１丁目,2020-01-22,16,その他の住宅（３階建て以下共同住宅等）,駐車（輪）場,60-64歳,その他,施錠した
窃盗,自転車盗,葛西,共栄橋交番,131237,東京都,江戸川区,中葛西１丁目,2020-06-04,17,４階建て以上共同住宅,駐車（輪）場,70歳以上,その他,施錠した
窃盗,自転車盗,葛西,共栄橋交番,131237,東京都,江戸川区,中葛西２丁目,2020-09-17,22,４階建て以上共同住宅,駐車（輪）場,20歳代,その他,施錠した
窃盗,自転車盗,葛西,共栄橋交番,131237,東京都,江戸川区,中葛西３丁目,2020-02-05,14,４階建て以上共同住宅,駐車（輪）場,70歳以上,その他,施錠した
窃盗,自転車盗,葛西,共栄橋交番,131237,東京都,江戸川区,中葛西３丁目,2020-03-28,10,４階建て以上共同住宅,駐車（輪）場,30歳代,その他,施錠した
窃盗,自転車盗,葛西,共栄橋交番,131237,東京都,江戸川区,中葛西３丁目,2020-05-04,14,道路上,その他,30歳代,その他,施錠した
窃盗,自転車盗,葛西,共栄橋交番,131237,東京都,江戸川区,中葛西３丁目,2020-05-31,18,４階建て以上共同住宅,駐車（輪）場,30歳代,その他,施錠した
窃盗,自転車盗,葛西,共栄橋交番,131237,東京都,江戸川区,中葛西３丁目,2020-06-23,16,その他,その他,50歳代,その他,施錠した
窃盗,自転車盗,葛西,共栄橋交番,131237,東京都,江戸川区,中葛西３丁目,2020-09-30,08,４階建て以上共同住宅,その他,20歳代,その他,施錠した
窃盗,自転車盗,葛西,共栄橋交番,131237,東京都,江戸川区,中葛西３丁目,2020-10-04,04,道路上,その他,30歳代,その他,施錠した
窃盗,自転車盗,葛西,共栄橋交番,131237,東京都,江戸川区,中葛西３丁目,2020-11-13,01,道路上,その他,20歳代,その他,施錠した
窃盗,自転車盗,葛西,共栄橋交番,131237,東京都,江戸川区,中葛西４丁目,2020-05-04,16,道路上,その他,20歳代,その他,施錠した
窃盗,自転車盗,葛西,共栄橋交番,131237,東京都,江戸川区,中葛西４丁目,2020-06-14,10,その他,駐車（輪）場,50歳代,その他,施錠した
窃盗,自転車盗,葛西,共栄橋交番,131237,東京都,江戸川区,中葛西７丁目,2019-12-05,17,４階建て以上共同住宅,駐車（輪）場,40歳代,その他,施錠した
窃盗,自転車盗,葛西,共栄橋交番,131237,東京都,江戸川区,東葛西２丁目,2020-02-13,08,４階建て以上共同住宅,駐車（輪）場,30歳代,その他,施錠した
窃盗,自転車盗,葛西,共栄橋交番,131237,東京都,江戸川区,東葛西２丁目,2020-07-21,07,道路上,その他,20歳代,その他,施錠した
窃盗,自転車盗,葛西,共栄橋交番,131237,東京都,江戸川区,東葛西２丁目,2020-11-02,18,その他の住宅（３階建て以下共同住宅等）,駐車（輪）場,10歳代,中学生,施錠した
窃盗,自転車盗,葛西,共栄橋交番,131237,東京都,江戸川区,東葛西５丁目,2019-12-20,18,その他,駐車（輪）場,30歳代,その他,施錠した
窃盗,自転車盗,葛西,共栄橋交番,131237,東京都,江戸川区,東葛西５丁目,2020-01-25,06,道路上,その他,30歳代,その他,施錠した
窃盗,自転車盗,葛西,共栄橋交番,131237,東京都,江戸川区,東葛西５丁目,2020-02-01,22,道路上,その他,20歳代,大学生,施錠した
窃盗,自転車盗,葛西,共栄橋交番,131237,東京都,江戸川区,東葛西５丁目,2020-03-08,00,その他の住宅（３階建て以下共同住宅等）,駐車（輪）場,20歳代,その他,施錠した
窃盗,自転車盗,葛西,共栄橋交番,131237,東京都,江戸川区,東葛西５丁目,2020-07-12,10,４階建て以上共同住宅,駐車（輪）場,60-64歳,その他,施錠した
窃盗,自転車盗,葛西,共栄橋交番,131237,東京都,江戸川区,東葛西５丁目,2020-08-13,19,その他,その他,40歳代,その他,施錠した
窃盗,自転車盗,葛西,共栄橋交番,131237,東京都,江戸川区,東葛西５丁目,2020-09-22,17,４階建て以上共同住宅,駐車（輪）場,60-64歳,その他,施錠した
窃盗,自転車盗,葛西,東葛西五丁目交番,131237,東京都,江戸川区,北葛西４丁目,2019-12-16,14,４階建て以上共同住宅,駐車（輪）場,30歳代,その他,施錠した
窃盗,自転車盗,葛西,東葛西五丁目交番,131237,東京都,江戸川区,東葛西１丁目,2020-11-12,20,４階建て以上共同住宅,駐車（輪）場,10歳代,高校生,施錠した
窃盗,自転車盗,葛西,東葛西五丁目交番,131237,東京都,江戸川区,東葛西３丁目,2020-03-27,07,４階建て以上共同住宅,駐車（輪）場,20歳代,その他,施錠した
窃盗,自転車盗,葛西,東葛西五丁目交番,131237,東京都,江戸川区,東葛西４丁目,2020-02-17,12,４階建て以上共同住宅,駐車（輪）場,30歳代,その他,施錠した
窃盗,自転車盗,葛西,東葛西五丁目交番,131237,東京都,江戸川区,東葛西４丁目,2020-03-21,11,４階建て以上共同住宅,駐車（輪）場,50歳代,その他,施錠した
窃盗,自転車盗,葛西,東葛西五丁目交番,131237,東京都,江戸川区,東葛西４丁目,2020-04-01,14,その他の住宅（３階建て以下共同住宅等）,駐車（輪）場,10歳代,その他,施錠した
窃盗,自転車盗,葛西,東葛西五丁目交番,131237,東京都,江戸川区,東葛西４丁目,2020-05-24,17,４階建て以上共同住宅,駐車（輪）場,60-64歳,その他,施錠した
窃盗,自転車盗,葛西,東葛西五丁目交番,131237,東京都,江戸川区,東葛西４丁目,2020-07-13,20,４階建て以上共同住宅,駐車（輪）場,20歳代,その他,施錠した
窃盗,自転車盗,葛西,東葛西五丁目交番,131237,東京都,江戸川区,東葛西４丁目,2020-09-27,00,４階建て以上共同住宅,駐車（輪）場,20歳代,その他,施錠した
窃盗,自転車盗,葛西,東葛西五丁目交番,131237,東京都,江戸川区,東葛西５丁目,2020-01-29,20,４階建て以上共同住宅,駐車（輪）場,20歳代,その他,施錠した
窃盗,自転車盗,葛西,東葛西五丁目交番,131237,東京都,江戸川区,東葛西５丁目,2020-04-01,10,その他の住宅（３階建て以下共同住宅等）,駐車（輪）場,10歳代,大学生,施錠した
窃盗,自転車盗,葛西,西葛西駅前交番,131237,東京都,江戸川区,西葛西１丁目,2019-11-30,22,その他,駐車（輪）場,30歳代,その他,施錠した
窃盗,自転車盗,葛西,西葛西駅前交番,131237,東京都,江戸川区,西葛西３丁目,2019-12-24,19,その他,駐車（輪）場,10歳代,中学生,施錠した
窃盗,自転車盗,葛西,西葛西駅前交番,131237,東京都,江戸川区,西葛西３丁目,2020-02-13,15,道路上,その他,10歳代,大学生,施錠した
窃盗,自転車盗,葛西,西葛西駅前交番,131237,東京都,江戸川区,西葛西３丁目,2020-02-15,19,４階建て以上共同住宅,駐車（輪）場,20歳代,その他,施錠した
窃盗,自転車盗,葛西,西葛西駅前交番,131237,東京都,江戸川区,西葛西３丁目,2020-03-15,14,４階建て以上共同住宅,駐車（輪）場,10歳代,大学生,施錠した
窃盗,自転車盗,葛西,西葛西駅前交番,131237,東京都,江戸川区,西葛西３丁目,2020-04-17,19,道路上,その他,20歳代,その他,施錠した
窃盗,自転車盗,葛西,西葛西駅前交番,131237,東京都,江戸川区,西葛西３丁目,2020-04-25,17,４階建て以上共同住宅,駐車（輪）場,70歳以上,その他,施錠した
窃盗,自転車盗,葛西,西葛西駅前交番,131237,東京都,江戸川区,西葛西３丁目,2020-09-19,16,その他,その他,20歳代,その他,施錠した
窃盗,自転車盗,葛西,西葛西駅前交番,131237,東京都,江戸川区,西葛西３丁目,2020-10-10,12,４階建て以上共同住宅,駐車（輪）場,30歳代,その他,施錠した
窃盗,自転車盗,葛西,西葛西駅前交番,131237,東京都,江戸川区,西葛西５丁目,2019-08-02,19,道路上,その他,20歳代,その他,施錠した
窃盗,自転車盗,葛西,西葛西駅前交番,131237,東京都,江戸川区,西葛西５丁目,2020-01-26,11,その他,駐車（輪）場,20歳代,その他,施錠した
窃盗,自転車盗,葛西,西葛西駅前交番,131237,東京都,江戸川区,西葛西５丁目,2020-02-11,10,その他,駐車（輪）場,60-64歳,その他,施錠した
窃盗,自転車盗,葛西,西葛西駅前交番,131237,東京都,江戸川区,西葛西５丁目,2020-03-30,06,駐車（輪）場,駐車（輪）場,30歳代,その他,施錠した
窃盗,自転車盗,葛西,西葛西駅前交番,131237,東京都,江戸川区,西葛西５丁目,2020-04-04,11,道路上,その他,60-64歳,その他,施錠した
窃盗,自転車盗,葛西,西葛西駅前交番,131237,東京都,江戸川区,西葛西５丁目,2020-07-27,07,道路上,その他,20歳代,その他,施錠した
窃盗,自転車盗,葛西,西葛西駅前交番,131237,東京都,江戸川区,西葛西５丁目,2020-08-09,11,その他,駐車（輪）場,20歳代,その他,施錠した
窃盗,自転車盗,葛西,西葛西駅前交番,131237,東京都,江戸川区,西葛西５丁目,2020-08-15,10,道路上,その他,20歳代,その他,施錠した
窃盗,自転車盗,葛西,西葛西駅前交番,131237,東京都,江戸川区,西葛西５丁目,2020-08-27,01,その他,駐車（輪）場,10歳代,高校生,施錠した
窃盗,自転車盗,葛西,西葛西駅前交番,131237,東京都,江戸川区,西葛西５丁目,2020-09-14,07,４階建て以上共同住宅,駐車（輪）場,20歳代,その他,施錠した
窃盗,自転車盗,葛西,西葛西駅前交番,131237,東京都,江戸川区,西葛西５丁目,2020-10-11,19,４階建て以上共同住宅,駐車（輪）場,50歳代,その他,施錠した
窃盗,自転車盗,葛西,西葛西駅前交番,131237,東京都,江戸川区,西葛西６丁目,2019-10-10,12,その他,駐車（輪）場,20歳代,大学生,施錠した
窃盗,自転車盗,葛西,西葛西駅前交番,131237,東京都,江戸川区,西葛西６丁目,2019-10-12,19,道路上,その他,40歳代,その他,施錠した
窃盗,自転車盗,葛西,西葛西駅前交番,131237,東京都,江戸川区,西葛西６丁目,2019-11-13,17,道路上,その他,20歳代,その他,施錠した
窃盗,自転車盗,葛西,西葛西駅前交番,131237,東京都,江戸川区,西葛西６丁目,2019-11-26,18,４階建て以上共同住宅,駐車（輪）場,30歳代,その他,施錠した
窃盗,自転車盗,葛西,西葛西駅前交番,131237,東京都,江戸川区,西葛西６丁目,2019-12-08,18,４階建て以上共同住宅,駐車（輪）場,30歳代,その他,施錠した
窃盗,自転車盗,葛西,西葛西駅前交番,131237,東京都,江戸川区,西葛西６丁目,2020-01-09,10,４階建て以上共同住宅,駐車（輪）場,50歳代,その他,施錠した
窃盗,自転車盗,葛西,西葛西駅前交番,131237,東京都,江戸川区,西葛西６丁目,2020-02-02,03,その他,駐車（輪）場,20歳代,その他,施錠した
窃盗,自転車盗,葛西,西葛西駅前交番,131237,東京都,江戸川区,西葛西６丁目,2020-02-12,20,４階建て以上共同住宅,駐車（輪）場,10歳代,中学生,施錠した
窃盗,自転車盗,葛西,西葛西駅前交番,131237,東京都,江戸川区,西葛西６丁目,2020-03-09,08,駐車（輪）場,駐車（輪）場,40歳代,その他,施錠した
窃盗,自転車盗,葛西,西葛西駅前交番,131237,東京都,江戸川区,西葛西６丁目,2020-03-20,19,駐車（輪）場,駐車（輪）場,10歳代,中学生,施錠した
窃盗,自転車盗,葛西,西葛西駅前交番,131237,東京都,江戸川区,西葛西６丁目,2020-05-10,17,その他,駐車（輪）場,10歳代,その他,施錠した
窃盗,自転車盗,葛西,西葛西駅前交番,131237,東京都,江戸川区,西葛西６丁目,2020-05-24,06,道路上,その他,20歳代,その他,施錠した
窃盗,自転車盗,葛西,西葛西駅前交番,131237,東京都,江戸川区,西葛西６丁目,2020-06-02,18,その他,駐車（輪）場,10歳代,大学生,施錠した
窃盗,自転車盗,葛西,西葛西駅前交番,131237,東京都,江戸川区,西葛西６丁目,2020-06-20,10,その他,駐車（輪）場,30歳代,その他,施錠した
窃盗,自転車盗,葛西,西葛西駅前交番,131237,東京都,江戸川区,西葛西６丁目,2020-10-15,07,駐車（輪）場,駐車（輪）場,20歳代,その他,施錠した
窃盗,自転車盗,葛西,西葛西駅前交番,131237,東京都,江戸川区,西葛西６丁目,2020-10-26,19,その他,駐車（輪）場,10歳代,大学生,施錠した
窃盗,自転車盗,葛西,西葛西駅前交番,131237,東京都,江戸川区,西葛西６丁目,2020-11-15,22,その他,駐車（輪）場,20歳代,大学生,施錠した
窃盗,自転車盗,葛西,西葛西駅前交番,131237,東京都,江戸川区,西葛西７丁目,2020-02-18,16,その他,駐車（輪）場,10歳代,小学生,施錠した
窃盗,自転車盗,葛西,西葛西駅前交番,131237,東京都,江戸川区,西葛西７丁目,2020-05-21,18,その他の住宅（３階建て以下共同住宅等）,駐車（輪）場,30歳代,その他,施錠した
窃盗,自転車盗,葛西,西葛西駅前交番,131237,東京都,江戸川区,西葛西７丁目,2020-06-28,15,その他,駐車（輪）場,40歳代,その他,施錠した
窃盗,自転車盗,葛西,西葛西駅前交番,131237,東京都,江戸川区,西葛西７丁目,2020-09-28,19,４階建て以上共同住宅,駐車（輪）場,10歳代,その他,施錠した
窃盗,自転車盗,葛西,西葛西駅前交番,131237,東京都,江戸川区,西葛西７丁目,2020-11-26,19,その他,その他,10歳代,中学生,施錠した
窃盗,自転車盗,葛西,西葛西駅前交番,131237,東京都,江戸川区,東葛西６丁目,2019-12-20,09,駐車（輪）場,駐車（輪）場,40歳代,その他,施錠した
窃盗,自転車盗,葛西,宇喜田駐在所,131237,東京都,江戸川区,北葛西１丁目,2020-08-20,20,４階建て以上共同住宅,駐車（輪）場,20歳代,その他,施錠した
窃盗,自転車盗,葛西,宇喜田駐在所,131237,東京都,江戸川区,北葛西５丁目,2020-02-16,22,４階建て以上共同住宅,駐車（輪）場,20歳代,その他,施錠した
窃盗,自転車盗,葛西,東葛西九丁目駐在所,131237,東京都,江戸川区,東葛西７丁目,2020-09-17,18,その他,その他,10歳代,その他,施錠した
窃盗,自転車盗,葛西,東葛西九丁目駐在所,131237,東京都,江戸川区,東葛西８丁目,2020-02-28,18,４階建て以上共同住宅,駐車（輪）場,10歳代,その他,施錠した
窃盗,自転車盗,葛西,東葛西九丁目駐在所,131237,東京都,江戸川区,東葛西８丁目,2020-03-15,11,４階建て以上共同住宅,駐車（輪）場,20歳代,その他,施錠した
窃盗,自転車盗,葛西,東葛西九丁目駐在所,131237,東京都,江戸川区,東葛西８丁目,2020-03-30,20,４階建て以上共同住宅,駐車（輪）場,20歳代,その他,施錠した
窃盗,自転車盗,葛西,東葛西九丁目駐在所,131237,東京都,江戸川区,東葛西８丁目,2020-04-09,21,その他の住宅（３階建て以下共同住宅等）,駐車（輪）場,20歳代,その他,施錠した
窃盗,自転車盗,葛西,東葛西九丁目駐在所,131237,東京都,江戸川区,東葛西８丁目,2020-04-12,18,４階建て以上共同住宅,駐車（輪）場,20歳代,その他,施錠した
窃盗,自転車盗,葛西,東葛西九丁目駐在所,131237,東京都,江戸川区,東葛西８丁目,2020-07-23,20,その他の住宅（３階建て以下共同住宅等）,駐車（輪）場,30歳代,その他,施錠した
窃盗,自転車盗,葛西,東葛西九丁目駐在所,131237,東京都,江戸川区,東葛西８丁目,2020-10-11,18,その他の住宅（３階建て以下共同住宅等）,駐車（輪）場,40歳代,その他,施錠した
窃盗,自転車盗,葛西,東葛西九丁目駐在所,131237,東京都,江戸川区,東葛西８丁目,2020-11-13,17,その他の住宅（３階建て以下共同住宅等）,駐車（輪）場,40歳代,その他,施錠した
窃盗,自転車盗,葛西,東葛西九丁目駐在所,131237,東京都,江戸川区,東葛西９丁目,2018-10-10,15,４階建て以上共同住宅,駐車（輪）場,40歳代,その他,施錠した
窃盗,自転車盗,葛西,東葛西九丁目駐在所,131237,東京都,江戸川区,東葛西９丁目,2020-01-08,20,その他,駐車（輪）場,10歳代,中学生,施錠した
窃盗,自転車盗,葛西,東葛西九丁目駐在所,131237,東京都,江戸川区,東葛西９丁目,2020-02-02,20,その他,駐車（輪）場,10歳代,中学生,施錠した
窃盗,自転車盗,葛西,東葛西九丁目駐在所,131237,東京都,江戸川区,東葛西９丁目,2020-09-18,14,その他,駐車（輪）場,10歳代,中学生,施錠した
窃盗,自転車盗,葛西,東葛西九丁目駐在所,131237,東京都,江戸川区,東葛西９丁目,2020-10-18,12,その他,駐車（輪）場,65-69歳,その他,施錠した
窃盗,自転車盗,葛西,東葛西九丁目駐在所,131237,東京都,江戸川区,東葛西９丁目,2020-11-02,18,その他,駐車（輪）場,10歳代,高校生,施錠した
窃盗,自転車盗,葛西,南葛西交番,131237,東京都,江戸川区,南葛西１丁目,2020-02-27,09,その他,駐車（輪）場,10歳代,高校生,施錠した
窃盗,自転車盗,葛西,南葛西交番,131237,東京都,江戸川区,南葛西１丁目,2020-05-24,16,４階建て以上共同住宅,駐車（輪）場,10歳代,中学生,施錠した
窃盗,自転車盗,葛西,南葛西交番,131237,東京都,江戸川区,南葛西１丁目,2020-06-24,15,一戸建住宅,その他,10歳代,大学生,施錠した
窃盗,自転車盗,葛西,南葛西交番,131237,東京都,江戸川区,南葛西２丁目,2020-03-11,21,４階建て以上共同住宅,駐車（輪）場,20歳代,大学生,施錠した
窃盗,自転車盗,葛西,南葛西交番,131237,東京都,江戸川区,南葛西２丁目,2020-05-18,18,その他,駐車（輪）場,30歳代,その他,施錠した
窃盗,自転車盗,葛西,南葛西交番,131237,東京都,江戸川区,南葛西２丁目,2020-11-06,12,４階建て以上共同住宅,駐車（輪）場,50歳代,その他,施錠した
窃盗,自転車盗,葛西,南葛西交番,131237,東京都,江戸川区,南葛西３丁目,2020-01-18,20,４階建て以上共同住宅,駐車（輪）場,10歳代,高校生,施錠した
窃盗,自転車盗,葛西,南葛西交番,131237,東京都,江戸川区,南葛西３丁目,2020-02-28,18,４階建て以上共同住宅,駐車（輪）場,50歳代,その他,施錠した
窃盗,自転車盗,葛西,南葛西交番,131237,東京都,江戸川区,南葛西３丁目,2020-04-22,17,４階建て以上共同住宅,駐車（輪）場,20歳代,その他,施錠した
窃盗,自転車盗,葛西,南葛西交番,131237,東京都,江戸川区,南葛西３丁目,2020-11-22,22,４階建て以上共同住宅,駐車（輪）場,20歳代,その他,施錠した
窃盗,自転車盗,葛西,南葛西交番,131237,東京都,江戸川区,南葛西４丁目,2020-01-01,21,４階建て以上共同住宅,駐車（輪）場,10歳未満,小学生,施錠した
窃盗,自転車盗,葛西,南葛西交番,131237,東京都,江戸川区,南葛西４丁目,2020-02-08,12,その他,駐車（輪）場,10歳代,大学生,施錠した
窃盗,自転車盗,葛西,南葛西交番,131237,東京都,江戸川区,南葛西４丁目,2020-10-06,18,その他の住宅（３階建て以下共同住宅等）,駐車（輪）場,10歳代,小学生,施錠した
窃盗,自転車盗,葛西,南葛西交番,131237,東京都,江戸川区,南葛西６丁目,2019-11-27,19,駐車（輪）場,駐車（輪）場,50歳代,その他,施錠した
窃盗,自転車盗,葛西,南葛西交番,131237,東京都,江戸川区,南葛西７丁目,2019-12-01,17,４階建て以上共同住宅,駐車（輪）場,50歳代,その他,施錠した
窃盗,自転車盗,葛西,南葛西交番,131237,東京都,江戸川区,南葛西７丁目,2019-12-29,23,４階建て以上共同住宅,駐車（輪）場,10歳代,中学生,施錠した
窃盗,自転車盗,葛西,南葛西交番,131237,東京都,江戸川区,南葛西７丁目,2020-01-01,13,４階建て以上共同住宅,駐車（輪）場,30歳代,その他,施錠した
窃盗,自転車盗,葛西,清新町交番,131237,東京都,江戸川区,西葛西８丁目,2020-02-14,22,４階建て以上共同住宅,駐車（輪）場,50歳代,その他,施錠した
窃盗,自転車盗,葛西,清新町交番,131237,東京都,江戸川区,西葛西８丁目,2020-03-02,20,４階建て以上共同住宅,駐車（輪）場,60-64歳,その他,施錠した
窃盗,自転車盗,葛西,清新町交番,131237,東京都,江戸川区,西葛西８丁目,2020-05-31,17,４階建て以上共同住宅,駐車（輪）場,10歳未満,小学生,施錠した
窃盗,自転車盗,葛西,清新町交番,131237,東京都,江戸川区,清新町１丁目,2020-01-16,12,４階建て以上共同住宅,駐車（輪）場,70歳以上,その他,施錠した
窃盗,自転車盗,葛西,清新町交番,131237,東京都,江戸川区,清新町１丁目,2020-02-15,12,４階建て以上共同住宅,駐車（輪）場,50歳代,その他,施錠した
窃盗,自転車盗,葛西,清新町交番,131237,東京都,江戸川区,清新町１丁目,2020-02-20,07,４階建て以上共同住宅,駐車（輪）場,65-69歳,その他,施錠した
窃盗,自転車盗,葛西,清新町交番,131237,東京都,江戸川区,清新町１丁目,2020-06-04,09,４階建て以上共同住宅,駐車（輪）場,30歳代,その他,施錠した
窃盗,自転車盗,葛西,清新町交番,131237,東京都,江戸川区,清新町１丁目,2020-06-07,14,４階建て以上共同住宅,駐車（輪）場,30歳代,その他,施錠した
窃盗,自転車盗,葛西,清新町交番,131237,東京都,江戸川区,清新町１丁目,2020-06-15,17,４階建て以上共同住宅,駐車（輪）場,50歳代,その他,施錠した
窃盗,自転車盗,葛西,清新町交番,131237,東京都,江戸川区,清新町１丁目,2020-07-09,17,４階建て以上共同住宅,駐車（輪）場,65-69歳,その他,施錠した
窃盗,自転車盗,葛西,清新町交番,131237,東京都,江戸川区,清新町１丁目,2020-10-04,18,４階建て以上共同住宅,駐車（輪）場,30歳代,その他,施錠した
窃盗,自転車盗,葛西,清新町交番,131237,東京都,江戸川区,清新町２丁目,2020-05-04,20,４階建て以上共同住宅,駐車（輪）場,30歳代,その他,施錠した
窃盗,自転車盗,葛西,清新町交番,131237,東京都,江戸川区,清新町２丁目,2020-09-21,07,その他,駐車（輪）場,70歳以上,その他,施錠した
窃盗,自転車盗,葛西,葛西駅前交番,131237,東京都,江戸川区,中葛西５丁目,2019-11-15,18,その他,駐車（輪）場,60-64歳,その他,施錠した
窃盗,自転車盗,葛西,葛西駅前交番,131237,東京都,江戸川区,中葛西５丁目,2020-01-09,17,その他の住宅（３階建て以下共同住宅等）,駐車（輪）場,10歳代,高校生,施錠した
窃盗,自転車盗,葛西,葛西駅前交番,131237,東京都,江戸川区,中葛西５丁目,2020-02-18,07,道路上,その他,10歳代,その他,施錠した
窃盗,自転車盗,葛西,葛西駅前交番,131237,東京都,江戸川区,中葛西５丁目,2020-04-04,17,４階建て以上共同住宅,駐車（輪）場,40歳代,その他,施錠した
窃盗,自転車盗,葛西,葛西駅前交番,131237,東京都,江戸川区,中葛西５丁目,2020-04-12,10,その他の住宅（３階建て以下共同住宅等）,駐車（輪）場,40歳代,その他,施錠した
窃盗,自転車盗,葛西,葛西駅前交番,131237,東京都,江戸川区,中葛西５丁目,2020-05-01,20,４階建て以上共同住宅,駐車（輪）場,20歳代,大学生,施錠した
窃盗,自転車盗,葛西,葛西駅前交番,131237,東京都,江戸川区,中葛西５丁目,2020-05-05,18,４階建て以上共同住宅,駐車（輪）場,10歳代,高校生,施錠した
窃盗,自転車盗,葛西,葛西駅前交番,131237,東京都,江戸川区,中葛西５丁目,2020-06-06,22,その他,駐車（輪）場,30歳代,その他,施錠した
窃盗,自転車盗,葛西,葛西駅前交番,131237,東京都,江戸川区,中葛西５丁目,2020-06-25,07,４階建て以上共同住宅,駐車（輪）場,20歳代,その他,施錠した
窃盗,自転車盗,葛西,葛西駅前交番,131237,東京都,江戸川区,中葛西５丁目,2020-07-30,17,その他,駐車（輪）場,30歳代,その他,施錠した
窃盗,自転車盗,葛西,葛西駅前交番,131237,東京都,江戸川区,中葛西５丁目,2020-08-07,17,４階建て以上共同住宅,駐車（輪）場,20歳代,その他,施錠した
窃盗,自転車盗,葛西,葛西駅前交番,131237,東京都,江戸川区,中葛西５丁目,2020-08-08,17,４階建て以上共同住宅,駐車（輪）場,20歳代,その他,施錠した
窃盗,自転車盗,葛西,葛西駅前交番,131237,東京都,江戸川区,中葛西５丁目,2020-08-17,17,４階建て以上共同住宅,駐車（輪）場,40歳代,その他,施錠した
窃盗,自転車盗,葛西,葛西駅前交番,131237,東京都,江戸川区,中葛西５丁目,2020-09-28,15,駐車（輪）場,駐車（輪）場,30歳代,その他,施錠した
窃盗,自転車盗,葛西,葛西駅前交番,131237,東京都,江戸川区,中葛西５丁目,2020-10-09,18,その他,駐車（輪）場,20歳代,その他,施錠した
窃盗,自転車盗,葛西,葛西駅前交番,131237,東京都,江戸川区,中葛西５丁目,2020-10-12,10,駐車（輪）場,駐車（輪）場,30歳代,その他,施錠した
窃盗,自転車盗,葛西,葛西駅前交番,131237,東京都,江戸川区,中葛西５丁目,2020-11-20,18,その他,駐車（輪）場,30歳代,その他,施錠した
窃盗,自転車盗,葛西,葛西駅前交番,131237,東京都,江戸川区,中葛西５丁目,2020-11-27,16,４階建て以上共同住宅,駐車（輪）場,10歳代,小学生,施錠した
窃盗,自転車盗,葛西,葛西駅前交番,131237,東京都,江戸川区,中葛西６丁目,2019-11-03,15,その他の住宅（３階建て以下共同住宅等）,駐車（輪）場,20歳代,大学生,施錠した
窃盗,自転車盗,葛西,葛西駅前交番,131237,東京都,江戸川区,中葛西６丁目,2020-01-05,12,その他の住宅（３階建て以下共同住宅等）,駐車（輪）場,20歳代,その他,施錠した
窃盗,自転車盗,葛西,葛西駅前交番,131237,東京都,江戸川区,中葛西６丁目,2020-01-08,00,その他,駐車（輪）場,20歳代,大学生,施錠した
窃盗,自転車盗,葛西,葛西駅前交番,131237,東京都,江戸川区,中葛西７丁目,2019-12-29,03,４階建て以上共同住宅,駐車（輪）場,30歳代,その他,施錠した
窃盗,自転車盗,葛西,葛西駅前交番,131237,東京都,江戸川区,中葛西７丁目,2020-06-12,19,４階建て以上共同住宅,駐車（輪）場,10歳代,その他,施錠した
窃盗,自転車盗,葛西,葛西駅前交番,131237,東京都,江戸川区,中葛西７丁目,2020-07-03,12,４階建て以上共同住宅,駐車（輪）場,20歳代,その他,施錠した
窃盗,自転車盗,葛西,葛西駅前交番,131237,東京都,江戸川区,中葛西７丁目,2020-09-22,20,その他の住宅（３階建て以下共同住宅等）,駐車（輪）場,10歳代,高校生,施錠した
窃盗,自転車盗,葛西,葛西駅前交番,131237,東京都,江戸川区,中葛西８丁目,2019-12-05,08,４階建て以上共同住宅,駐車（輪）場,10歳代,その他,施錠した
窃盗,自転車盗,葛西,葛西駅前交番,131237,東京都,江戸川区,中葛西８丁目,2019-12-20,19,４階建て以上共同住宅,駐車（輪）場,20歳代,その他,施錠した
窃盗,自転車盗,葛西,葛西駅前交番,131237,東京都,江戸川区,西葛西６丁目,2020-02-15,23,その他,駐車（輪）場,20歳代,大学生,施錠した
窃盗,自転車盗,葛西,葛西駅前交番,131237,東京都,江戸川区,東葛西４丁目,2019-12-26,07,一戸建住宅,駐車（輪）場,10歳代,中学生,施錠した
窃盗,自転車盗,葛西,葛西駅前交番,131237,東京都,江戸川区,東葛西６丁目,2019-12-04,19,その他,駐車（輪）場,10歳代,その他,施錠した
窃盗,自転車盗,葛西,葛西駅前交番,131237,東京都,江戸川区,東葛西６丁目,2019-12-21,15,その他,駐車（輪）場,65-69歳,その他,施錠した
窃盗,自転車盗,葛西,葛西駅前交番,131237,東京都,江戸川区,東葛西６丁目,2019-12-26,10,駐車（輪）場,駐車（輪）場,20歳代,その他,施錠した
窃盗,自転車盗,葛西,葛西駅前交番,131237,東京都,江戸川区,東葛西６丁目,2020-01-15,10,駐車（輪）場,駐車（輪）場,40歳代,その他,施錠した
窃盗,自転車盗,葛西,葛西駅前交番,131237,東京都,江戸川区,東葛西６丁目,2020-02-26,18,駐車（輪）場,駐車（輪）場,20歳代,その他,施錠した
窃盗,自転車盗,葛西,葛西駅前交番,131237,東京都,江戸川区,東葛西６丁目,2020-03-10,14,４階建て以上共同住宅,駐車（輪）場,40歳代,その他,施錠した
窃盗,自転車盗,葛西,葛西駅前交番,131237,東京都,江戸川区,東葛西６丁目,2020-04-28,17,４階建て以上共同住宅,駐車（輪）場,40歳代,その他,施錠した
窃盗,自転車盗,葛西,葛西駅前交番,131237,東京都,江戸川区,東葛西６丁目,2020-04-29,16,４階建て以上共同住宅,駐車（輪）場,30歳代,その他,施錠した
窃盗,自転車盗,葛西,葛西駅前交番,131237,東京都,江戸川区,東葛西６丁目,2020-08-17,11,駐車（輪）場,駐車（輪）場,10歳代,その他,施錠した
窃盗,自転車盗,葛西,葛西駅前交番,131237,東京都,江戸川区,東葛西６丁目,2020-08-24,13,その他,駐車（輪）場,10歳代,中学生,施錠した
窃盗,自転車盗,葛西,葛西駅前交番,131237,東京都,江戸川区,東葛西６丁目,2020-09-24,18,４階建て以上共同住宅,駐車（輪）場,50歳代,その他,施錠した
窃盗,自転車盗,葛西,葛西駅前交番,131237,東京都,江戸川区,東葛西７丁目,2019-08-01,不明,その他の住宅（３階建て以下共同住宅等）,駐車（輪）場,50歳代,その他,施錠した
窃盗,自転車盗,葛西,江戸川六丁目交番,131237,東京都,江戸川区,江戸川６丁目,2020-06-25,19,その他の住宅（３階建て以下共同住宅等）,駐車（輪）場,40歳代,その他,施錠した
窃盗,自転車盗,葛西,江戸川六丁目交番,131237,東京都,江戸川区,江戸川６丁目,2020-09-24,23,その他の住宅（３階建て以下共同住宅等）,駐車（輪）場,40歳代,その他,施錠した
窃盗,自転車盗,葛西,江戸川六丁目交番,131237,東京都,江戸川区,西瑞江５丁目,2020-03-12,10,その他,駐車（輪）場,40歳代,その他,施錠した
窃盗,自転車盗,葛西,江戸川六丁目交番,131237,東京都,江戸川区,春江町５丁目,2020-07-30,20,その他の住宅（３階建て以下共同住宅等）,駐車（輪）場,20歳代,その他,施錠した
窃盗,自転車盗,葛西,江戸川六丁目交番,131237,東京都,江戸川区,春江町５丁目,2020-08-30,15,４階建て以上共同住宅,駐車（輪）場,40歳代,その他,施錠した
窃盗,自転車盗,葛西,臨海公園交番,131237,東京都,江戸川区,西葛西６丁目,2020-04-03,11,４階建て以上共同住宅,駐車（輪）場,40歳代,その他,施錠した
窃盗,自転車盗,葛西,臨海公園交番,131237,東京都,江戸川区,南葛西５丁目,2020-10-02,08,その他,駐車（輪）場,20歳代,その他,施錠した
窃盗,自転車盗,葛西,臨海公園交番,131237,東京都,江戸川区,南葛西６丁目,2020-07-23,18,４階建て以上共同住宅,駐車（輪）場,30歳代,その他,施錠した
窃盗,自転車盗,葛西,臨海公園交番,131237,東京都,江戸川区,南葛西６丁目,2020-10-23,17,４階建て以上共同住宅,駐車（輪）場,30歳代,その他,施錠した
窃盗,自転車盗,葛西,臨海公園交番,131237,東京都,江戸川区,臨海町１丁目,2019-12-12,16,４階建て以上共同住宅,駐車（輪）場,30歳代,その他,施錠した
窃盗,自転車盗,葛西,臨海公園交番,131237,東京都,江戸川区,臨海町１丁目,2020-04-14,14,４階建て以上共同住宅,駐車（輪）場,10歳代,中学生,施錠した
窃盗,自転車盗,葛西,臨海公園交番,131237,東京都,江戸川区,臨海町２丁目,2020-05-24,17,４階建て以上共同住宅,駐車（輪）場,20歳代,その他,施錠した
窃盗,自転車盗,葛西,臨海公園交番,131237,東京都,江戸川区,臨海町３丁目,2020-08-04,10,その他,駐車（輪）場,20歳代,その他,施錠した
窃盗,自転車盗,葛西,臨海公園交番,131237,東京都,江戸川区,臨海町５丁目,2020-04-04,17,４階建て以上共同住宅,駐車（輪）場,10歳代,小学生,施錠した
窃盗,自転車盗,葛西,臨海公園交番,131237,東京都,江戸川区,臨海町５丁目,2020-09-29,16,４階建て以上共同住宅,駐車（輪）場,60-64歳,その他,施錠した
窃盗,自転車盗,葛西,臨海公園交番,131237,東京都,江戸川区,臨海町５丁目,2020-10-04,21,４階建て以上共同住宅,駐車（輪）場,10歳代,高校生,施錠した
窃盗,自転車盗,葛西,臨海公園交番,131237,東京都,江戸川区,臨海町５丁目,2020-10-23,17,４階建て以上共同住宅,駐車（輪）場,10歳代,小学生,施錠した
窃盗,自転車盗,葛西,臨海公園交番,131237,東京都,江戸川区,臨海町６丁目,2019-12-14,07,駐車（輪）場,駐車（輪）場,30歳代,その他,施錠した
窃盗,自転車盗,葛西,臨海公園交番,131237,東京都,江戸川区,臨海町６丁目,2020-01-01,11,道路上,その他,20歳代,その他,施錠した
窃盗,自転車盗,葛西,臨海公園交番,131237,東京都,江戸川区,臨海町６丁目,2020-02-05,08,その他,駐車（輪）場,10歳代,高校生,施錠した
窃盗,自転車盗,葛西,臨海公園交番,131237,東京都,江戸川区,臨海町６丁目,2020-03-18,13,道路上,その他,10歳代,高校生,施錠した
窃盗,自転車盗,葛西,臨海公園交番,131237,東京都,江戸川区,臨海町６丁目,2020-03-24,15,道路上,その他,20歳代,その他,施錠した
窃盗,自転車盗,葛西,臨海公園交番,131237,東京都,江戸川区,臨海町６丁目,2020-07-10,09,その他,駐車（輪）場,20歳代,その他,施錠した
窃盗,自転車盗,葛西,臨海公園交番,131237,東京都,江戸川区,臨海町６丁目,2020-07-15,09,その他,駐車（輪）場,20歳代,その他,施錠した
窃盗,自転車盗,葛西,臨海公園交番,131237,東京都,江戸川区,臨海町６丁目,2020-09-18,19,道路上,その他,30歳代,その他,施錠した
窃盗,自転車盗,葛西,臨海公園交番,131237,東京都,江戸川区,臨海町６丁目,2020-10-07,20,その他,駐車（輪）場,65-69歳,その他,施錠した
窃盗,自転車盗,葛西,臨海公園交番,131237,東京都,江戸川区,臨海町６丁目,2020-10-14,09,その他,その他,30歳代,その他,施錠した
窃盗,自転車盗,葛西,臨海公園交番,131237,東京都,江戸川区,臨海町６丁目,2020-10-24,15,道路上,その他,10歳代,中学生,施錠した
窃盗,自転車盗,葛西,臨海公園交番,131237,東京都,江戸川区,臨海町６丁目,2020-11-18,09,道路上,その他,20歳代,その他,施錠した
窃盗,自転車盗,南大沢,北野駅前交番,132012,東京都,八王子市,北野町,2020-03-24,13,その他,駐車（輪）場,70歳以上,その他,施錠した
窃盗,自転車盗,南大沢,北野駅前交番,132012,東京都,八王子市,北野町,2020-04-01,13,道路上,その他,70歳以上,その他,施錠した
窃盗,自転車盗,南大沢,北野駅前交番,132012,東京都,八王子市,北野町,2020-06-19,08,道路上,その他,40歳代,その他,施錠した
窃盗,自転車盗,南大沢,北野駅前交番,132012,東京都,八王子市,打越町,2020-06-22,12,その他の住宅（３階建て以下共同住宅等）,駐車（輪）場,20歳代,その他,施錠した
窃盗,自転車盗,南大沢,北野駅前交番,132012,東京都,八王子市,北野町,2020-01-10,06,その他,駐車（輪）場,40歳代,その他,施錠した
窃盗,自転車盗,南大沢,北野駅前交番,132012,東京都,八王子市,北野町,2020-01-31,12,その他,その他,10歳代,大学生,施錠した
窃盗,自転車盗,南大沢,北野駅前交番,132012,東京都,八王子市,北野町,2020-05-13,10,その他,駐車（輪）場,30歳代,大学生,施錠した
窃盗,自転車盗,南大沢,北野駅前交番,132012,東京都,八王子市,越野,2020-08-14,16,４階建て以上共同住宅,駐車（輪）場,30歳代,その他,施錠した
窃盗,自転車盗,南大沢,北野駅前交番,132012,東京都,八王子市,長沼町,2020-06-27,23,その他の住宅（３階建て以下共同住宅等）,駐車（輪）場,30歳代,その他,施錠した
窃盗,自転車盗,南大沢,北野駅前交番,132012,東京都,八王子市,絹ケ丘３丁目,2020-08-15,21,一戸建住宅,その他,10歳代,小学生,施錠した
窃盗,自転車盗,南大沢,下柚木交番,132012,東京都,八王子市,越野,2020-05-07,22,その他の住宅（３階建て以下共同住宅等）,駐車（輪）場,20歳代,大学生,施錠した
窃盗,自転車盗,南大沢,下柚木交番,132012,東京都,八王子市,越野,2020-10-30,18,その他の住宅（３階建て以下共同住宅等）,駐車（輪）場,10歳代,大学生,施錠した
窃盗,自転車盗,南大沢,下柚木交番,132012,東京都,八王子市,下柚木２丁目,2020-08-22,14,４階建て以上共同住宅,駐車（輪）場,10歳代,大学生,施錠した
窃盗,自転車盗,南大沢,松が谷交番,132012,東京都,八王子市,大塚,2020-03-02,02,駐車（輪）場,駐車（輪）場,50歳代,その他,施錠した
窃盗,自転車盗,南大沢,松が谷交番,132012,東京都,八王子市,大塚,2020-01-20,19,駐車（輪）場,駐車（輪）場,20歳代,大学生,施錠した
窃盗,自転車盗,南大沢,松が谷交番,132012,東京都,八王子市,大塚,2020-02-02,19,道路上,その他,20歳代,大学生,施錠した
窃盗,自転車盗,南大沢,松が谷交番,132012,東京都,八王子市,大塚,2020-02-03,01,その他の住宅（３階建て以下共同住宅等）,駐車（輪）場,20歳代,大学生,施錠した
窃盗,自転車盗,南大沢,松が谷交番,132012,東京都,八王子市,大塚,2020-04-01,不明,４階建て以上共同住宅,駐車（輪）場,20歳代,大学生,施錠した
窃盗,自転車盗,南大沢,松が谷交番,132012,東京都,八王子市,大塚,2020-11-18,21,その他の住宅（３階建て以下共同住宅等）,駐車（輪）場,10歳代,大学生,施錠した
窃盗,自転車盗,南大沢,松が谷交番,132012,東京都,八王子市,鹿島,2020-10-02,21,４階建て以上共同住宅,駐車（輪）場,10歳代,中学生,施錠した
窃盗,自転車盗,南大沢,松が谷交番,132012,東京都,八王子市,松が谷,2020-08-08,09,駐車（輪）場,駐車（輪）場,10歳代,大学生,施錠した
窃盗,自転車盗,南大沢,高嶺交番,132012,東京都,八王子市,片倉町,2020-11-26,00,その他の住宅（３階建て以下共同住宅等）,駐車（輪）場,10歳代,中学生,施錠した
窃盗,自転車盗,南大沢,堀之内駅前交番,132012,東京都,八王子市,打越町,2020-07-02,22,４階建て以上共同住宅,駐車（輪）場,20歳代,その他,施錠した
窃盗,自転車盗,南大沢,堀之内駅前交番,132012,東京都,八王子市,東中野,2020-02-03,14,４階建て以上共同住宅,駐車（輪）場,20歳代,大学生,施錠した
窃盗,自転車盗,南大沢,堀之内駅前交番,132012,東京都,八王子市,東中野,2020-03-10,19,４階建て以上共同住宅,駐車（輪）場,10歳代,大学生,施錠した
窃盗,自転車盗,南大沢,堀之内駅前交番,132012,東京都,八王子市,東中野,2020-11-15,16,一戸建住宅,駐車（輪）場,10歳代,高校生,施錠した
窃盗,自転車盗,南大沢,堀之内駅前交番,132012,東京都,八王子市,東中野,2020-12-23,17,その他の住宅（３階建て以下共同住宅等）,駐車（輪）場,20歳代,大学生,施錠した
窃盗,自転車盗,南大沢,堀之内駅前交番,132012,東京都,八王子市,別所１丁目,2020-07-12,22,４階建て以上共同住宅,駐車（輪）場,40歳代,その他,施錠した
窃盗,自転車盗,南大沢,堀之内駅前交番,132012,東京都,八王子市,別所２丁目,2020-01-24,16,４階建て以上共同住宅,駐車（輪）場,20歳代,大学生,施錠した
窃盗,自転車盗,南大沢,堀之内駅前交番,132012,東京都,八王子市,別所２丁目,2020-11-22,12,その他,駐車（輪）場,20歳代,大学生,施錠した
窃盗,自転車盗,南大沢,堀之内駅前交番,132012,東京都,八王子市,堀之内,2020-06-05,20,その他の住宅（３階建て以下共同住宅等）,駐車（輪）場,30歳代,その他,施錠した
窃盗,自転車盗,南大沢,堀之内駅前交番,132012,東京都,八王子市,堀之内２丁目,2019-12-30,23,その他の住宅（３階建て以下共同住宅等）,駐車（輪）場,50歳代,その他,施錠した
窃盗,自転車盗,南大沢,堀之内駅前交番,132012,東京都,八王子市,堀之内２丁目,2020-03-29,07,その他,駐車（輪）場,50歳代,その他,施錠した
窃盗,自転車盗,南大沢,堀之内駅前交番,132012,東京都,八王子市,堀之内２丁目,2020-03-30,19,その他の住宅（３階建て以下共同住宅等）,駐車（輪）場,20歳代,大学生,施錠した
窃盗,自転車盗,南大沢,堀之内駅前交番,132012,東京都,八王子市,堀之内２丁目,2020-06-26,14,道路上,その他,20歳代,大学生,施錠した
窃盗,自転車盗,南大沢,堀之内駅前交番,132012,東京都,八王子市,堀之内３丁目,2020-01-28,13,駐車（輪）場,駐車（輪）場,10歳代,大学生,施錠した
窃盗,自転車盗,南大沢,堀之内駅前交番,132012,東京都,八王子市,堀之内３丁目,2020-03-08,09,その他の住宅（３階建て以下共同住宅等）,駐車（輪）場,20歳代,大学生,施錠した
窃盗,自転車盗,南大沢,堀之内駅前交番,132012,東京都,八王子市,堀之内３丁目,2020-07-27,09,駐車（輪）場,駐車（輪）場,20歳代,その他,施錠した
窃盗,自転車盗,南大沢,堀之内駅前交番,132012,東京都,八王子市,松木,2020-03-09,18,その他の住宅（３階建て以下共同住宅等）,駐車（輪）場,20歳代,大学生,施錠した
窃盗,自転車盗,南大沢,堀之内駅前交番,132012,東京都,八王子市,松木,2020-04-25,10,その他の住宅（３階建て以下共同住宅等）,駐車（輪）場,10歳代,大学生,施錠した
窃盗,自転車盗,南大沢,堀之内駅前交番,132012,東京都,八王子市,松木,2020-05-05,20,その他の住宅（３階建て以下共同住宅等）,駐車（輪）場,20歳代,大学生,施錠した
窃盗,自転車盗,南大沢,堀之内駅前交番,132012,東京都,八王子市,松木,2020-06-01,19,一戸建住宅,駐車（輪）場,50歳代,その他,施錠した
窃盗,自転車盗,南大沢,堀之内駅前交番,132012,東京都,八王子市,松木,2020-09-20,12,道路上,その他,30歳代,その他,施錠した
窃盗,自転車盗,南大沢,堀之内駅前交番,132012,東京都,八王子市,松木,2020-11-21,19,４階建て以上共同住宅,駐車（輪）場,50歳代,その他,施錠した
窃盗,自転車盗,南大沢,堀之内駅前交番,132012,東京都,八王子市,松木,2020-11-23,14,４階建て以上共同住宅,駐車（輪）場,40歳代,その他,施錠した
窃盗,自転車盗,南大沢,南大沢駅前交番,132012,東京都,八王子市,上柚木３丁目,2020-02-23,12,４階建て以上共同住宅,駐車（輪）場,20歳代,その他,施錠した
窃盗,自転車盗,南大沢,南大沢駅前交番,132012,東京都,八王子市,南大沢１丁目,2019-12-24,08,その他,駐車（輪）場,20歳代,大学生,施錠した
窃盗,自転車盗,南大沢,南大沢駅前交番,132012,東京都,八王子市,南大沢１丁目,2020-01-07,18,その他,駐車（輪）場,20歳代,大学生,施錠した
窃盗,自転車盗,南大沢,南大沢駅前交番,132012,東京都,八王子市,南大沢１丁目,2020-01-14,17,駐車（輪）場,駐車（輪）場,10歳代,小学生,施錠した
窃盗,自転車盗,南大沢,南大沢駅前交番,132012,東京都,八王子市,南大沢１丁目,2020-03-02,12,その他の住宅（３階建て以下共同住宅等）,駐車（輪）場,20歳代,大学生,施錠した
窃盗,自転車盗,南大沢,南大沢駅前交番,132012,東京都,八王子市,南大沢１丁目,2020-06-05,20,駐車（輪）場,駐車（輪）場,40歳代,その他,施錠した
窃盗,自転車盗,南大沢,南大沢駅前交番,132012,東京都,八王子市,南大沢１丁目,2020-07-03,08,その他,駐車（輪）場,10歳代,高校生,施錠した
窃盗,自転車盗,南大沢,南大沢駅前交番,132012,東京都,八王子市,南大沢１丁目,2020-10-05,11,その他,駐車（輪）場,10歳代,高校生,施錠した
窃盗,自転車盗,南大沢,南大沢駅前交番,132012,東京都,八王子市,南大沢１丁目,2020-10-13,14,その他,駐車（輪）場,10歳代,高校生,施錠した
窃盗,自転車盗,南大沢,南大沢駅前交番,132012,東京都,八王子市,南大沢１丁目,2020-10-30,08,駐車（輪）場,駐車（輪）場,10歳代,高校生,施錠した
窃盗,自転車盗,南大沢,南大沢駅前交番,132012,東京都,八王子市,南大沢２丁目,2019-10-18,08,道路上,その他,20歳代,大学生,施錠した
窃盗,自転車盗,南大沢,南大沢駅前交番,132012,東京都,八王子市,南大沢２丁目,2020-04-29,21,４階建て以上共同住宅,その他,20歳代,大学生,施錠した
窃盗,自転車盗,南大沢,南大沢駅前交番,132012,東京都,八王子市,南大沢２丁目,2020-05-10,08,駐車（輪）場,駐車（輪）場,20歳代,大学生,施錠した
窃盗,自転車盗,南大沢,南大沢駅前交番,132012,東京都,八王子市,南大沢３丁目,2020-08-18,20,その他の住宅（３階建て以下共同住宅等）,その他,法人・団体、被害者なし,法人・団体、被害者なし,施錠した
窃盗,自転車盗,南大沢,南大沢駅前交番,132012,東京都,八王子市,南大沢４丁目,2020-11-01,17,４階建て以上共同住宅,駐車（輪）場,30歳代,その他,施錠した
窃盗,自転車盗,南大沢,南大沢駅前交番,132012,東京都,八王子市,南大沢５丁目,2020-02-25,18,４階建て以上共同住宅,駐車（輪）場,40歳代,その他,施錠した
窃盗,自転車盗,南大沢,南大沢駅前交番,132012,東京都,八王子市,南大沢５丁目,2020-06-15,23,４階建て以上共同住宅,駐車（輪）場,10歳代,中学生,施錠した
窃盗,自転車盗,南大沢,みなみ野交番,132012,東京都,八王子市,片倉町,2019-12-25,06,駐車（輪）場,駐車（輪）場,10歳代,その他,施錠した
窃盗,自転車盗,南大沢,みなみ野交番,132012,東京都,八王子市,片倉町,2020-07-16,08,駐車（輪）場,駐車（輪）場,20歳代,大学生,施錠した
窃盗,自転車盗,南大沢,みなみ野交番,132012,東京都,八王子市,片倉町,2020-08-18,08,その他の住宅（３階建て以下共同住宅等）,駐車（輪）場,10歳代,大学生,施錠した
窃盗,自転車盗,南大沢,みなみ野交番,132012,東京都,八王子市,片倉町,2020-08-25,19,駐車（輪）場,駐車（輪）場,10歳代,中学生,施錠した
窃盗,自転車盗,南大沢,みなみ野交番,132012,東京都,八王子市,片倉町,2020-10-26,18,その他,駐車（輪）場,20歳代,大学生,施錠した
窃盗,自転車盗,南大沢,みなみ野交番,132012,東京都,八王子市,片倉町,2020-10-29,19,４階建て以上共同住宅,駐車（輪）場,10歳代,中学生,施錠した
窃盗,自転車盗,南大沢,みなみ野交番,132012,東京都,八王子市,片倉町,2020-11-30,07,その他の住宅（３階建て以下共同住宅等）,駐車（輪）場,10歳代,大学生,施錠した
窃盗,自転車盗,南大沢,みなみ野交番,132012,東京都,八王子市,西片倉１丁目,2020-07-18,17,その他の住宅（３階建て以下共同住宅等）,駐車（輪）場,20歳代,その他,施錠した
窃盗,自転車盗,南大沢,みなみ野交番,132012,東京都,八王子市,みなみ野１丁目,2019-09-07,12,道路上,その他,10歳代,高校生,施錠した
窃盗,自転車盗,南大沢,みなみ野交番,132012,東京都,八王子市,みなみ野１丁目,2020-11-17,14,その他,駐車（輪）場,10歳代,高校生,施錠した
窃盗,自転車盗,南大沢,みなみ野交番,132012,東京都,八王子市,みなみ野１丁目,2020-11-18,12,その他,駐車（輪）場,10歳代,高校生,施錠した
窃盗,自転車盗,南大沢,みなみ野交番,132012,東京都,八王子市,みなみ野４丁目,2020-02-10,18,その他の住宅（３階建て以下共同住宅等）,駐車（輪）場,20歳代,その他,施錠した
窃盗,自転車盗,南大沢,みなみ野交番,132012,東京都,八王子市,みなみ野４丁目,2020-02-27,19,４階建て以上共同住宅,駐車（輪）場,10歳代,中学生,施錠した
窃盗,自転車盗,南大沢,相原駅前交番,132098,東京都,町田市,相原町,2020-02-19,13,その他,駐車（輪）場,20歳代,その他,施錠した
窃盗,自転車盗,南大沢,相原駅前交番,132098,東京都,町田市,相原町,2020-02-22,15,駐車（輪）場,駐車（輪）場,10歳代,大学生,施錠した
窃盗,自転車盗,南大沢,相原駅前交番,132098,東京都,町田市,相原町,2020-05-18,09,駐車（輪）場,駐車（輪）場,30歳代,その他,施錠した
窃盗,自転車盗,南大沢,相原駅前交番,132098,東京都,町田市,相原町,2020-07-19,20,その他の住宅（３階建て以下共同住宅等）,駐車（輪）場,20歳代,大学生,施錠した
窃盗,自転車盗,南大沢,相原駅前交番,132098,東京都,町田市,相原町,2020-09-26,17,その他の住宅（３階建て以下共同住宅等）,駐車（輪）場,10歳代,大学生,施錠した
窃盗,自転車盗,南大沢,相原駅前交番,132098,東京都,町田市,相原町,2020-10-04,11,その他の住宅（３階建て以下共同住宅等）,駐車（輪）場,10歳代,大学生,施錠した
窃盗,自転車盗,南大沢,相原駅前交番,132098,東京都,町田市,相原町,2020-11-28,15,その他,駐車（輪）場,40歳代,その他,施錠した
窃盗,自転車盗,南大沢,堀之内駐在所,132012,東京都,八王子市,東中野,2020-01-08,17,その他の住宅（３階建て以下共同住宅等）,その他,20歳代,大学生,施錠した
窃盗,自転車盗,南大沢,堀之内駐在所,132012,東京都,八王子市,東中野,2020-05-01,00,その他の住宅（３階建て以下共同住宅等）,駐車（輪）場,20歳代,大学生,施錠した
窃盗,自転車盗,南大沢,堀之内駐在所,132012,東京都,八王子市,東中野,2020-05-15,不明,その他の住宅（３階建て以下共同住宅等）,駐車（輪）場,10歳代,大学生,施錠した
窃盗,自転車盗,南大沢,堀之内駐在所,132012,東京都,八王子市,堀之内,2020-07-07,23,その他の住宅（３階建て以下共同住宅等）,駐車（輪）場,20歳代,大学生,施錠した
窃盗,自転車盗,南大沢,堀之内駐在所,132012,東京都,八王子市,堀之内２丁目,2020-12-03,20,その他の住宅（３階建て以下共同住宅等）,駐車（輪）場,20歳代,大学生,施錠した
窃盗,自転車盗,南大沢,上柚木駐在所,132012,東京都,八王子市,上柚木２丁目,2020-01-15,21,その他,駐車（輪）場,70歳以上,その他,施錠した
窃盗,自転車盗,南大沢,上柚木駐在所,132012,東京都,八王子市,上柚木２丁目,2020-04-10,13,その他の住宅（３階建て以下共同住宅等）,駐車（輪）場,20歳代,その他,施錠した
窃盗,自転車盗,南大沢,上柚木駐在所,132012,東京都,八王子市,上柚木３丁目,2020-05-17,07,その他の住宅（３階建て以下共同住宅等）,駐車（輪）場,60-64歳,その他,施錠した
窃盗,自転車盗,南大沢,上柚木駐在所,132012,東京都,八王子市,鑓水,2020-01-14,19,その他の住宅（３階建て以下共同住宅等）,その他,20歳代,大学生,施錠した
窃盗,自転車盗,南大沢,上柚木駐在所,132012,東京都,八王子市,鑓水２丁目,2020-01-10,08,４階建て以上共同住宅,駐車（輪）場,10歳代,高校生,施錠した
窃盗,自転車盗,南大沢,宮上駐在所,132012,東京都,八王子市,上柚木２丁目,2020-11-21,19,４階建て以上共同住宅,駐車（輪）場,40歳代,その他,施錠した
窃盗,自転車盗,南大沢,宮上駐在所,132012,東京都,八王子市,南大沢５丁目,2020-05-09,11,４階建て以上共同住宅,駐車（輪）場,10歳未満,小学生,施錠した
窃盗,自転車盗,南大沢,宮上駐在所,132012,東京都,八王子市,南大沢５丁目,2020-05-09,11,４階建て以上共同住宅,駐車（輪）場,10歳代,小学生,施錠した
窃盗,自転車盗,南大沢,宮上駐在所,132012,東京都,八王子市,南大沢５丁目,2020-06-17,17,４階建て以上共同住宅,駐車（輪）場,60-64歳,その他,施錠した
窃盗,自転車盗,南大沢,宮上駐在所,132012,東京都,八王子市,南大沢５丁目,2020-06-18,18,４階建て以上共同住宅,駐車（輪）場,40歳代,その他,施錠した
窃盗,自転車盗,南大沢,宮上駐在所,132012,東京都,八王子市,南大沢５丁目,2020-11-18,13,４階建て以上共同住宅,駐車（輪）場,40歳代,その他,施錠した
窃盗,自転車盗,南大沢,宮上駐在所,132012,東京都,八王子市,鑓水２丁目,2020-03-03,19,４階建て以上共同住宅,駐車（輪）場,30歳代,その他,施錠した
窃盗,自転車盗,南大沢,小山駐在所,132098,東京都,町田市,小山町,2020-03-25,22,一戸建住宅,駐車（輪）場,10歳代,高校生,施錠した
窃盗,自転車盗,南大沢,小山駐在所,132098,東京都,町田市,小山町,2020-03-30,18,一戸建住宅,その他,60-64歳,その他,施錠した
窃盗,自転車盗,南大沢,小山駐在所,132098,東京都,町田市,小山ヶ丘１丁目,2019-10-11,不明,４階建て以上共同住宅,駐車（輪）場,10歳代,中学生,施錠した
窃盗,自転車盗,南大沢,小山駐在所,132098,東京都,町田市,小山ヶ丘１丁目,2020-04-11,06,道路上,その他,65-69歳,その他,施錠した
窃盗,自転車盗,南大沢,相原駐在所,132098,東京都,町田市,小山町,2020-01-18,16,その他の住宅（３階建て以下共同住宅等）,駐車（輪）場,20歳代,大学生,施錠した
窃盗,自転車盗,南大沢,相原駐在所,132098,東京都,町田市,小山ヶ丘５丁目,2020-02-01,不明,４階建て以上共同住宅,駐車（輪）場,50歳代,その他,施錠した
窃盗,自転車盗,南大沢,相原駐在所,132098,東京都,町田市,小山ヶ丘５丁目,2020-03-07,13,４階建て以上共同住宅,駐車（輪）場,50歳代,その他,施錠した
窃盗,自転車盗,南大沢,大戸駐在所,132098,東京都,町田市,相原町,2020-06-10,12,その他,駐車（輪）場,10歳代,大学生,施錠した
窃盗,自転車盗,高尾,高尾駅前交番,132012,東京都,八王子市,高尾町,2020-08-11,16,駐車（輪）場,駐車（輪）場,20歳代,その他,施錠した
窃盗,自転車盗,高尾,高尾駅前交番,132012,東京都,八王子市,椚田町,2020-08-07,15,その他,駐車（輪）場,10歳代,その他,施錠した
窃盗,自転車盗,高尾,高尾駅前交番,132012,東京都,八王子市,高尾町,2020-01-29,19,駐車（輪）場,駐車（輪）場,10歳代,中学生,施錠した
窃盗,自転車盗,高尾,高尾駅前交番,132012,東京都,八王子市,高尾町,2020-06-28,12,一戸建住宅,駐車（輪）場,20歳代,大学生,施錠した
窃盗,自転車盗,高尾,高尾駅前交番,132012,東京都,八王子市,狭間町,2020-02-02,17,その他の住宅（３階建て以下共同住宅等）,その他,10歳代,小学生,施錠した
窃盗,自転車盗,高尾,高尾駅前交番,132012,東京都,八王子市,初沢町,2020-01-01,19,駐車（輪）場,駐車（輪）場,20歳代,その他,施錠した
窃盗,自転車盗,高尾,高尾駅前交番,132012,東京都,八王子市,初沢町,2020-01-03,17,駐車（輪）場,駐車（輪）場,10歳代,高校生,施錠した
窃盗,自転車盗,高尾,高尾駅前交番,132012,東京都,八王子市,初沢町,2020-03-17,11,その他,駐車（輪）場,20歳代,その他,施錠した
窃盗,自転車盗,高尾,高尾駅前交番,132012,東京都,八王子市,初沢町,2020-11-12,22,駐車（輪）場,駐車（輪）場,20歳代,大学生,施錠した
窃盗,自転車盗,高尾,高尾駅前交番,132012,東京都,八王子市,東浅川町,2020-03-01,13,その他,駐車（輪）場,10歳代,高校生,施錠した
窃盗,自転車盗,高尾,高尾駅前交番,132012,東京都,八王子市,東浅川町,2020-06-29,17,４階建て以上共同住宅,駐車（輪）場,30歳代,その他,施錠した
窃盗,自転車盗,高尾,並木町交番,132012,東京都,八王子市,散田町２丁目,2020-09-17,16,その他,駐車（輪）場,10歳代,高校生,施錠した
窃盗,自転車盗,高尾,めじろ台交番,132012,東京都,八王子市,椚田町,2020-01-15,10,その他の住宅（３階建て以下共同住宅等）,駐車（輪）場,65-69歳,その他,施錠した
窃盗,自転車盗,高尾,めじろ台交番,132012,東京都,八王子市,めじろ台３丁目,2020-03-20,20,その他,駐車（輪）場,10歳代,その他,施錠した
窃盗,自転車盗,高尾,めじろ台交番,132012,東京都,八王子市,山田町,2020-08-13,00,その他の住宅（３階建て以下共同住宅等）,駐車（輪）場,20歳代,その他,施錠した
窃盗,自転車盗,高尾,横川町交番,132012,東京都,八王子市,横川町,2020-06-26,17,その他の住宅（３階建て以下共同住宅等）,駐車（輪）場,20歳代,その他,施錠した
窃盗,自転車盗,高尾,横川町交番,132012,東京都,八王子市,大楽寺町,2020-03-24,15,その他の住宅（３階建て以下共同住宅等）,駐車（輪）場,20歳代,その他,施錠した
窃盗,自転車盗,高尾,横川町交番,132012,東京都,八王子市,横川町,2019-10-10,不明,４階建て以上共同住宅,駐車（輪）場,65-69歳,その他,施錠した
窃盗,自転車盗,高尾,横川町交番,132012,東京都,八王子市,横川町,2020-02-05,05,その他の住宅（３階建て以下共同住宅等）,駐車（輪）場,50歳代,その他,施錠した
窃盗,自転車盗,高尾,諏訪交番,132012,東京都,八王子市,諏訪町,2020-06-06,19,その他の住宅（３階建て以下共同住宅等）,駐車（輪）場,20歳代,その他,施錠した
窃盗,自転車盗,高尾,諏訪交番,132012,東京都,八王子市,諏訪町,2020-04-18,19,その他の住宅（３階建て以下共同住宅等）,駐車（輪）場,10歳代,中学生,施錠した
窃盗,自転車盗,高尾,諏訪交番,132012,東京都,八王子市,諏訪町,2020-11-07,15,その他,駐車（輪）場,20歳代,その他,施錠した
窃盗,自転車盗,高尾,諏訪交番,132012,東京都,八王子市,大楽寺町,2020-04-18,16,その他の住宅（３階建て以下共同住宅等）,駐車（輪）場,40歳代,その他,施錠した
窃盗,自転車盗,高尾,諏訪交番,132012,東京都,八王子市,四谷町,2020-03-08,10,その他,駐車（輪）場,70歳以上,その他,施錠した
窃盗,自転車盗,高尾,諏訪交番,132012,東京都,八王子市,四谷町,2020-11-20,18,一戸建住宅,駐車（輪）場,20歳代,その他,施錠した
窃盗,自転車盗,高尾,元八王子交番,132012,東京都,八王子市,元八王子町１丁目,2020-02-21,16,その他,駐車（輪）場,10歳代,中学生,施錠した
窃盗,自転車盗,高尾,元八王子交番,132012,東京都,八王子市,元八王子町２丁目,2020-01-07,10,その他の住宅（３階建て以下共同住宅等）,駐車（輪）場,10歳代,中学生,施錠した
窃盗,自転車盗,高尾,元八王子交番,132012,東京都,八王子市,元八王子町３丁目,2020-10-04,10,その他,駐車（輪）場,50歳代,その他,施錠した
窃盗,自転車盗,高尾,東浅川駐在所,132012,東京都,八王子市,東浅川町,2020-08-30,17,その他の住宅（３階建て以下共同住宅等）,駐車（輪）場,20歳代,大学生,施錠した
窃盗,自転車盗,高尾,東浅川駐在所,132012,東京都,八王子市,東浅川町,2020-11-28,15,その他,駐車（輪）場,10歳代,大学生,施錠した
窃盗,自転車盗,高尾,西浅川駐在所,132012,東京都,八王子市,裏高尾町,2020-03-17,14,その他,駐車（輪）場,60-64歳,その他,施錠した
窃盗,自転車盗,高尾,館ケ丘駐在所,132012,東京都,八王子市,館町,2019-12-01,10,４階建て以上共同住宅,駐車（輪）場,10歳代,高校生,施錠した
窃盗,自転車盗,高尾,館ケ丘駐在所,132012,東京都,八王子市,館町,2020-02-16,08,その他,駐車（輪）場,10歳代,中学生,施錠した
窃盗,自転車盗,高尾,館ケ丘駐在所,132012,東京都,八王子市,館町,2020-03-02,08,その他,その他,30歳代,その他,施錠した
窃盗,自転車盗,高尾,館ケ丘駐在所,132012,東京都,八王子市,館町,2020-06-01,17,４階建て以上共同住宅,駐車（輪）場,10歳代,小学生,施錠した
窃盗,自転車盗,高尾,館駐在所,132012,東京都,八王子市,館町,2020-02-10,18,その他,駐車（輪）場,10歳代,大学生,施錠した
窃盗,自転車盗,高尾,寺田団地駐在所,132012,東京都,八王子市,寺田町,2020-10-25,19,その他の住宅（３階建て以下共同住宅等）,駐車（輪）場,20歳代,その他,施錠した
窃盗,自転車盗,高尾,寺田団地駐在所,132012,東京都,八王子市,寺田町,2020-11-04,08,その他の住宅（３階建て以下共同住宅等）,駐車（輪）場,10歳代,高校生,施錠した
窃盗,自転車盗,多摩中央,桜ケ丘駅前交番,132241,東京都,多摩市,一ノ宮１丁目,2020-07-24,20,４階建て以上共同住宅,駐車（輪）場,30歳代,その他,施錠した
窃盗,自転車盗,多摩中央,桜ケ丘駅前交番,132241,東京都,多摩市,一ノ宮１丁目,2020-09-25,17,４階建て以上共同住宅,駐車（輪）場,40歳代,その他,施錠した
窃盗,自転車盗,多摩中央,桜ケ丘駅前交番,132241,東京都,多摩市,一ノ宮２丁目,2019-10-15,17,その他の住宅（３階建て以下共同住宅等）,駐車（輪）場,30歳代,その他,施錠した
窃盗,自転車盗,多摩中央,桜ケ丘駅前交番,132241,東京都,多摩市,関戸１丁目,2019-12-21,10,その他,駐車（輪）場,40歳代,その他,施錠した
窃盗,自転車盗,多摩中央,桜ケ丘駅前交番,132241,東京都,多摩市,関戸１丁目,2019-12-28,18,道路上,その他,40歳代,その他,施錠した
窃盗,自転車盗,多摩中央,桜ケ丘駅前交番,132241,東京都,多摩市,関戸２丁目,2020-06-09,20,道路上,その他,20歳代,その他,施錠した
窃盗,自転車盗,多摩中央,桜ケ丘駅前交番,132241,東京都,多摩市,関戸２丁目,2020-08-25,00,その他の住宅（３階建て以下共同住宅等）,駐車（輪）場,20歳代,大学生,施錠した
窃盗,自転車盗,多摩中央,桜ケ丘駅前交番,132241,東京都,多摩市,関戸２丁目,2020-11-07,14,４階建て以上共同住宅,駐車（輪）場,20歳代,その他,施錠した
窃盗,自転車盗,多摩中央,桜ケ丘駅前交番,132241,東京都,多摩市,関戸５丁目,2020-03-18,20,４階建て以上共同住宅,駐車（輪）場,40歳代,その他,施錠した
窃盗,自転車盗,多摩中央,桜ケ丘駅前交番,132241,東京都,多摩市,関戸５丁目,2020-04-20,14,その他の住宅（３階建て以下共同住宅等）,駐車（輪）場,20歳代,その他,施錠した
窃盗,自転車盗,多摩中央,桜ケ丘駅前交番,132241,東京都,多摩市,関戸５丁目,2020-09-09,17,４階建て以上共同住宅,駐車（輪）場,20歳代,その他,施錠した
窃盗,自転車盗,多摩中央,愛宕交番,132241,東京都,多摩市,愛宕２丁目,2020-03-10,08,その他,駐車（輪）場,20歳代,その他,施錠した
窃盗,自転車盗,多摩中央,愛宕交番,132241,東京都,多摩市,貝取１丁目,2020-06-18,17,一戸建住宅,駐車（輪）場,30歳代,その他,施錠した
窃盗,自転車盗,多摩中央,愛宕交番,132241,東京都,多摩市,豊ケ丘１丁目,2019-06-23,17,４階建て以上共同住宅,駐車（輪）場,20歳代,大学生,施錠した
窃盗,自転車盗,多摩中央,愛宕交番,132241,東京都,多摩市,豊ケ丘１丁目,2020-02-11,19,道路上,その他,20歳代,大学生,施錠した
窃盗,自転車盗,多摩中央,愛宕交番,132241,東京都,多摩市,豊ケ丘１丁目,2020-11-07,20,一戸建住宅,駐車（輪）場,10歳代,大学生,施錠した
窃盗,自転車盗,多摩中央,愛宕交番,132241,東京都,多摩市,和田,2020-03-26,22,４階建て以上共同住宅,駐車（輪）場,10歳代,大学生,施錠した
窃盗,自転車盗,多摩中央,永山駅前交番,132241,東京都,多摩市,諏訪１丁目,2020-09-05,12,４階建て以上共同住宅,駐車（輪）場,40歳代,その他,施錠した
窃盗,自転車盗,多摩中央,永山駅前交番,132241,東京都,多摩市,諏訪２丁目,2020-08-04,16,その他,駐車（輪）場,70歳以上,その他,施錠した
窃盗,自転車盗,多摩中央,永山駅前交番,132241,東京都,多摩市,諏訪４丁目,2020-02-14,19,４階建て以上共同住宅,駐車（輪）場,10歳代,小学生,施錠した
窃盗,自転車盗,多摩中央,永山駅前交番,132241,東京都,多摩市,豊ケ丘２丁目,2020-02-29,17,４階建て以上共同住宅,駐車（輪）場,30歳代,その他,施錠した
窃盗,自転車盗,多摩中央,永山駅前交番,132241,東京都,多摩市,永山１丁目,2019-12-06,10,その他,駐車（輪）場,40歳代,その他,施錠した
窃盗,自転車盗,多摩中央,永山駅前交番,132241,東京都,多摩市,永山１丁目,2019-12-26,11,４階建て以上共同住宅,駐車（輪）場,50歳代,その他,施錠した
窃盗,自転車盗,多摩中央,永山駅前交番,132241,東京都,多摩市,永山１丁目,2019-12-26,14,駐車（輪）場,駐車（輪）場,50歳代,その他,施錠した
窃盗,自転車盗,多摩中央,永山駅前交番,132241,東京都,多摩市,永山１丁目,2020-01-24,21,駐車（輪）場,駐車（輪）場,10歳代,高校生,施錠した
窃盗,自転車盗,多摩中央,永山駅前交番,132241,東京都,多摩市,永山１丁目,2020-02-28,18,道路上,その他,50歳代,その他,施錠した
窃盗,自転車盗,多摩中央,永山駅前交番,132241,東京都,多摩市,永山１丁目,2020-03-24,09,その他,駐車（輪）場,10歳代,高校生,施錠した
窃盗,自転車盗,多摩中央,永山駅前交番,132241,東京都,多摩市,永山１丁目,2020-05-08,17,その他,駐車（輪）場,20歳代,その他,施錠した
窃盗,自転車盗,多摩中央,永山四丁目交番,132241,東京都,多摩市,諏訪４丁目,2020-02-23,14,４階建て以上共同住宅,駐車（輪）場,70歳以上,その他,施錠した
窃盗,自転車盗,多摩中央,永山四丁目交番,132241,東京都,多摩市,諏訪４丁目,2020-03-03,17,４階建て以上共同住宅,駐車（輪）場,10歳代,小学生,施錠した
窃盗,自転車盗,多摩中央,永山四丁目交番,132241,東京都,多摩市,諏訪４丁目,2020-03-11,15,４階建て以上共同住宅,駐車（輪）場,40歳代,その他,施錠した
窃盗,自転車盗,多摩中央,貝取交番,132241,東京都,多摩市,落合４丁目,2020-02-20,17,４階建て以上共同住宅,駐車（輪）場,70歳以上,その他,施錠した
窃盗,自転車盗,多摩中央,貝取交番,132241,東京都,多摩市,貝取４丁目,2020-08-21,13,４階建て以上共同住宅,駐車（輪）場,40歳代,その他,施錠した
窃盗,自転車盗,多摩中央,貝取交番,132241,東京都,多摩市,永山６丁目,2020-07-23,18,その他の住宅（３階建て以下共同住宅等）,駐車（輪）場,20歳代,大学生,施錠した
窃盗,自転車盗,多摩中央,多摩センター駅前交番,132241,東京都,多摩市,落合１丁目,2019-12-16,18,道路上,その他,10歳代,大学生,施錠した
窃盗,自転車盗,多摩中央,多摩センター駅前交番,132241,東京都,多摩市,落合１丁目,2020-01-10,07,駐車（輪）場,駐車（輪）場,10歳代,大学生,施錠した
窃盗,自転車盗,多摩中央,多摩センター駅前交番,132241,東京都,多摩市,落合１丁目,2020-08-02,12,駐車（輪）場,駐車（輪）場,70歳以上,その他,施錠した
窃盗,自転車盗,多摩中央,多摩センター駅前交番,132241,東京都,多摩市,落合１丁目,2020-09-10,07,駐車（輪）場,駐車（輪）場,10歳代,高校生,施錠した
窃盗,自転車盗,多摩中央,多摩センター駅前交番,132241,東京都,多摩市,落合１丁目,2020-09-10,08,駐車（輪）場,駐車（輪）場,20歳代,その他,施錠した
窃盗,自転車盗,多摩中央,多摩センター駅前交番,132241,東京都,多摩市,落合１丁目,2020-10-03,21,４階建て以上共同住宅,駐車（輪）場,20歳代,その他,施錠した
窃盗,自転車盗,多摩中央,多摩センター駅前交番,132241,東京都,多摩市,落合１丁目,2020-11-06,17,その他,駐車（輪）場,10歳代,高校生,施錠した
窃盗,自転車盗,多摩中央,多摩センター駅前交番,132241,東京都,多摩市,落合１丁目,2020-11-14,17,４階建て以上共同住宅,駐車（輪）場,30歳代,その他,施錠した
窃盗,自転車盗,多摩中央,多摩センター駅前交番,132241,東京都,多摩市,落合１丁目,2020-11-21,14,その他,駐車（輪）場,50歳代,その他,施錠した
窃盗,自転車盗,多摩中央,多摩センター駅前交番,132241,東京都,多摩市,落合２丁目,2020-02-22,19,その他,駐車（輪）場,30歳代,その他,施錠した
窃盗,自転車盗,多摩中央,多摩センター駅前交番,132241,東京都,多摩市,落合３丁目,2020-01-16,17,４階建て以上共同住宅,駐車（輪）場,10歳代,小学生,施錠した
窃盗,自転車盗,多摩中央,多摩センター駅前交番,132241,東京都,多摩市,鶴牧１丁目,2019-11-12,07,駐車（輪）場,駐車（輪）場,10歳代,中学生,施錠した
窃盗,自転車盗,多摩中央,多摩センター駅前交番,132241,東京都,多摩市,鶴牧１丁目,2020-08-18,20,４階建て以上共同住宅,駐車（輪）場,30歳代,その他,施錠した
窃盗,自転車盗,多摩中央,多摩センター駅前交番,132241,東京都,多摩市,鶴牧１丁目,2020-08-30,20,４階建て以上共同住宅,駐車（輪）場,20歳代,大学生,施錠した
窃盗,自転車盗,多摩中央,多摩センター駅前交番,132241,東京都,多摩市,鶴牧２丁目,2020-03-30,14,４階建て以上共同住宅,駐車（輪）場,20歳代,その他,施錠した
窃盗,自転車盗,多摩中央,多摩センター駅前交番,132241,東京都,多摩市,豊ケ丘１丁目,2020-04-08,15,その他の住宅（３階建て以下共同住宅等）,駐車（輪）場,10歳代,小学生,施錠した
窃盗,自転車盗,多摩中央,多摩センター駅前交番,132241,東京都,多摩市,山王下１丁目,2020-06-01,17,道路上,その他,30歳代,その他,施錠した
窃盗,自転車盗,多摩中央,大丸交番,132250,東京都,稲城市,大丸,2019-12-23,18,道路上,その他,65-69歳,その他,施錠した
窃盗,自転車盗,多摩中央,大丸交番,132250,東京都,稲城市,大丸,2020-01-06,19,４階建て以上共同住宅,駐車（輪）場,10歳代,高校生,施錠した
窃盗,自転車盗,多摩中央,大丸交番,132250,東京都,稲城市,大丸,2020-01-08,19,４階建て以上共同住宅,駐車（輪）場,70歳以上,その他,施錠した
窃盗,自転車盗,多摩中央,大丸交番,132250,東京都,稲城市,大丸,2020-01-09,09,駐車（輪）場,駐車（輪）場,20歳代,大学生,施錠した
窃盗,自転車盗,多摩中央,大丸交番,132250,東京都,稲城市,大丸,2020-01-21,11,その他,駐車（輪）場,20歳代,大学生,施錠した
窃盗,自転車盗,多摩中央,大丸交番,132250,東京都,稲城市,大丸,2020-01-22,07,その他,駐車（輪）場,10歳代,大学生,施錠した
窃盗,自転車盗,多摩中央,大丸交番,132250,東京都,稲城市,大丸,2020-01-22,08,駐車（輪）場,駐車（輪）場,10歳代,中学生,施錠した
窃盗,自転車盗,多摩中央,大丸交番,132250,東京都,稲城市,大丸,2020-02-09,07,その他,駐車（輪）場,70歳以上,その他,施錠した
窃盗,自転車盗,多摩中央,大丸交番,132250,東京都,稲城市,大丸,2020-07-30,08,駐車（輪）場,駐車（輪）場,10歳代,高校生,施錠した
窃盗,自転車盗,多摩中央,大丸交番,132250,東京都,稲城市,大丸,2020-08-05,07,その他,駐車（輪）場,10歳代,高校生,施錠した
窃盗,自転車盗,多摩中央,矢野口交番,132250,東京都,稲城市,東長沼,2020-03-10,15,駐車（輪）場,駐車（輪）場,60-64歳,その他,施錠した
窃盗,自転車盗,多摩中央,矢野口交番,132250,東京都,稲城市,矢野口,2019-11-30,18,その他,駐車（輪）場,20歳代,その他,施錠した
窃盗,自転車盗,多摩中央,矢野口交番,132250,東京都,稲城市,矢野口,2020-01-01,08,４階建て以上共同住宅,駐車（輪）場,30歳代,その他,施錠した
窃盗,自転車盗,多摩中央,矢野口交番,132250,東京都,稲城市,矢野口,2020-01-08,12,４階建て以上共同住宅,駐車（輪）場,40歳代,その他,施錠した
窃盗,自転車盗,多摩中央,矢野口交番,132250,東京都,稲城市,矢野口,2020-01-25,12,４階建て以上共同住宅,駐車（輪）場,70歳以上,その他,施錠した
窃盗,自転車盗,多摩中央,矢野口交番,132250,東京都,稲城市,矢野口,2020-03-06,16,その他,駐車（輪）場,30歳代,その他,施錠した
窃盗,自転車盗,多摩中央,矢野口交番,132250,東京都,稲城市,矢野口,2020-06-20,18,４階建て以上共同住宅,駐車（輪）場,20歳代,その他,施錠した
窃盗,自転車盗,多摩中央,矢野口交番,132250,東京都,稲城市,矢野口,2020-07-11,16,４階建て以上共同住宅,駐車（輪）場,60-64歳,その他,施錠した
窃盗,自転車盗,多摩中央,矢野口交番,132250,東京都,稲城市,矢野口,2020-08-05,06,駐車（輪）場,駐車（輪）場,20歳代,その他,施錠した
窃盗,自転車盗,多摩中央,矢野口交番,132250,東京都,稲城市,矢野口,2020-09-09,21,道路上,その他,20歳代,大学生,施錠した
窃盗,自転車盗,多摩中央,矢野口交番,132250,東京都,稲城市,矢野口,2020-10-26,08,道路上,その他,30歳代,その他,施錠した
窃盗,自転車盗,多摩中央,矢野口交番,132250,東京都,稲城市,矢野口,2020-11-05,16,道路上,その他,40歳代,その他,施錠した
窃盗,自転車盗,多摩中央,矢野口交番,132250,東京都,稲城市,矢野口,2020-11-18,05,その他の住宅（３階建て以下共同住宅等）,駐車（輪）場,20歳代,その他,施錠した
窃盗,自転車盗,多摩中央,矢野口交番,132250,東京都,稲城市,矢野口,2020-11-22,21,道路上,その他,30歳代,その他,施錠した
窃盗,自転車盗,多摩中央,和田駐在所,132241,東京都,多摩市,和田,2019-12-04,23,４階建て以上共同住宅,駐車（輪）場,10歳代,その他,施錠した
窃盗,自転車盗,多摩中央,和田駐在所,132241,東京都,多摩市,和田,2019-12-29,19,４階建て以上共同住宅,駐車（輪）場,20歳代,大学生,施錠した
窃盗,自転車盗,多摩中央,北貝取駐在所,132241,東京都,多摩市,貝取２丁目,2020-02-21,19,４階建て以上共同住宅,駐車（輪）場,20歳代,その他,施錠した
窃盗,自転車盗,多摩中央,桜ケ丘駐在所,132241,東京都,多摩市,桜ケ丘２丁目,2019-10-20,18,道路上,その他,50歳代,その他,施錠した
窃盗,自転車盗,多摩中央,落合六丁目駐在所,132241,東京都,多摩市,落合６丁目,2020-04-18,17,４階建て以上共同住宅,駐車（輪）場,10歳代,高校生,施錠した
窃盗,自転車盗,多摩中央,落合六丁目駐在所,132241,東京都,多摩市,鶴牧４丁目,2020-02-21,19,４階建て以上共同住宅,駐車（輪）場,10歳代,高校生,施錠した
窃盗,自転車盗,多摩中央,東長沼駐在所,132250,東京都,稲城市,東長沼,2020-06-07,17,その他の住宅（３階建て以下共同住宅等）,駐車（輪）場,20歳代,大学生,施錠した
窃盗,自転車盗,多摩中央,坂浜駐在所,132250,東京都,稲城市,坂浜,2020-07-15,12,その他の住宅（３階建て以下共同住宅等）,駐車（輪）場,30歳代,その他,施錠した
窃盗,自転車盗,多摩中央,百村駐在所,132250,東京都,稲城市,東長沼,2020-02-24,07,駐車（輪）場,駐車（輪）場,10歳代,高校生,施錠した
窃盗,自転車盗,多摩中央,百村駐在所,132250,東京都,稲城市,東長沼,2020-02-24,15,その他,駐車（輪）場,70歳以上,その他,施錠した
窃盗,自転車盗,多摩中央,百村駐在所,132250,東京都,稲城市,東長沼,2020-11-02,08,４階建て以上共同住宅,駐車（輪）場,50歳代,その他,施錠した
窃盗,自転車盗,多摩中央,百村駐在所,132250,東京都,稲城市,百村,2020-01-10,10,一戸建住宅,駐車（輪）場,50歳代,その他,施錠した
窃盗,自転車盗,多摩中央,向陽台駐在所,132250,東京都,稲城市,向陽台６丁目,2020-03-26,16,４階建て以上共同住宅,駐車（輪）場,10歳代,高校生,施錠した
窃盗,自転車盗,多摩中央,若葉台駅前交番,132250,東京都,稲城市,若葉台２丁目,2020-02-18,06,その他,駐車（輪）場,20歳代,大学生,施錠した
窃盗,自転車盗,多摩中央,若葉台駅前交番,132250,東京都,稲城市,若葉台２丁目,2020-03-03,16,その他,駐車（輪）場,10歳代,高校生,施錠した
窃盗,自転車盗,多摩中央,若葉台駅前交番,132250,東京都,稲城市,若葉台２丁目,2020-08-09,19,その他,駐車（輪）場,10歳代,大学生,施錠した
窃盗,自転車盗,多摩中央,若葉台駅前交番,132250,東京都,稲城市,若葉台２丁目,2020-08-13,00,４階建て以上共同住宅,駐車（輪）場,10歳代,大学生,施錠した
窃盗,自転車盗,多摩中央,若葉台駅前交番,132250,東京都,稲城市,若葉台２丁目,2020-08-14,13,その他,駐車（輪）場,20歳代,大学生,施錠した
窃盗,自転車盗,多摩中央,若葉台駅前交番,132250,東京都,稲城市,若葉台３丁目,2020-08-29,17,その他,駐車（輪）場,40歳代,その他,施錠した
窃盗,自転車盗,多摩中央,若葉台駅前交番,132250,東京都,稲城市,若葉台４丁目,2019-01-07,21,４階建て以上共同住宅,駐車（輪）場,40歳代,その他,施錠した
窃盗,自転車盗,多摩中央,若葉台駅前交番,132250,東京都,稲城市,若葉台４丁目,2020-09-10,16,４階建て以上共同住宅,駐車（輪）場,20歳代,大学生,施錠した
窃盗,自転車盗,多摩中央,唐木田駅前駐在所,132241,東京都,多摩市,中沢２丁目,2020-03-20,17,４階建て以上共同住宅,駐車（輪）場,60-64歳,その他,施錠した
窃盗,自転車盗,多摩中央,唐木田駅前駐在所,132241,東京都,多摩市,中沢２丁目,2020-08-31,13,４階建て以上共同住宅,駐車（輪）場,20歳代,その他,施錠した
窃盗,自転車盗,東大和,,133035,東京都,瑞穂町,大字殿ケ谷,2020-05-11,17,一戸建住宅,駐車（輪）場,10歳代,高校生,施錠した
窃盗,自転車盗,東大和,けやき通交番,132209,東京都,東大和市,清原１丁目,2020-03-25,14,４階建て以上共同住宅,駐車（輪）場,70歳以上,その他,施錠した
窃盗,自転車盗,東大和,けやき通交番,132209,東京都,東大和市,清原２丁目,2020-02-28,18,４階建て以上共同住宅,駐車（輪）場,30歳代,その他,施錠した
窃盗,自転車盗,東大和,けやき通交番,132209,東京都,東大和市,清原３丁目,2020-06-21,18,４階建て以上共同住宅,駐車（輪）場,20歳代,その他,施錠した
窃盗,自転車盗,東大和,けやき通交番,132209,東京都,東大和市,清原３丁目,2020-09-07,15,４階建て以上共同住宅,駐車（輪）場,30歳代,その他,施錠した
窃盗,自転車盗,東大和,けやき通交番,132209,東京都,東大和市,清水２丁目,2020-10-26,15,４階建て以上共同住宅,駐車（輪）場,20歳代,その他,施錠した
窃盗,自転車盗,東大和,けやき通交番,132209,東京都,東大和市,清水３丁目,2020-10-08,19,４階建て以上共同住宅,駐車（輪）場,30歳代,その他,施錠した
窃盗,自転車盗,東大和,けやき通交番,132209,東京都,東大和市,清水６丁目,2020-11-14,19,その他,駐車（輪）場,10歳代,高校生,施錠した
窃盗,自転車盗,東大和,けやき通交番,132209,東京都,東大和市,向原１丁目,2020-11-26,22,４階建て以上共同住宅,駐車（輪）場,10歳代,高校生,施錠した
窃盗,自転車盗,東大和,けやき通交番,132209,東京都,東大和市,向原４丁目,2019-12-15,16,その他の住宅（３階建て以下共同住宅等）,駐車（輪）場,10歳未満,小学生,施錠した
窃盗,自転車盗,東大和,南街交番,132209,東京都,東大和市,桜が丘１丁目,2019-10-01,15,駐車（輪）場,駐車（輪）場,10歳代,高校生,施錠した
窃盗,自転車盗,東大和,南街交番,132209,東京都,東大和市,桜が丘１丁目,2020-01-08,18,駐車（輪）場,駐車（輪）場,20歳代,その他,施錠した
窃盗,自転車盗,東大和,南街交番,132209,東京都,東大和市,桜が丘１丁目,2020-02-11,15,駐車（輪）場,駐車（輪）場,50歳代,その他,施錠した
窃盗,自転車盗,東大和,南街交番,132209,東京都,東大和市,桜が丘１丁目,2020-02-23,09,駐車（輪）場,駐車（輪）場,20歳代,その他,施錠した
窃盗,自転車盗,東大和,南街交番,132209,東京都,東大和市,桜が丘１丁目,2020-02-25,15,４階建て以上共同住宅,駐車（輪）場,20歳代,その他,施錠した
窃盗,自転車盗,東大和,南街交番,132209,東京都,東大和市,桜が丘１丁目,2020-04-20,17,駐車（輪）場,駐車（輪）場,10歳代,高校生,施錠した
窃盗,自転車盗,東大和,南街交番,132209,東京都,東大和市,桜が丘１丁目,2020-09-28,06,駐車（輪）場,駐車（輪）場,20歳代,その他,施錠した
窃盗,自転車盗,東大和,南街交番,132209,東京都,東大和市,桜が丘１丁目,2020-11-13,19,その他,駐車（輪）場,40歳代,その他,施錠した
窃盗,自転車盗,東大和,南街交番,132209,東京都,東大和市,桜が丘３丁目,2020-02-28,07,駐車（輪）場,駐車（輪）場,20歳代,その他,施錠した
窃盗,自転車盗,東大和,南街交番,132209,東京都,東大和市,南街２丁目,2020-03-09,22,その他の住宅（３階建て以下共同住宅等）,駐車（輪）場,40歳代,その他,施錠した
窃盗,自転車盗,東大和,南街交番,132209,東京都,東大和市,南街５丁目,2020-03-15,12,駐車（輪）場,駐車（輪）場,70歳以上,その他,施錠した
窃盗,自転車盗,東大和,南街交番,132209,東京都,東大和市,南街５丁目,2020-09-18,17,道路上,その他,40歳代,その他,施錠した
窃盗,自転車盗,東大和,南街交番,132209,東京都,東大和市,南街６丁目,2019-12-28,19,その他の住宅（３階建て以下共同住宅等）,駐車（輪）場,20歳代,その他,施錠した
窃盗,自転車盗,東大和,南街交番,132209,東京都,東大和市,南街６丁目,2020-10-11,20,その他の住宅（３階建て以下共同住宅等）,駐車（輪）場,50歳代,その他,施錠した
窃盗,自転車盗,東大和,南街交番,132209,東京都,東大和市,向原３丁目,2020-02-17,19,４階建て以上共同住宅,駐車（輪）場,10歳代,高校生,施錠した
窃盗,自転車盗,東大和,南街交番,132209,東京都,東大和市,向原６丁目,2019-12-31,00,道路上,その他,10歳代,その他,施錠した
窃盗,自転車盗,東大和,南街交番,132209,東京都,東大和市,向原６丁目,2020-04-16,18,４階建て以上共同住宅,駐車（輪）場,60-64歳,その他,施錠した
窃盗,自転車盗,東大和,南街交番,132209,東京都,東大和市,向原６丁目,2020-06-02,15,道路上,その他,20歳代,その他,施錠した
窃盗,自転車盗,東大和,南街交番,132209,東京都,東大和市,向原６丁目,2020-06-21,22,道路上,その他,50歳代,その他,施錠した
窃盗,自転車盗,東大和,南街交番,132209,東京都,東大和市,向原６丁目,2020-11-17,10,その他,駐車（輪）場,10歳代,その他,施錠した
窃盗,自転車盗,東大和,南街交番,132209,東京都,東大和市,向原６丁目,2020-11-28,06,駐車（輪）場,駐車（輪）場,40歳代,その他,施錠した
窃盗,自転車盗,東大和,奈良橋交番,132209,東京都,東大和市,上北台１丁目,2020-01-03,18,駐車（輪）場,駐車（輪）場,10歳代,高校生,施錠した
窃盗,自転車盗,東大和,奈良橋交番,132209,東京都,東大和市,上北台１丁目,2020-03-24,19,その他,駐車（輪）場,10歳代,大学生,施錠した
窃盗,自転車盗,東大和,奈良橋交番,132209,東京都,東大和市,上北台１丁目,2020-10-06,19,駐車（輪）場,駐車（輪）場,50歳代,その他,施錠した
窃盗,自転車盗,東大和,奈良橋交番,132209,東京都,東大和市,上北台２丁目,2020-11-27,15,４階建て以上共同住宅,駐車（輪）場,30歳代,その他,施錠した
窃盗,自転車盗,東大和,奈良橋交番,132209,東京都,東大和市,蔵敷３丁目,2020-07-01,19,その他の住宅（３階建て以下共同住宅等）,駐車（輪）場,30歳代,その他,施錠した
窃盗,自転車盗,東大和,奈良橋交番,132209,東京都,東大和市,蔵敷３丁目,2020-12-06,17,４階建て以上共同住宅,駐車（輪）場,30歳代,その他,施錠した
窃盗,自転車盗,東大和,奈良橋交番,132209,東京都,東大和市,高木３丁目,2020-01-03,15,一戸建住宅,駐車（輪）場,20歳代,その他,施錠した
窃盗,自転車盗,東大和,奈良橋交番,132209,東京都,東大和市,高木３丁目,2020-04-14,08,その他の住宅（３階建て以下共同住宅等）,駐車（輪）場,50歳代,その他,施錠した
窃盗,自転車盗,東大和,奈良橋交番,132209,東京都,東大和市,立野２丁目,2020-01-10,18,駐車（輪）場,駐車（輪）場,10歳代,高校生,施錠した
窃盗,自転車盗,東大和,奈良橋交番,132209,東京都,東大和市,立野２丁目,2020-02-28,10,その他,駐車（輪）場,20歳代,大学生,施錠した
窃盗,自転車盗,東大和,奈良橋交番,132209,東京都,東大和市,立野２丁目,2020-10-04,12,その他,駐車（輪）場,20歳代,その他,施錠した
窃盗,自転車盗,東大和,奈良橋交番,132209,東京都,東大和市,奈良橋２丁目,2020-04-10,13,その他の住宅（３階建て以下共同住宅等）,駐車（輪）場,20歳代,その他,施錠した
窃盗,自転車盗,東大和,村山交番,132233,東京都,武蔵村山市,榎１丁目,2020-01-02,10,その他,駐車（輪）場,30歳代,その他,施錠した
窃盗,自転車盗,東大和,村山交番,132233,東京都,武蔵村山市,榎１丁目,2020-01-03,17,その他,駐車（輪）場,10歳代,高校生,施錠した
窃盗,自転車盗,東大和,村山交番,132233,東京都,武蔵村山市,榎１丁目,2020-01-16,18,その他,駐車（輪）場,10歳代,高校生,施錠した
窃盗,自転車盗,東大和,村山交番,132233,東京都,武蔵村山市,榎１丁目,2020-06-04,11,その他,駐車（輪）場,10歳代,高校生,施錠した
窃盗,自転車盗,東大和,村山交番,132233,東京都,武蔵村山市,榎１丁目,2020-07-07,17,その他,駐車（輪）場,10歳代,大学生,施錠した
窃盗,自転車盗,東大和,村山交番,132233,東京都,武蔵村山市,榎１丁目,2020-07-16,12,その他,駐車（輪）場,10歳代,高校生,施錠した
窃盗,自転車盗,東大和,村山交番,132233,東京都,武蔵村山市,榎１丁目,2020-10-29,18,その他,駐車（輪）場,10歳代,高校生,施錠した
窃盗,自転車盗,東大和,村山交番,132233,東京都,武蔵村山市,榎２丁目,2020-07-18,00,その他,駐車（輪）場,20歳代,その他,施錠した
窃盗,自転車盗,東大和,村山交番,132233,東京都,武蔵村山市,大南２丁目,2020-06-06,15,その他の住宅（３階建て以下共同住宅等）,駐車（輪）場,30歳代,その他,施錠した
窃盗,自転車盗,東大和,村山交番,132233,東京都,武蔵村山市,学園５丁目,2019-12-09,13,その他,駐車（輪）場,20歳代,大学生,施錠した
窃盗,自転車盗,東大和,村山交番,132233,東京都,武蔵村山市,緑が丘,2020-07-23,17,４階建て以上共同住宅,駐車（輪）場,10歳代,高校生,施錠した
窃盗,自転車盗,東大和,村山交番,132233,東京都,武蔵村山市,緑が丘,2020-12-15,10,４階建て以上共同住宅,駐車（輪）場,70歳以上,その他,施錠した
窃盗,自転車盗,東大和,村山交番,132233,東京都,武蔵村山市,岸５丁目,2020-08-13,08,駐車（輪）場,駐車（輪）場,20歳代,その他,施錠した
窃盗,自転車盗,東大和,中藤交番,132233,東京都,武蔵村山市,榎３丁目,2020-06-03,07,その他の住宅（３階建て以下共同住宅等）,駐車（輪）場,40歳代,その他,施錠した
窃盗,自転車盗,東大和,中藤交番,132233,東京都,武蔵村山市,三ツ藤１丁目,2019-10-01,18,４階建て以上共同住宅,駐車（輪）場,10歳代,中学生,施錠した
窃盗,自転車盗,東大和,中藤交番,132233,東京都,武蔵村山市,三ツ藤１丁目,2020-03-10,21,一戸建住宅,駐車（輪）場,40歳代,その他,施錠した
窃盗,自転車盗,東大和,中藤交番,132233,東京都,武蔵村山市,神明２丁目,2020-01-07,06,駐車（輪）場,駐車（輪）場,10歳代,高校生,施錠した
窃盗,自転車盗,東大和,中藤交番,132233,東京都,武蔵村山市,神明２丁目,2020-01-16,08,一戸建住宅,駐車（輪）場,10歳代,中学生,施錠した
窃盗,自転車盗,東大和,中藤交番,132233,東京都,武蔵村山市,中藤３丁目,2020-03-06,21,その他の住宅（３階建て以下共同住宅等）,駐車（輪）場,20歳代,その他,施錠した
窃盗,自転車盗,東大和,中藤交番,132233,東京都,武蔵村山市,中央２丁目,2020-03-07,20,４階建て以上共同住宅,駐車（輪）場,40歳代,その他,施錠した
窃盗,自転車盗,東大和,中藤交番,132233,東京都,武蔵村山市,本町３丁目,2020-10-18,15,その他,駐車（輪）場,10歳代,高校生,施錠した
窃盗,自転車盗,東大和,三ツ木交番,132233,東京都,武蔵村山市,三ツ木５丁目,2020-05-26,06,駐車（輪）場,駐車（輪）場,50歳代,その他,施錠した
窃盗,自転車盗,東大和,三ツ木交番,132233,東京都,武蔵村山市,岸１丁目,2020-04-07,14,その他の住宅（３階建て以下共同住宅等）,駐車（輪）場,10歳代,高校生,施錠した
窃盗,自転車盗,東大和,三ツ木交番,132233,東京都,武蔵村山市,岸１丁目,2020-09-22,16,一戸建住宅,駐車（輪）場,30歳代,その他,施錠した
窃盗,自転車盗,東大和,三ツ木交番,132233,東京都,武蔵村山市,中原２丁目,2020-03-12,17,その他の住宅（３階建て以下共同住宅等）,駐車（輪）場,10歳代,高校生,施錠した
窃盗,自転車盗,東大和,三ツ木交番,132233,東京都,武蔵村山市,中原３丁目,2020-03-07,05,４階建て以上共同住宅,駐車（輪）場,50歳代,その他,施錠した
窃盗,自転車盗,東大和,残堀駐在所,132233,東京都,武蔵村山市,伊奈平２丁目,2020-07-12,12,その他,駐車（輪）場,50歳代,その他,施錠した
窃盗,自転車盗,東大和,残堀駐在所,132233,東京都,武蔵村山市,伊奈平５丁目,2020-11-13,01,一戸建住宅,駐車（輪）場,10歳代,その他,施錠した
窃盗,自転車盗,東大和,玉川上水駅前交番,132209,東京都,東大和市,上北台３丁目,2020-01-01,11,駐車（輪）場,駐車（輪）場,70歳以上,その他,施錠した
窃盗,自転車盗,東大和,玉川上水駅前交番,132209,東京都,東大和市,桜が丘２丁目,2020-04-28,15,その他の住宅（３階建て以下共同住宅等）,駐車（輪）場,20歳代,その他,施錠した
窃盗,自転車盗,東大和,玉川上水駅前交番,132209,東京都,東大和市,桜が丘２丁目,2020-06-03,18,４階建て以上共同住宅,駐車（輪）場,30歳代,その他,施錠した
窃盗,自転車盗,東大和,玉川上水駅前交番,132209,東京都,東大和市,桜が丘３丁目,2019-12-18,12,４階建て以上共同住宅,駐車（輪）場,40歳代,その他,施錠した
窃盗,自転車盗,東大和,玉川上水駅前交番,132209,東京都,東大和市,桜が丘３丁目,2020-07-03,19,駐車（輪）場,駐車（輪）場,20歳代,その他,施錠した
窃盗,自転車盗,東大和,玉川上水駅前交番,132233,東京都,武蔵村山市,大南３丁目,2020-07-17,14,その他の住宅（３階建て以下共同住宅等）,駐車（輪）場,10歳代,大学生,施錠した
窃盗,自転車盗,青梅,東青梅駅前交番,132055,東京都,青梅市,勝沼２丁目,2020-06-24,17,その他の住宅（３階建て以下共同住宅等）,その他,30歳代,その他,施錠した
窃盗,自転車盗,青梅,東青梅駅前交番,132055,東京都,青梅市,東青梅１丁目,2020-03-13,23,道路上,その他,50歳代,その他,施錠した
窃盗,自転車盗,青梅,日向和田駐在所,132055,東京都,青梅市,日向和田３丁目,2020-12-28,07,駐車（輪）場,駐車（輪）場,10歳代,高校生,施錠した
窃盗,自転車盗,青梅,千ケ瀬駐在所,132055,東京都,青梅市,千ヶ瀬町１丁目,2020-08-23,18,一戸建住宅,駐車（輪）場,30歳代,その他,施錠した
窃盗,自転車盗,青梅,千ケ瀬駐在所,132055,東京都,青梅市,千ヶ瀬町４丁目,2020-07-18,23,その他,駐車（輪）場,20歳代,大学生,施錠した
窃盗,自転車盗,青梅,千ケ瀬駐在所,132055,東京都,青梅市,千ヶ瀬町５丁目,2020-07-12,18,４階建て以上共同住宅,駐車（輪）場,20歳代,その他,施錠した
窃盗,自転車盗,青梅,千ケ瀬駐在所,132055,東京都,青梅市,千ヶ瀬町５丁目,2020-08-23,13,４階建て以上共同住宅,駐車（輪）場,60-64歳,その他,施錠した
窃盗,自転車盗,青梅,千ケ瀬駐在所,132055,東京都,青梅市,千ヶ瀬町５丁目,2020-08-31,19,４階建て以上共同住宅,駐車（輪）場,20歳代,その他,施錠した
窃盗,自転車盗,青梅,河辺駐在所,132055,東京都,青梅市,河辺町３丁目,2020-01-09,20,その他の住宅（３階建て以下共同住宅等）,駐車（輪）場,50歳代,その他,施錠した
窃盗,自転車盗,青梅,河辺駐在所,132055,東京都,青梅市,河辺町３丁目,2020-04-04,12,４階建て以上共同住宅,駐車（輪）場,10歳代,中学生,施錠した
窃盗,自転車盗,青梅,大門駐在所,132055,東京都,青梅市,吹上,2020-01-24,07,一戸建住宅,駐車（輪）場,20歳代,その他,施錠した
窃盗,自転車盗,青梅,今寺駐在所,132055,東京都,青梅市,今寺１丁目,2020-01-02,14,その他の住宅（３階建て以下共同住宅等）,その他,50歳代,その他,施錠した
窃盗,自転車盗,青梅,今寺駐在所,132055,東京都,青梅市,今寺５丁目,2020-09-07,12,その他の住宅（３階建て以下共同住宅等）,駐車（輪）場,30歳代,その他,施錠した
窃盗,自転車盗,青梅,今寺駐在所,132055,東京都,青梅市,大門３丁目,2020-06-18,17,その他の住宅（３階建て以下共同住宅等）,駐車（輪）場,10歳代,高校生,施錠した
窃盗,自転車盗,青梅,今寺駐在所,132055,東京都,青梅市,大門３丁目,2020-09-30,18,その他の住宅（３階建て以下共同住宅等）,駐車（輪）場,10歳代,中学生,施錠した
窃盗,自転車盗,青梅,新町交番,132055,東京都,青梅市,新町１丁目,2020-06-18,12,その他の住宅（３階建て以下共同住宅等）,駐車（輪）場,70歳以上,その他,施錠した
窃盗,自転車盗,青梅,新町交番,132055,東京都,青梅市,新町３丁目,2020-01-08,20,駐車（輪）場,駐車（輪）場,10歳代,中学生,施錠した
窃盗,自転車盗,青梅,新町交番,132055,東京都,青梅市,新町３丁目,2020-01-23,08,駐車（輪）場,駐車（輪）場,20歳代,その他,施錠した
窃盗,自転車盗,青梅,新町交番,132055,東京都,青梅市,新町３丁目,2020-02-27,12,駐車（輪）場,駐車（輪）場,10歳代,高校生,施錠した
窃盗,自転車盗,青梅,新町交番,132055,東京都,青梅市,新町４丁目,2020-01-20,11,その他の住宅（３階建て以下共同住宅等）,駐車（輪）場,70歳以上,その他,施錠した
窃盗,自転車盗,青梅,新町交番,132055,東京都,青梅市,新町４丁目,2020-01-21,21,その他の住宅（３階建て以下共同住宅等）,駐車（輪）場,40歳代,その他,施錠した
窃盗,自転車盗,青梅,新町交番,132055,東京都,青梅市,新町５丁目,2020-01-20,06,４階建て以上共同住宅,その他,20歳代,その他,施錠した
窃盗,自転車盗,青梅,新町交番,132055,東京都,青梅市,新町７丁目,2019-12-01,14,道路上,その他,40歳代,その他,施錠した
窃盗,自転車盗,青梅,新町交番,132055,東京都,青梅市,新町７丁目,2019-12-25,04,その他の住宅（３階建て以下共同住宅等）,駐車（輪）場,20歳代,その他,施錠した
窃盗,自転車盗,青梅,新町交番,132055,東京都,青梅市,新町７丁目,2020-02-05,18,駐車（輪）場,駐車（輪）場,30歳代,その他,施錠した
窃盗,自転車盗,青梅,新町交番,132055,東京都,青梅市,新町７丁目,2020-07-07,17,その他の住宅（３階建て以下共同住宅等）,その他,20歳代,その他,施錠した
窃盗,自転車盗,青梅,新町交番,132055,東京都,青梅市,新町７丁目,2020-10-05,12,その他の住宅（３階建て以下共同住宅等）,駐車（輪）場,70歳以上,その他,施錠した
窃盗,自転車盗,青梅,新町交番,132055,東京都,青梅市,野上町３丁目,2020-02-22,16,４階建て以上共同住宅,駐車（輪）場,20歳代,その他,施錠した
窃盗,自転車盗,青梅,今井駐在所,132055,東京都,青梅市,藤橋２丁目,2020-01-18,05,４階建て以上共同住宅,駐車（輪）場,50歳代,その他,施錠した
窃盗,自転車盗,青梅,河辺駅前交番,132055,東京都,青梅市,河辺町７丁目,2020-06-20,19,４階建て以上共同住宅,駐車（輪）場,20歳代,その他,施錠した
窃盗,自転車盗,青梅,河辺駅前交番,132055,東京都,青梅市,河辺町９丁目,2020-11-15,15,４階建て以上共同住宅,駐車（輪）場,10歳代,小学生,施錠した
窃盗,自転車盗,青梅,河辺駅前交番,132055,東京都,青梅市,河辺町１０丁目,2020-06-24,17,道路上,その他,40歳代,その他,施錠した
窃盗,自転車盗,青梅,河辺駅前交番,132055,東京都,青梅市,野上町３丁目,2020-02-16,14,その他,駐車（輪）場,40歳代,その他,施錠した
窃盗,自転車盗,青梅,河辺駅前交番,132055,東京都,青梅市,野上町４丁目,2020-06-28,13,４階建て以上共同住宅,駐車（輪）場,20歳代,大学生,施錠した
窃盗,自転車盗,青梅,河辺駅前交番,132055,東京都,青梅市,師岡町４丁目,2020-09-10,00,その他の住宅（３階建て以下共同住宅等）,駐車（輪）場,30歳代,その他,施錠した
窃盗,自転車盗,五日市,山田駐在所,132284,東京都,あきる野市,伊奈,2018-04-21,10,その他の住宅（３階建て以下共同住宅等）,駐車（輪）場,20歳代,その他,施錠した
窃盗,自転車盗,五日市,山田駐在所,132284,東京都,あきる野市,伊奈,2020-02-02,11,駐車（輪）場,駐車（輪）場,65-69歳,その他,施錠した
窃盗,自転車盗,五日市,山田駐在所,132284,東京都,あきる野市,伊奈,2020-02-19,08,駐車（輪）場,駐車（輪）場,20歳代,その他,施錠した
窃盗,自転車盗,五日市,山田駐在所,132284,東京都,あきる野市,伊奈,2020-08-21,17,駐車（輪）場,駐車（輪）場,30歳代,その他,施錠した
窃盗,自転車盗,五日市,平井駐在所,133051,東京都,日の出町,大字平井,2018-04-01,不明,その他の住宅（３階建て以下共同住宅等）,駐車（輪）場,30歳代,その他,施錠した
窃盗,自転車盗,五日市,平井駐在所,133051,東京都,日の出町,大字平井,2020-03-02,14,その他,駐車（輪）場,40歳代,その他,施錠した
窃盗,自転車盗,福生,福生駅前交番,132187,東京都,福生市,加美平１丁目,2020-03-21,15,４階建て以上共同住宅,駐車（輪）場,50歳代,その他,施錠した
窃盗,自転車盗,福生,福生駅前交番,132187,東京都,福生市,加美平２丁目,2020-02-26,17,一戸建住宅,その他,50歳代,その他,施錠した
窃盗,自転車盗,福生,福生駅前交番,132187,東京都,福生市,志茂,2020-11-09,16,その他の住宅（３階建て以下共同住宅等）,駐車（輪）場,10歳未満,小学生,施錠した
窃盗,自転車盗,福生,福生駅前交番,132187,東京都,福生市,大字福生,2020-10-24,08,その他の住宅（３階建て以下共同住宅等）,駐車（輪）場,30歳代,その他,施錠した
窃盗,自転車盗,福生,福生駅前交番,132187,東京都,福生市,大字福生,2020-11-12,18,４階建て以上共同住宅,その他,20歳代,その他,施錠した
窃盗,自転車盗,福生,福生駅前交番,132187,東京都,福生市,本町,2020-01-14,04,４階建て以上共同住宅,駐車（輪）場,20歳代,その他,施錠した
窃盗,自転車盗,福生,福生駅前交番,132187,東京都,福生市,武蔵野台１丁目,2020-10-24,12,４階建て以上共同住宅,駐車（輪）場,20歳代,その他,施錠した
窃盗,自転車盗,福生,福生駅前交番,132187,東京都,福生市,東町,2020-01-07,12,駐車（輪）場,駐車（輪）場,30歳代,その他,施錠した
窃盗,自転車盗,福生,横田交番,132187,東京都,福生市,大字熊川,2020-05-06,15,４階建て以上共同住宅,その他,10歳代,高校生,施錠した
窃盗,自転車盗,福生,横田交番,132187,東京都,福生市,大字熊川,2020-09-26,19,一戸建住宅,その他,20歳代,その他,施錠した
窃盗,自転車盗,福生,横田交番,132187,東京都,福生市,武蔵野台１丁目,2019-12-06,21,その他の住宅（３階建て以下共同住宅等）,駐車（輪）場,20歳代,その他,施錠した
窃盗,自転車盗,福生,横田交番,132187,東京都,福生市,武蔵野台１丁目,2020-03-25,15,４階建て以上共同住宅,駐車（輪）場,10歳代,中学生,施錠した
窃盗,自転車盗,福生,横田交番,132187,東京都,福生市,武蔵野台１丁目,2020-08-12,16,４階建て以上共同住宅,駐車（輪）場,50歳代,その他,施錠した
窃盗,自転車盗,福生,横田交番,132187,東京都,福生市,大字熊川,2020-02-02,08,その他,その他,10歳未満,小学生,施錠した
窃盗,自転車盗,福生,内出交番,132187,東京都,福生市,大字熊川,2019-05-01,00,その他の住宅（３階建て以下共同住宅等）,駐車（輪）場,20歳代,その他,施錠した
窃盗,自転車盗,福生,内出交番,132187,東京都,福生市,大字熊川,2019-12-05,21,４階建て以上共同住宅,駐車（輪）場,30歳代,その他,施錠した
窃盗,自転車盗,福生,内出交番,132187,東京都,福生市,大字熊川,2019-12-13,20,その他の住宅（３階建て以下共同住宅等）,駐車（輪）場,30歳代,その他,施錠した
窃盗,自転車盗,福生,内出交番,132187,東京都,福生市,大字熊川,2019-12-21,16,一戸建住宅,その他,70歳以上,その他,施錠した
窃盗,自転車盗,福生,内出交番,132187,東京都,福生市,大字熊川,2020-06-08,19,４階建て以上共同住宅,駐車（輪）場,20歳代,大学生,施錠した
窃盗,自転車盗,福生,内出交番,132187,東京都,福生市,大字熊川,2020-07-12,16,その他,駐車（輪）場,10歳代,その他,施錠した
窃盗,自転車盗,福生,内出交番,132187,東京都,福生市,大字福生,2020-11-06,19,その他の住宅（３階建て以下共同住宅等）,駐車（輪）場,20歳代,その他,施錠した
窃盗,自転車盗,福生,下福生駐在所,132187,東京都,福生市,牛浜,2019-12-07,18,４階建て以上共同住宅,駐車（輪）場,30歳代,その他,施錠した
窃盗,自転車盗,福生,中福生駐在所,132187,東京都,福生市,北田園２丁目,2020-10-23,11,その他,駐車（輪）場,10歳代,高校生,施錠した
窃盗,自転車盗,福生,中福生駐在所,132187,東京都,福生市,志茂,2020-06-18,19,その他の住宅（３階建て以下共同住宅等）,駐車（輪）場,30歳代,その他,施錠した
窃盗,自転車盗,福生,石畑駐在所,133035,東京都,瑞穂町,大字殿ケ谷,2020-03-03,08,その他,駐車（輪）場,70歳以上,その他,施錠した
窃盗,自転車盗,福生,石畑駐在所,133035,東京都,瑞穂町,大字殿ケ谷,2020-05-01,07,その他,駐車（輪）場,30歳代,その他,施錠した
窃盗,自転車盗,福生,石畑駐在所,133035,東京都,瑞穂町,大字武蔵,2020-02-29,14,その他,駐車（輪）場,20歳代,その他,施錠した
窃盗,自転車盗,福生,元狭山駐在所,133035,東京都,瑞穂町,大字高根,2019-12-26,11,駐車（輪）場,駐車（輪）場,10歳代,中学生,施錠した
窃盗,自転車盗,福生,元狭山駐在所,133035,東京都,瑞穂町,大字高根,2020-08-27,18,その他,駐車（輪）場,20歳代,その他,施錠した
窃盗,自転車盗,福生,武蔵野駐在所,133035,東京都,瑞穂町,むさし野１丁目,2020-10-19,10,４階建て以上共同住宅,駐車（輪）場,50歳代,その他,施錠した
窃盗,自転車盗,福生,武蔵野駐在所,133035,東京都,瑞穂町,むさし野１丁目,2020-12-04,18,４階建て以上共同住宅,駐車（輪）場,10歳代,高校生,施錠した
窃盗,自転車盗,福生,神明台交番,132276,東京都,羽村市,神明台３丁目,2019-12-26,12,４階建て以上共同住宅,駐車（輪）場,10歳代,小学生,施錠した
窃盗,自転車盗,福生,神明台交番,132276,東京都,羽村市,双葉町３丁目,2020-05-17,19,一戸建住宅,その他,10歳代,高校生,施錠した
窃盗,自転車盗,福生,神明台交番,132276,東京都,羽村市,双葉町３丁目,2020-06-27,12,一戸建住宅,その他,50歳代,その他,施錠した
窃盗,自転車盗,福生,羽村駅前交番,132276,東京都,羽村市,五ノ神１丁目,2019-12-14,17,駐車（輪）場,駐車（輪）場,65-69歳,その他,施錠した
窃盗,自転車盗,福生,羽村駅前交番,132276,東京都,羽村市,五ノ神１丁目,2020-08-25,06,駐車（輪）場,駐車（輪）場,10歳代,高校生,施錠した
窃盗,自転車盗,福生,羽村駅前交番,132276,東京都,羽村市,五ノ神１丁目,2020-10-02,08,駐車（輪）場,駐車（輪）場,10歳代,高校生,施錠した
窃盗,自転車盗,福生,羽村駅前交番,132276,東京都,羽村市,五ノ神１丁目,2020-11-16,15,その他の住宅（３階建て以下共同住宅等）,駐車（輪）場,60-64歳,その他,施錠した
窃盗,自転車盗,福生,羽村駅前交番,132276,東京都,羽村市,五ノ神３丁目,2020-02-27,17,その他の住宅（３階建て以下共同住宅等）,駐車（輪）場,30歳代,その他,施錠した
窃盗,自転車盗,福生,羽村駅前交番,132276,東京都,羽村市,五ノ神４丁目,2019-11-30,14,駐車（輪）場,駐車（輪）場,10歳代,高校生,施錠した
窃盗,自転車盗,福生,羽村駅前交番,132276,東京都,羽村市,五ノ神４丁目,2020-01-16,20,駐車（輪）場,駐車（輪）場,10歳代,大学生,施錠した
窃盗,自転車盗,福生,羽村駅前交番,132276,東京都,羽村市,五ノ神４丁目,2020-01-24,09,駐車（輪）場,駐車（輪）場,30歳代,その他,施錠した
窃盗,自転車盗,福生,羽村駅前交番,132276,東京都,羽村市,五ノ神４丁目,2020-04-03,05,駐車（輪）場,駐車（輪）場,10歳代,中学生,施錠した
窃盗,自転車盗,福生,羽村駅前交番,132276,東京都,羽村市,五ノ神４丁目,2020-06-01,11,その他の住宅（３階建て以下共同住宅等）,駐車（輪）場,70歳以上,その他,施錠した
窃盗,自転車盗,福生,羽村駅前交番,132276,東京都,羽村市,五ノ神４丁目,2020-06-02,11,その他の住宅（３階建て以下共同住宅等）,駐車（輪）場,70歳以上,その他,施錠した
窃盗,自転車盗,福生,羽村駅前交番,132276,東京都,羽村市,五ノ神４丁目,2020-06-15,07,駐車（輪）場,駐車（輪）場,10歳代,高校生,施錠した
窃盗,自転車盗,福生,羽村駅前交番,132276,東京都,羽村市,五ノ神４丁目,2020-06-29,16,駐車（輪）場,駐車（輪）場,20歳代,その他,施錠した
窃盗,自転車盗,福生,羽村駅前交番,132276,東京都,羽村市,五ノ神４丁目,2020-10-12,17,駐車（輪）場,駐車（輪）場,20歳代,その他,施錠した
窃盗,自転車盗,福生,羽村駅前交番,132276,東京都,羽村市,五ノ神４丁目,2020-11-20,15,駐車（輪）場,駐車（輪）場,70歳以上,その他,施錠した
窃盗,自転車盗,福生,羽村駅前交番,132276,東京都,羽村市,神明台１丁目,2019-12-13,08,駐車（輪）場,駐車（輪）場,20歳代,その他,施錠した
窃盗,自転車盗,福生,羽村駅前交番,132276,東京都,羽村市,羽東１丁目,2019-12-11,19,駐車（輪）場,駐車（輪）場,10歳代,中学生,施錠した
窃盗,自転車盗,福生,羽村駅前交番,132276,東京都,羽村市,羽東１丁目,2019-12-23,13,道路上,その他,70歳以上,その他,施錠した
窃盗,自転車盗,福生,羽村駅前交番,132276,東京都,羽村市,羽東１丁目,2020-01-27,20,駐車（輪）場,駐車（輪）場,10歳代,高校生,施錠した
窃盗,自転車盗,福生,羽村駅前交番,132276,東京都,羽村市,羽東１丁目,2020-02-02,15,駐車（輪）場,駐車（輪）場,10歳代,高校生,施錠した
窃盗,自転車盗,福生,羽村駅前交番,132276,東京都,羽村市,羽東１丁目,2020-09-15,07,駐車（輪）場,駐車（輪）場,10歳代,高校生,施錠した
窃盗,自転車盗,福生,羽村駅前交番,132276,東京都,羽村市,緑ヶ丘４丁目,2020-06-28,15,その他の住宅（３階建て以下共同住宅等）,その他,20歳代,その他,施錠した
窃盗,自転車盗,福生,羽村駅前交番,132276,東京都,羽村市,緑ヶ丘４丁目,2020-07-19,15,その他の住宅（３階建て以下共同住宅等）,その他,20歳代,その他,施錠した
窃盗,自転車盗,福生,野辺駐在所,132284,東京都,あきる野市,野辺,2019-12-16,07,駐車（輪）場,駐車（輪）場,10歳代,高校生,施錠した
窃盗,自転車盗,福生,渕上駐在所,132284,東京都,あきる野市,引田,2019-12-16,09,駐車（輪）場,駐車（輪）場,70歳以上,その他,施錠した
窃盗,自転車盗,福生,小作駅前交番,132276,東京都,羽村市,栄町１丁目,2020-07-03,17,その他の住宅（３階建て以下共同住宅等）,駐車（輪）場,10歳代,小学生,施錠した
窃盗,自転車盗,福生,小作駅前交番,132276,東京都,羽村市,栄町１丁目,2020-09-18,18,駐車（輪）場,駐車（輪）場,40歳代,その他,施錠した
窃盗,自転車盗,福生,小作駅前交番,132276,東京都,羽村市,栄町１丁目,2020-10-19,10,駐車（輪）場,駐車（輪）場,10歳代,小学生,施錠した
窃盗,自転車盗,福生,小作駅前交番,132276,東京都,羽村市,栄町２丁目,2020-02-07,22,４階建て以上共同住宅,駐車（輪）場,10歳代,その他,施錠した
窃盗,自転車盗,福生,小作駅前交番,132276,東京都,羽村市,栄町２丁目,2020-05-19,08,その他の住宅（３階建て以下共同住宅等）,駐車（輪）場,40歳代,その他,施錠した
窃盗,自転車盗,福生,小作駅前交番,132276,東京都,羽村市,栄町２丁目,2020-06-14,12,その他の住宅（３階建て以下共同住宅等）,駐車（輪）場,30歳代,その他,施錠した
窃盗,自転車盗,福生,小作駅前交番,132276,東京都,羽村市,栄町２丁目,2020-09-12,17,その他,駐車（輪）場,10歳代,大学生,施錠した
窃盗,自転車盗,福生,小作駅前交番,132276,東京都,羽村市,栄町２丁目,2020-11-02,16,その他の住宅（３階建て以下共同住宅等）,その他,20歳代,その他,施錠した
窃盗,自転車盗,福生,小作駅前交番,132276,東京都,羽村市,小作台１丁目,2019-12-23,07,駐車（輪）場,駐車（輪）場,10歳代,高校生,施錠した
窃盗,自転車盗,福生,小作駅前交番,132276,東京都,羽村市,小作台１丁目,2020-01-11,19,その他の住宅（３階建て以下共同住宅等）,駐車（輪）場,40歳代,その他,施錠した
窃盗,自転車盗,福生,小作駅前交番,132276,東京都,羽村市,小作台１丁目,2020-05-13,19,駐車（輪）場,駐車（輪）場,30歳代,その他,施錠した
窃盗,自転車盗,福生,小作駅前交番,132276,東京都,羽村市,小作台２丁目,2019-12-25,17,駐車（輪）場,駐車（輪）場,10歳代,中学生,施錠した
窃盗,自転車盗,福生,小作駅前交番,132276,東京都,羽村市,小作台２丁目,2020-08-21,12,駐車（輪）場,駐車（輪）場,10歳代,高校生,施錠した
窃盗,自転車盗,福生,小作駅前交番,132276,東京都,羽村市,小作台２丁目,2020-09-08,15,駐車（輪）場,駐車（輪）場,10歳代,高校生,施錠した
窃盗,自転車盗,福生,小作駅前交番,132276,東京都,羽村市,小作台３丁目,2020-06-20,00,４階建て以上共同住宅,駐車（輪）場,20歳代,その他,施錠した
窃盗,自転車盗,福生,小作駅前交番,132276,東京都,羽村市,小作台３丁目,2020-09-25,19,駐車（輪）場,駐車（輪）場,30歳代,その他,施錠した
窃盗,自転車盗,福生,小作駅前交番,132276,東京都,羽村市,小作台５丁目,2020-02-26,13,道路上,その他,20歳代,その他,施錠した
窃盗,自転車盗,福生,小作駅前交番,132276,東京都,羽村市,小作台５丁目,2020-04-12,10,その他の住宅（３階建て以下共同住宅等）,その他,60-64歳,その他,施錠した
窃盗,自転車盗,福生,五ノ神駐在所,132276,東京都,羽村市,神明台２丁目,2020-01-20,11,その他,駐車（輪）場,40歳代,その他,施錠した
窃盗,自転車盗,福生,五ノ神駐在所,132276,東京都,羽村市,羽,2020-04-03,09,その他,駐車（輪）場,10歳代,大学生,施錠した
窃盗,自転車盗,福生,五ノ神駐在所,132276,東京都,羽村市,羽,2020-08-28,09,その他,駐車（輪）場,10歳代,高校生,施錠した
窃盗,自転車盗,福生,五ノ神駐在所,132276,東京都,羽村市,羽,2020-10-23,11,その他,駐車（輪）場,20歳代,その他,施錠した
窃盗,自転車盗,福生,五ノ神駐在所,132276,東京都,羽村市,富士見平１丁目,2020-10-09,23,その他の住宅（３階建て以下共同住宅等）,その他,40歳代,その他,施錠した
窃盗,自転車盗,福生,秋川駅前交番,132284,東京都,あきる野市,秋川１丁目,2020-06-13,17,その他,駐車（輪）場,10歳代,高校生,施錠した
窃盗,自転車盗,福生,秋川駅前交番,132284,東京都,あきる野市,秋川１丁目,2020-08-05,13,その他,駐車（輪）場,20歳代,大学生,施錠した
窃盗,自転車盗,福生,秋川駅前交番,132284,東京都,あきる野市,秋川１丁目,2020-09-16,16,その他,駐車（輪）場,10歳代,高校生,施錠した
窃盗,自転車盗,福生,秋川駅前交番,132284,東京都,あきる野市,秋川２丁目,2020-01-01,23,その他の住宅（３階建て以下共同住宅等）,駐車（輪）場,30歳代,その他,施錠した
窃盗,自転車盗,福生,秋川駅前交番,132284,東京都,あきる野市,油平,2019-12-25,09,駐車（輪）場,駐車（輪）場,70歳以上,その他,施錠した
窃盗,自転車盗,福生,秋川駅前交番,132284,東京都,あきる野市,油平,2019-12-31,19,駐車（輪）場,駐車（輪）場,20歳代,大学生,施錠した
窃盗,自転車盗,福生,秋川駅前交番,132284,東京都,あきる野市,油平,2020-03-11,12,駐車（輪）場,駐車（輪）場,10歳代,高校生,施錠した
窃盗,自転車盗,福生,秋川駅前交番,132284,東京都,あきる野市,油平,2020-03-25,07,駐車（輪）場,駐車（輪）場,30歳代,その他,施錠した
窃盗,自転車盗,福生,秋川駅前交番,132284,東京都,あきる野市,油平,2020-07-18,15,駐車（輪）場,駐車（輪）場,20歳代,その他,施錠した
窃盗,自転車盗,福生,秋川駅前交番,132284,東京都,あきる野市,油平,2020-09-20,06,駐車（輪）場,駐車（輪）場,10歳代,高校生,施錠した
窃盗,自転車盗,福生,秋川駅前交番,132284,東京都,あきる野市,油平,2020-09-27,06,駐車（輪）場,駐車（輪）場,10歳代,高校生,施錠した
窃盗,自転車盗,福生,秋川駅前交番,132284,東京都,あきる野市,二宮,2020-02-05,13,その他,その他,30歳代,その他,施錠した
窃盗,自転車盗,福生,小川駐在所,132284,東京都,あきる野市,小川,2020-05-05,17,その他の住宅（３階建て以下共同住宅等）,駐車（輪）場,20歳代,その他,施錠した
窃盗,自転車盗,福生,小川駐在所,132284,東京都,あきる野市,小川東３丁目,2020-06-22,15,その他,その他,70歳以上,その他,施錠した
窃盗,自転車盗,福生,箱根ヶ崎駅前交番,133035,東京都,瑞穂町,大字箱根ケ崎,2020-03-02,19,駐車（輪）場,駐車（輪）場,20歳代,その他,施錠した
窃盗,自転車盗,福生,箱根ヶ崎駅前交番,133035,東京都,瑞穂町,南平１丁目,2020-05-17,16,その他の住宅（３階建て以下共同住宅等）,駐車（輪）場,40歳代,その他,施錠した
窃盗,自転車盗,福生,箱根ヶ崎駅前交番,133035,東京都,瑞穂町,南平２丁目,2020-01-02,02,その他の住宅（３階建て以下共同住宅等）,その他,20歳代,その他,施錠した
窃盗,自転車盗,八王子,西八王子駅前交番,132012,東京都,八王子市,千人町２丁目,2020-05-01,不明,４階建て以上共同住宅,駐車（輪）場,40歳代,その他,施錠した
窃盗,自転車盗,八王子,西八王子駅前交番,132012,東京都,八王子市,千人町２丁目,2020-11-11,17,その他,駐車（輪）場,30歳代,その他,施錠した
窃盗,自転車盗,八王子,西八王子駅前交番,132012,東京都,八王子市,千人町２丁目,2020-11-14,14,道路上,その他,20歳代,その他,施錠した
窃盗,自転車盗,八王子,西八王子駅前交番,132012,東京都,八王子市,千人町３丁目,2019-12-30,09,４階建て以上共同住宅,駐車（輪）場,20歳代,大学生,施錠した
窃盗,自転車盗,八王子,西八王子駅前交番,132012,東京都,八王子市,千人町３丁目,2020-01-25,10,４階建て以上共同住宅,駐車（輪）場,10歳代,中学生,施錠した
窃盗,自転車盗,八王子,西八王子駅前交番,132012,東京都,八王子市,千人町３丁目,2020-02-08,11,駐車（輪）場,駐車（輪）場,20歳代,大学生,施錠した
窃盗,自転車盗,八王子,西八王子駅前交番,132012,東京都,八王子市,千人町３丁目,2020-02-15,07,その他,駐車（輪）場,20歳代,その他,施錠した
窃盗,自転車盗,八王子,西八王子駅前交番,132012,東京都,八王子市,千人町３丁目,2020-04-24,12,駐車（輪）場,駐車（輪）場,40歳代,その他,施錠した
窃盗,自転車盗,八王子,西八王子駅前交番,132012,東京都,八王子市,千人町３丁目,2020-06-03,06,その他,駐車（輪）場,20歳代,その他,施錠した
窃盗,自転車盗,八王子,西八王子駅前交番,132012,東京都,八王子市,千人町３丁目,2020-06-20,08,その他,駐車（輪）場,10歳代,高校生,施錠した
窃盗,自転車盗,八王子,西八王子駅前交番,132012,東京都,八王子市,千人町３丁目,2020-11-02,07,駐車（輪）場,駐車（輪）場,50歳代,その他,施錠した
窃盗,自転車盗,八王子,西八王子駅前交番,132012,東京都,八王子市,千人町３丁目,2020-12-05,07,駐車（輪）場,駐車（輪）場,20歳代,大学生,施錠した
窃盗,自転車盗,八王子,西八王子駅前交番,132012,東京都,八王子市,台町４丁目,2018-12-01,00,駐車（輪）場,駐車（輪）場,10歳代,その他,施錠した
窃盗,自転車盗,八王子,西八王子駅前交番,132012,東京都,八王子市,台町４丁目,2020-02-23,15,４階建て以上共同住宅,駐車（輪）場,10歳代,高校生,施錠した
窃盗,自転車盗,八王子,追分交番,132012,東京都,八王子市,追分町,2020-08-25,23,４階建て以上共同住宅,駐車（輪）場,30歳代,その他,施錠した
窃盗,自転車盗,八王子,追分交番,132012,東京都,八王子市,小門町,2020-01-29,19,４階建て以上共同住宅,駐車（輪）場,20歳代,その他,施錠した
窃盗,自転車盗,八王子,追分交番,132012,東京都,八王子市,八幡町,2020-12-19,12,一戸建住宅,駐車（輪）場,70歳以上,その他,施錠した
窃盗,自転車盗,八王子,追分交番,132012,東京都,八王子市,元本郷町３丁目,2020-03-28,19,その他,駐車（輪）場,20歳代,大学生,施錠した
窃盗,自転車盗,八王子,中野交番,132012,東京都,八王子市,中野上町３丁目,2020-02-15,21,その他の住宅（３階建て以下共同住宅等）,駐車（輪）場,20歳代,大学生,施錠した
窃盗,自転車盗,八王子,中野交番,132012,東京都,八王子市,平岡町,2020-06-20,01,その他の住宅（３階建て以下共同住宅等）,駐車（輪）場,40歳代,その他,施錠した
窃盗,自転車盗,八王子,中野交番,132012,東京都,八王子市,本郷町,2020-01-09,14,４階建て以上共同住宅,駐車（輪）場,10歳代,大学生,施錠した
窃盗,自転車盗,八王子,中野交番,132012,東京都,八王子市,元本郷町１丁目,2020-02-24,20,一戸建住宅,駐車（輪）場,10歳代,小学生,施錠した
窃盗,自転車盗,八王子,富士森交番,132012,東京都,八王子市,上野町,2020-01-04,21,４階建て以上共同住宅,駐車（輪）場,20歳代,大学生,施錠した
窃盗,自転車盗,八王子,富士森交番,132012,東京都,八王子市,緑町,2020-08-19,10,駐車（輪）場,駐車（輪）場,10歳代,中学生,施錠した
窃盗,自転車盗,八王子,八王子駅南口交番,132012,東京都,八王子市,子安町２丁目,2020-01-29,23,その他の住宅（３階建て以下共同住宅等）,駐車（輪）場,30歳代,その他,施錠した
窃盗,自転車盗,八王子,八王子駅南口交番,132012,東京都,八王子市,子安町３丁目,2020-02-20,22,４階建て以上共同住宅,駐車（輪）場,30歳代,その他,施錠した
窃盗,自転車盗,八王子,八王子駅南口交番,132012,東京都,八王子市,子安町４丁目,2020-02-01,09,道路上,その他,40歳代,その他,施錠した
窃盗,自転車盗,八王子,八王子駅南口交番,132012,東京都,八王子市,子安町４丁目,2020-07-16,17,道路上,その他,30歳代,その他,施錠した
窃盗,自転車盗,八王子,八王子駅南口交番,132012,東京都,八王子市,寺町,2020-09-08,19,一戸建住宅,駐車（輪）場,50歳代,その他,施錠した
窃盗,自転車盗,八王子,八王子駅南口交番,132012,東京都,八王子市,万町,2020-03-26,12,４階建て以上共同住宅,駐車（輪）場,20歳代,その他,施錠した
窃盗,自転車盗,八王子,八王子駅南口交番,132012,東京都,八王子市,万町,2020-10-28,08,一戸建住宅,駐車（輪）場,20歳代,大学生,施錠した
窃盗,自転車盗,八王子,八王子駅北口交番,132012,東京都,八王子市,旭町,2020-03-18,14,その他,駐車（輪）場,40歳代,その他,施錠した
窃盗,自転車盗,八王子,八王子駅北口交番,132012,東京都,八王子市,旭町,2020-03-21,15,道路上,その他,50歳代,その他,施錠した
窃盗,自転車盗,八王子,八王子駅北口交番,132012,東京都,八王子市,旭町,2020-03-31,06,駐車（輪）場,駐車（輪）場,30歳代,その他,施錠した
窃盗,自転車盗,八王子,八王子駅北口交番,132012,東京都,八王子市,旭町,2020-06-26,08,駐車（輪）場,駐車（輪）場,40歳代,その他,施錠した
窃盗,自転車盗,八王子,八王子駅北口交番,132012,東京都,八王子市,旭町,2020-07-15,16,その他,駐車（輪）場,10歳代,高校生,施錠した
窃盗,自転車盗,八王子,八王子駅北口交番,132012,東京都,八王子市,旭町,2020-07-30,12,道路上,その他,70歳以上,その他,施錠した
窃盗,自転車盗,八王子,八王子駅北口交番,132012,東京都,八王子市,旭町,2020-07-31,13,その他,駐車（輪）場,30歳代,その他,施錠した
窃盗,自転車盗,八王子,八王子駅北口交番,132012,東京都,八王子市,旭町,2020-10-31,11,駐車（輪）場,駐車（輪）場,20歳代,その他,施錠した
窃盗,自転車盗,八王子,八王子駅北口交番,132012,東京都,八王子市,旭町,2020-11-06,19,駐車（輪）場,駐車（輪）場,20歳代,その他,施錠した
窃盗,自転車盗,八王子,八王子駅北口交番,132012,東京都,八王子市,旭町,2020-12-03,09,その他,駐車（輪）場,20歳代,その他,施錠した
窃盗,自転車盗,八王子,八王子駅北口交番,132012,東京都,八王子市,東町,2020-01-04,12,その他,駐車（輪）場,10歳代,中学生,施錠した
窃盗,自転車盗,八王子,八王子駅北口交番,132012,東京都,八王子市,旭町,2020-02-09,14,駐車（輪）場,駐車（輪）場,20歳代,大学生,施錠した
窃盗,自転車盗,八王子,八王子駅北口交番,132012,東京都,八王子市,東町,2020-08-14,21,道路上,その他,20歳代,その他,施錠した
窃盗,自転車盗,八王子,八王子駅北口交番,132012,東京都,八王子市,東町,2020-10-16,07,駐車（輪）場,駐車（輪）場,40歳代,その他,施錠した
窃盗,自転車盗,八王子,八王子駅北口交番,132012,東京都,八王子市,東町,2020-11-07,11,その他,駐車（輪）場,10歳代,高校生,施錠した
窃盗,自転車盗,八王子,八王子駅北口交番,132012,東京都,八王子市,東町,2020-12-12,18,駐車（輪）場,駐車（輪）場,50歳代,その他,施錠した
窃盗,自転車盗,八王子,八王子駅北口交番,132012,東京都,八王子市,東町,2020-12-20,00,駐車（輪）場,駐車（輪）場,70歳以上,その他,施錠した
窃盗,自転車盗,八王子,八王子駅北口交番,132012,東京都,八王子市,中町,2020-01-12,14,道路上,その他,60-64歳,その他,施錠した
窃盗,自転車盗,八王子,八王子駅北口交番,132012,東京都,八王子市,中町,2020-04-06,12,道路上,その他,20歳代,その他,施錠した
窃盗,自転車盗,八王子,八王子駅北口交番,132012,東京都,八王子市,中町,2020-08-15,14,その他,駐車（輪）場,10歳代,大学生,施錠した
窃盗,自転車盗,八王子,八王子駅北口交番,132012,東京都,八王子市,中町,2020-08-16,18,その他,駐車（輪）場,20歳代,その他,施錠した
窃盗,自転車盗,八王子,八王子駅北口交番,132012,東京都,八王子市,中町,2020-08-29,09,その他,駐車（輪）場,10歳代,大学生,施錠した
窃盗,自転車盗,八王子,八王子駅北口交番,132012,東京都,八王子市,中町,2020-08-29,12,その他,駐車（輪）場,30歳代,その他,施錠した
窃盗,自転車盗,八王子,八王子駅北口交番,132012,東京都,八王子市,中町,2020-08-30,13,その他,駐車（輪）場,30歳代,その他,施錠した
窃盗,自転車盗,八王子,八王子駅北口交番,132012,東京都,八王子市,中町,2020-09-28,17,その他の住宅（３階建て以下共同住宅等）,その他,50歳代,その他,施錠した
窃盗,自転車盗,八王子,八王子駅北口交番,132012,東京都,八王子市,本町,2020-03-29,06,その他の住宅（３階建て以下共同住宅等）,駐車（輪）場,10歳代,高校生,施錠した
窃盗,自転車盗,八王子,八王子駅北口交番,132012,東京都,八王子市,三崎町,2020-06-29,03,その他,駐車（輪）場,20歳代,その他,施錠した
窃盗,自転車盗,八王子,八王子駅北口交番,132012,東京都,八王子市,南新町,2020-07-30,22,その他の住宅（３階建て以下共同住宅等）,駐車（輪）場,20歳代,その他,施錠した
窃盗,自転車盗,八王子,八王子駅北口交番,132012,東京都,八王子市,南新町,2020-12-15,12,その他,駐車（輪）場,20歳代,その他,施錠した
窃盗,自転車盗,八王子,八王子駅北口交番,132012,東京都,八王子市,明神町１丁目,2020-05-19,07,その他の住宅（３階建て以下共同住宅等）,駐車（輪）場,20歳代,その他,施錠した
窃盗,自転車盗,八王子,八王子駅北口交番,132012,東京都,八王子市,明神町２丁目,2019-12-08,08,道路上,その他,10歳代,大学生,施錠した
窃盗,自転車盗,八王子,八王子駅北口交番,132012,東京都,八王子市,明神町２丁目,2020-04-20,18,一戸建住宅,駐車（輪）場,65-69歳,その他,施錠した
窃盗,自転車盗,八王子,八王子駅北口交番,132012,東京都,八王子市,明神町２丁目,2020-06-22,05,駐車（輪）場,駐車（輪）場,20歳代,その他,施錠した
窃盗,自転車盗,八王子,八王子駅北口交番,132012,東京都,八王子市,明神町３丁目,2019-12-25,19,駐車（輪）場,駐車（輪）場,20歳代,その他,施錠した
窃盗,自転車盗,八王子,八王子駅北口交番,132012,東京都,八王子市,明神町３丁目,2020-02-21,19,駐車（輪）場,駐車（輪）場,20歳代,その他,施錠した
窃盗,自転車盗,八王子,八王子駅北口交番,132012,東京都,八王子市,明神町３丁目,2020-07-27,06,駐車（輪）場,駐車（輪）場,30歳代,その他,施錠した
窃盗,自転車盗,八王子,八王子駅北口交番,132012,東京都,八王子市,明神町３丁目,2020-08-18,13,４階建て以上共同住宅,駐車（輪）場,60-64歳,その他,施錠した
窃盗,自転車盗,八王子,八王子駅北口交番,132012,東京都,八王子市,明神町３丁目,2020-11-01,10,駐車（輪）場,駐車（輪）場,30歳代,その他,施錠した
窃盗,自転車盗,八王子,八王子駅北口交番,132012,東京都,八王子市,明神町３丁目,2020-11-09,11,駐車（輪）場,駐車（輪）場,10歳代,高校生,施錠した
窃盗,自転車盗,八王子,八王子駅北口交番,132012,東京都,八王子市,明神町３丁目,2020-11-13,19,駐車（輪）場,駐車（輪）場,20歳代,その他,施錠した
窃盗,自転車盗,八王子,八王子駅北口交番,132012,東京都,八王子市,明神町３丁目,2020-12-11,06,駐車（輪）場,駐車（輪）場,20歳代,その他,施錠した
窃盗,自転車盗,八王子,八王子駅北口交番,132012,東京都,八王子市,明神町３丁目,2020-12-14,10,駐車（輪）場,駐車（輪）場,40歳代,その他,施錠した
窃盗,自転車盗,八王子,八王子駅北口交番,132012,東京都,八王子市,明神町４丁目,2020-03-16,16,４階建て以上共同住宅,駐車（輪）場,20歳代,その他,施錠した
窃盗,自転車盗,八王子,八王子駅北口交番,132012,東京都,八王子市,明神町４丁目,2020-03-28,00,４階建て以上共同住宅,駐車（輪）場,20歳代,大学生,施錠した
窃盗,自転車盗,八王子,八王子駅北口交番,132012,東京都,八王子市,明神町４丁目,2020-09-26,21,道路上,その他,20歳代,大学生,施錠した
窃盗,自転車盗,八王子,八王子駅北口交番,132012,東京都,八王子市,明神町４丁目,2020-11-20,08,駐車（輪）場,駐車（輪）場,40歳代,その他,施錠した
窃盗,自転車盗,八王子,八王子駅北口交番,132012,東京都,八王子市,明神町４丁目,2020-12-25,14,４階建て以上共同住宅,駐車（輪）場,30歳代,その他,施錠した
窃盗,自転車盗,八王子,八王子駅北口交番,132012,東京都,八王子市,元横山町１丁目,2020-09-19,20,その他の住宅（３階建て以下共同住宅等）,駐車（輪）場,30歳代,その他,施錠した
窃盗,自転車盗,八王子,八王子駅北口交番,132012,東京都,八王子市,元横山町１丁目,2020-10-01,19,一戸建住宅,駐車（輪）場,40歳代,その他,施錠した
窃盗,自転車盗,八王子,八王子駅北口交番,132012,東京都,八王子市,八日町,2020-03-25,16,４階建て以上共同住宅,駐車（輪）場,10歳代,大学生,施錠した
窃盗,自転車盗,八王子,八王子駅北口交番,132012,東京都,八王子市,横山町,2020-03-23,08,その他,駐車（輪）場,40歳代,その他,施錠した
窃盗,自転車盗,八王子,元横山交番,132012,東京都,八王子市,本町,2020-03-31,10,一戸建住宅,駐車（輪）場,10歳代,高校生,施錠した
窃盗,自転車盗,八王子,元横山交番,132012,東京都,八王子市,本町,2020-07-01,20,４階建て以上共同住宅,その他,60-64歳,その他,施錠した
窃盗,自転車盗,八王子,元横山交番,132012,東京都,八王子市,元横山町３丁目,2020-06-15,07,その他の住宅（３階建て以下共同住宅等）,駐車（輪）場,20歳代,大学生,施錠した
窃盗,自転車盗,八王子,元横山交番,132012,東京都,八王子市,元横山町３丁目,2020-06-25,01,４階建て以上共同住宅,駐車（輪）場,20歳代,その他,施錠した
窃盗,自転車盗,八王子,大和田交番,132012,東京都,八王子市,大和田町１丁目,2020-10-23,12,４階建て以上共同住宅,駐車（輪）場,65-69歳,その他,施錠した
窃盗,自転車盗,八王子,大和田交番,132012,東京都,八王子市,大和田町３丁目,2020-10-09,06,その他の住宅（３階建て以下共同住宅等）,駐車（輪）場,40歳代,その他,施錠した
窃盗,自転車盗,八王子,大和田交番,132012,東京都,八王子市,大和田町４丁目,2020-08-15,16,その他,駐車（輪）場,10歳代,その他,施錠した
窃盗,自転車盗,八王子,大和田交番,132012,東京都,八王子市,大和田町６丁目,2019-05-09,19,４階建て以上共同住宅,駐車（輪）場,50歳代,その他,施錠した
窃盗,自転車盗,八王子,大和田交番,132012,東京都,八王子市,大和田町７丁目,2020-01-23,17,４階建て以上共同住宅,駐車（輪）場,10歳代,中学生,施錠した
窃盗,自転車盗,八王子,稲荷坂交番,132012,東京都,八王子市,中野上町３丁目,2020-08-14,22,駐車（輪）場,駐車（輪）場,10歳代,高校生,施錠した
窃盗,自転車盗,八王子,稲荷坂交番,132012,東京都,八王子市,中野山王３丁目,2020-07-25,20,４階建て以上共同住宅,駐車（輪）場,10歳代,高校生,施錠した
窃盗,自転車盗,八王子,稲荷坂交番,132012,東京都,八王子市,中野山王３丁目,2020-07-26,18,４階建て以上共同住宅,駐車（輪）場,70歳以上,その他,施錠した
窃盗,自転車盗,八王子,小宮町駐在所,132012,東京都,八王子市,小宮町,2020-02-26,08,道路上,その他,10歳代,高校生,施錠した
窃盗,自転車盗,八王子,犬目交番,132012,東京都,八王子市,中野町,2018-12-01,00,その他,駐車（輪）場,20歳代,大学生,施錠した
窃盗,自転車盗,八王子,犬目交番,132012,東京都,八王子市,中野町,2020-02-12,13,その他,駐車（輪）場,20歳代,大学生,施錠した
窃盗,自転車盗,八王子,犬目交番,132012,東京都,八王子市,楢原町,2020-06-22,19,一戸建住宅,その他,10歳代,中学生,施錠した
窃盗,自転車盗,八王子,下川口駐在所,132012,東京都,八王子市,川口町,2020-06-08,08,その他の住宅（３階建て以下共同住宅等）,駐車（輪）場,10歳代,小学生,施錠した
窃盗,自転車盗,八王子,丹木駐在所,132012,東京都,八王子市,左入町,2020-07-18,18,その他の住宅（３階建て以下共同住宅等）,駐車（輪）場,20歳代,その他,施錠した
窃盗,自転車盗,八王子,丹木駐在所,132012,東京都,八王子市,滝山町１丁目,2020-01-20,15,その他の住宅（３階建て以下共同住宅等）,駐車（輪）場,法人・団体、被害者なし,法人・団体、被害者なし,施錠した
窃盗,自転車盗,八王子,丹木駐在所,132012,東京都,八王子市,丹木町１丁目,2019-12-09,16,その他の住宅（３階建て以下共同住宅等）,駐車（輪）場,10歳代,大学生,施錠した
窃盗,自転車盗,八王子,丹木駐在所,132012,東京都,八王子市,丹木町１丁目,2020-04-10,不明,その他,駐車（輪）場,20歳代,大学生,施錠した
窃盗,自転車盗,八王子,北八王子交番,132012,東京都,八王子市,石川町,2020-04-01,13,駐車（輪）場,駐車（輪）場,10歳代,その他,施錠した
窃盗,自転車盗,八王子,北八王子交番,132012,東京都,八王子市,石川町,2020-06-30,08,駐車（輪）場,駐車（輪）場,10歳代,高校生,施錠した
窃盗,自転車盗,八王子,北八王子交番,132012,東京都,八王子市,石川町,2020-08-04,07,駐車（輪）場,駐車（輪）場,20歳代,その他,施錠した
窃盗,自転車盗,八王子,久保山駐在所,132012,東京都,八王子市,久保山町１丁目,2020-07-11,13,４階建て以上共同住宅,駐車（輪）場,10歳代,その他,施錠した
窃盗,自転車盗,町田,町田駅前交番,132098,東京都,町田市,中町１丁目,2020-07-21,20,４階建て以上共同住宅,駐車（輪）場,20歳代,その他,施錠した
窃盗,自転車盗,町田,町田駅前交番,132098,東京都,町田市,原町田６丁目,2020-06-12,00,４階建て以上共同住宅,駐車（輪）場,30歳代,その他,施錠した
窃盗,自転車盗,町田,町田駅前交番,132098,東京都,町田市,原町田６丁目,2020-07-22,17,道路上,その他,10歳代,高校生,施錠した
窃盗,自転車盗,町田,町田駅前交番,132098,東京都,町田市,原町田６丁目,2020-09-27,07,その他,駐車（輪）場,10歳代,高校生,施錠した
窃盗,自転車盗,町田,町田駅前交番,132098,東京都,町田市,森野１丁目,2020-01-13,11,その他,駐車（輪）場,10歳代,中学生,施錠した
窃盗,自転車盗,町田,町田駅前交番,132098,東京都,町田市,森野１丁目,2020-02-07,22,その他,駐車（輪）場,40歳代,その他,施錠した
窃盗,自転車盗,町田,町田駅前交番,132098,東京都,町田市,森野１丁目,2020-02-21,00,その他,駐車（輪）場,10歳代,高校生,施錠した
窃盗,自転車盗,町田,町田駅前交番,132098,東京都,町田市,森野１丁目,2020-07-24,07,駐車（輪）場,駐車（輪）場,65-69歳,その他,施錠した
窃盗,自転車盗,町田,町田駅前交番,132098,東京都,町田市,森野１丁目,2020-08-26,09,駐車（輪）場,駐車（輪）場,20歳代,その他,施錠した
窃盗,自転車盗,町田,町田駅前交番,132098,東京都,町田市,森野１丁目,2020-09-03,08,その他の住宅（３階建て以下共同住宅等）,駐車（輪）場,50歳代,その他,施錠した
窃盗,自転車盗,町田,町田駅前交番,132098,東京都,町田市,森野１丁目,2020-10-16,11,駐車（輪）場,駐車（輪）場,30歳代,その他,施錠した
窃盗,自転車盗,町田,町田駅前交番,132098,東京都,町田市,森野１丁目,2020-10-26,06,その他,駐車（輪）場,30歳代,その他,施錠した
窃盗,自転車盗,町田,町田駅前交番,132098,東京都,町田市,森野２丁目,2020-07-18,20,その他の住宅（３階建て以下共同住宅等）,駐車（輪）場,20歳代,その他,施錠した
窃盗,自転車盗,町田,中町交番,132098,東京都,町田市,中町１丁目,2019-12-31,22,道路上,その他,10歳代,高校生,施錠した
窃盗,自転車盗,町田,中町交番,132098,東京都,町田市,中町１丁目,2020-02-20,13,道路上,その他,70歳以上,その他,施錠した
窃盗,自転車盗,町田,中町交番,132098,東京都,町田市,中町１丁目,2020-05-16,16,その他,その他,10歳代,高校生,施錠した
窃盗,自転車盗,町田,中町交番,132098,東京都,町田市,中町１丁目,2020-07-05,09,４階建て以上共同住宅,駐車（輪）場,30歳代,その他,施錠した
窃盗,自転車盗,町田,中町交番,132098,東京都,町田市,中町２丁目,2020-01-24,12,４階建て以上共同住宅,駐車（輪）場,60-64歳,その他,施錠した
窃盗,自転車盗,町田,中町交番,132098,東京都,町田市,中町３丁目,2020-03-06,09,その他の住宅（３階建て以下共同住宅等）,駐車（輪）場,60-64歳,その他,施錠した
窃盗,自転車盗,町田,中町交番,132098,東京都,町田市,中町３丁目,2020-09-14,07,一戸建住宅,駐車（輪）場,10歳代,高校生,施錠した
窃盗,自転車盗,町田,中町交番,132098,東京都,町田市,森野５丁目,2020-06-18,17,４階建て以上共同住宅,駐車（輪）場,20歳代,その他,施錠した
窃盗,自転車盗,町田,原町田交番,132098,東京都,町田市,原町田１丁目,2019-10-13,08,４階建て以上共同住宅,駐車（輪）場,20歳代,その他,施錠した
窃盗,自転車盗,町田,原町田交番,132098,東京都,町田市,原町田１丁目,2020-02-09,05,駐車（輪）場,駐車（輪）場,40歳代,その他,施錠した
窃盗,自転車盗,町田,原町田交番,132098,東京都,町田市,原町田３丁目,2019-11-21,16,その他の住宅（３階建て以下共同住宅等）,駐車（輪）場,10歳代,大学生,施錠した
窃盗,自転車盗,町田,原町田交番,132098,東京都,町田市,原町田４丁目,2020-06-13,23,道路上,その他,30歳代,その他,施錠した
窃盗,自転車盗,町田,原町田交番,132098,東京都,町田市,原町田４丁目,2020-11-03,16,その他,駐車（輪）場,50歳代,その他,施錠した
窃盗,自転車盗,町田,原町田交番,132098,東京都,町田市,原町田６丁目,2020-01-11,08,道路上,その他,70歳以上,その他,施錠した
窃盗,自転車盗,町田,原町田交番,132098,東京都,町田市,原町田６丁目,2020-01-22,17,その他,駐車（輪）場,20歳代,大学生,施錠した
窃盗,自転車盗,町田,金森交番,132098,東京都,町田市,金森１丁目,2020-01-09,11,４階建て以上共同住宅,駐車（輪）場,70歳以上,その他,施錠した
窃盗,自転車盗,町田,金森交番,132098,東京都,町田市,金森２丁目,2019-12-27,18,一戸建住宅,駐車（輪）場,40歳代,その他,施錠した
窃盗,自転車盗,町田,金森交番,132098,東京都,町田市,金森２丁目,2020-05-07,11,４階建て以上共同住宅,駐車（輪）場,10歳代,中学生,施錠した
窃盗,自転車盗,町田,金森交番,132098,東京都,町田市,金井７丁目,2020-06-01,10,４階建て以上共同住宅,駐車（輪）場,50歳代,その他,施錠した
窃盗,自転車盗,町田,鶴間交番,132098,東京都,町田市,小川５丁目,2020-04-07,10,４階建て以上共同住宅,駐車（輪）場,10歳代,高校生,施錠した
窃盗,自転車盗,町田,鶴間交番,132098,東京都,町田市,小川５丁目,2020-05-14,20,４階建て以上共同住宅,駐車（輪）場,10歳代,大学生,施錠した
窃盗,自転車盗,町田,鶴間交番,132098,東京都,町田市,鶴間８丁目,2019-12-23,09,道路上,その他,50歳代,その他,施錠した
窃盗,自転車盗,町田,鶴間交番,132098,東京都,町田市,南町田２丁目,2020-11-13,08,４階建て以上共同住宅,駐車（輪）場,30歳代,その他,施錠した
窃盗,自転車盗,町田,鶴間交番,132098,東京都,町田市,南町田３丁目,2019-12-25,22,道路上,その他,10歳代,中学生,施錠した
窃盗,自転車盗,町田,鶴間交番,132098,東京都,町田市,南町田４丁目,2020-01-03,16,４階建て以上共同住宅,駐車（輪）場,10歳代,高校生,施錠した
窃盗,自転車盗,町田,鶴間交番,132098,東京都,町田市,南町田４丁目,2020-11-18,15,その他,駐車（輪）場,30歳代,その他,施錠した
窃盗,自転車盗,町田,鶴間交番,132098,東京都,町田市,南町田５丁目,2020-02-05,11,道路上,その他,20歳代,大学生,施錠した
窃盗,自転車盗,町田,鶴間交番,132098,東京都,町田市,南町田５丁目,2020-03-17,08,４階建て以上共同住宅,その他,10歳代,その他,施錠した
窃盗,自転車盗,町田,南大谷駐在所,132098,東京都,町田市,南大谷,2020-02-10,14,４階建て以上共同住宅,駐車（輪）場,70歳以上,その他,施錠した
窃盗,自転車盗,町田,南大谷駐在所,132098,東京都,町田市,南大谷,2020-05-24,12,４階建て以上共同住宅,駐車（輪）場,10歳未満,小学生,施錠した
窃盗,自転車盗,町田,玉川学園駐在所,132098,東京都,町田市,玉川学園２丁目,2020-02-25,10,駐車（輪）場,駐車（輪）場,20歳代,大学生,施錠した
窃盗,自転車盗,町田,玉川学園駐在所,132098,東京都,町田市,玉川学園５丁目,2020-02-14,02,駐車（輪）場,駐車（輪）場,40歳代,その他,施錠した
窃盗,自転車盗,町田,本町田交番,132098,東京都,町田市,旭町１丁目,2020-08-29,15,その他の住宅（３階建て以下共同住宅等）,駐車（輪）場,20歳代,その他,施錠した
窃盗,自転車盗,町田,本町田交番,132098,東京都,町田市,本町田,2019-12-22,09,駐車（輪）場,駐車（輪）場,30歳代,その他,施錠した
窃盗,自転車盗,町田,本町田交番,132098,東京都,町田市,本町田,2020-05-15,13,４階建て以上共同住宅,駐車（輪）場,70歳以上,その他,施錠した
窃盗,自転車盗,町田,鶴川駅前交番,132098,東京都,町田市,金井町,2020-05-03,20,その他の住宅（３階建て以下共同住宅等）,駐車（輪）場,10歳代,大学生,施錠した
窃盗,自転車盗,町田,鶴川駅前交番,132098,東京都,町田市,能ヶ谷１丁目,2019-12-17,09,駐車（輪）場,駐車（輪）場,20歳代,その他,施錠した
窃盗,自転車盗,町田,鶴川駅前交番,132098,東京都,町田市,能ヶ谷１丁目,2020-01-08,16,道路上,その他,10歳代,高校生,施錠した
窃盗,自転車盗,町田,鶴川駅前交番,132098,東京都,町田市,能ヶ谷１丁目,2020-03-02,00,駐車（輪）場,駐車（輪）場,10歳代,中学生,施錠した
窃盗,自転車盗,町田,大蔵駐在所,132098,東京都,町田市,大蔵町,2020-02-27,12,その他の住宅（３階建て以下共同住宅等）,駐車（輪）場,20歳代,大学生,施錠した
窃盗,自転車盗,町田,真光寺駐在所,132098,東京都,町田市,広袴１丁目,2019-12-24,10,その他の住宅（３階建て以下共同住宅等）,駐車（輪）場,10歳代,大学生,施錠した
窃盗,自転車盗,町田,野津田駐在所,132098,東京都,町田市,野津田町,2020-03-20,19,その他,駐車（輪）場,10歳代,高校生,施錠した
窃盗,自転車盗,町田,図師駐在所,132098,東京都,町田市,図師町,2020-10-25,17,道路上,その他,50歳代,その他,施錠した
窃盗,自転車盗,町田,木曽交番,132098,東京都,町田市,山崎町,2020-07-18,19,４階建て以上共同住宅,その他,70歳以上,その他,施錠した
窃盗,自転車盗,町田,木曽交番,132098,東京都,町田市,木曽東１丁目,2019-10-27,17,４階建て以上共同住宅,駐車（輪）場,10歳代,中学生,施錠した
窃盗,自転車盗,町田,木曽交番,132098,東京都,町田市,木曽東１丁目,2020-03-22,13,４階建て以上共同住宅,駐車（輪）場,30歳代,その他,施錠した
窃盗,自転車盗,町田,木曽交番,132098,東京都,町田市,木曽東１丁目,2020-05-27,18,４階建て以上共同住宅,駐車（輪）場,50歳代,その他,施錠した
窃盗,自転車盗,町田,木曽交番,132098,東京都,町田市,木曽東１丁目,2020-07-19,05,４階建て以上共同住宅,駐車（輪）場,10歳代,小学生,施錠した
窃盗,自転車盗,町田,木曽交番,132098,東京都,町田市,木曽東１丁目,2020-10-17,12,４階建て以上共同住宅,駐車（輪）場,10歳代,小学生,施錠した
窃盗,自転車盗,町田,常盤駐在所,132098,東京都,町田市,常盤町,2020-08-18,15,その他の住宅（３階建て以下共同住宅等）,駐車（輪）場,40歳代,その他,施錠した
窃盗,自転車盗,町田,小山田駐在所,132098,東京都,町田市,下小山田町,2020-06-13,16,４階建て以上共同住宅,駐車（輪）場,10歳代,中学生,施錠した
窃盗,自転車盗,町田,山崎交番,132098,東京都,町田市,山崎町,2019-12-26,18,４階建て以上共同住宅,駐車（輪）場,10歳代,中学生,施錠した
窃盗,自転車盗,町田,山崎交番,132098,東京都,町田市,山崎町,2020-06-25,23,４階建て以上共同住宅,駐車（輪）場,70歳以上,その他,施錠した
窃盗,自転車盗,町田,藤の台団地交番,132098,東京都,町田市,金井３丁目,2020-06-17,14,一戸建住宅,駐車（輪）場,10歳代,高校生,施錠した
窃盗,自転車盗,町田,成瀬駅前交番,132098,東京都,町田市,小川３丁目,2020-05-17,20,その他の住宅（３階建て以下共同住宅等）,駐車（輪）場,50歳代,その他,施錠した
窃盗,自転車盗,町田,成瀬駅前交番,132098,東京都,町田市,南成瀬１丁目,2020-08-08,16,その他,駐車（輪）場,10歳代,中学生,施錠した
窃盗,自転車盗,町田,成瀬駅前交番,132098,東京都,町田市,成瀬が丘１丁目,2020-04-02,08,その他の住宅（３階建て以下共同住宅等）,その他,50歳代,その他,施錠した
窃盗,自転車盗,町田,成瀬駅前交番,132098,東京都,町田市,成瀬が丘２丁目,2020-11-20,17,その他,駐車（輪）場,20歳代,その他,施錠した
窃盗,自転車盗,町田,忠生駐在所,132098,東京都,町田市,忠生３丁目,2019-12-21,12,その他の住宅（３階建て以下共同住宅等）,駐車（輪）場,10歳代,その他,施錠した
窃盗,自転車盗,町田,忠生地区交番,132098,東京都,町田市,忠生１丁目,2020-04-09,09,４階建て以上共同住宅,駐車（輪）場,10歳代,高校生,施錠した
窃盗,自転車盗,町田,忠生地区交番,132098,東京都,町田市,忠生１丁目,2020-06-19,10,その他の住宅（３階建て以下共同住宅等）,駐車（輪）場,20歳代,その他,施錠した
窃盗,自転車盗,町田,忠生地区交番,132098,東京都,町田市,忠生１丁目,2020-07-08,21,４階建て以上共同住宅,駐車（輪）場,10歳代,高校生,施錠した
窃盗,自転車盗,町田,忠生地区交番,132098,東京都,町田市,木曽西３丁目,2020-03-18,09,その他,駐車（輪）場,50歳代,その他,施錠した
窃盗,自転車盗,町田,忠生地区交番,132098,東京都,町田市,根岸２丁目,2019-12-20,18,その他,駐車（輪）場,20歳代,大学生,施錠した
窃盗,自転車盗,日野,日野駅前交番,132128,東京都,日野市,大字日野,2020-05-14,16,４階建て以上共同住宅,駐車（輪）場,10歳代,小学生,施錠した
窃盗,自転車盗,日野,日野駅前交番,132128,東京都,日野市,日野本町３丁目,2020-10-27,07,道路上,その他,20歳代,その他,施錠した
窃盗,自転車盗,日野,日野駅前交番,132128,東京都,日野市,日野本町５丁目,2020-01-17,10,道路上,その他,70歳以上,その他,施錠した
窃盗,自転車盗,日野,日野駅前交番,132128,東京都,日野市,日野本町５丁目,2020-10-19,11,その他,駐車（輪）場,70歳以上,その他,施錠した
窃盗,自転車盗,日野,豊田駅前交番,132128,東京都,日野市,豊田２丁目,2020-10-18,17,一戸建住宅,駐車（輪）場,40歳代,その他,施錠した
窃盗,自転車盗,日野,豊田駅前交番,132128,東京都,日野市,豊田３丁目,2020-06-30,10,その他,駐車（輪）場,30歳代,その他,施錠した
窃盗,自転車盗,日野,豊田駅前交番,132128,東京都,日野市,東豊田１丁目,2019-12-22,15,４階建て以上共同住宅,駐車（輪）場,10歳代,大学生,施錠した
窃盗,自転車盗,日野,豊田駅前交番,132128,東京都,日野市,東豊田１丁目,2020-08-31,18,４階建て以上共同住宅,駐車（輪）場,20歳代,大学生,施錠した
窃盗,自転車盗,日野,豊田駅前交番,132128,東京都,日野市,東豊田１丁目,2020-09-24,00,その他の住宅（３階建て以下共同住宅等）,駐車（輪）場,10歳代,大学生,施錠した
窃盗,自転車盗,日野,豊田駅前交番,132128,東京都,日野市,東豊田２丁目,2020-07-19,12,４階建て以上共同住宅,駐車（輪）場,10歳代,中学生,施錠した
窃盗,自転車盗,日野,豊田駅前交番,132128,東京都,日野市,東豊田４丁目,2020-03-16,01,道路上,その他,10歳代,中学生,施錠した
窃盗,自転車盗,日野,豊田駅前交番,132128,東京都,日野市,東平山３丁目,2019-12-13,08,駐車（輪）場,駐車（輪）場,60-64歳,その他,施錠した
窃盗,自転車盗,日野,多摩平交番,132128,東京都,日野市,旭が丘２丁目,2019-12-25,23,その他の住宅（３階建て以下共同住宅等）,駐車（輪）場,40歳代,その他,施錠した
窃盗,自転車盗,日野,多摩平交番,132128,東京都,日野市,多摩平１丁目,2019-11-05,12,道路上,その他,10歳代,大学生,施錠した
窃盗,自転車盗,日野,多摩平交番,132128,東京都,日野市,多摩平１丁目,2019-12-23,01,駐車（輪）場,駐車（輪）場,30歳代,その他,施錠した
窃盗,自転車盗,日野,多摩平交番,132128,東京都,日野市,多摩平１丁目,2019-12-25,16,道路上,その他,60-64歳,その他,施錠した
窃盗,自転車盗,日野,多摩平交番,132128,東京都,日野市,多摩平１丁目,2020-01-06,12,４階建て以上共同住宅,駐車（輪）場,20歳代,大学生,施錠した
窃盗,自転車盗,日野,多摩平交番,132128,東京都,日野市,多摩平１丁目,2020-02-22,08,駐車（輪）場,駐車（輪）場,20歳代,大学生,施錠した
窃盗,自転車盗,日野,多摩平交番,132128,東京都,日野市,多摩平１丁目,2020-03-25,12,駐車（輪）場,駐車（輪）場,10歳代,高校生,施錠した
窃盗,自転車盗,日野,多摩平交番,132128,東京都,日野市,多摩平１丁目,2020-04-18,18,道路上,その他,40歳代,その他,施錠した
窃盗,自転車盗,日野,多摩平交番,132128,東京都,日野市,多摩平１丁目,2020-06-27,23,道路上,その他,65-69歳,その他,施錠した
窃盗,自転車盗,日野,多摩平交番,132128,東京都,日野市,多摩平１丁目,2020-10-05,09,その他,駐車（輪）場,20歳代,その他,施錠した
窃盗,自転車盗,日野,多摩平交番,132128,東京都,日野市,多摩平２丁目,2020-02-28,12,道路上,その他,20歳代,大学生,施錠した
窃盗,自転車盗,日野,多摩平交番,132128,東京都,日野市,多摩平２丁目,2020-03-06,09,駐車（輪）場,駐車（輪）場,40歳代,その他,施錠した
窃盗,自転車盗,日野,多摩平交番,132128,東京都,日野市,多摩平２丁目,2020-06-15,19,４階建て以上共同住宅,駐車（輪）場,70歳以上,その他,施錠した
窃盗,自転車盗,日野,多摩平交番,132128,東京都,日野市,多摩平２丁目,2020-06-25,18,４階建て以上共同住宅,駐車（輪）場,40歳代,その他,施錠した
窃盗,自転車盗,日野,多摩平交番,132128,東京都,日野市,多摩平２丁目,2020-08-06,04,駐車（輪）場,駐車（輪）場,20歳代,その他,施錠した
窃盗,自転車盗,日野,多摩平交番,132128,東京都,日野市,多摩平２丁目,2020-08-06,17,その他,駐車（輪）場,20歳代,その他,施錠した
窃盗,自転車盗,日野,多摩平交番,132128,東京都,日野市,多摩平３丁目,2019-12-16,17,駐車（輪）場,駐車（輪）場,60-64歳,その他,施錠した
窃盗,自転車盗,日野,多摩平交番,132128,東京都,日野市,多摩平３丁目,2020-01-04,23,その他の住宅（３階建て以下共同住宅等）,駐車（輪）場,30歳代,その他,施錠した
窃盗,自転車盗,日野,多摩平交番,132128,東京都,日野市,多摩平３丁目,2020-04-05,12,一戸建住宅,駐車（輪）場,30歳代,その他,施錠した
窃盗,自転車盗,日野,多摩平交番,132128,東京都,日野市,多摩平６丁目,2020-04-07,21,一戸建住宅,駐車（輪）場,50歳代,その他,施錠した
窃盗,自転車盗,日野,多摩平交番,132128,東京都,日野市,多摩平６丁目,2020-06-30,08,道路上,その他,40歳代,その他,施錠した
窃盗,自転車盗,日野,日野橋駐在所,132128,東京都,日野市,大字日野,2020-01-13,13,その他の住宅（３階建て以下共同住宅等）,駐車（輪）場,30歳代,その他,施錠した
窃盗,自転車盗,日野,日野橋駐在所,132128,東京都,日野市,大字日野,2020-06-21,15,４階建て以上共同住宅,駐車（輪）場,50歳代,その他,施錠した
窃盗,自転車盗,日野,日野橋駐在所,132128,東京都,日野市,大字日野,2020-08-04,20,その他の住宅（３階建て以下共同住宅等）,駐車（輪）場,40歳代,その他,施錠した
窃盗,自転車盗,日野,日野橋駐在所,132128,東京都,日野市,万願寺１丁目,2020-01-11,16,その他の住宅（３階建て以下共同住宅等）,駐車（輪）場,10歳代,小学生,施錠した
窃盗,自転車盗,日野,日野橋駐在所,132128,東京都,日野市,万願寺１丁目,2020-09-10,17,一戸建住宅,駐車（輪）場,30歳代,その他,施錠した
窃盗,自転車盗,日野,日野橋駐在所,132128,東京都,日野市,万願寺２丁目,2020-02-02,00,駐車（輪）場,駐車（輪）場,30歳代,その他,施錠した
窃盗,自転車盗,日野,日野橋駐在所,132128,東京都,日野市,万願寺２丁目,2020-10-25,11,その他の住宅（３階建て以下共同住宅等）,駐車（輪）場,20歳代,大学生,施錠した
窃盗,自転車盗,日野,宮駐在所,132128,東京都,日野市,万願寺３丁目,2020-05-14,14,その他の住宅（３階建て以下共同住宅等）,駐車（輪）場,20歳代,その他,施錠した
窃盗,自転車盗,日野,宮駐在所,132128,東京都,日野市,万願寺５丁目,2019-11-16,20,４階建て以上共同住宅,駐車（輪）場,10歳代,大学生,施錠した
窃盗,自転車盗,日野,宮駐在所,132128,東京都,日野市,万願寺５丁目,2020-01-30,07,４階建て以上共同住宅,駐車（輪）場,30歳代,その他,施錠した
窃盗,自転車盗,日野,大坂上駐在所,132128,東京都,日野市,日野台２丁目,2020-10-07,19,一戸建住宅,駐車（輪）場,40歳代,その他,施錠した
窃盗,自転車盗,日野,平山交番,132128,東京都,日野市,平山４丁目,2020-05-22,18,４階建て以上共同住宅,駐車（輪）場,10歳代,中学生,施錠した
窃盗,自転車盗,日野,平山交番,132128,東京都,日野市,平山４丁目,2020-05-22,18,４階建て以上共同住宅,駐車（輪）場,40歳代,その他,施錠した
窃盗,自転車盗,日野,平山交番,132128,東京都,日野市,平山４丁目,2020-07-10,16,４階建て以上共同住宅,駐車（輪）場,70歳以上,その他,施錠した
窃盗,自転車盗,日野,平山交番,132128,東京都,日野市,平山５丁目,2020-05-08,06,駐車（輪）場,駐車（輪）場,50歳代,その他,施錠した
窃盗,自転車盗,日野,平山交番,132128,東京都,日野市,平山５丁目,2020-07-21,22,道路上,その他,20歳代,その他,施錠した
窃盗,自転車盗,日野,平山交番,132128,東京都,日野市,平山６丁目,2020-09-17,18,その他の住宅（３階建て以下共同住宅等）,駐車（輪）場,20歳代,大学生,施錠した
窃盗,自転車盗,日野,平山交番,132128,東京都,日野市,南平２丁目,2020-01-25,17,４階建て以上共同住宅,駐車（輪）場,40歳代,その他,施錠した
窃盗,自転車盗,日野,平山交番,132128,東京都,日野市,南平６丁目,2020-10-22,07,駐車（輪）場,駐車（輪）場,20歳代,その他,施錠した
窃盗,自転車盗,日野,高幡不動駅南口交番,132128,東京都,日野市,高幡,2019-04-01,09,４階建て以上共同住宅,駐車（輪）場,20歳代,大学生,施錠した
窃盗,自転車盗,日野,高幡不動駅南口交番,132128,東京都,日野市,高幡,2019-12-30,08,その他,駐車（輪）場,10歳代,中学生,施錠した
窃盗,自転車盗,日野,高幡不動駅南口交番,132128,東京都,日野市,高幡,2020-01-05,10,その他,駐車（輪）場,20歳代,大学生,施錠した
窃盗,自転車盗,日野,高幡不動駅南口交番,132128,東京都,日野市,高幡,2020-08-26,08,駐車（輪）場,駐車（輪）場,40歳代,その他,施錠した
窃盗,自転車盗,日野,高幡不動駅南口交番,132128,東京都,日野市,高幡,2020-09-29,12,駐車（輪）場,駐車（輪）場,20歳代,大学生,施錠した
窃盗,自転車盗,日野,高幡不動駅南口交番,132128,東京都,日野市,高幡,2020-10-02,08,道路上,その他,10歳代,高校生,施錠した
窃盗,自転車盗,日野,高幡不動駅南口交番,132128,東京都,日野市,高幡,2020-11-12,19,駐車（輪）場,駐車（輪）場,10歳代,中学生,施錠した
窃盗,自転車盗,日野,高幡不動駅南口交番,132128,東京都,日野市,三沢,2020-05-27,13,４階建て以上共同住宅,駐車（輪）場,70歳以上,その他,施錠した
窃盗,自転車盗,日野,高幡不動駅南口交番,132128,東京都,日野市,三沢１丁目,2019-09-01,20,その他の住宅（３階建て以下共同住宅等）,駐車（輪）場,20歳代,その他,施錠した
窃盗,自転車盗,日野,高幡不動駅南口交番,132128,東京都,日野市,南平３丁目,2020-07-08,18,一戸建住宅,駐車（輪）場,30歳代,その他,施錠した
窃盗,自転車盗,日野,高幡不動駅南口交番,132128,東京都,日野市,石田１丁目,2020-08-28,06,その他の住宅（３階建て以下共同住宅等）,駐車（輪）場,20歳代,その他,施錠した
窃盗,自転車盗,日野,百草園交番,132128,東京都,日野市,大字新井,2020-02-27,08,その他の住宅（３階建て以下共同住宅等）,駐車（輪）場,40歳代,その他,施錠した
窃盗,自転車盗,日野,百草園交番,132128,東京都,日野市,落川,2019-12-07,13,その他の住宅（３階建て以下共同住宅等）,駐車（輪）場,50歳代,その他,施錠した
窃盗,自転車盗,日野,百草園交番,132128,東京都,日野市,落川,2020-02-04,08,駐車（輪）場,駐車（輪）場,40歳代,その他,施錠した
窃盗,自転車盗,日野,多摩動物公園前交番,132128,東京都,日野市,程久保２丁目,2020-02-09,02,一戸建住宅,駐車（輪）場,10歳代,高校生,施錠した
窃盗,自転車盗,日野,多摩動物公園前交番,132128,東京都,日野市,程久保８丁目,2020-07-31,12,駐車（輪）場,駐車（輪）場,20歳代,その他,施錠した
窃盗,自転車盗,日野,百草団地交番,132128,東京都,日野市,百草,2020-05-31,20,４階建て以上共同住宅,駐車（輪）場,10歳代,高校生,施錠した
窃盗,自転車盗,昭島,昭島駅前交番,132071,東京都,昭島市,朝日町４丁目,2020-11-07,21,一戸建住宅,駐車（輪）場,10歳代,高校生,施錠した
窃盗,自転車盗,昭島,昭島駅前交番,132071,東京都,昭島市,田中町,2020-03-12,17,駐車（輪）場,駐車（輪）場,30歳代,その他,施錠した
窃盗,自転車盗,昭島,昭島駅前交番,132071,東京都,昭島市,田中町,2020-08-08,17,駐車（輪）場,駐車（輪）場,10歳代,高校生,施錠した
窃盗,自転車盗,昭島,昭島駅前交番,132071,東京都,昭島市,昭和町２丁目,2019-12-31,08,その他,駐車（輪）場,20歳代,その他,施錠した
窃盗,自転車盗,昭島,昭島駅前交番,132071,東京都,昭島市,昭和町２丁目,2020-04-28,20,駐車（輪）場,駐車（輪）場,30歳代,その他,施錠した
窃盗,自転車盗,昭島,昭島駅前交番,132071,東京都,昭島市,昭和町５丁目,2020-08-23,17,その他の住宅（３階建て以下共同住宅等）,駐車（輪）場,50歳代,その他,施錠した
窃盗,自転車盗,昭島,昭島駅前交番,132071,東京都,昭島市,田中町,2019-12-24,12,その他,駐車（輪）場,30歳代,その他,施錠した
窃盗,自転車盗,昭島,昭島駅前交番,132071,東京都,昭島市,田中町,2020-03-30,11,その他,駐車（輪）場,10歳代,中学生,施錠した
窃盗,自転車盗,昭島,昭島駅前交番,132071,東京都,昭島市,田中町,2020-05-26,21,駐車（輪）場,駐車（輪）場,10歳代,その他,施錠した
窃盗,自転車盗,昭島,昭島駅前交番,132071,東京都,昭島市,田中町,2020-10-29,07,駐車（輪）場,駐車（輪）場,40歳代,その他,施錠した
窃盗,自転車盗,昭島,昭島駅前交番,132071,東京都,昭島市,美堀町２丁目,2020-04-27,18,その他の住宅（３階建て以下共同住宅等）,駐車（輪）場,30歳代,その他,施錠した
窃盗,自転車盗,昭島,中神駐在所,132071,東京都,昭島市,玉川町１丁目,2020-05-25,17,４階建て以上共同住宅,駐車（輪）場,30歳代,その他,施錠した
窃盗,自転車盗,昭島,中神駐在所,132071,東京都,昭島市,中神町,2020-02-08,18,その他の住宅（３階建て以下共同住宅等）,駐車（輪）場,50歳代,その他,施錠した
窃盗,自転車盗,昭島,中神駐在所,132071,東京都,昭島市,中神町,2020-08-27,18,一戸建住宅,駐車（輪）場,10歳代,その他,施錠した
窃盗,自転車盗,昭島,玉川駐在所,132071,東京都,昭島市,朝日町１丁目,2020-01-17,17,駐車（輪）場,駐車（輪）場,10歳代,高校生,施錠した
窃盗,自転車盗,昭島,玉川駐在所,132071,東京都,昭島市,朝日町１丁目,2020-04-21,10,その他,駐車（輪）場,10歳代,大学生,施錠した
窃盗,自転車盗,昭島,玉川駐在所,132071,東京都,昭島市,朝日町１丁目,2020-09-07,14,４階建て以上共同住宅,駐車（輪）場,40歳代,その他,施錠した
窃盗,自転車盗,昭島,玉川駐在所,132071,東京都,昭島市,朝日町１丁目,2020-11-19,09,その他,駐車（輪）場,20歳代,その他,施錠した
窃盗,自転車盗,昭島,玉川駐在所,132071,東京都,昭島市,中神町１丁目,2020-02-05,20,その他の住宅（３階建て以下共同住宅等）,駐車（輪）場,40歳代,その他,施錠した
窃盗,自転車盗,昭島,多摩大橋交番,132071,東京都,昭島市,郷地町３丁目,2020-05-02,18,４階建て以上共同住宅,駐車（輪）場,20歳代,その他,施錠した
窃盗,自転車盗,昭島,多摩大橋交番,132071,東京都,昭島市,中神町２丁目,2020-05-11,15,その他,駐車（輪）場,10歳代,高校生,施錠した
窃盗,自転車盗,昭島,多摩大橋交番,132071,東京都,昭島市,宮沢町２丁目,2020-05-02,10,その他の住宅（３階建て以下共同住宅等）,駐車（輪）場,40歳代,その他,施錠した
窃盗,自転車盗,昭島,大神駐在所,132071,東京都,昭島市,大神町１丁目,2019-12-28,21,その他の住宅（３階建て以下共同住宅等）,駐車（輪）場,20歳代,その他,施錠した
窃盗,自転車盗,昭島,大神駐在所,132071,東京都,昭島市,大神町２丁目,2020-11-22,20,一戸建住宅,駐車（輪）場,40歳代,その他,施錠した
窃盗,自転車盗,昭島,大神駐在所,132071,東京都,昭島市,田中町２丁目,2020-04-01,17,４階建て以上共同住宅,駐車（輪）場,40歳代,その他,施錠した
窃盗,自転車盗,昭島,大神駐在所,132071,東京都,昭島市,田中町３丁目,2020-01-05,10,４階建て以上共同住宅,駐車（輪）場,70歳以上,その他,施錠した
窃盗,自転車盗,昭島,堀向駐在所,132071,東京都,昭島市,田中町,2020-03-01,16,その他,駐車（輪）場,10歳代,中学生,施錠した
窃盗,自転車盗,昭島,堀向駐在所,132071,東京都,昭島市,田中町,2020-09-30,16,その他,駐車（輪）場,20歳代,大学生,施錠した
窃盗,自転車盗,昭島,堀向駐在所,132071,東京都,昭島市,美堀町２丁目,2020-02-01,19,その他の住宅（３階建て以下共同住宅等）,駐車（輪）場,50歳代,その他,施錠した
窃盗,自転車盗,昭島,堀向駐在所,132071,東京都,昭島市,美堀町４丁目,2019-12-08,17,道路上,その他,10歳代,高校生,施錠した
窃盗,自転車盗,昭島,堀向駐在所,132071,東京都,昭島市,美堀町４丁目,2020-05-26,17,４階建て以上共同住宅,駐車（輪）場,10歳代,中学生,施錠した
窃盗,自転車盗,昭島,東中神駅前交番,132071,東京都,昭島市,福島町,2020-10-03,11,駐車（輪）場,駐車（輪）場,10歳代,大学生,施錠した
窃盗,自転車盗,昭島,東中神駅前交番,132071,東京都,昭島市,福島町,2020-12-01,17,駐車（輪）場,駐車（輪）場,20歳代,その他,施錠した
窃盗,自転車盗,昭島,東中神駅前交番,132071,東京都,昭島市,玉川町１丁目,2020-02-17,10,駐車（輪）場,駐車（輪）場,50歳代,その他,施錠した
窃盗,自転車盗,昭島,東中神駅前交番,132071,東京都,昭島市,玉川町１丁目,2020-08-01,21,４階建て以上共同住宅,駐車（輪）場,70歳以上,その他,施錠した
窃盗,自転車盗,昭島,東中神駅前交番,132071,東京都,昭島市,中神町,2019-11-17,07,駐車（輪）場,駐車（輪）場,10歳代,大学生,施錠した
窃盗,自転車盗,昭島,東中神駅前交番,132071,東京都,昭島市,中神町,2020-01-16,19,一戸建住宅,駐車（輪）場,10歳代,中学生,施錠した
窃盗,自転車盗,昭島,東中神駅前交番,132071,東京都,昭島市,中神町,2020-05-26,09,その他,駐車（輪）場,70歳以上,その他,施錠した
窃盗,自転車盗,昭島,東中神駅前交番,132071,東京都,昭島市,中神町,2020-05-31,06,駐車（輪）場,駐車（輪）場,30歳代,その他,施錠した
窃盗,自転車盗,昭島,東中神駅前交番,132071,東京都,昭島市,中神町,2020-07-01,17,４階建て以上共同住宅,駐車（輪）場,10歳代,中学生,施錠した
窃盗,自転車盗,昭島,小荷田交番,132071,東京都,昭島市,拝島町３丁目,2020-07-06,22,４階建て以上共同住宅,駐車（輪）場,20歳代,その他,施錠した
窃盗,自転車盗,昭島,小荷田交番,132071,東京都,昭島市,緑町５丁目,2019-12-07,16,一戸建住宅,駐車（輪）場,40歳代,その他,施錠した
窃盗,自転車盗,昭島,拝島駅前交番,132071,東京都,昭島市,松原町４丁目,2020-01-06,22,その他,駐車（輪）場,10歳代,高校生,施錠した
窃盗,自転車盗,昭島,拝島駅前交番,132071,東京都,昭島市,松原町４丁目,2020-09-09,08,駐車（輪）場,駐車（輪）場,10歳代,高校生,施錠した
窃盗,自転車盗,昭島,拝島駅前交番,132071,東京都,昭島市,松原町４丁目,2020-09-30,04,駐車（輪）場,駐車（輪）場,40歳代,その他,施錠した
窃盗,自転車盗,昭島,拝島駅前交番,132071,東京都,昭島市,緑町２丁目,2020-07-29,21,その他の住宅（３階建て以下共同住宅等）,駐車（輪）場,20歳代,その他,施錠した
窃盗,自転車盗,昭島,拝島駅前交番,132071,東京都,昭島市,美堀町５丁目,2020-06-29,17,駐車（輪）場,駐車（輪）場,20歳代,その他,施錠した
窃盗,自転車盗,立川,国立駅前交番,132152,東京都,国立市,北１丁目,2020-08-29,17,駐車（輪）場,駐車（輪）場,20歳代,大学生,施錠した
窃盗,自転車盗,立川,国立駅前交番,132152,東京都,国立市,北１丁目,2020-11-22,11,駐車（輪）場,駐車（輪）場,20歳代,その他,施錠した
窃盗,自転車盗,立川,国立駅前交番,132152,東京都,国立市,北２丁目,2020-09-18,08,駐車（輪）場,駐車（輪）場,40歳代,その他,施錠した
窃盗,自転車盗,立川,国立駅前交番,132152,東京都,国立市,北３丁目,2020-02-15,10,駐車（輪）場,駐車（輪）場,20歳代,その他,施錠した
窃盗,自転車盗,立川,国立駅前交番,132152,東京都,国立市,中１丁目,2019-12-07,16,道路上,その他,20歳代,大学生,施錠した
窃盗,自転車盗,立川,国立駅前交番,132152,東京都,国立市,中１丁目,2019-12-21,13,その他,駐車（輪）場,50歳代,その他,施錠した
窃盗,自転車盗,立川,国立駅前交番,132152,東京都,国立市,中１丁目,2020-05-27,08,駐車（輪）場,駐車（輪）場,30歳代,その他,施錠した
窃盗,自転車盗,立川,国立駅前交番,132152,東京都,国立市,中１丁目,2020-07-16,17,駐車（輪）場,駐車（輪）場,10歳代,高校生,施錠した
窃盗,自転車盗,立川,国立駅前交番,132152,東京都,国立市,中２丁目,2020-04-05,12,駐車（輪）場,駐車（輪）場,10歳代,大学生,施錠した
窃盗,自転車盗,立川,国立駅前交番,132152,東京都,国立市,中２丁目,2020-08-28,16,一戸建住宅,駐車（輪）場,10歳代,高校生,施錠した
窃盗,自転車盗,立川,国立駅前交番,132152,東京都,国立市,東１丁目,2020-01-10,20,その他,駐車（輪）場,10歳代,中学生,施錠した
窃盗,自転車盗,立川,国立駅前交番,132152,東京都,国立市,東１丁目,2020-02-27,15,その他,駐車（輪）場,10歳代,高校生,施錠した
窃盗,自転車盗,立川,国立駅前交番,132152,東京都,国立市,東１丁目,2020-07-30,02,道路上,その他,20歳代,大学生,施錠した
窃盗,自転車盗,立川,国立駅前交番,132152,東京都,国立市,東２丁目,2020-07-16,18,駐車（輪）場,駐車（輪）場,40歳代,その他,施錠した
窃盗,自転車盗,立川,国立駅前交番,132152,東京都,国立市,東２丁目,2020-08-19,21,駐車（輪）場,駐車（輪）場,10歳代,中学生,施錠した
窃盗,自転車盗,立川,国立駅前交番,132152,東京都,国立市,東３丁目,2020-11-18,20,その他の住宅（３階建て以下共同住宅等）,駐車（輪）場,30歳代,その他,施錠した
窃盗,自転車盗,立川,羽衣町交番,132021,東京都,立川市,羽衣町２丁目,2020-02-14,02,その他の住宅（３階建て以下共同住宅等）,駐車（輪）場,50歳代,その他,施錠した
窃盗,自転車盗,立川,羽衣町交番,132021,東京都,立川市,羽衣町２丁目,2020-03-01,05,道路上,その他,20歳代,大学生,施錠した
窃盗,自転車盗,立川,羽衣町交番,132021,東京都,立川市,羽衣町２丁目,2020-10-08,08,４階建て以上共同住宅,駐車（輪）場,10歳代,小学生,施錠した
窃盗,自転車盗,立川,羽衣町交番,132021,東京都,立川市,羽衣町２丁目,2020-11-23,12,４階建て以上共同住宅,駐車（輪）場,20歳代,大学生,施錠した
窃盗,自転車盗,立川,羽衣町交番,132152,東京都,国立市,北３丁目,2019-12-11,06,４階建て以上共同住宅,駐車（輪）場,10歳代,大学生,施錠した
窃盗,自転車盗,立川,羽衣町交番,132152,東京都,国立市,西１丁目,2020-07-03,15,その他の住宅（３階建て以下共同住宅等）,駐車（輪）場,60-64歳,その他,施錠した
窃盗,自転車盗,立川,羽衣町交番,132152,東京都,国立市,富士見台４丁目,2019-12-06,10,その他,駐車（輪）場,50歳代,その他,施錠した
窃盗,自転車盗,立川,羽衣町交番,132152,東京都,国立市,富士見台４丁目,2019-12-23,12,その他,駐車（輪）場,20歳代,大学生,施錠した
窃盗,自転車盗,立川,錦町交番,132021,東京都,立川市,錦町１丁目,2020-03-20,10,その他の住宅（３階建て以下共同住宅等）,駐車（輪）場,50歳代,その他,施錠した
窃盗,自転車盗,立川,錦町交番,132021,東京都,立川市,錦町１丁目,2020-05-13,08,その他,駐車（輪）場,40歳代,その他,施錠した
窃盗,自転車盗,立川,錦町交番,132021,東京都,立川市,錦町１丁目,2020-05-23,07,４階建て以上共同住宅,駐車（輪）場,70歳以上,その他,施錠した
窃盗,自転車盗,立川,錦町交番,132021,東京都,立川市,錦町１丁目,2020-06-23,08,その他,駐車（輪）場,20歳代,その他,施錠した
窃盗,自転車盗,立川,錦町交番,132021,東京都,立川市,錦町１丁目,2020-07-01,10,駐車（輪）場,駐車（輪）場,20歳代,大学生,施錠した
窃盗,自転車盗,立川,錦町交番,132021,東京都,立川市,錦町１丁目,2020-08-12,18,４階建て以上共同住宅,駐車（輪）場,50歳代,その他,施錠した
窃盗,自転車盗,立川,錦町交番,132021,東京都,立川市,錦町１丁目,2020-08-21,21,一戸建住宅,駐車（輪）場,60-64歳,その他,施錠した
窃盗,自転車盗,立川,錦町交番,132021,東京都,立川市,錦町１丁目,2020-08-24,18,駐車（輪）場,駐車（輪）場,20歳代,その他,施錠した
窃盗,自転車盗,立川,錦町交番,132021,東京都,立川市,錦町１丁目,2020-09-05,15,その他,駐車（輪）場,20歳代,その他,施錠した
窃盗,自転車盗,立川,錦町交番,132021,東京都,立川市,錦町１丁目,2020-10-24,09,駐車（輪）場,駐車（輪）場,10歳代,大学生,施錠した
窃盗,自転車盗,立川,錦町交番,132021,東京都,立川市,錦町２丁目,2020-02-07,17,道路上,その他,50歳代,その他,施錠した
窃盗,自転車盗,立川,錦町交番,132021,東京都,立川市,錦町２丁目,2020-06-07,17,その他,駐車（輪）場,30歳代,その他,施錠した
窃盗,自転車盗,立川,錦町交番,132021,東京都,立川市,錦町３丁目,2020-02-04,08,一戸建住宅,駐車（輪）場,40歳代,その他,施錠した
窃盗,自転車盗,立川,錦町交番,132021,東京都,立川市,錦町３丁目,2020-07-02,23,一戸建住宅,駐車（輪）場,20歳代,その他,施錠した
窃盗,自転車盗,立川,錦町交番,132021,東京都,立川市,錦町３丁目,2020-09-16,19,４階建て以上共同住宅,駐車（輪）場,50歳代,その他,施錠した
窃盗,自転車盗,立川,錦町交番,132021,東京都,立川市,羽衣町１丁目,2020-05-16,20,その他の住宅（３階建て以下共同住宅等）,駐車（輪）場,20歳代,その他,施錠した
窃盗,自転車盗,立川,錦町交番,132021,東京都,立川市,羽衣町１丁目,2020-06-11,22,その他,駐車（輪）場,50歳代,その他,施錠した
窃盗,自転車盗,立川,錦町交番,132021,東京都,立川市,羽衣町１丁目,2020-07-31,23,４階建て以上共同住宅,駐車（輪）場,50歳代,その他,施錠した
窃盗,自転車盗,立川,錦町交番,132021,東京都,立川市,羽衣町１丁目,2020-11-05,22,４階建て以上共同住宅,駐車（輪）場,10歳代,高校生,施錠した
窃盗,自転車盗,立川,錦町交番,132021,東京都,立川市,羽衣町３丁目,2020-02-25,03,道路上,その他,10歳代,その他,施錠した
窃盗,自転車盗,立川,立日橋交番,132021,東京都,立川市,柴崎町４丁目,2020-04-04,14,道路上,その他,70歳以上,その他,施錠した
窃盗,自転車盗,立川,立日橋交番,132021,東京都,立川市,柴崎町５丁目,2020-02-06,15,その他,駐車（輪）場,法人・団体、被害者なし,法人・団体、被害者なし,施錠した
窃盗,自転車盗,立川,立日橋交番,132021,東京都,立川市,柴崎町５丁目,2020-08-19,19,４階建て以上共同住宅,駐車（輪）場,20歳代,その他,施錠した
窃盗,自転車盗,立川,立日橋交番,132021,東京都,立川市,柴崎町６丁目,2020-01-09,07,駐車（輪）場,駐車（輪）場,40歳代,その他,施錠した
窃盗,自転車盗,立川,立日橋交番,132021,東京都,立川市,柴崎町６丁目,2020-02-12,17,駐車（輪）場,駐車（輪）場,20歳代,その他,施錠した
窃盗,自転車盗,立川,立日橋交番,132021,東京都,立川市,柴崎町６丁目,2020-06-23,08,駐車（輪）場,駐車（輪）場,40歳代,その他,施錠した
窃盗,自転車盗,立川,立日橋交番,132021,東京都,立川市,柴崎町６丁目,2020-07-22,19,駐車（輪）場,駐車（輪）場,20歳代,その他,施錠した
窃盗,自転車盗,立川,立日橋交番,132021,東京都,立川市,柴崎町６丁目,2020-12-17,06,駐車（輪）場,駐車（輪）場,10歳代,大学生,施錠した
窃盗,自転車盗,立川,立日橋交番,132021,東京都,立川市,錦町６丁目,2020-03-27,12,その他,駐車（輪）場,60-64歳,その他,施錠した
窃盗,自転車盗,立川,立日橋交番,132021,東京都,立川市,錦町６丁目,2020-10-10,16,４階建て以上共同住宅,駐車（輪）場,20歳代,その他,施錠した
窃盗,自転車盗,立川,立川駅南口交番,132021,東京都,立川市,柴崎町１丁目,2020-04-12,18,一戸建住宅,駐車（輪）場,10歳代,大学生,施錠した
窃盗,自転車盗,立川,立川駅南口交番,132021,東京都,立川市,柴崎町２丁目,2018-10-15,00,駐車（輪）場,駐車（輪）場,40歳代,その他,施錠した
窃盗,自転車盗,立川,立川駅南口交番,132021,東京都,立川市,柴崎町２丁目,2020-03-20,18,駐車（輪）場,駐車（輪）場,30歳代,その他,施錠した
窃盗,自転車盗,立川,立川駅南口交番,132021,東京都,立川市,柴崎町２丁目,2020-04-11,19,道路上,その他,20歳代,その他,施錠した
窃盗,自転車盗,立川,立川駅南口交番,132021,東京都,立川市,柴崎町２丁目,2020-08-25,17,道路上,その他,40歳代,その他,施錠した
窃盗,自転車盗,立川,立川駅南口交番,132021,東京都,立川市,柴崎町２丁目,2020-10-04,05,道路上,その他,20歳代,その他,施錠した
窃盗,自転車盗,立川,立川駅南口交番,132021,東京都,立川市,柴崎町２丁目,2020-10-05,20,その他の住宅（３階建て以下共同住宅等）,駐車（輪）場,20歳代,その他,施錠した
窃盗,自転車盗,立川,立川駅南口交番,132021,東京都,立川市,柴崎町３丁目,2019-12-19,10,駐車（輪）場,駐車（輪）場,10歳代,大学生,施錠した
窃盗,自転車盗,立川,立川駅南口交番,132021,東京都,立川市,柴崎町３丁目,2019-12-28,22,道路上,その他,20歳代,その他,施錠した
窃盗,自転車盗,立川,立川駅南口交番,132021,東京都,立川市,柴崎町３丁目,2020-01-05,13,駐車（輪）場,駐車（輪）場,30歳代,その他,施錠した
窃盗,自転車盗,立川,立川駅南口交番,132021,東京都,立川市,柴崎町３丁目,2020-02-04,19,駐車（輪）場,駐車（輪）場,30歳代,その他,施錠した
窃盗,自転車盗,立川,立川駅南口交番,132021,東京都,立川市,柴崎町３丁目,2020-02-05,21,駐車（輪）場,駐車（輪）場,30歳代,その他,施錠した
窃盗,自転車盗,立川,立川駅南口交番,132021,東京都,立川市,柴崎町３丁目,2020-02-13,18,駐車（輪）場,駐車（輪）場,40歳代,その他,施錠した
窃盗,自転車盗,立川,立川駅南口交番,132021,東京都,立川市,柴崎町３丁目,2020-04-11,13,駐車（輪）場,駐車（輪）場,30歳代,その他,施錠した
窃盗,自転車盗,立川,立川駅南口交番,132021,東京都,立川市,柴崎町３丁目,2020-06-24,15,駐車（輪）場,駐車（輪）場,20歳代,大学生,施錠した
窃盗,自転車盗,立川,立川駅南口交番,132021,東京都,立川市,柴崎町３丁目,2020-08-07,20,道路上,その他,50歳代,その他,施錠した
窃盗,自転車盗,立川,立川駅南口交番,132021,東京都,立川市,柴崎町３丁目,2020-08-24,15,駐車（輪）場,駐車（輪）場,40歳代,その他,施錠した
窃盗,自転車盗,立川,立川駅南口交番,132021,東京都,立川市,柴崎町３丁目,2020-09-12,10,駐車（輪）場,駐車（輪）場,20歳代,その他,施錠した
窃盗,自転車盗,立川,立川駅南口交番,132021,東京都,立川市,柴崎町３丁目,2020-09-20,13,駐車（輪）場,駐車（輪）場,10歳代,中学生,施錠した
窃盗,自転車盗,立川,立川駅南口交番,132021,東京都,立川市,柴崎町３丁目,2020-09-26,13,駐車（輪）場,駐車（輪）場,20歳代,その他,施錠した
窃盗,自転車盗,立川,立川駅南口交番,132021,東京都,立川市,柴崎町３丁目,2020-12-06,18,駐車（輪）場,駐車（輪）場,30歳代,その他,施錠した
窃盗,自転車盗,立川,立川駅南口交番,132021,東京都,立川市,錦町１丁目,2020-08-28,01,道路上,その他,10歳代,その他,施錠した
窃盗,自転車盗,立川,立川駅南口交番,132021,東京都,立川市,錦町１丁目,2020-09-30,01,４階建て以上共同住宅,駐車（輪）場,40歳代,その他,施錠した
窃盗,自転車盗,立川,立川駅南口交番,132021,東京都,立川市,錦町１丁目,2020-10-11,13,駐車（輪）場,駐車（輪）場,30歳代,その他,施錠した
窃盗,自転車盗,立川,立川駅南口交番,132021,東京都,立川市,錦町２丁目,2020-08-04,19,駐車（輪）場,駐車（輪）場,50歳代,その他,施錠した
窃盗,自転車盗,立川,立川駅南口交番,132021,東京都,立川市,錦町２丁目,2020-08-11,23,駐車（輪）場,駐車（輪）場,40歳代,その他,施錠した
窃盗,自転車盗,立川,富士塚交番,132021,東京都,立川市,富士見町１丁目,2020-07-06,18,４階建て以上共同住宅,駐車（輪）場,10歳代,その他,施錠した
窃盗,自転車盗,立川,富士塚交番,132021,東京都,立川市,富士見町１丁目,2020-08-12,18,４階建て以上共同住宅,駐車（輪）場,10歳代,高校生,施錠した
窃盗,自転車盗,立川,富士塚交番,132021,東京都,立川市,富士見町１丁目,2020-08-18,15,その他,その他,50歳代,その他,施錠した
窃盗,自転車盗,立川,富士塚交番,132021,東京都,立川市,富士見町１丁目,2020-10-07,19,４階建て以上共同住宅,駐車（輪）場,10歳代,高校生,施錠した
窃盗,自転車盗,立川,富士塚交番,132021,東京都,立川市,富士見町１丁目,2020-11-14,23,その他の住宅（３階建て以下共同住宅等）,その他,30歳代,その他,施錠した
窃盗,自転車盗,立川,富士塚交番,132021,東京都,立川市,富士見町１丁目,2020-11-18,21,その他の住宅（３階建て以下共同住宅等）,駐車（輪）場,20歳代,その他,施錠した
窃盗,自転車盗,立川,富士塚交番,132021,東京都,立川市,富士見町２丁目,2020-03-31,12,その他の住宅（３階建て以下共同住宅等）,駐車（輪）場,20歳代,その他,施錠した
窃盗,自転車盗,立川,富士塚交番,132021,東京都,立川市,富士見町２丁目,2020-11-09,07,４階建て以上共同住宅,駐車（輪）場,20歳代,その他,施錠した
窃盗,自転車盗,立川,立川駅北口交番,132021,東京都,立川市,曙町１丁目,2019-12-13,06,駐車（輪）場,駐車（輪）場,20歳代,その他,施錠した
窃盗,自転車盗,立川,立川駅北口交番,132021,東京都,立川市,曙町１丁目,2020-03-05,11,駐車（輪）場,駐車（輪）場,40歳代,その他,施錠した
窃盗,自転車盗,立川,立川駅北口交番,132021,東京都,立川市,曙町１丁目,2020-04-05,10,駐車（輪）場,駐車（輪）場,40歳代,その他,施錠した
窃盗,自転車盗,立川,立川駅北口交番,132021,東京都,立川市,曙町１丁目,2020-09-07,08,４階建て以上共同住宅,駐車（輪）場,20歳代,その他,施錠した
窃盗,自転車盗,立川,立川駅北口交番,132021,東京都,立川市,曙町１丁目,2020-10-22,00,４階建て以上共同住宅,駐車（輪）場,40歳代,その他,施錠した
窃盗,自転車盗,立川,立川駅北口交番,132021,東京都,立川市,曙町２丁目,2019-12-17,08,駐車（輪）場,駐車（輪）場,20歳代,大学生,施錠した
窃盗,自転車盗,立川,立川駅北口交番,132021,東京都,立川市,曙町２丁目,2019-12-21,22,道路上,その他,30歳代,その他,施錠した
窃盗,自転車盗,立川,立川駅北口交番,132021,東京都,立川市,曙町２丁目,2020-01-16,15,その他,駐車（輪）場,20歳代,その他,施錠した
窃盗,自転車盗,立川,立川駅北口交番,132021,東京都,立川市,曙町２丁目,2020-01-17,18,道路上,その他,30歳代,その他,施錠した
窃盗,自転車盗,立川,立川駅北口交番,132021,東京都,立川市,曙町２丁目,2020-01-30,07,その他,駐車（輪）場,30歳代,その他,施錠した
窃盗,自転車盗,立川,立川駅北口交番,132021,東京都,立川市,曙町２丁目,2020-02-21,14,その他,その他,40歳代,その他,施錠した
窃盗,自転車盗,立川,立川駅北口交番,132021,東京都,立川市,曙町２丁目,2020-02-27,10,道路上,その他,70歳以上,その他,施錠した
窃盗,自転車盗,立川,立川駅北口交番,132021,東京都,立川市,曙町２丁目,2020-03-11,11,その他,駐車（輪）場,10歳代,高校生,施錠した
窃盗,自転車盗,立川,立川駅北口交番,132021,東京都,立川市,曙町２丁目,2020-03-12,15,駐車（輪）場,駐車（輪）場,40歳代,その他,施錠した
窃盗,自転車盗,立川,立川駅北口交番,132021,東京都,立川市,曙町２丁目,2020-03-13,09,その他,駐車（輪）場,10歳代,高校生,施錠した
窃盗,自転車盗,立川,立川駅北口交番,132021,東京都,立川市,曙町２丁目,2020-03-22,11,その他,駐車（輪）場,30歳代,その他,施錠した
窃盗,自転車盗,立川,立川駅北口交番,132021,東京都,立川市,曙町２丁目,2020-04-17,11,駐車（輪）場,駐車（輪）場,30歳代,その他,施錠した
窃盗,自転車盗,立川,立川駅北口交番,132021,東京都,立川市,曙町２丁目,2020-05-22,07,駐車（輪）場,駐車（輪）場,20歳代,その他,施錠した
窃盗,自転車盗,立川,立川駅北口交番,132021,東京都,立川市,曙町２丁目,2020-07-05,04,道路上,その他,40歳代,その他,施錠した
窃盗,自転車盗,立川,立川駅北口交番,132021,東京都,立川市,曙町２丁目,2020-07-05,16,道路上,その他,20歳代,その他,施錠した
窃盗,自転車盗,立川,立川駅北口交番,132021,東京都,立川市,曙町２丁目,2020-07-11,08,駐車（輪）場,駐車（輪）場,10歳代,大学生,施錠した
窃盗,自転車盗,立川,立川駅北口交番,132021,東京都,立川市,曙町２丁目,2020-08-12,18,駐車（輪）場,駐車（輪）場,20歳代,その他,施錠した
窃盗,自転車盗,立川,立川駅北口交番,132021,東京都,立川市,曙町２丁目,2020-08-27,16,道路上,その他,40歳代,その他,施錠した
窃盗,自転車盗,立川,立川駅北口交番,132021,東京都,立川市,曙町２丁目,2020-10-14,11,駐車（輪）場,駐車（輪）場,70歳以上,その他,施錠した
窃盗,自転車盗,立川,立川駅北口交番,132021,東京都,立川市,曙町２丁目,2020-11-06,19,その他,駐車（輪）場,10歳代,高校生,施錠した
窃盗,自転車盗,立川,立川駅北口交番,132021,東京都,立川市,曙町２丁目,2020-12-15,18,その他,駐車（輪）場,40歳代,その他,施錠した
窃盗,自転車盗,立川,立川駅北口交番,132021,東京都,立川市,曙町３丁目,2020-10-27,00,その他の住宅（３階建て以下共同住宅等）,駐車（輪）場,20歳代,大学生,施錠した
窃盗,自転車盗,立川,立川駅北口交番,132021,東京都,立川市,高松町３丁目,2019-12-30,12,その他,その他,70歳以上,その他,施錠した
窃盗,自転車盗,立川,立川駅北口交番,132021,東京都,立川市,高松町３丁目,2020-01-10,18,道路上,その他,20歳代,その他,施錠した
窃盗,自転車盗,立川,立川駅北口交番,132021,東京都,立川市,高松町３丁目,2020-01-19,02,道路上,その他,70歳以上,その他,施錠した
窃盗,自転車盗,立川,立川駅北口交番,132021,東京都,立川市,高松町３丁目,2020-05-24,13,４階建て以上共同住宅,その他,20歳代,その他,施錠した
窃盗,自転車盗,立川,立川駅北口交番,132021,東京都,立川市,高松町３丁目,2020-07-20,00,道路上,その他,30歳代,その他,施錠した
窃盗,自転車盗,立川,立川駅北口交番,132021,東京都,立川市,緑町,2020-01-19,11,その他,駐車（輪）場,20歳代,大学生,施錠した
窃盗,自転車盗,立川,立川駅北口交番,132021,東京都,立川市,緑町,2020-03-18,21,その他,駐車（輪）場,20歳代,その他,施錠した
窃盗,自転車盗,立川,立川駅北口交番,132021,東京都,立川市,緑町,2020-07-23,21,その他,駐車（輪）場,40歳代,その他,施錠した
窃盗,自転車盗,立川,立川駅北口交番,132021,東京都,立川市,緑町,2020-11-22,15,その他,駐車（輪）場,20歳代,その他,施錠した
窃盗,自転車盗,立川,高松町交番,132021,東京都,立川市,泉町,2019-12-14,10,その他,駐車（輪）場,10歳代,中学生,施錠した
窃盗,自転車盗,立川,高松町交番,132021,東京都,立川市,泉町,2020-01-11,16,その他,駐車（輪）場,10歳代,高校生,施錠した
窃盗,自転車盗,立川,高松町交番,132021,東京都,立川市,泉町,2020-01-11,19,その他,駐車（輪）場,20歳代,その他,施錠した
窃盗,自転車盗,立川,高松町交番,132021,東京都,立川市,泉町,2020-10-15,09,その他,駐車（輪）場,20歳代,その他,施錠した
窃盗,自転車盗,立川,高松町交番,132021,東京都,立川市,栄町３丁目,2020-12-12,21,その他,駐車（輪）場,10歳代,高校生,施錠した
窃盗,自転車盗,立川,高松町交番,132021,東京都,立川市,高松町１丁目,2019-12-26,17,駐車（輪）場,駐車（輪）場,40歳代,その他,施錠した
窃盗,自転車盗,立川,高松町交番,132021,東京都,立川市,高松町２丁目,2019-12-16,13,４階建て以上共同住宅,駐車（輪）場,70歳以上,その他,施錠した
窃盗,自転車盗,立川,高松町交番,132021,東京都,立川市,高松町２丁目,2020-08-29,20,４階建て以上共同住宅,駐車（輪）場,40歳代,その他,施錠した
窃盗,自転車盗,立川,高松町交番,132021,東京都,立川市,高松町２丁目,2020-09-18,20,４階建て以上共同住宅,駐車（輪）場,30歳代,その他,施錠した
窃盗,自転車盗,立川,高松町交番,132021,東京都,立川市,高松町３丁目,2020-09-18,15,その他,駐車（輪）場,法人・団体、被害者なし,法人・団体、被害者なし,施錠した
窃盗,自転車盗,立川,東区駐在所,132152,東京都,国立市,東２丁目,2020-06-26,14,駐車（輪）場,駐車（輪）場,20歳代,大学生,施錠した
窃盗,自転車盗,立川,谷保交番,132152,東京都,国立市,青柳１丁目,2020-06-24,09,その他,その他,40歳代,その他,施錠した
窃盗,自転車盗,立川,谷保交番,132152,東京都,国立市,谷保,2020-09-30,16,駐車（輪）場,駐車（輪）場,70歳以上,その他,施錠した
窃盗,自転車盗,立川,谷保交番,132152,東京都,国立市,谷保,2020-03-30,12,その他,駐車（輪）場,60-64歳,その他,施錠した
窃盗,自転車盗,立川,谷保交番,132152,東京都,国立市,谷保,2020-04-10,19,その他の住宅（３階建て以下共同住宅等）,駐車（輪）場,30歳代,その他,施錠した
窃盗,自転車盗,立川,谷保交番,132152,東京都,国立市,泉２丁目,2020-04-03,20,４階建て以上共同住宅,その他,30歳代,その他,施錠した
窃盗,自転車盗,立川,谷保交番,132152,東京都,国立市,泉２丁目,2020-04-22,18,４階建て以上共同住宅,その他,10歳代,高校生,施錠した
窃盗,自転車盗,立川,谷保交番,132152,東京都,国立市,矢川３丁目,2020-11-02,18,４階建て以上共同住宅,駐車（輪）場,20歳代,その他,施錠した
窃盗,自転車盗,立川,富士見町交番,132021,東京都,立川市,富士見町７丁目,2020-07-19,13,４階建て以上共同住宅,駐車（輪）場,60-64歳,その他,施錠した
窃盗,自転車盗,立川,富士見町交番,132021,東京都,立川市,富士見町７丁目,2020-11-09,11,一戸建住宅,その他,50歳代,その他,施錠した
窃盗,自転車盗,立川,曙町駐在所,132021,東京都,立川市,曙町３丁目,2020-02-09,12,４階建て以上共同住宅,駐車（輪）場,50歳代,その他,施錠した
窃盗,自転車盗,立川,曙町駐在所,132021,東京都,立川市,曙町３丁目,2020-07-01,11,４階建て以上共同住宅,駐車（輪）場,20歳代,その他,施錠した
窃盗,自転車盗,立川,天王橋交番,132021,東京都,立川市,上砂町１丁目,2020-03-11,17,４階建て以上共同住宅,駐車（輪）場,40歳代,その他,施錠した
窃盗,自転車盗,立川,天王橋交番,132021,東京都,立川市,上砂町１丁目,2020-03-29,17,４階建て以上共同住宅,駐車（輪）場,40歳代,その他,施錠した
窃盗,自転車盗,立川,天王橋交番,132021,東京都,立川市,上砂町１丁目,2020-04-02,10,４階建て以上共同住宅,駐車（輪）場,40歳代,その他,施錠した
窃盗,自転車盗,立川,天王橋交番,132021,東京都,立川市,上砂町１丁目,2020-04-03,18,４階建て以上共同住宅,駐車（輪）場,10歳代,高校生,施錠した
窃盗,自転車盗,立川,天王橋交番,132021,東京都,立川市,上砂町１丁目,2020-05-08,09,４階建て以上共同住宅,駐車（輪）場,70歳以上,その他,施錠した
窃盗,自転車盗,立川,天王橋交番,132021,東京都,立川市,上砂町１丁目,2020-10-05,16,４階建て以上共同住宅,駐車（輪）場,70歳以上,その他,施錠した
窃盗,自転車盗,立川,天王橋交番,132021,東京都,立川市,上砂町１丁目,2020-11-12,11,４階建て以上共同住宅,駐車（輪）場,40歳代,その他,施錠した
窃盗,自転車盗,立川,天王橋交番,132021,東京都,立川市,上砂町３丁目,2020-03-27,08,一戸建住宅,駐車（輪）場,10歳代,中学生,施錠した
窃盗,自転車盗,立川,天王橋交番,132021,東京都,立川市,上砂町５丁目,2020-08-19,21,その他の住宅（３階建て以下共同住宅等）,駐車（輪）場,10歳代,高校生,施錠した
窃盗,自転車盗,立川,天王橋交番,132021,東京都,立川市,上砂町５丁目,2020-08-21,22,４階建て以上共同住宅,駐車（輪）場,20歳代,その他,施錠した
窃盗,自転車盗,立川,天王橋交番,132021,東京都,立川市,上砂町５丁目,2020-11-02,00,４階建て以上共同住宅,駐車（輪）場,10歳代,高校生,施錠した
窃盗,自転車盗,立川,天王橋交番,132021,東京都,立川市,一番町１丁目,2020-07-12,19,一戸建住宅,駐車（輪）場,10歳代,高校生,施錠した
窃盗,自転車盗,立川,天王橋交番,132021,東京都,立川市,一番町１丁目,2020-12-09,18,４階建て以上共同住宅,駐車（輪）場,60-64歳,その他,施錠した
窃盗,自転車盗,立川,天王橋交番,132021,東京都,立川市,一番町４丁目,2020-01-19,22,４階建て以上共同住宅,駐車（輪）場,10歳代,高校生,施錠した
窃盗,自転車盗,立川,天王橋交番,132021,東京都,立川市,西砂町１丁目,2020-01-31,17,一戸建住宅,駐車（輪）場,10歳代,小学生,施錠した
窃盗,自転車盗,立川,天王橋交番,132021,東京都,立川市,西砂町１丁目,2020-08-25,08,駐車（輪）場,駐車（輪）場,10歳代,その他,施錠した
窃盗,自転車盗,立川,天王橋交番,132021,東京都,立川市,西砂町１丁目,2020-08-31,08,駐車（輪）場,駐車（輪）場,10歳代,高校生,施錠した
窃盗,自転車盗,立川,天王橋交番,132021,東京都,立川市,西砂町１丁目,2020-10-02,07,駐車（輪）場,駐車（輪）場,10歳代,その他,施錠した
窃盗,自転車盗,立川,天王橋交番,132021,東京都,立川市,西砂町１丁目,2020-11-12,07,駐車（輪）場,駐車（輪）場,10歳代,高校生,施錠した
窃盗,自転車盗,立川,天王橋交番,132021,東京都,立川市,西砂町１丁目,2020-11-23,07,駐車（輪）場,駐車（輪）場,10歳代,高校生,施錠した
窃盗,自転車盗,立川,天王橋交番,132021,東京都,立川市,西砂町１丁目,2020-11-24,06,駐車（輪）場,駐車（輪）場,10歳代,中学生,施錠した
窃盗,自転車盗,立川,天王橋交番,132021,東京都,立川市,西砂町６丁目,2019-10-12,08,一戸建住宅,駐車（輪）場,20歳代,その他,施錠した
窃盗,自転車盗,立川,砂川四番交番,132021,東京都,立川市,泉町,2020-12-17,08,その他,駐車（輪）場,10歳代,高校生,施錠した
窃盗,自転車盗,立川,砂川四番交番,132021,東京都,立川市,柏町３丁目,2019-12-01,00,駐車（輪）場,駐車（輪）場,20歳代,大学生,施錠した
窃盗,自転車盗,立川,砂川四番交番,132021,東京都,立川市,柏町４丁目,2019-12-02,12,駐車（輪）場,駐車（輪）場,40歳代,その他,施錠した
窃盗,自転車盗,立川,砂川四番交番,132021,東京都,立川市,砂川町４丁目,2020-11-30,20,４階建て以上共同住宅,駐車（輪）場,20歳代,その他,施錠した
窃盗,自転車盗,立川,砂川四番交番,132021,東京都,立川市,砂川町８丁目,2020-06-15,17,４階建て以上共同住宅,駐車（輪）場,10歳代,その他,施錠した
窃盗,自転車盗,立川,砂川四番交番,132021,東京都,立川市,砂川町８丁目,2020-07-12,00,その他の住宅（３階建て以下共同住宅等）,駐車（輪）場,10歳代,高校生,施錠した
窃盗,自転車盗,立川,砂川八番交番,132021,東京都,立川市,幸町１丁目,2020-03-24,13,駐車（輪）場,駐車（輪）場,10歳代,高校生,施錠した
窃盗,自転車盗,立川,砂川八番交番,132021,東京都,立川市,幸町１丁目,2020-10-18,09,その他,駐車（輪）場,30歳代,その他,施錠した
窃盗,自転車盗,立川,砂川八番交番,132021,東京都,立川市,幸町１丁目,2020-11-01,11,その他,駐車（輪）場,20歳代,その他,施錠した
窃盗,自転車盗,立川,砂川八番交番,132021,東京都,立川市,幸町１丁目,2020-12-12,20,駐車（輪）場,駐車（輪）場,20歳代,その他,施錠した
窃盗,自転車盗,立川,砂川八番交番,132021,東京都,立川市,幸町２丁目,2020-03-07,18,４階建て以上共同住宅,駐車（輪）場,10歳代,高校生,施錠した
窃盗,自転車盗,立川,砂川八番交番,132021,東京都,立川市,幸町２丁目,2020-08-20,13,４階建て以上共同住宅,駐車（輪）場,30歳代,その他,施錠した
窃盗,自転車盗,立川,砂川八番交番,132021,東京都,立川市,幸町３丁目,2020-09-07,22,４階建て以上共同住宅,駐車（輪）場,10歳代,その他,施錠した
窃盗,自転車盗,立川,砂川八番交番,132021,東京都,立川市,幸町４丁目,2019-12-29,09,４階建て以上共同住宅,駐車（輪）場,10歳代,大学生,施錠した
窃盗,自転車盗,立川,砂川八番交番,132021,東京都,立川市,幸町５丁目,2020-03-05,19,その他の住宅（３階建て以下共同住宅等）,駐車（輪）場,30歳代,その他,施錠した
窃盗,自転車盗,立川,砂川八番交番,132021,東京都,立川市,幸町６丁目,2020-09-26,09,駐車（輪）場,駐車（輪）場,20歳代,その他,施錠した
窃盗,自転車盗,立川,砂川八番交番,132021,東京都,立川市,幸町６丁目,2020-10-07,20,駐車（輪）場,駐車（輪）場,10歳代,高校生,施錠した
窃盗,自転車盗,立川,富士見台交番,132152,東京都,国立市,中３丁目,2020-01-11,20,４階建て以上共同住宅,駐車（輪）場,40歳代,その他,施錠した
窃盗,自転車盗,立川,富士見台交番,132152,東京都,国立市,中３丁目,2020-12-06,18,その他の住宅（３階建て以下共同住宅等）,駐車（輪）場,30歳代,その他,施錠した
窃盗,自転車盗,立川,富士見台交番,132152,東京都,国立市,西２丁目,2020-10-13,19,その他の住宅（３階建て以下共同住宅等）,駐車（輪）場,20歳代,その他,施錠した
窃盗,自転車盗,立川,富士見台交番,132152,東京都,国立市,東４丁目,2020-03-22,10,駐車（輪）場,駐車（輪）場,20歳代,大学生,施錠した
窃盗,自転車盗,立川,富士見台交番,132152,東京都,国立市,富士見台１丁目,2020-01-02,15,４階建て以上共同住宅,駐車（輪）場,法人・団体、被害者なし,法人・団体、被害者なし,施錠した
窃盗,自転車盗,立川,富士見台交番,132152,東京都,国立市,富士見台１丁目,2020-01-02,15,４階建て以上共同住宅,駐車（輪）場,法人・団体、被害者なし,法人・団体、被害者なし,施錠した
窃盗,自転車盗,立川,富士見台交番,132152,東京都,国立市,富士見台１丁目,2020-03-30,22,道路上,その他,60-64歳,その他,施錠した
窃盗,自転車盗,立川,富士見台交番,132152,東京都,国立市,富士見台１丁目,2020-06-11,05,道路上,その他,法人・団体、被害者なし,法人・団体、被害者なし,施錠した
窃盗,自転車盗,立川,富士見台交番,132152,東京都,国立市,富士見台１丁目,2020-08-05,18,その他,駐車（輪）場,50歳代,その他,施錠した
窃盗,自転車盗,立川,富士見台交番,132152,東京都,国立市,富士見台１丁目,2020-10-26,07,４階建て以上共同住宅,駐車（輪）場,10歳代,高校生,施錠した
窃盗,自転車盗,立川,富士見台交番,132152,東京都,国立市,富士見台２丁目,2020-01-26,23,４階建て以上共同住宅,駐車（輪）場,40歳代,その他,施錠した
窃盗,自転車盗,立川,富士見台交番,132152,東京都,国立市,富士見台２丁目,2020-05-15,07,４階建て以上共同住宅,駐車（輪）場,50歳代,その他,施錠した
窃盗,自転車盗,立川,富士見台交番,132152,東京都,国立市,富士見台２丁目,2020-10-12,08,その他,駐車（輪）場,30歳代,その他,施錠した
窃盗,自転車盗,立川,富士見台交番,132152,東京都,国立市,富士見台３丁目,2019-12-14,11,４階建て以上共同住宅,駐車（輪）場,70歳以上,その他,施錠した
窃盗,自転車盗,立川,富士見台交番,132152,東京都,国立市,富士見台３丁目,2020-04-01,15,その他の住宅（３階建て以下共同住宅等）,駐車（輪）場,20歳代,大学生,施錠した
窃盗,自転車盗,立川,富士見台交番,132152,東京都,国立市,富士見台３丁目,2020-07-07,17,４階建て以上共同住宅,駐車（輪）場,20歳代,その他,施錠した
窃盗,自転車盗,立川,富士見台交番,132152,東京都,国立市,富士見台３丁目,2020-08-23,10,一戸建住宅,駐車（輪）場,60-64歳,その他,施錠した
窃盗,自転車盗,立川,若葉町駐在所,132021,東京都,立川市,若葉町１丁目,2020-05-13,10,その他,駐車（輪）場,70歳以上,その他,施錠した
窃盗,自転車盗,立川,若葉町駐在所,132021,東京都,立川市,若葉町１丁目,2020-08-11,08,４階建て以上共同住宅,駐車（輪）場,30歳代,その他,施錠した
窃盗,自転車盗,府中,南町交番,132063,東京都,府中市,片町２丁目,2020-07-25,20,道路上,その他,法人・団体、被害者なし,法人・団体、被害者なし,施錠した
窃盗,自転車盗,府中,南町交番,132063,東京都,府中市,本町２丁目,2020-02-15,12,道路上,その他,30歳代,その他,施錠した
窃盗,自転車盗,府中,南町交番,132063,東京都,府中市,矢崎町２丁目,2020-04-02,16,その他,駐車（輪）場,法人・団体、被害者なし,法人・団体、被害者なし,施錠した
窃盗,自転車盗,府中,南町交番,132063,東京都,府中市,矢崎町２丁目,2020-10-13,16,その他,その他,50歳代,その他,施錠した
窃盗,自転車盗,府中,南町交番,132063,東京都,府中市,矢崎町５丁目,2020-03-23,23,道路上,その他,10歳代,大学生,施錠した
窃盗,自転車盗,府中,東府中駅前交番,132063,東京都,府中市,清水が丘１丁目,2020-05-27,18,４階建て以上共同住宅,駐車（輪）場,30歳代,その他,施錠した
窃盗,自転車盗,府中,東府中駅前交番,132063,東京都,府中市,清水が丘２丁目,2020-03-15,12,その他の住宅（３階建て以下共同住宅等）,その他,30歳代,その他,施錠した
窃盗,自転車盗,府中,東府中駅前交番,132063,東京都,府中市,清水が丘２丁目,2020-05-31,18,４階建て以上共同住宅,駐車（輪）場,30歳代,その他,施錠した
窃盗,自転車盗,府中,東府中駅前交番,132063,東京都,府中市,浅間町１丁目,2020-11-05,18,４階建て以上共同住宅,駐車（輪）場,10歳代,中学生,施錠した
窃盗,自転車盗,府中,東府中駅前交番,132063,東京都,府中市,緑町３丁目,2020-02-21,05,道路上,その他,10歳代,高校生,施錠した
窃盗,自転車盗,府中,東府中駅前交番,132063,東京都,府中市,緑町３丁目,2020-03-08,23,４階建て以上共同住宅,駐車（輪）場,20歳代,その他,施錠した
窃盗,自転車盗,府中,東府中駅前交番,132063,東京都,府中市,緑町３丁目,2020-03-31,11,４階建て以上共同住宅,駐車（輪）場,70歳以上,その他,施錠した
窃盗,自転車盗,府中,東府中駅前交番,132063,東京都,府中市,緑町３丁目,2020-07-18,22,４階建て以上共同住宅,駐車（輪）場,40歳代,その他,施錠した
窃盗,自転車盗,府中,東府中駅前交番,132063,東京都,府中市,若松町１丁目,2020-04-23,14,その他の住宅（３階建て以下共同住宅等）,駐車（輪）場,20歳代,その他,施錠した
窃盗,自転車盗,府中,東府中駅前交番,132063,東京都,府中市,若松町１丁目,2020-08-23,21,その他の住宅（３階建て以下共同住宅等）,駐車（輪）場,65-69歳,その他,施錠した
窃盗,自転車盗,府中,東府中駅前交番,132063,東京都,府中市,若松町２丁目,2020-09-21,12,その他,駐車（輪）場,50歳代,その他,施錠した
窃盗,自転車盗,府中,東府中駅前交番,132063,東京都,府中市,若松町２丁目,2020-11-04,23,その他,その他,70歳以上,その他,施錠した
窃盗,自転車盗,府中,東府中駅前交番,132063,東京都,府中市,若松町３丁目,2020-09-08,17,４階建て以上共同住宅,駐車（輪）場,20歳代,その他,施錠した
窃盗,自転車盗,府中,栄町交番,132063,東京都,府中市,栄町１丁目,2020-09-27,18,その他,駐車（輪）場,10歳代,高校生,施錠した
窃盗,自転車盗,府中,栄町交番,132063,東京都,府中市,栄町２丁目,2020-05-06,14,一戸建住宅,駐車（輪）場,40歳代,その他,施錠した
窃盗,自転車盗,府中,栄町交番,132063,東京都,府中市,晴見町１丁目,2020-06-07,15,４階建て以上共同住宅,駐車（輪）場,10歳代,中学生,施錠した
窃盗,自転車盗,府中,栄町交番,132063,東京都,府中市,晴見町１丁目,2020-11-06,18,４階建て以上共同住宅,駐車（輪）場,10歳代,大学生,施錠した
窃盗,自転車盗,府中,栄町交番,132063,東京都,府中市,晴見町２丁目,2020-02-22,23,駐車（輪）場,駐車（輪）場,20歳代,大学生,施錠した
窃盗,自転車盗,府中,栄町交番,132063,東京都,府中市,晴見町２丁目,2020-03-25,14,４階建て以上共同住宅,駐車（輪）場,10歳代,高校生,施錠した
窃盗,自転車盗,府中,栄町交番,132063,東京都,府中市,晴見町２丁目,2020-08-06,12,道路上,その他,30歳代,その他,施錠した
窃盗,自転車盗,府中,栄町交番,132063,東京都,府中市,晴見町４丁目,2020-01-08,19,４階建て以上共同住宅,駐車（輪）場,40歳代,その他,施錠した
窃盗,自転車盗,府中,栄町交番,132063,東京都,府中市,美好町３丁目,2020-03-21,16,４階建て以上共同住宅,駐車（輪）場,20歳代,大学生,施錠した
窃盗,自転車盗,府中,美好町交番,132063,東京都,府中市,片町１丁目,2019-12-23,11,一戸建住宅,駐車（輪）場,70歳以上,その他,施錠した
窃盗,自転車盗,府中,美好町交番,132063,東京都,府中市,片町２丁目,2019-12-31,22,道路上,その他,50歳代,その他,施錠した
窃盗,自転車盗,府中,美好町交番,132063,東京都,府中市,片町２丁目,2020-04-25,19,その他,駐車（輪）場,30歳代,その他,施錠した
窃盗,自転車盗,府中,美好町交番,132063,東京都,府中市,片町３丁目,2019-12-07,16,道路上,その他,20歳代,その他,施錠した
窃盗,自転車盗,府中,美好町交番,132063,東京都,府中市,片町３丁目,2020-02-07,10,その他,駐車（輪）場,65-69歳,その他,施錠した
窃盗,自転車盗,府中,美好町交番,132063,東京都,府中市,片町３丁目,2020-04-07,15,その他,駐車（輪）場,70歳以上,その他,施錠した
窃盗,自転車盗,府中,美好町交番,132063,東京都,府中市,片町３丁目,2020-05-01,17,その他,駐車（輪）場,70歳以上,その他,施錠した
窃盗,自転車盗,府中,美好町交番,132063,東京都,府中市,片町３丁目,2020-09-23,07,駐車（輪）場,駐車（輪）場,10歳代,高校生,施錠した
窃盗,自転車盗,府中,美好町交番,132063,東京都,府中市,片町３丁目,2020-11-10,07,その他,その他,20歳代,その他,施錠した
窃盗,自転車盗,府中,美好町交番,132063,東京都,府中市,美好町２丁目,2020-10-04,18,道路上,その他,20歳代,その他,施錠した
窃盗,自転車盗,府中,美好町交番,132063,東京都,府中市,美好町３丁目,2020-06-01,不明,一戸建住宅,駐車（輪）場,10歳代,小学生,施錠した
窃盗,自転車盗,府中,美好町交番,132063,東京都,府中市,美好町３丁目,2020-10-16,16,駐車（輪）場,駐車（輪）場,70歳以上,その他,施錠した
窃盗,自転車盗,府中,西原町交番,132063,東京都,府中市,東芝町,2020-03-20,18,４階建て以上共同住宅,駐車（輪）場,20歳代,その他,施錠した
窃盗,自転車盗,府中,西原町交番,132063,東京都,府中市,西原町１丁目,2020-04-27,10,その他,駐車（輪）場,65-69歳,その他,施錠した
窃盗,自転車盗,府中,西原町交番,132063,東京都,府中市,西原町２丁目,2020-07-25,14,一戸建住宅,駐車（輪）場,10歳代,小学生,施錠した
窃盗,自転車盗,府中,本宿交番,132063,東京都,府中市,西府町２丁目,2020-11-08,16,４階建て以上共同住宅,駐車（輪）場,30歳代,その他,施錠した
窃盗,自転車盗,府中,本宿交番,132063,東京都,府中市,日新町３丁目,2020-04-05,18,その他の住宅（３階建て以下共同住宅等）,その他,10歳代,高校生,施錠した
窃盗,自転車盗,府中,本宿交番,132063,東京都,府中市,本宿町１丁目,2020-05-07,11,駐車（輪）場,駐車（輪）場,70歳以上,その他,施錠した
窃盗,自転車盗,府中,本宿交番,132063,東京都,府中市,本宿町２丁目,2020-01-30,21,その他の住宅（３階建て以下共同住宅等）,駐車（輪）場,10歳代,小学生,施錠した
窃盗,自転車盗,府中,中河原交番,132063,東京都,府中市,住吉町２丁目,2019-12-25,12,その他の住宅（３階建て以下共同住宅等）,駐車（輪）場,10歳未満,小学生,施錠した
窃盗,自転車盗,府中,中河原交番,132063,東京都,府中市,住吉町２丁目,2020-01-05,17,その他,駐車（輪）場,30歳代,その他,施錠した
窃盗,自転車盗,府中,中河原交番,132063,東京都,府中市,住吉町２丁目,2020-03-26,13,４階建て以上共同住宅,駐車（輪）場,10歳代,高校生,施錠した
窃盗,自転車盗,府中,中河原交番,132063,東京都,府中市,住吉町５丁目,2020-02-02,16,４階建て以上共同住宅,駐車（輪）場,20歳代,その他,施錠した
窃盗,自転車盗,府中,中河原交番,132063,東京都,府中市,南町４丁目,2020-11-23,15,４階建て以上共同住宅,駐車（輪）場,20歳代,高校生,施錠した
窃盗,自転車盗,府中,多磨駐在所,132063,東京都,府中市,朝日町３丁目,2020-06-29,09,その他,駐車（輪）場,30歳代,その他,施錠した
窃盗,自転車盗,府中,多磨駐在所,132063,東京都,府中市,紅葉丘２丁目,2020-04-30,15,その他の住宅（３階建て以下共同住宅等）,駐車（輪）場,30歳代,その他,施錠した
窃盗,自転車盗,府中,多磨駐在所,132063,東京都,府中市,紅葉丘２丁目,2020-06-08,09,その他の住宅（３階建て以下共同住宅等）,駐車（輪）場,20歳代,その他,施錠した
窃盗,自転車盗,府中,是政交番,132063,東京都,府中市,小柳町４丁目,2020-03-04,18,駐車（輪）場,駐車（輪）場,20歳代,その他,施錠した
窃盗,自転車盗,府中,是政交番,132063,東京都,府中市,是政３丁目,2019-12-18,20,その他の住宅（３階建て以下共同住宅等）,駐車（輪）場,20歳代,その他,施錠した
窃盗,自転車盗,府中,是政交番,132063,東京都,府中市,是政４丁目,2020-05-25,09,駐車（輪）場,駐車（輪）場,40歳代,その他,施錠した
窃盗,自転車盗,府中,是政交番,132063,東京都,府中市,是政５丁目,2020-01-22,17,４階建て以上共同住宅,駐車（輪）場,10歳代,中学生,施錠した
窃盗,自転車盗,府中,是政交番,132063,東京都,府中市,是政５丁目,2020-06-17,20,その他の住宅（３階建て以下共同住宅等）,駐車（輪）場,20歳代,その他,施錠した
窃盗,自転車盗,府中,第五中学校前交番,132063,東京都,府中市,新町２丁目,2020-10-06,23,その他の住宅（３階建て以下共同住宅等）,駐車（輪）場,10歳代,大学生,施錠した
窃盗,自転車盗,府中,第五中学校前交番,132063,東京都,府中市,新町２丁目,2020-10-23,19,その他の住宅（３階建て以下共同住宅等）,駐車（輪）場,20歳代,大学生,施錠した
窃盗,自転車盗,府中,第五中学校前交番,132063,東京都,府中市,浅間町３丁目,2020-08-06,04,一戸建住宅,駐車（輪）場,20歳代,その他,施錠した
窃盗,自転車盗,府中,第五中学校前交番,132063,東京都,府中市,天神町２丁目,2019-12-15,18,４階建て以上共同住宅,駐車（輪）場,10歳代,高校生,施錠した
窃盗,自転車盗,府中,第五中学校前交番,132063,東京都,府中市,天神町２丁目,2020-06-24,21,その他の住宅（３階建て以下共同住宅等）,駐車（輪）場,20歳代,その他,施錠した
窃盗,自転車盗,府中,第五中学校前交番,132063,東京都,府中市,天神町３丁目,2020-08-18,17,その他,駐車（輪）場,60-64歳,その他,施錠した
窃盗,自転車盗,府中,分梅駐在所,132063,東京都,府中市,本町４丁目,2020-07-19,14,駐車（輪）場,駐車（輪）場,10歳代,大学生,施錠した
窃盗,自転車盗,府中,分梅駐在所,132063,東京都,府中市,本町４丁目,2020-08-26,06,駐車（輪）場,駐車（輪）場,10歳代,高校生,施錠した
窃盗,自転車盗,府中,白糸台交番,132063,東京都,府中市,朝日町２丁目,2020-01-14,15,４階建て以上共同住宅,駐車（輪）場,10歳代,大学生,施錠した
窃盗,自転車盗,府中,白糸台交番,132063,東京都,府中市,朝日町２丁目,2020-08-05,07,その他の住宅（３階建て以下共同住宅等）,駐車（輪）場,20歳代,大学生,施錠した
窃盗,自転車盗,府中,白糸台交番,132063,東京都,府中市,朝日町２丁目,2020-08-29,16,駐車（輪）場,駐車（輪）場,20歳代,その他,施錠した
窃盗,自転車盗,府中,白糸台交番,132063,東京都,府中市,白糸台１丁目,2020-05-10,21,駐車（輪）場,駐車（輪）場,法人・団体、被害者なし,法人・団体、被害者なし,施錠した
窃盗,自転車盗,府中,白糸台交番,132063,東京都,府中市,白糸台１丁目,2020-05-13,16,駐車（輪）場,駐車（輪）場,20歳代,大学生,施錠した
窃盗,自転車盗,府中,白糸台交番,132063,東京都,府中市,白糸台１丁目,2020-05-18,20,駐車（輪）場,駐車（輪）場,50歳代,その他,施錠した
窃盗,自転車盗,府中,白糸台交番,132063,東京都,府中市,白糸台１丁目,2020-05-21,09,駐車（輪）場,駐車（輪）場,30歳代,その他,施錠した
窃盗,自転車盗,府中,白糸台交番,132063,東京都,府中市,白糸台１丁目,2020-05-22,19,駐車（輪）場,駐車（輪）場,40歳代,その他,施錠した
窃盗,自転車盗,府中,白糸台交番,132063,東京都,府中市,白糸台１丁目,2020-05-25,17,駐車（輪）場,駐車（輪）場,20歳代,その他,施錠した
窃盗,自転車盗,府中,白糸台交番,132063,東京都,府中市,白糸台１丁目,2020-05-25,19,駐車（輪）場,駐車（輪）場,60-64歳,その他,施錠した
窃盗,自転車盗,府中,白糸台交番,132063,東京都,府中市,白糸台１丁目,2020-06-11,21,駐車（輪）場,駐車（輪）場,20歳代,その他,施錠した
窃盗,自転車盗,府中,白糸台交番,132063,東京都,府中市,白糸台２丁目,2020-05-11,20,駐車（輪）場,駐車（輪）場,20歳代,その他,施錠した
窃盗,自転車盗,府中,白糸台交番,132063,東京都,府中市,白糸台２丁目,2020-05-24,19,駐車（輪）場,駐車（輪）場,20歳代,その他,施錠した
窃盗,自転車盗,府中,白糸台交番,132063,東京都,府中市,白糸台３丁目,2020-02-10,12,駐車（輪）場,駐車（輪）場,20歳代,大学生,施錠した
窃盗,自転車盗,府中,白糸台交番,132063,東京都,府中市,白糸台３丁目,2020-05-17,17,その他の住宅（３階建て以下共同住宅等）,駐車（輪）場,20歳代,その他,施錠した
窃盗,自転車盗,府中,白糸台交番,132063,東京都,府中市,白糸台３丁目,2020-11-18,17,４階建て以上共同住宅,駐車（輪）場,20歳代,その他,施錠した
窃盗,自転車盗,府中,白糸台交番,132063,東京都,府中市,白糸台４丁目,2020-02-25,09,その他,その他,65-69歳,その他,施錠した
窃盗,自転車盗,府中,白糸台交番,132063,東京都,府中市,白糸台４丁目,2020-04-16,16,その他の住宅（３階建て以下共同住宅等）,駐車（輪）場,20歳代,その他,施錠した
窃盗,自転車盗,府中,白糸台交番,132063,東京都,府中市,白糸台４丁目,2020-08-26,11,その他,駐車（輪）場,50歳代,その他,施錠した
窃盗,自転車盗,府中,白糸台交番,132063,東京都,府中市,白糸台４丁目,2020-09-03,19,駐車（輪）場,駐車（輪）場,20歳代,その他,施錠した
窃盗,自転車盗,府中,白糸台交番,132063,東京都,府中市,白糸台４丁目,2020-10-05,18,その他,駐車（輪）場,30歳代,その他,施錠した
窃盗,自転車盗,府中,白糸台交番,132063,東京都,府中市,白糸台５丁目,2020-01-29,17,駐車（輪）場,駐車（輪）場,10歳代,高校生,施錠した
窃盗,自転車盗,府中,白糸台交番,132063,東京都,府中市,白糸台５丁目,2020-02-28,06,駐車（輪）場,駐車（輪）場,10歳代,大学生,施錠した
窃盗,自転車盗,府中,白糸台交番,132063,東京都,府中市,白糸台５丁目,2020-03-17,23,駐車（輪）場,駐車（輪）場,10歳代,大学生,施錠した
窃盗,自転車盗,府中,白糸台交番,132063,東京都,府中市,白糸台５丁目,2020-05-08,06,駐車（輪）場,駐車（輪）場,50歳代,その他,施錠した
窃盗,自転車盗,府中,白糸台交番,132063,東京都,府中市,白糸台５丁目,2020-05-09,06,駐車（輪）場,駐車（輪）場,30歳代,その他,施錠した
窃盗,自転車盗,府中,白糸台交番,132063,東京都,府中市,白糸台５丁目,2020-05-09,08,駐車（輪）場,駐車（輪）場,65-69歳,その他,施錠した
窃盗,自転車盗,府中,白糸台交番,132063,東京都,府中市,白糸台５丁目,2020-05-26,18,駐車（輪）場,駐車（輪）場,50歳代,その他,施錠した
窃盗,自転車盗,府中,白糸台交番,132063,東京都,府中市,白糸台５丁目,2020-05-27,12,駐車（輪）場,駐車（輪）場,20歳代,その他,施錠した
窃盗,自転車盗,府中,白糸台交番,132063,東京都,府中市,紅葉丘１丁目,2020-03-30,06,その他の住宅（３階建て以下共同住宅等）,駐車（輪）場,10歳代,中学生,施錠した
窃盗,自転車盗,府中,白糸台交番,132063,東京都,府中市,紅葉丘１丁目,2020-09-07,21,その他の住宅（３階建て以下共同住宅等）,駐車（輪）場,30歳代,その他,施錠した
窃盗,自転車盗,府中,白糸台交番,132063,東京都,府中市,紅葉丘１丁目,2020-11-21,15,４階建て以上共同住宅,駐車（輪）場,30歳代,その他,施錠した
窃盗,自転車盗,府中,白糸台交番,132063,東京都,府中市,紅葉丘３丁目,2020-02-10,21,一戸建住宅,その他,10歳代,中学生,施錠した
窃盗,自転車盗,府中,大国魂交番,132063,東京都,府中市,寿町１丁目,2019-09-01,不明,駐車（輪）場,駐車（輪）場,20歳代,その他,施錠した
窃盗,自転車盗,府中,大国魂交番,132063,東京都,府中市,寿町１丁目,2019-12-23,16,駐車（輪）場,駐車（輪）場,65-69歳,その他,施錠した
窃盗,自転車盗,府中,大国魂交番,132063,東京都,府中市,寿町１丁目,2020-08-31,07,駐車（輪）場,駐車（輪）場,30歳代,その他,施錠した
窃盗,自転車盗,府中,大国魂交番,132063,東京都,府中市,寿町１丁目,2020-09-24,22,４階建て以上共同住宅,駐車（輪）場,法人・団体、被害者なし,法人・団体、被害者なし,施錠した
窃盗,自転車盗,府中,大国魂交番,132063,東京都,府中市,寿町１丁目,2020-10-22,14,駐車（輪）場,駐車（輪）場,40歳代,その他,施錠した
窃盗,自転車盗,府中,大国魂交番,132063,東京都,府中市,八幡町１丁目,2020-06-27,19,その他の住宅（３階建て以下共同住宅等）,駐車（輪）場,30歳代,その他,施錠した
窃盗,自転車盗,府中,大国魂交番,132063,東京都,府中市,府中町１丁目,2019-10-15,00,駐車（輪）場,駐車（輪）場,20歳代,その他,施錠した
窃盗,自転車盗,府中,大国魂交番,132063,東京都,府中市,府中町１丁目,2019-12-21,19,道路上,その他,40歳代,その他,施錠した
窃盗,自転車盗,府中,大国魂交番,132063,東京都,府中市,府中町１丁目,2020-01-24,23,道路上,その他,40歳代,その他,施錠した
窃盗,自転車盗,府中,大国魂交番,132063,東京都,府中市,府中町１丁目,2020-02-29,13,その他の住宅（３階建て以下共同住宅等）,駐車（輪）場,20歳代,大学生,施錠した
窃盗,自転車盗,府中,大国魂交番,132063,東京都,府中市,府中町１丁目,2020-03-24,14,その他,駐車（輪）場,50歳代,その他,施錠した
窃盗,自転車盗,府中,大国魂交番,132063,東京都,府中市,府中町１丁目,2020-06-04,07,駐車（輪）場,駐車（輪）場,20歳代,その他,施錠した
窃盗,自転車盗,府中,大国魂交番,132063,東京都,府中市,府中町１丁目,2020-07-03,22,４階建て以上共同住宅,駐車（輪）場,30歳代,その他,施錠した
窃盗,自転車盗,府中,大国魂交番,132063,東京都,府中市,府中町１丁目,2020-08-17,13,道路上,その他,10歳代,中学生,施錠した
窃盗,自転車盗,府中,大国魂交番,132063,東京都,府中市,府中町２丁目,2019-11-28,不明,その他の住宅（３階建て以下共同住宅等）,駐車（輪）場,20歳代,その他,施錠した
窃盗,自転車盗,府中,大国魂交番,132063,東京都,府中市,府中町２丁目,2019-12-21,不明,４階建て以上共同住宅,駐車（輪）場,50歳代,その他,施錠した
窃盗,自転車盗,府中,大国魂交番,132063,東京都,府中市,府中町２丁目,2020-02-11,01,その他,駐車（輪）場,20歳代,大学生,施錠した
窃盗,自転車盗,府中,大国魂交番,132063,東京都,府中市,府中町２丁目,2020-07-05,08,４階建て以上共同住宅,駐車（輪）場,20歳代,大学生,施錠した
窃盗,自転車盗,府中,大国魂交番,132063,東京都,府中市,府中町２丁目,2020-11-09,16,その他,駐車（輪）場,30歳代,その他,施錠した
窃盗,自転車盗,府中,大国魂交番,132063,東京都,府中市,本町１丁目,2020-01-08,18,４階建て以上共同住宅,駐車（輪）場,50歳代,その他,施錠した
窃盗,自転車盗,府中,大国魂交番,132063,東京都,府中市,緑町２丁目,2020-04-29,16,一戸建住宅,駐車（輪）場,40歳代,その他,施錠した
窃盗,自転車盗,府中,大国魂交番,132063,東京都,府中市,緑町２丁目,2020-05-06,18,その他の住宅（３階建て以下共同住宅等）,駐車（輪）場,50歳代,その他,施錠した
窃盗,自転車盗,府中,大国魂交番,132063,東京都,府中市,宮西町１丁目,2019-11-15,10,道路上,その他,50歳代,その他,施錠した
窃盗,自転車盗,府中,大国魂交番,132063,東京都,府中市,宮西町１丁目,2019-11-30,22,道路上,その他,30歳代,その他,施錠した
窃盗,自転車盗,府中,大国魂交番,132063,東京都,府中市,宮西町１丁目,2020-01-25,18,その他,駐車（輪）場,50歳代,その他,施錠した
窃盗,自転車盗,府中,大国魂交番,132063,東京都,府中市,宮西町１丁目,2020-04-29,18,道路上,その他,50歳代,その他,施錠した
窃盗,自転車盗,府中,大国魂交番,132063,東京都,府中市,宮西町１丁目,2020-09-09,05,駐車（輪）場,駐車（輪）場,30歳代,その他,施錠した
窃盗,自転車盗,府中,大国魂交番,132063,東京都,府中市,宮西町１丁目,2020-09-10,20,道路上,その他,20歳代,その他,施錠した
窃盗,自転車盗,府中,大国魂交番,132063,東京都,府中市,宮西町１丁目,2020-09-27,23,道路上,その他,20歳代,大学生,施錠した
窃盗,自転車盗,府中,大国魂交番,132063,東京都,府中市,宮西町１丁目,2020-11-21,17,その他,駐車（輪）場,40歳代,その他,施錠した
窃盗,自転車盗,府中,大国魂交番,132063,東京都,府中市,宮西町５丁目,2020-10-07,17,４階建て以上共同住宅,駐車（輪）場,50歳代,その他,施錠した
窃盗,自転車盗,府中,大国魂交番,132063,東京都,府中市,宮町１丁目,2020-01-30,17,駐車（輪）場,駐車（輪）場,50歳代,その他,施錠した
窃盗,自転車盗,府中,大国魂交番,132063,東京都,府中市,宮町１丁目,2020-02-01,17,４階建て以上共同住宅,駐車（輪）場,30歳代,その他,施錠した
窃盗,自転車盗,府中,大国魂交番,132063,東京都,府中市,宮町１丁目,2020-02-08,16,４階建て以上共同住宅,駐車（輪）場,20歳代,その他,施錠した
窃盗,自転車盗,府中,大国魂交番,132063,東京都,府中市,宮町１丁目,2020-03-07,15,駐車（輪）場,駐車（輪）場,40歳代,その他,施錠した
窃盗,自転車盗,府中,大国魂交番,132063,東京都,府中市,宮町１丁目,2020-05-23,11,道路上,その他,70歳以上,その他,施錠した
窃盗,自転車盗,府中,大国魂交番,132063,東京都,府中市,宮町１丁目,2020-06-08,17,その他,駐車（輪）場,20歳代,その他,施錠した
窃盗,自転車盗,府中,大国魂交番,132063,東京都,府中市,宮町１丁目,2020-06-23,18,その他の住宅（３階建て以下共同住宅等）,駐車（輪）場,20歳代,その他,施錠した
窃盗,自転車盗,府中,大国魂交番,132063,東京都,府中市,宮町１丁目,2020-08-23,13,道路上,その他,30歳代,その他,施錠した
窃盗,自転車盗,府中,大国魂交番,132063,東京都,府中市,宮町３丁目,2020-08-05,16,一戸建住宅,駐車（輪）場,10歳未満,小学生,施錠した
窃盗,自転車盗,府中,車返団地駐在所,132063,東京都,府中市,押立町１丁目,2020-01-30,08,その他,駐車（輪）場,30歳代,その他,施錠した
窃盗,自転車盗,府中,車返団地駐在所,132063,東京都,府中市,押立町１丁目,2020-06-05,18,４階建て以上共同住宅,駐車（輪）場,70歳以上,その他,施錠した
窃盗,自転車盗,府中,四谷駐在所,132063,東京都,府中市,四谷３丁目,2020-04-09,18,その他の住宅（３階建て以下共同住宅等）,その他,60-64歳,その他,施錠した
窃盗,自転車盗,府中,武蔵台交番,132063,東京都,府中市,武蔵台２丁目,2020-02-05,08,その他,駐車（輪）場,20歳代,その他,施錠した
窃盗,自転車盗,府中,武蔵台交番,132063,東京都,府中市,武蔵台２丁目,2020-06-04,09,その他,駐車（輪）場,30歳代,その他,施錠した
窃盗,自転車盗,府中,武蔵台交番,132063,東京都,府中市,武蔵台２丁目,2020-08-15,17,その他の住宅（３階建て以下共同住宅等）,駐車（輪）場,30歳代,その他,施錠した
窃盗,自転車盗,府中,武蔵台交番,132063,東京都,府中市,武蔵台３丁目,2020-01-12,17,その他の住宅（３階建て以下共同住宅等）,駐車（輪）場,20歳代,その他,施錠した
窃盗,自転車盗,府中,武蔵台交番,132063,東京都,府中市,武蔵台３丁目,2020-12-15,15,一戸建住宅,その他,70歳以上,その他,施錠した
窃盗,自転車盗,小金井,前原交番,132101,東京都,小金井市,中町４丁目,2020-03-22,17,駐車（輪）場,駐車（輪）場,30歳代,その他,施錠した
窃盗,自転車盗,小金井,前原交番,132101,東京都,小金井市,前原町３丁目,2019-10-11,16,その他の住宅（３階建て以下共同住宅等）,駐車（輪）場,20歳代,その他,施錠した
窃盗,自転車盗,小金井,前原交番,132101,東京都,小金井市,前原町３丁目,2020-10-09,10,その他の住宅（３階建て以下共同住宅等）,駐車（輪）場,20歳代,大学生,施錠した
窃盗,自転車盗,小金井,前原交番,132101,東京都,小金井市,前原町４丁目,2020-02-23,12,その他の住宅（３階建て以下共同住宅等）,駐車（輪）場,20歳代,その他,施錠した
窃盗,自転車盗,小金井,国分寺駅北口交番,132144,東京都,国分寺市,本町２丁目,2019-11-16,10,その他の住宅（３階建て以下共同住宅等）,その他,20歳代,大学生,施錠した
窃盗,自転車盗,小金井,国分寺駅北口交番,132101,東京都,小金井市,本町２丁目,2020-10-25,17,その他,駐車（輪）場,10歳代,大学生,施錠した
窃盗,自転車盗,小金井,国分寺駅北口交番,132144,東京都,国分寺市,東恋ヶ窪２丁目,2020-07-10,21,その他の住宅（３階建て以下共同住宅等）,駐車（輪）場,40歳代,その他,施錠した
窃盗,自転車盗,小金井,国分寺駅北口交番,132144,東京都,国分寺市,東恋ヶ窪３丁目,2020-11-01,18,４階建て以上共同住宅,駐車（輪）場,50歳代,その他,施錠した
窃盗,自転車盗,小金井,国分寺駅北口交番,132144,東京都,国分寺市,本町２丁目,2019-11-16,10,４階建て以上共同住宅,その他,20歳代,大学生,施錠した
窃盗,自転車盗,小金井,国分寺駅北口交番,132144,東京都,国分寺市,本町２丁目,2019-12-04,23,道路上,その他,40歳代,その他,施錠した
窃盗,自転車盗,小金井,国分寺駅北口交番,132144,東京都,国分寺市,本町２丁目,2020-01-24,18,駐車（輪）場,駐車（輪）場,70歳以上,その他,施錠した
窃盗,自転車盗,小金井,国分寺駅北口交番,132144,東京都,国分寺市,本町２丁目,2020-02-03,00,４階建て以上共同住宅,駐車（輪）場,10歳代,大学生,施錠した
窃盗,自転車盗,小金井,国分寺駅北口交番,132144,東京都,国分寺市,本町２丁目,2020-03-04,20,その他の住宅（３階建て以下共同住宅等）,駐車（輪）場,20歳代,大学生,施錠した
窃盗,自転車盗,小金井,国分寺駅北口交番,132144,東京都,国分寺市,本町２丁目,2020-05-05,17,駐車（輪）場,駐車（輪）場,10歳代,高校生,施錠した
窃盗,自転車盗,小金井,国分寺駅北口交番,132144,東京都,国分寺市,本町２丁目,2020-06-11,16,その他の住宅（３階建て以下共同住宅等）,駐車（輪）場,20歳代,大学生,施錠した
窃盗,自転車盗,小金井,国分寺駅北口交番,132144,東京都,国分寺市,本町２丁目,2020-09-02,22,４階建て以上共同住宅,駐車（輪）場,40歳代,その他,施錠した
窃盗,自転車盗,小金井,国分寺駅北口交番,132144,東京都,国分寺市,本町２丁目,2020-10-12,17,駐車（輪）場,駐車（輪）場,20歳代,大学生,施錠した
窃盗,自転車盗,小金井,国分寺駅北口交番,132144,東京都,国分寺市,本町２丁目,2020-10-27,08,駐車（輪）場,駐車（輪）場,60-64歳,その他,施錠した
窃盗,自転車盗,小金井,国分寺駅北口交番,132144,東京都,国分寺市,本町２丁目,2020-10-28,18,道路上,その他,30歳代,その他,施錠した
窃盗,自転車盗,小金井,国分寺駅北口交番,132144,東京都,国分寺市,本町２丁目,2020-11-20,21,道路上,その他,10歳代,大学生,施錠した
窃盗,自転車盗,小金井,国分寺駅北口交番,132144,東京都,国分寺市,本町３丁目,2020-06-16,19,道路上,その他,30歳代,その他,施錠した
窃盗,自転車盗,小金井,国分寺駅北口交番,132144,東京都,国分寺市,本町３丁目,2020-09-30,11,駐車（輪）場,駐車（輪）場,10歳代,大学生,施錠した
窃盗,自転車盗,小金井,国分寺駅北口交番,132144,東京都,国分寺市,本町４丁目,2019-12-14,09,その他の住宅（３階建て以下共同住宅等）,駐車（輪）場,20歳代,大学生,施錠した
窃盗,自転車盗,小金井,国分寺駅北口交番,132144,東京都,国分寺市,本町４丁目,2020-02-26,18,駐車（輪）場,駐車（輪）場,65-69歳,その他,施錠した
窃盗,自転車盗,小金井,東小金井駅前交番,132101,東京都,小金井市,梶野町１丁目,2020-05-26,12,その他の住宅（３階建て以下共同住宅等）,駐車（輪）場,20歳代,その他,施錠した
窃盗,自転車盗,小金井,東小金井駅前交番,132101,東京都,小金井市,梶野町１丁目,2020-08-23,21,駐車（輪）場,駐車（輪）場,20歳代,大学生,施錠した
窃盗,自転車盗,小金井,東小金井駅前交番,132101,東京都,小金井市,梶野町２丁目,2020-09-12,13,一戸建住宅,駐車（輪）場,40歳代,その他,施錠した
窃盗,自転車盗,小金井,東小金井駅前交番,132101,東京都,小金井市,梶野町５丁目,2019-12-12,17,道路上,その他,40歳代,その他,施錠した
窃盗,自転車盗,小金井,東小金井駅前交番,132101,東京都,小金井市,梶野町５丁目,2019-12-23,08,駐車（輪）場,駐車（輪）場,20歳代,大学生,施錠した
窃盗,自転車盗,小金井,東小金井駅前交番,132101,東京都,小金井市,梶野町５丁目,2020-02-09,20,駐車（輪）場,駐車（輪）場,40歳代,その他,施錠した
窃盗,自転車盗,小金井,東小金井駅前交番,132101,東京都,小金井市,梶野町５丁目,2020-03-16,17,駐車（輪）場,駐車（輪）場,40歳代,その他,施錠した
窃盗,自転車盗,小金井,東小金井駅前交番,132101,東京都,小金井市,梶野町５丁目,2020-03-30,12,一戸建住宅,駐車（輪）場,10歳代,高校生,施錠した
窃盗,自転車盗,小金井,東小金井駅前交番,132101,東京都,小金井市,梶野町５丁目,2020-07-10,11,駐車（輪）場,駐車（輪）場,20歳代,その他,施錠した
窃盗,自転車盗,小金井,東小金井駅前交番,132101,東京都,小金井市,梶野町５丁目,2020-10-08,21,駐車（輪）場,駐車（輪）場,20歳代,その他,施錠した
窃盗,自転車盗,小金井,東小金井駅前交番,132101,東京都,小金井市,中町２丁目,2020-08-20,12,その他,駐車（輪）場,50歳代,その他,施錠した
窃盗,自転車盗,小金井,東小金井駅前交番,132101,東京都,小金井市,東町３丁目,2019-12-10,22,その他の住宅（３階建て以下共同住宅等）,駐車（輪）場,30歳代,その他,施錠した
窃盗,自転車盗,小金井,東小金井駅前交番,132101,東京都,小金井市,東町３丁目,2020-02-16,17,駐車（輪）場,駐車（輪）場,30歳代,その他,施錠した
窃盗,自転車盗,小金井,東小金井駅前交番,132101,東京都,小金井市,東町３丁目,2020-05-25,08,その他の住宅（３階建て以下共同住宅等）,駐車（輪）場,30歳代,その他,施錠した
窃盗,自転車盗,小金井,東小金井駅前交番,132101,東京都,小金井市,東町４丁目,2019-12-09,08,駐車（輪）場,駐車（輪）場,20歳代,その他,施錠した
窃盗,自転車盗,小金井,東小金井駅前交番,132101,東京都,小金井市,東町４丁目,2019-12-24,19,駐車（輪）場,駐車（輪）場,20歳代,大学生,施錠した
窃盗,自転車盗,小金井,東小金井駅前交番,132101,東京都,小金井市,東町４丁目,2020-02-26,14,駐車（輪）場,駐車（輪）場,20歳代,大学生,施錠した
窃盗,自転車盗,小金井,東小金井駅前交番,132101,東京都,小金井市,東町４丁目,2020-03-15,12,その他の住宅（３階建て以下共同住宅等）,駐車（輪）場,30歳代,その他,施錠した
窃盗,自転車盗,小金井,東小金井駅前交番,132101,東京都,小金井市,東町４丁目,2020-06-09,03,その他の住宅（３階建て以下共同住宅等）,その他,20歳代,その他,施錠した
窃盗,自転車盗,小金井,東小金井駅前交番,132101,東京都,小金井市,東町４丁目,2020-11-01,20,その他の住宅（３階建て以下共同住宅等）,駐車（輪）場,10歳代,大学生,施錠した
窃盗,自転車盗,小金井,東小金井駅前交番,132101,東京都,小金井市,東町４丁目,2020-11-23,17,その他の住宅（３階建て以下共同住宅等）,駐車（輪）場,10歳代,大学生,施錠した
窃盗,自転車盗,小金井,東小金井駅前交番,132101,東京都,小金井市,東町４丁目,2020-11-26,17,その他の住宅（３階建て以下共同住宅等）,駐車（輪）場,20歳代,大学生,施錠した
窃盗,自転車盗,小金井,貫井北町交番,132101,東京都,小金井市,貫井北町１丁目,2020-03-31,11,４階建て以上共同住宅,駐車（輪）場,40歳代,その他,施錠した
窃盗,自転車盗,小金井,貫井北町交番,132101,東京都,小金井市,貫井北町３丁目,2019-11-01,12,その他の住宅（３階建て以下共同住宅等）,駐車（輪）場,50歳代,その他,施錠した
窃盗,自転車盗,小金井,貫井北町交番,132101,東京都,小金井市,貫井北町３丁目,2020-01-23,17,駐車（輪）場,駐車（輪）場,40歳代,その他,施錠した
窃盗,自転車盗,小金井,貫井北町交番,132101,東京都,小金井市,貫井北町３丁目,2020-09-21,19,駐車（輪）場,駐車（輪）場,30歳代,その他,施錠した
窃盗,自転車盗,小金井,貫井北町交番,132101,東京都,小金井市,貫井北町４丁目,2019-12-20,16,その他,駐車（輪）場,20歳代,大学生,施錠した
窃盗,自転車盗,小金井,小金井公園前交番,132101,東京都,小金井市,関野町１丁目,2020-10-27,13,その他,駐車（輪）場,70歳以上,その他,施錠した
窃盗,自転車盗,小金井,新小金井交番,132101,東京都,小金井市,東町１丁目,2020-05-21,09,その他の住宅（３階建て以下共同住宅等）,駐車（輪）場,20歳代,その他,施錠した
窃盗,自転車盗,小金井,新小金井交番,132101,東京都,小金井市,東町１丁目,2020-10-29,11,その他の住宅（３階建て以下共同住宅等）,駐車（輪）場,20歳代,大学生,施錠した
窃盗,自転車盗,小金井,新小金井交番,132101,東京都,小金井市,東町２丁目,2020-09-05,19,その他の住宅（３階建て以下共同住宅等）,その他,20歳代,その他,施錠した
窃盗,自転車盗,小金井,新小金井交番,132101,東京都,小金井市,東町４丁目,2020-04-24,12,駐車（輪）場,駐車（輪）場,20歳代,大学生,施錠した
窃盗,自転車盗,小金井,新小金井交番,132101,東京都,小金井市,東町４丁目,2020-05-23,12,その他の住宅（３階建て以下共同住宅等）,駐車（輪）場,70歳以上,その他,施錠した
窃盗,自転車盗,小金井,新小金井交番,132101,東京都,小金井市,東町４丁目,2020-07-31,17,４階建て以上共同住宅,駐車（輪）場,50歳代,その他,施錠した
窃盗,自転車盗,小金井,新小金井交番,132101,東京都,小金井市,東町４丁目,2020-08-07,21,その他の住宅（３階建て以下共同住宅等）,駐車（輪）場,20歳代,その他,施錠した
窃盗,自転車盗,小金井,新小金井交番,132101,東京都,小金井市,東町４丁目,2020-08-18,22,その他の住宅（３階建て以下共同住宅等）,駐車（輪）場,20歳代,大学生,施錠した
窃盗,自転車盗,小金井,新小金井交番,132101,東京都,小金井市,東町５丁目,2020-04-06,11,その他の住宅（３階建て以下共同住宅等）,駐車（輪）場,20歳代,大学生,施錠した
窃盗,自転車盗,小金井,新小金井交番,132101,東京都,小金井市,東町５丁目,2020-09-17,19,その他の住宅（３階建て以下共同住宅等）,駐車（輪）場,30歳代,その他,施錠した
窃盗,自転車盗,小金井,貫井南町交番,132101,東京都,小金井市,貫井南町３丁目,2020-03-13,22,道路上,その他,10歳代,高校生,施錠した
窃盗,自転車盗,小金井,貫井南町交番,132144,東京都,国分寺市,東元町１丁目,2019-12-13,10,その他の住宅（３階建て以下共同住宅等）,駐車（輪）場,20歳代,その他,施錠した
窃盗,自転車盗,小金井,本多交番,132101,東京都,小金井市,貫井北町１丁目,2020-06-05,10,一戸建住宅,駐車（輪）場,60-64歳,その他,施錠した
窃盗,自転車盗,小金井,本多交番,132144,東京都,国分寺市,本多２丁目,2019-10-07,23,その他の住宅（３階建て以下共同住宅等）,駐車（輪）場,20歳代,大学生,施錠した
窃盗,自転車盗,小金井,本多交番,132144,東京都,国分寺市,本多２丁目,2020-04-06,11,その他,駐車（輪）場,70歳以上,その他,施錠した
窃盗,自転車盗,小金井,本多交番,132144,東京都,国分寺市,本多３丁目,2020-10-01,13,４階建て以上共同住宅,駐車（輪）場,50歳代,その他,施錠した
窃盗,自転車盗,小金井,本多交番,132144,東京都,国分寺市,本多４丁目,2019-11-27,17,その他の住宅（３階建て以下共同住宅等）,駐車（輪）場,40歳代,その他,施錠した
窃盗,自転車盗,小金井,本多交番,132144,東京都,国分寺市,本多４丁目,2020-04-04,07,その他の住宅（３階建て以下共同住宅等）,駐車（輪）場,20歳代,その他,施錠した
窃盗,自転車盗,小金井,本多交番,132144,東京都,国分寺市,本多５丁目,2020-10-02,20,その他の住宅（３階建て以下共同住宅等）,駐車（輪）場,20歳代,その他,施錠した
窃盗,自転車盗,小金井,本多交番,132144,東京都,国分寺市,本多５丁目,2020-10-29,16,その他の住宅（３階建て以下共同住宅等）,駐車（輪）場,30歳代,その他,施錠した
窃盗,自転車盗,小金井,恋ケ窪駅前交番,132144,東京都,国分寺市,東恋ヶ窪５丁目,2020-09-21,09,その他の住宅（３階建て以下共同住宅等）,駐車（輪）場,20歳代,その他,施錠した
窃盗,自転車盗,小金井,恋ケ窪駅前交番,132144,東京都,国分寺市,東恋ヶ窪６丁目,2020-07-20,15,その他の住宅（３階建て以下共同住宅等）,駐車（輪）場,40歳代,その他,施錠した
窃盗,自転車盗,小金井,共益駐在所,132144,東京都,国分寺市,北町１丁目,2020-04-07,17,一戸建住宅,駐車（輪）場,30歳代,その他,施錠した
窃盗,自転車盗,小金井,光町交番,132144,東京都,国分寺市,戸倉２丁目,2020-11-18,08,その他の住宅（３階建て以下共同住宅等）,駐車（輪）場,50歳代,その他,施錠した
窃盗,自転車盗,小金井,光町交番,132144,東京都,国分寺市,内藤２丁目,2020-08-01,12,その他の住宅（３階建て以下共同住宅等）,駐車（輪）場,20歳代,その他,施錠した
窃盗,自転車盗,小金井,光町交番,132144,東京都,国分寺市,光町１丁目,2020-07-02,19,４階建て以上共同住宅,駐車（輪）場,20歳代,その他,施錠した
窃盗,自転車盗,小金井,光町交番,132144,東京都,国分寺市,光町１丁目,2020-08-04,09,道路上,その他,50歳代,その他,施錠した
窃盗,自転車盗,小金井,光町交番,132144,東京都,国分寺市,光町１丁目,2020-09-02,07,４階建て以上共同住宅,駐車（輪）場,50歳代,その他,施錠した
窃盗,自転車盗,小金井,光町交番,132144,東京都,国分寺市,光町１丁目,2020-10-04,10,その他,駐車（輪）場,30歳代,その他,施錠した
窃盗,自転車盗,小金井,光町交番,132144,東京都,国分寺市,光町２丁目,2019-12-09,14,その他の住宅（３階建て以下共同住宅等）,駐車（輪）場,20歳代,その他,施錠した
窃盗,自転車盗,小金井,光町交番,132144,東京都,国分寺市,光町２丁目,2020-08-22,02,４階建て以上共同住宅,駐車（輪）場,20歳代,その他,施錠した
窃盗,自転車盗,小金井,光町交番,132144,東京都,国分寺市,富士本２丁目,2020-06-27,18,その他の住宅（３階建て以下共同住宅等）,駐車（輪）場,10歳代,大学生,施錠した
窃盗,自転車盗,小金井,西町交番,132144,東京都,国分寺市,高木町２丁目,2020-07-18,16,その他の住宅（３階建て以下共同住宅等）,駐車（輪）場,30歳代,その他,施錠した
窃盗,自転車盗,小金井,西町交番,132144,東京都,国分寺市,西町３丁目,2020-03-16,00,４階建て以上共同住宅,その他,30歳代,その他,施錠した
窃盗,自転車盗,小金井,西町交番,132144,東京都,国分寺市,西町５丁目,2020-02-01,10,その他の住宅（３階建て以下共同住宅等）,駐車（輪）場,10歳代,小学生,施錠した
窃盗,自転車盗,小金井,国分寺駅南口交番,132144,東京都,国分寺市,南町２丁目,2020-10-22,07,道路上,その他,10歳代,高校生,施錠した
窃盗,自転車盗,小金井,国分寺駅南口交番,132144,東京都,国分寺市,南町３丁目,2019-12-09,13,道路上,その他,20歳代,大学生,施錠した
窃盗,自転車盗,小金井,国分寺駅南口交番,132144,東京都,国分寺市,南町３丁目,2020-02-10,20,４階建て以上共同住宅,駐車（輪）場,30歳代,その他,施錠した
窃盗,自転車盗,小金井,西国分寺駅前交番,132144,東京都,国分寺市,泉町２丁目,2020-03-13,18,４階建て以上共同住宅,駐車（輪）場,20歳代,その他,施錠した
窃盗,自転車盗,小金井,西国分寺駅前交番,132144,東京都,国分寺市,泉町２丁目,2020-09-15,03,４階建て以上共同住宅,駐車（輪）場,40歳代,その他,施錠した
窃盗,自転車盗,小金井,西国分寺駅前交番,132144,東京都,国分寺市,泉町２丁目,2020-11-01,08,その他の住宅（３階建て以下共同住宅等）,駐車（輪）場,20歳代,大学生,施錠した
窃盗,自転車盗,小金井,西国分寺駅前交番,132144,東京都,国分寺市,泉町３丁目,2019-12-09,10,道路上,その他,20歳代,大学生,施錠した
窃盗,自転車盗,小金井,西国分寺駅前交番,132144,東京都,国分寺市,泉町３丁目,2019-12-17,15,その他,駐車（輪）場,40歳代,その他,施錠した
窃盗,自転車盗,小金井,西国分寺駅前交番,132144,東京都,国分寺市,泉町３丁目,2020-02-22,16,その他,駐車（輪）場,20歳代,大学生,施錠した
窃盗,自転車盗,小金井,西国分寺駅前交番,132144,東京都,国分寺市,泉町３丁目,2020-05-24,19,その他,駐車（輪）場,40歳代,その他,施錠した
窃盗,自転車盗,小金井,西国分寺駅前交番,132144,東京都,国分寺市,泉町３丁目,2020-06-13,13,その他の住宅（３階建て以下共同住宅等）,駐車（輪）場,10歳代,中学生,施錠した
窃盗,自転車盗,小金井,西国分寺駅前交番,132144,東京都,国分寺市,西恋ヶ窪２丁目,2020-01-20,19,その他の住宅（３階建て以下共同住宅等）,駐車（輪）場,20歳代,その他,施錠した
窃盗,自転車盗,小金井,西国分寺駅前交番,132144,東京都,国分寺市,西恋ヶ窪２丁目,2020-09-18,08,駐車（輪）場,駐車（輪）場,20歳代,その他,施錠した
窃盗,自転車盗,小金井,西国分寺駅前交番,132144,東京都,国分寺市,西元町２丁目,2019-09-15,12,その他の住宅（３階建て以下共同住宅等）,駐車（輪）場,20歳代,大学生,施錠した
窃盗,自転車盗,小金井,西国分寺駅前交番,132144,東京都,国分寺市,西元町２丁目,2020-07-31,11,４階建て以上共同住宅,駐車（輪）場,30歳代,その他,施錠した
窃盗,自転車盗,小金井,西国分寺駅前交番,132144,東京都,国分寺市,東恋ヶ窪４丁目,2020-02-15,19,その他の住宅（３階建て以下共同住宅等）,駐車（輪）場,20歳代,その他,施錠した
窃盗,自転車盗,小金井,武蔵小金井駅前交番,132101,東京都,小金井市,中町２丁目,2020-02-18,10,その他,駐車（輪）場,20歳代,大学生,施錠した
窃盗,自転車盗,小金井,武蔵小金井駅前交番,132101,東京都,小金井市,本町１丁目,2019-12-06,18,４階建て以上共同住宅,駐車（輪）場,10歳代,小学生,施錠した
窃盗,自転車盗,小金井,武蔵小金井駅前交番,132101,東京都,小金井市,本町１丁目,2020-03-23,17,４階建て以上共同住宅,駐車（輪）場,20歳代,その他,施錠した
窃盗,自転車盗,小金井,武蔵小金井駅前交番,132101,東京都,小金井市,本町１丁目,2020-08-23,09,道路上,その他,10歳代,高校生,施錠した
窃盗,自転車盗,小金井,武蔵小金井駅前交番,132101,東京都,小金井市,本町１丁目,2020-10-11,14,道路上,その他,10歳代,高校生,施錠した
窃盗,自転車盗,小金井,武蔵小金井駅前交番,132101,東京都,小金井市,本町１丁目,2020-10-27,11,道路上,その他,65-69歳,その他,施錠した
窃盗,自転車盗,小金井,武蔵小金井駅前交番,132101,東京都,小金井市,本町１丁目,2020-11-16,18,駐車（輪）場,駐車（輪）場,60-64歳,その他,施錠した
窃盗,自転車盗,小金井,武蔵小金井駅前交番,132101,東京都,小金井市,本町１丁目,2020-11-22,12,道路上,その他,20歳代,大学生,施錠した
窃盗,自転車盗,小金井,武蔵小金井駅前交番,132101,東京都,小金井市,本町２丁目,2020-01-26,16,その他の住宅（３階建て以下共同住宅等）,駐車（輪）場,70歳以上,その他,施錠した
窃盗,自転車盗,小金井,武蔵小金井駅前交番,132101,東京都,小金井市,本町２丁目,2020-11-07,15,その他の住宅（３階建て以下共同住宅等）,駐車（輪）場,40歳代,その他,施錠した
窃盗,自転車盗,小金井,武蔵小金井駅前交番,132101,東京都,小金井市,本町５丁目,2019-10-01,21,道路上,その他,20歳代,大学生,施錠した
窃盗,自転車盗,小金井,武蔵小金井駅前交番,132101,東京都,小金井市,本町５丁目,2019-12-26,17,その他,駐車（輪）場,10歳代,その他,施錠した
窃盗,自転車盗,小金井,武蔵小金井駅前交番,132101,東京都,小金井市,本町５丁目,2020-02-04,08,駐車（輪）場,駐車（輪）場,50歳代,その他,施錠した
窃盗,自転車盗,小金井,武蔵小金井駅前交番,132101,東京都,小金井市,本町５丁目,2020-10-01,15,駐車（輪）場,駐車（輪）場,20歳代,その他,施錠した
窃盗,自転車盗,小金井,武蔵小金井駅前交番,132101,東京都,小金井市,本町５丁目,2020-11-17,10,その他,駐車（輪）場,40歳代,その他,施錠した
窃盗,自転車盗,小金井,武蔵小金井駅前交番,132101,東京都,小金井市,本町５丁目,2020-11-30,08,その他,駐車（輪）場,10歳代,高校生,施錠した
窃盗,自転車盗,小金井,武蔵小金井駅前交番,132101,東京都,小金井市,本町６丁目,2019-12-06,12,駐車（輪）場,駐車（輪）場,20歳代,その他,施錠した
窃盗,自転車盗,小金井,武蔵小金井駅前交番,132101,東京都,小金井市,前原町３丁目,2020-11-22,20,道路上,その他,20歳代,その他,施錠した
窃盗,自転車盗,小金井,武蔵小金井駅前交番,132101,東京都,小金井市,緑町４丁目,2020-08-16,12,４階建て以上共同住宅,駐車（輪）場,50歳代,その他,施錠した
窃盗,自転車盗,小金井,武蔵小金井駅前交番,132101,東京都,小金井市,緑町５丁目,2020-05-01,12,その他の住宅（３階建て以下共同住宅等）,駐車（輪）場,30歳代,その他,施錠した
窃盗,自転車盗,田無,田無駅前交番,132292,東京都,西東京市,芝久保町１丁目,2020-03-29,11,その他の住宅（３階建て以下共同住宅等）,駐車（輪）場,40歳代,その他,施錠した
窃盗,自転車盗,田無,田無駅前交番,132292,東京都,西東京市,芝久保町２丁目,2020-05-12,10,道路上,その他,60-64歳,その他,施錠した
窃盗,自転車盗,田無,田無駅前交番,132292,東京都,西東京市,芝久保町２丁目,2020-06-10,12,その他の住宅（３階建て以下共同住宅等）,駐車（輪）場,30歳代,その他,施錠した
窃盗,自転車盗,田無,田無駅前交番,132292,東京都,西東京市,芝久保町３丁目,2020-03-11,22,その他,駐車（輪）場,20歳代,その他,施錠した
窃盗,自転車盗,田無,田無駅前交番,132292,東京都,西東京市,芝久保町４丁目,2020-06-04,17,その他の住宅（３階建て以下共同住宅等）,駐車（輪）場,20歳代,その他,施錠した
窃盗,自転車盗,田無,田無駅前交番,132292,東京都,西東京市,田無町２丁目,2020-01-14,12,道路上,その他,70歳以上,その他,施錠した
窃盗,自転車盗,田無,田無駅前交番,132292,東京都,西東京市,田無町２丁目,2020-01-25,13,その他の住宅（３階建て以下共同住宅等）,その他,20歳代,その他,施錠した
窃盗,自転車盗,田無,田無駅前交番,132292,東京都,西東京市,田無町２丁目,2020-03-09,11,道路上,その他,20歳代,大学生,施錠した
窃盗,自転車盗,田無,田無駅前交番,132292,東京都,西東京市,田無町２丁目,2020-05-28,12,４階建て以上共同住宅,駐車（輪）場,40歳代,その他,施錠した
窃盗,自転車盗,田無,田無駅前交番,132292,東京都,西東京市,田無町２丁目,2020-06-26,17,道路上,その他,20歳代,大学生,施錠した
窃盗,自転車盗,田無,田無駅前交番,132292,東京都,西東京市,田無町２丁目,2020-08-25,11,道路上,その他,70歳以上,その他,施錠した
窃盗,自転車盗,田無,田無駅前交番,132292,東京都,西東京市,田無町２丁目,2020-08-29,15,道路上,その他,50歳代,その他,施錠した
窃盗,自転車盗,田無,田無駅前交番,132292,東京都,西東京市,田無町２丁目,2020-09-01,11,道路上,その他,70歳以上,その他,施錠した
窃盗,自転車盗,田無,田無駅前交番,132292,東京都,西東京市,田無町２丁目,2020-09-17,18,道路上,その他,40歳代,その他,施錠した
窃盗,自転車盗,田無,田無駅前交番,132292,東京都,西東京市,田無町２丁目,2020-10-07,06,駐車（輪）場,駐車（輪）場,20歳代,その他,施錠した
窃盗,自転車盗,田無,田無駅前交番,132292,東京都,西東京市,田無町２丁目,2020-10-14,20,その他の住宅（３階建て以下共同住宅等）,駐車（輪）場,30歳代,その他,施錠した
窃盗,自転車盗,田無,田無駅前交番,132292,東京都,西東京市,田無町２丁目,2020-10-18,18,道路上,その他,30歳代,その他,施錠した
窃盗,自転車盗,田無,田無駅前交番,132292,東京都,西東京市,田無町２丁目,2020-11-21,14,その他,駐車（輪）場,10歳代,中学生,施錠した
窃盗,自転車盗,田無,田無駅前交番,132292,東京都,西東京市,田無町３丁目,2020-08-18,14,４階建て以上共同住宅,駐車（輪）場,10歳代,高校生,施錠した
窃盗,自転車盗,田無,田無駅前交番,132292,東京都,西東京市,田無町３丁目,2020-08-21,22,道路上,その他,30歳代,その他,施錠した
窃盗,自転車盗,田無,田無駅前交番,132292,東京都,西東京市,田無町４丁目,2020-02-19,23,道路上,その他,40歳代,その他,施錠した
窃盗,自転車盗,田無,田無駅前交番,132292,東京都,西東京市,田無町４丁目,2020-03-12,11,道路上,その他,20歳代,その他,施錠した
窃盗,自転車盗,田無,田無駅前交番,132292,東京都,西東京市,田無町４丁目,2020-03-20,19,駐車（輪）場,駐車（輪）場,40歳代,その他,施錠した
窃盗,自転車盗,田無,田無駅前交番,132292,東京都,西東京市,田無町４丁目,2020-04-01,20,その他の住宅（３階建て以下共同住宅等）,駐車（輪）場,65-69歳,その他,施錠した
窃盗,自転車盗,田無,田無駅前交番,132292,東京都,西東京市,田無町４丁目,2020-07-08,21,道路上,その他,30歳代,その他,施錠した
窃盗,自転車盗,田無,田無駅前交番,132292,東京都,西東京市,田無町４丁目,2020-07-15,14,その他,駐車（輪）場,65-69歳,その他,施錠した
窃盗,自転車盗,田無,田無駅前交番,132292,東京都,西東京市,田無町４丁目,2020-07-20,07,その他の住宅（３階建て以下共同住宅等）,駐車（輪）場,30歳代,その他,施錠した
窃盗,自転車盗,田無,田無駅前交番,132292,東京都,西東京市,田無町４丁目,2020-10-13,06,駐車（輪）場,駐車（輪）場,30歳代,その他,施錠した
窃盗,自転車盗,田無,田無駅前交番,132292,東京都,西東京市,田無町４丁目,2020-10-24,21,道路上,その他,30歳代,その他,施錠した
窃盗,自転車盗,田無,田無駅前交番,132292,東京都,西東京市,田無町４丁目,2020-10-26,11,駐車（輪）場,駐車（輪）場,50歳代,その他,施錠した
窃盗,自転車盗,田無,田無駅前交番,132292,東京都,西東京市,田無町４丁目,2020-11-13,11,その他,駐車（輪）場,30歳代,その他,施錠した
窃盗,自転車盗,田無,田無駅前交番,132292,東京都,西東京市,田無町７丁目,2020-07-03,08,その他の住宅（３階建て以下共同住宅等）,駐車（輪）場,30歳代,その他,施錠した
窃盗,自転車盗,田無,田無駅前交番,132292,東京都,西東京市,西原町１丁目,2020-04-07,16,その他,駐車（輪）場,10歳代,高校生,施錠した
窃盗,自転車盗,田無,田無駅前交番,132292,東京都,西東京市,南町３丁目,2020-01-21,18,４階建て以上共同住宅,駐車（輪）場,10歳代,その他,施錠した
窃盗,自転車盗,田無,田無駅前交番,132292,東京都,西東京市,南町３丁目,2020-03-09,07,駐車（輪）場,駐車（輪）場,40歳代,その他,施錠した
窃盗,自転車盗,田無,田無駅前交番,132292,東京都,西東京市,南町３丁目,2020-07-05,08,４階建て以上共同住宅,駐車（輪）場,10歳代,中学生,施錠した
窃盗,自転車盗,田無,田無駅前交番,132292,東京都,西東京市,南町３丁目,2020-11-21,21,駐車（輪）場,駐車（輪）場,10歳代,大学生,施錠した
窃盗,自転車盗,田無,田無駅前交番,132292,東京都,西東京市,南町４丁目,2020-02-23,18,駐車（輪）場,駐車（輪）場,20歳代,その他,施錠した
窃盗,自転車盗,田無,田無駅前交番,132292,東京都,西東京市,南町４丁目,2020-03-11,15,その他の住宅（３階建て以下共同住宅等）,駐車（輪）場,20歳代,大学生,施錠した
窃盗,自転車盗,田無,田無駅前交番,132292,東京都,西東京市,南町４丁目,2020-04-09,19,４階建て以上共同住宅,駐車（輪）場,20歳代,その他,施錠した
窃盗,自転車盗,田無,田無駅前交番,132292,東京都,西東京市,南町４丁目,2020-08-01,22,駐車（輪）場,駐車（輪）場,10歳代,高校生,施錠した
窃盗,自転車盗,田無,田無駅前交番,132292,東京都,西東京市,南町４丁目,2020-09-01,00,その他の住宅（３階建て以下共同住宅等）,駐車（輪）場,20歳代,その他,施錠した
窃盗,自転車盗,田無,田無駅前交番,132292,東京都,西東京市,南町５丁目,2020-01-17,06,その他の住宅（３階建て以下共同住宅等）,その他,50歳代,その他,施錠した
窃盗,自転車盗,田無,田無駅前交番,132292,東京都,西東京市,南町５丁目,2020-10-15,07,その他,駐車（輪）場,20歳代,大学生,施錠した
窃盗,自転車盗,田無,田無駅前交番,132292,東京都,西東京市,向台町５丁目,2020-08-19,17,４階建て以上共同住宅,駐車（輪）場,20歳代,その他,施錠した
窃盗,自転車盗,田無,北原町交番,132292,東京都,西東京市,北原町２丁目,2020-04-14,20,４階建て以上共同住宅,駐車（輪）場,30歳代,その他,施錠した
窃盗,自転車盗,田無,北原町交番,132292,東京都,西東京市,田無町３丁目,2020-06-12,09,４階建て以上共同住宅,駐車（輪）場,20歳代,その他,施錠した
窃盗,自転車盗,田無,北原町交番,132292,東京都,西東京市,田無町３丁目,2020-06-21,18,４階建て以上共同住宅,駐車（輪）場,40歳代,その他,施錠した
窃盗,自転車盗,田無,北原町交番,132292,東京都,西東京市,田無町３丁目,2020-12-15,14,４階建て以上共同住宅,駐車（輪）場,10歳代,高校生,施錠した
窃盗,自転車盗,田無,北原町交番,132292,東京都,西東京市,田無町５丁目,2020-08-28,18,４階建て以上共同住宅,駐車（輪）場,40歳代,その他,施錠した
窃盗,自転車盗,田無,北原町交番,132292,東京都,西東京市,田無町５丁目,2020-11-27,16,４階建て以上共同住宅,駐車（輪）場,30歳代,その他,施錠した
窃盗,自転車盗,田無,北原町交番,132292,東京都,西東京市,西原町１丁目,2020-04-08,18,４階建て以上共同住宅,駐車（輪）場,10歳代,高校生,施錠した
窃盗,自転車盗,田無,北原町交番,132292,東京都,西東京市,西原町２丁目,2020-12-07,22,その他の住宅（３階建て以下共同住宅等）,駐車（輪）場,20歳代,その他,施錠した
窃盗,自転車盗,田無,柳沢駅前交番,132292,東京都,西東京市,田無町２丁目,2020-01-11,16,その他,駐車（輪）場,20歳代,その他,施錠した
窃盗,自転車盗,田無,柳沢駅前交番,132292,東京都,西東京市,保谷町３丁目,2019-07-01,08,その他の住宅（３階建て以下共同住宅等）,駐車（輪）場,50歳代,その他,施錠した
窃盗,自転車盗,田無,柳沢駅前交番,132292,東京都,西東京市,保谷町３丁目,2020-06-11,11,その他の住宅（３階建て以下共同住宅等）,駐車（輪）場,20歳代,その他,施錠した
窃盗,自転車盗,田無,柳沢駅前交番,132292,東京都,西東京市,保谷町３丁目,2020-06-18,10,４階建て以上共同住宅,駐車（輪）場,20歳代,大学生,施錠した
窃盗,自転車盗,田無,柳沢駅前交番,132292,東京都,西東京市,南町２丁目,2020-07-15,17,４階建て以上共同住宅,駐車（輪）場,70歳以上,その他,施錠した
窃盗,自転車盗,田無,柳沢駅前交番,132292,東京都,西東京市,柳沢１丁目,2020-07-05,11,４階建て以上共同住宅,駐車（輪）場,20歳代,その他,施錠した
窃盗,自転車盗,田無,柳沢駅前交番,132292,東京都,西東京市,柳沢１丁目,2020-11-20,18,４階建て以上共同住宅,駐車（輪）場,30歳代,その他,施錠した
窃盗,自転車盗,田無,柳沢駅前交番,132292,東京都,西東京市,柳沢５丁目,2020-01-02,19,その他の住宅（３階建て以下共同住宅等）,駐車（輪）場,20歳代,その他,施錠した
窃盗,自転車盗,田無,柳沢駅前交番,132292,東京都,西東京市,柳沢５丁目,2020-03-06,15,一戸建住宅,駐車（輪）場,10歳代,高校生,施錠した
窃盗,自転車盗,田無,柳沢駅前交番,132292,東京都,西東京市,柳沢６丁目,2020-01-02,20,４階建て以上共同住宅,駐車（輪）場,50歳代,その他,施錠した
窃盗,自転車盗,田無,柳沢駅前交番,132292,東京都,西東京市,柳沢６丁目,2020-01-02,20,４階建て以上共同住宅,駐車（輪）場,50歳代,その他,施錠した
窃盗,自転車盗,田無,柳沢駅前交番,132292,東京都,西東京市,柳沢６丁目,2020-10-12,21,４階建て以上共同住宅,駐車（輪）場,10歳代,高校生,施錠した
窃盗,自転車盗,田無,坂下交番,132292,東京都,西東京市,東伏見５丁目,2020-10-16,22,一戸建住宅,その他,30歳代,その他,施錠した
窃盗,自転車盗,田無,坂下交番,132292,東京都,西東京市,向台町３丁目,2020-11-11,14,その他,駐車（輪）場,70歳以上,その他,施錠した
窃盗,自転車盗,田無,坂下交番,132292,東京都,西東京市,柳沢２丁目,2020-09-12,15,４階建て以上共同住宅,駐車（輪）場,60-64歳,その他,施錠した
窃盗,自転車盗,田無,坂下交番,132292,東京都,西東京市,柳沢４丁目,2020-06-17,23,その他の住宅（３階建て以下共同住宅等）,駐車（輪）場,20歳代,大学生,施錠した
窃盗,自転車盗,田無,ひばりが丘団地交番,132225,東京都,東久留米市,ひばりが丘団地,2020-11-10,17,４階建て以上共同住宅,駐車（輪）場,40歳代,大学生,施錠した
窃盗,自転車盗,田無,ひばりが丘団地交番,132225,東京都,東久留米市,南沢５丁目,2020-09-13,00,４階建て以上共同住宅,駐車（輪）場,20歳代,大学生,施錠した
窃盗,自転車盗,田無,ひばりが丘団地交番,132292,東京都,西東京市,ひばりが丘４丁目,2020-11-01,16,４階建て以上共同住宅,駐車（輪）場,40歳代,その他,施錠した
窃盗,自転車盗,田無,ひばりが丘団地交番,132292,東京都,西東京市,緑町３丁目,2020-03-26,18,４階建て以上共同住宅,駐車（輪）場,70歳以上,その他,施錠した
窃盗,自転車盗,田無,保谷駅前交番,132292,東京都,西東京市,泉町５丁目,2020-10-21,20,４階建て以上共同住宅,駐車（輪）場,40歳代,その他,施錠した
窃盗,自転車盗,田無,保谷駅前交番,132292,東京都,西東京市,下保谷３丁目,2020-04-07,19,その他の住宅（３階建て以下共同住宅等）,駐車（輪）場,40歳代,その他,施錠した
窃盗,自転車盗,田無,保谷駅前交番,132292,東京都,西東京市,下保谷４丁目,2020-01-08,20,駐車（輪）場,駐車（輪）場,20歳代,その他,施錠した
窃盗,自転車盗,田無,保谷駅前交番,132292,東京都,西東京市,下保谷４丁目,2020-02-18,10,駐車（輪）場,駐車（輪）場,70歳以上,その他,施錠した
窃盗,自転車盗,田無,保谷駅前交番,132292,東京都,西東京市,下保谷４丁目,2020-04-07,09,駐車（輪）場,駐車（輪）場,20歳代,その他,施錠した
窃盗,自転車盗,田無,保谷駅前交番,132292,東京都,西東京市,下保谷４丁目,2020-08-24,10,その他,駐車（輪）場,10歳代,大学生,施錠した
窃盗,自転車盗,田無,保谷駅前交番,132292,東京都,西東京市,下保谷４丁目,2020-10-19,01,４階建て以上共同住宅,駐車（輪）場,20歳代,大学生,施錠した
窃盗,自転車盗,田無,保谷駅前交番,132292,東京都,西東京市,下保谷４丁目,2020-12-08,07,駐車（輪）場,駐車（輪）場,40歳代,その他,施錠した
窃盗,自転車盗,田無,保谷駅前交番,132292,東京都,西東京市,下保谷５丁目,2020-08-19,12,４階建て以上共同住宅,駐車（輪）場,30歳代,その他,施錠した
窃盗,自転車盗,田無,保谷駅前交番,132292,東京都,西東京市,下保谷５丁目,2020-09-19,20,４階建て以上共同住宅,駐車（輪）場,50歳代,その他,施錠した
窃盗,自転車盗,田無,保谷駅前交番,132292,東京都,西東京市,中町４丁目,2020-03-01,17,その他の住宅（３階建て以下共同住宅等）,その他,10歳代,中学生,施錠した
窃盗,自転車盗,田無,保谷駅前交番,132292,東京都,西東京市,東町３丁目,2020-04-02,06,駐車（輪）場,駐車（輪）場,30歳代,その他,施錠した
窃盗,自転車盗,田無,保谷駅前交番,132292,東京都,西東京市,柳沢２丁目,2020-10-02,21,４階建て以上共同住宅,駐車（輪）場,50歳代,その他,施錠した
窃盗,自転車盗,田無,東伏見交番,132292,東京都,西東京市,東伏見２丁目,2020-06-20,17,その他,駐車（輪）場,10歳未満,小学生,施錠した
窃盗,自転車盗,田無,東伏見交番,132292,東京都,西東京市,東伏見３丁目,2020-02-12,07,道路上,その他,20歳代,大学生,施錠した
窃盗,自転車盗,田無,東伏見交番,132292,東京都,西東京市,東伏見３丁目,2020-06-07,12,駐車（輪）場,駐車（輪）場,70歳以上,その他,施錠した
窃盗,自転車盗,田無,東伏見交番,132292,東京都,西東京市,東伏見３丁目,2020-10-16,10,その他,駐車（輪）場,65-69歳,その他,施錠した
窃盗,自転車盗,田無,東伏見交番,132292,東京都,西東京市,富士町１丁目,2020-02-23,12,４階建て以上共同住宅,駐車（輪）場,30歳代,その他,施錠した
窃盗,自転車盗,田無,東伏見交番,132292,東京都,西東京市,富士町１丁目,2020-06-09,20,その他の住宅（３階建て以下共同住宅等）,駐車（輪）場,30歳代,その他,施錠した
窃盗,自転車盗,田無,東伏見交番,132292,東京都,西東京市,富士町１丁目,2020-11-25,05,一戸建住宅,その他,30歳代,その他,施錠した
窃盗,自転車盗,田無,東伏見交番,132292,東京都,西東京市,富士町１丁目,2020-11-27,13,４階建て以上共同住宅,駐車（輪）場,30歳代,その他,施錠した
窃盗,自転車盗,田無,東伏見交番,132292,東京都,西東京市,富士町３丁目,2020-10-16,06,その他の住宅（３階建て以下共同住宅等）,駐車（輪）場,30歳代,その他,施錠した
窃盗,自転車盗,田無,東伏見交番,132292,東京都,西東京市,富士町４丁目,2020-02-27,12,道路上,その他,20歳代,大学生,施錠した
窃盗,自転車盗,田無,東伏見交番,132292,東京都,西東京市,富士町４丁目,2020-08-07,19,道路上,その他,30歳代,その他,施錠した
窃盗,自転車盗,田無,東伏見交番,132292,東京都,西東京市,富士町６丁目,2020-08-03,12,４階建て以上共同住宅,駐車（輪）場,65-69歳,その他,施錠した
窃盗,自転車盗,田無,泉町交番,132292,東京都,西東京市,中町１丁目,2019-06-21,08,その他,駐車（輪）場,30歳代,その他,施錠した
窃盗,自転車盗,田無,泉町交番,132292,東京都,西東京市,保谷町１丁目,2020-04-08,03,その他の住宅（３階建て以下共同住宅等）,その他,40歳代,その他,施錠した
窃盗,自転車盗,田無,保谷新町交番,132292,東京都,西東京市,新町６丁目,2020-09-17,07,その他,駐車（輪）場,10歳代,高校生,施錠した
窃盗,自転車盗,田無,保谷新町交番,132292,東京都,西東京市,向台町３丁目,2020-03-28,16,４階建て以上共同住宅,駐車（輪）場,50歳代,その他,施錠した
窃盗,自転車盗,田無,保谷新町交番,132292,東京都,西東京市,向台町３丁目,2020-07-23,10,その他,駐車（輪）場,20歳代,その他,施錠した
窃盗,自転車盗,田無,保谷新町交番,132292,東京都,西東京市,向台町４丁目,2020-03-13,21,一戸建住宅,その他,20歳代,大学生,施錠した
窃盗,自転車盗,田無,保谷新町交番,132292,東京都,西東京市,向台町４丁目,2020-05-11,14,その他の住宅（３階建て以下共同住宅等）,駐車（輪）場,10歳代,中学生,施錠した
窃盗,自転車盗,田無,保谷新町交番,132292,東京都,西東京市,向台町４丁目,2020-11-27,19,４階建て以上共同住宅,駐車（輪）場,20歳代,その他,施錠した
窃盗,自転車盗,田無,保谷新町交番,132292,東京都,西東京市,向台町５丁目,2020-08-10,19,その他,駐車（輪）場,10歳代,中学生,施錠した
窃盗,自転車盗,田無,野火止交番,132225,東京都,東久留米市,幸町５丁目,2020-11-01,10,その他の住宅（３階建て以下共同住宅等）,駐車（輪）場,50歳代,その他,施錠した
窃盗,自転車盗,田無,野火止交番,132225,東京都,東久留米市,下里７丁目,2020-06-29,22,その他の住宅（３階建て以下共同住宅等）,駐車（輪）場,30歳代,その他,施錠した
窃盗,自転車盗,田無,野火止交番,132225,東京都,東久留米市,野火止２丁目,2020-10-16,00,その他の住宅（３階建て以下共同住宅等）,駐車（輪）場,70歳以上,その他,施錠した
窃盗,自転車盗,田無,野火止交番,132225,東京都,東久留米市,野火止３丁目,2020-05-24,15,一戸建住宅,駐車（輪）場,20歳代,その他,施錠した
窃盗,自転車盗,田無,滝山交番,132225,東京都,東久留米市,下里３丁目,2019-12-24,13,駐車（輪）場,駐車（輪）場,40歳代,その他,施錠した
窃盗,自転車盗,田無,滝山交番,132225,東京都,東久留米市,下里４丁目,2020-01-12,08,４階建て以上共同住宅,駐車（輪）場,40歳代,その他,施錠した
窃盗,自転車盗,田無,滝山交番,132225,東京都,東久留米市,下里４丁目,2020-01-24,18,その他の住宅（３階建て以下共同住宅等）,駐車（輪）場,40歳代,その他,施錠した
窃盗,自転車盗,田無,滝山交番,132225,東京都,東久留米市,滝山７丁目,2020-09-01,23,道路上,その他,40歳代,その他,施錠した
窃盗,自転車盗,田無,滝山交番,132225,東京都,東久留米市,前沢５丁目,2020-05-25,17,４階建て以上共同住宅,駐車（輪）場,20歳代,その他,施錠した
窃盗,自転車盗,田無,滝山交番,132225,東京都,東久留米市,柳窪２丁目,2020-03-08,00,その他,駐車（輪）場,40歳代,その他,施錠した
窃盗,自転車盗,田無,滝山交番,132225,東京都,東久留米市,柳窪２丁目,2020-08-20,17,その他,駐車（輪）場,10歳代,その他,施錠した
窃盗,自転車盗,田無,南沢交番,132225,東京都,東久留米市,小山１丁目,2020-03-13,00,道路上,その他,50歳代,その他,施錠した
窃盗,自転車盗,田無,南沢交番,132225,東京都,東久留米市,小山３丁目,2020-11-20,19,一戸建住宅,その他,20歳代,その他,施錠した
窃盗,自転車盗,田無,南沢交番,132225,東京都,東久留米市,小山５丁目,2020-01-17,00,一戸建住宅,その他,50歳代,その他,施錠した
窃盗,自転車盗,田無,南沢交番,132225,東京都,東久留米市,中央町１丁目,2020-02-14,07,その他の住宅（３階建て以下共同住宅等）,駐車（輪）場,50歳代,その他,施錠した
窃盗,自転車盗,田無,南沢交番,132225,東京都,東久留米市,中央町２丁目,2020-10-12,16,４階建て以上共同住宅,駐車（輪）場,10歳代,高校生,施錠した
窃盗,自転車盗,田無,南沢交番,132225,東京都,東久留米市,本町１丁目,2020-01-30,10,駐車（輪）場,駐車（輪）場,20歳代,その他,施錠した
窃盗,自転車盗,田無,前沢交番,132225,東京都,東久留米市,前沢４丁目,2020-09-27,15,４階建て以上共同住宅,駐車（輪）場,65-69歳,その他,施錠した
窃盗,自転車盗,田無,学園前駐在所,132225,東京都,東久留米市,学園町１丁目,2020-04-06,08,その他の住宅（３階建て以下共同住宅等）,駐車（輪）場,30歳代,その他,施錠した
窃盗,自転車盗,田無,ひばりが丘駅前交番,132225,東京都,東久留米市,学園町２丁目,2020-02-17,18,一戸建住宅,駐車（輪）場,10歳代,高校生,施錠した
窃盗,自転車盗,田無,ひばりが丘駅前交番,132225,東京都,東久留米市,本町１丁目,2019-11-06,13,道路上,その他,20歳代,その他,施錠した
窃盗,自転車盗,田無,ひばりが丘駅前交番,132292,東京都,西東京市,住吉町３丁目,2020-01-16,09,道路上,その他,40歳代,その他,施錠した
窃盗,自転車盗,田無,ひばりが丘駅前交番,132292,東京都,西東京市,住吉町３丁目,2020-08-24,18,その他,駐車（輪）場,10歳代,中学生,施錠した
窃盗,自転車盗,田無,ひばりが丘駅前交番,132292,東京都,西東京市,住吉町３丁目,2020-08-27,19,一戸建住宅,その他,10歳代,その他,施錠した
窃盗,自転車盗,田無,ひばりが丘駅前交番,132292,東京都,西東京市,ひばりが丘１丁目,2020-01-27,07,駐車（輪）場,駐車（輪）場,20歳代,その他,施錠した
窃盗,自転車盗,田無,ひばりが丘駅前交番,132292,東京都,西東京市,ひばりが丘１丁目,2020-05-11,20,その他,その他,10歳代,高校生,施錠した
窃盗,自転車盗,田無,ひばりが丘駅前交番,132292,東京都,西東京市,ひばりが丘２丁目,2020-11-24,14,４階建て以上共同住宅,駐車（輪）場,30歳代,その他,施錠した
窃盗,自転車盗,田無,ひばりが丘駅前交番,132292,東京都,西東京市,ひばりが丘３丁目,2020-02-28,16,その他,駐車（輪）場,30歳代,その他,施錠した
窃盗,自転車盗,田無,ひばりが丘駅前交番,132292,東京都,西東京市,ひばりが丘北３丁目,2020-01-17,16,駐車（輪）場,駐車（輪）場,10歳代,大学生,施錠した
窃盗,自転車盗,田無,ひばりが丘駅前交番,132292,東京都,西東京市,ひばりが丘北３丁目,2020-02-13,12,駐車（輪）場,駐車（輪）場,20歳代,その他,施錠した
窃盗,自転車盗,田無,ひばりが丘駅前交番,132292,東京都,西東京市,ひばりが丘北３丁目,2020-03-21,07,駐車（輪）場,駐車（輪）場,40歳代,その他,施錠した
窃盗,自転車盗,田無,ひばりが丘駅前交番,132292,東京都,西東京市,ひばりが丘北３丁目,2020-09-18,12,その他,その他,50歳代,その他,施錠した
窃盗,自転車盗,田無,ひばりが丘駅前交番,132292,東京都,西東京市,ひばりが丘北３丁目,2020-09-19,20,４階建て以上共同住宅,その他,20歳代,その他,施錠した
窃盗,自転車盗,田無,ひばりが丘駅前交番,132292,東京都,西東京市,ひばりが丘北３丁目,2020-10-08,10,４階建て以上共同住宅,駐車（輪）場,30歳代,その他,施錠した
窃盗,自転車盗,田無,ひばりが丘駅前交番,132292,東京都,西東京市,ひばりが丘北４丁目,2020-09-05,07,駐車（輪）場,駐車（輪）場,10歳代,高校生,施錠した
窃盗,自転車盗,田無,ひばりが丘駅前交番,132292,東京都,西東京市,ひばりが丘北４丁目,2020-09-11,07,その他,その他,60-64歳,その他,施錠した
窃盗,自転車盗,田無,ひばりが丘駅前交番,132292,東京都,西東京市,ひばりが丘北４丁目,2020-12-14,13,その他の住宅（３階建て以下共同住宅等）,駐車（輪）場,30歳代,その他,施錠した
窃盗,自転車盗,田無,ひばりが丘駅前交番,132292,東京都,西東京市,谷戸町１丁目,2019-12-28,19,４階建て以上共同住宅,駐車（輪）場,10歳代,小学生,施錠した
窃盗,自転車盗,田無,ひばりが丘駅前交番,132292,東京都,西東京市,谷戸町１丁目,2020-03-12,08,４階建て以上共同住宅,駐車（輪）場,10歳代,その他,施錠した
窃盗,自転車盗,田無,ひばりが丘駅前交番,132292,東京都,西東京市,谷戸町２丁目,2020-01-05,15,４階建て以上共同住宅,駐車（輪）場,40歳代,その他,施錠した
窃盗,自転車盗,田無,ひばりが丘駅前交番,132292,東京都,西東京市,谷戸町２丁目,2020-03-22,16,４階建て以上共同住宅,駐車（輪）場,10歳代,高校生,施錠した
窃盗,自転車盗,田無,ひばりが丘駅前交番,132292,東京都,西東京市,谷戸町２丁目,2020-04-04,13,その他の住宅（３階建て以下共同住宅等）,駐車（輪）場,20歳代,大学生,施錠した
窃盗,自転車盗,田無,ひばりが丘駅前交番,132292,東京都,西東京市,谷戸町２丁目,2020-05-07,19,その他,駐車（輪）場,65-69歳,その他,施錠した
窃盗,自転車盗,田無,ひばりが丘駅前交番,132292,東京都,西東京市,谷戸町２丁目,2020-06-23,18,４階建て以上共同住宅,駐車（輪）場,10歳代,大学生,施錠した
窃盗,自転車盗,田無,ひばりが丘駅前交番,132292,東京都,西東京市,谷戸町２丁目,2020-08-19,14,道路上,その他,50歳代,その他,施錠した
窃盗,自転車盗,田無,ひばりが丘駅前交番,132292,東京都,西東京市,谷戸町３丁目,2020-03-29,15,一戸建住宅,駐車（輪）場,70歳以上,その他,施錠した
窃盗,自転車盗,田無,ひばりが丘駅前交番,132292,東京都,西東京市,谷戸町３丁目,2020-05-15,12,その他の住宅（３階建て以下共同住宅等）,その他,65-69歳,その他,施錠した
窃盗,自転車盗,田無,ひばりが丘駅前交番,132292,東京都,西東京市,谷戸町３丁目,2020-11-26,06,４階建て以上共同住宅,駐車（輪）場,20歳代,その他,施錠した
窃盗,自転車盗,田無,下里駐在所,132225,東京都,東久留米市,下里４丁目,2020-08-20,17,４階建て以上共同住宅,駐車（輪）場,50歳代,その他,施錠した
窃盗,自転車盗,田無,下里駐在所,132225,東京都,東久留米市,下里４丁目,2020-10-19,21,４階建て以上共同住宅,駐車（輪）場,50歳代,その他,施錠した
窃盗,自転車盗,田無,下里駐在所,132225,東京都,東久留米市,下里４丁目,2020-11-22,09,その他,駐車（輪）場,10歳代,高校生,施錠した
窃盗,自転車盗,田無,下保谷駐在所,132292,東京都,西東京市,北町１丁目,2020-08-08,12,一戸建住宅,その他,10歳代,高校生,施錠した
窃盗,自転車盗,田無,下保谷駐在所,132292,東京都,西東京市,下保谷２丁目,2020-08-30,17,４階建て以上共同住宅,駐車（輪）場,10歳代,小学生,施錠した
窃盗,自転車盗,田無,下保谷駐在所,132292,東京都,西東京市,下保谷４丁目,2020-09-26,14,駐車（輪）場,駐車（輪）場,50歳代,その他,施錠した
窃盗,自転車盗,田無,東久留米駅前交番,132225,東京都,東久留米市,新川町１丁目,2020-03-03,12,道路上,その他,10歳代,高校生,施錠した
窃盗,自転車盗,田無,東久留米駅前交番,132225,東京都,東久留米市,新川町１丁目,2020-05-24,15,道路上,その他,20歳代,その他,施錠した
窃盗,自転車盗,田無,東久留米駅前交番,132225,東京都,東久留米市,新川町１丁目,2020-07-15,07,４階建て以上共同住宅,駐車（輪）場,20歳代,大学生,施錠した
窃盗,自転車盗,田無,東久留米駅前交番,132225,東京都,東久留米市,新川町１丁目,2020-09-10,08,駐車（輪）場,駐車（輪）場,40歳代,その他,施錠した
窃盗,自転車盗,田無,東久留米駅前交番,132225,東京都,東久留米市,新川町１丁目,2020-12-10,18,道路上,その他,20歳代,その他,施錠した
窃盗,自転車盗,田無,東久留米駅前交番,132225,東京都,東久留米市,浅間町２丁目,2020-02-18,19,一戸建住宅,その他,30歳代,その他,施錠した
窃盗,自転車盗,田無,東久留米駅前交番,132225,東京都,東久留米市,浅間町３丁目,2020-09-04,18,道路上,その他,65-69歳,その他,施錠した
窃盗,自転車盗,田無,東久留米駅前交番,132225,東京都,東久留米市,中央町１丁目,2020-11-07,17,４階建て以上共同住宅,駐車（輪）場,20歳代,その他,施錠した
窃盗,自転車盗,田無,東久留米駅前交番,132225,東京都,東久留米市,氷川台１丁目,2020-05-02,12,その他,駐車（輪）場,40歳代,その他,施錠した
窃盗,自転車盗,田無,東久留米駅前交番,132225,東京都,東久留米市,東本町,2020-02-29,14,４階建て以上共同住宅,駐車（輪）場,30歳代,その他,施錠した
窃盗,自転車盗,田無,東久留米駅前交番,132225,東京都,東久留米市,東本町,2020-04-23,08,駐車（輪）場,駐車（輪）場,40歳代,その他,施錠した
窃盗,自転車盗,田無,東久留米駅前交番,132225,東京都,東久留米市,東本町,2020-05-01,14,４階建て以上共同住宅,駐車（輪）場,10歳代,中学生,施錠した
窃盗,自転車盗,田無,東久留米駅前交番,132225,東京都,東久留米市,東本町,2020-07-10,11,道路上,その他,40歳代,その他,施錠した
窃盗,自転車盗,田無,東久留米駅前交番,132225,東京都,東久留米市,東本町,2020-11-07,17,４階建て以上共同住宅,駐車（輪）場,50歳代,その他,施錠した
窃盗,自転車盗,田無,東久留米駅前交番,132225,東京都,東久留米市,本町１丁目,2019-11-30,15,その他,駐車（輪）場,40歳代,その他,施錠した
窃盗,自転車盗,田無,東久留米駅前交番,132225,東京都,東久留米市,本町１丁目,2020-02-06,07,道路上,その他,60-64歳,その他,施錠した
窃盗,自転車盗,田無,東久留米駅前交番,132225,東京都,東久留米市,本町１丁目,2020-02-15,17,４階建て以上共同住宅,駐車（輪）場,50歳代,その他,施錠した
窃盗,自転車盗,田無,東久留米駅前交番,132225,東京都,東久留米市,本町１丁目,2020-03-07,14,その他の住宅（３階建て以下共同住宅等）,駐車（輪）場,30歳代,その他,施錠した
窃盗,自転車盗,田無,東久留米駅前交番,132225,東京都,東久留米市,本町１丁目,2020-03-18,15,４階建て以上共同住宅,駐車（輪）場,10歳代,その他,施錠した
窃盗,自転車盗,田無,東久留米駅前交番,132225,東京都,東久留米市,本町１丁目,2020-04-21,11,その他,駐車（輪）場,30歳代,その他,施錠した
窃盗,自転車盗,田無,東久留米駅前交番,132225,東京都,東久留米市,本町１丁目,2020-05-30,17,４階建て以上共同住宅,駐車（輪）場,40歳代,その他,施錠した
窃盗,自転車盗,田無,東久留米駅前交番,132225,東京都,東久留米市,本町１丁目,2020-06-30,08,駐車（輪）場,駐車（輪）場,50歳代,その他,施錠した
窃盗,自転車盗,田無,東久留米駅前交番,132225,東京都,東久留米市,本町１丁目,2020-09-10,18,その他の住宅（３階建て以下共同住宅等）,駐車（輪）場,30歳代,その他,施錠した
窃盗,自転車盗,田無,東久留米駅前交番,132225,東京都,東久留米市,本町１丁目,2020-10-10,18,その他,駐車（輪）場,10歳代,大学生,施錠した
窃盗,自転車盗,田無,東久留米駅前交番,132225,東京都,東久留米市,本町１丁目,2020-10-16,18,その他,駐車（輪）場,10歳代,中学生,施錠した
窃盗,自転車盗,田無,東久留米駅前交番,132225,東京都,東久留米市,本町１丁目,2020-11-01,13,駐車（輪）場,駐車（輪）場,10歳代,大学生,施錠した
窃盗,自転車盗,田無,東久留米駅前交番,132292,東京都,西東京市,新町２丁目,2020-01-07,07,道路上,その他,10歳代,高校生,施錠した
窃盗,自転車盗,東村山,東村山駅前交番,132136,東京都,東村山市,恩多町３丁目,2020-12-20,13,その他,駐車（輪）場,10歳代,高校生,施錠した
窃盗,自転車盗,東村山,東村山駅前交番,132136,東京都,東村山市,野口町１丁目,2019-10-01,19,その他の住宅（３階建て以下共同住宅等）,駐車（輪）場,20歳代,その他,施錠した
窃盗,自転車盗,東村山,東村山駅前交番,132136,東京都,東村山市,野口町１丁目,2020-02-06,05,駐車（輪）場,駐車（輪）場,50歳代,その他,施錠した
窃盗,自転車盗,東村山,東村山駅前交番,132136,東京都,東村山市,野口町１丁目,2020-08-09,17,その他の住宅（３階建て以下共同住宅等）,駐車（輪）場,20歳代,その他,施錠した
窃盗,自転車盗,東村山,東村山駅前交番,132136,東京都,東村山市,野口町１丁目,2020-10-26,05,駐車（輪）場,駐車（輪）場,10歳代,その他,施錠した
窃盗,自転車盗,東村山,東村山駅前交番,132136,東京都,東村山市,野口町１丁目,2020-11-05,07,駐車（輪）場,駐車（輪）場,10歳代,高校生,施錠した
窃盗,自転車盗,東村山,東村山駅前交番,132136,東京都,東村山市,野口町１丁目,2020-11-24,11,駐車（輪）場,駐車（輪）場,40歳代,その他,施錠した
窃盗,自転車盗,東村山,東村山駅前交番,132136,東京都,東村山市,本町２丁目,2020-01-24,11,道路上,その他,10歳代,高校生,施錠した
窃盗,自転車盗,東村山,東村山駅前交番,132136,東京都,東村山市,本町２丁目,2020-02-09,10,道路上,その他,10歳代,小学生,施錠した
窃盗,自転車盗,東村山,東村山駅前交番,132136,東京都,東村山市,本町２丁目,2020-02-29,17,４階建て以上共同住宅,その他,50歳代,その他,施錠した
窃盗,自転車盗,東村山,東村山駅前交番,132136,東京都,東村山市,本町２丁目,2020-03-04,09,４階建て以上共同住宅,駐車（輪）場,70歳以上,その他,施錠した
窃盗,自転車盗,東村山,東村山駅前交番,132136,東京都,東村山市,本町２丁目,2020-03-24,12,駐車（輪）場,駐車（輪）場,10歳代,高校生,施錠した
窃盗,自転車盗,東村山,東村山駅前交番,132136,東京都,東村山市,本町３丁目,2020-02-08,20,４階建て以上共同住宅,駐車（輪）場,20歳代,その他,施錠した
窃盗,自転車盗,東村山,八坂交番,132136,東京都,東村山市,栄町３丁目,2020-02-01,16,４階建て以上共同住宅,駐車（輪）場,70歳以上,その他,施錠した
窃盗,自転車盗,東村山,八坂交番,132136,東京都,東村山市,栄町３丁目,2020-02-17,09,駐車（輪）場,駐車（輪）場,20歳代,大学生,施錠した
窃盗,自転車盗,東村山,八坂交番,132136,東京都,東村山市,栄町３丁目,2020-02-17,16,駐車（輪）場,駐車（輪）場,10歳代,高校生,施錠した
窃盗,自転車盗,東村山,八坂交番,132136,東京都,東村山市,栄町３丁目,2020-03-17,19,駐車（輪）場,駐車（輪）場,10歳代,その他,施錠した
窃盗,自転車盗,東村山,八坂交番,132136,東京都,東村山市,栄町３丁目,2020-03-24,09,駐車（輪）場,駐車（輪）場,20歳代,その他,施錠した
窃盗,自転車盗,東村山,八坂交番,132136,東京都,東村山市,栄町３丁目,2020-08-25,14,４階建て以上共同住宅,駐車（輪）場,60-64歳,その他,施錠した
窃盗,自転車盗,東村山,八坂交番,132136,東京都,東村山市,萩山町３丁目,2020-03-06,18,４階建て以上共同住宅,駐車（輪）場,10歳代,その他,施錠した
窃盗,自転車盗,東村山,八坂交番,132136,東京都,東村山市,富士見町１丁目,2020-03-17,13,４階建て以上共同住宅,駐車（輪）場,50歳代,その他,施錠した
窃盗,自転車盗,東村山,八坂交番,132136,東京都,東村山市,富士見町１丁目,2020-09-22,00,一戸建住宅,駐車（輪）場,10歳代,大学生,施錠した
窃盗,自転車盗,東村山,八坂交番,132136,東京都,東村山市,富士見町１丁目,2020-10-13,14,４階建て以上共同住宅,その他,70歳以上,その他,施錠した
窃盗,自転車盗,東村山,八坂交番,132136,東京都,東村山市,富士見町２丁目,2020-07-24,23,その他の住宅（３階建て以下共同住宅等）,駐車（輪）場,20歳代,大学生,施錠した
窃盗,自転車盗,東村山,八坂交番,132136,東京都,東村山市,富士見町３丁目,2020-02-05,11,その他,駐車（輪）場,70歳以上,その他,施錠した
窃盗,自転車盗,東村山,八坂交番,132136,東京都,東村山市,富士見町５丁目,2020-03-27,09,その他,駐車（輪）場,65-69歳,その他,施錠した
窃盗,自転車盗,東村山,八坂交番,132136,東京都,東村山市,美住町１丁目,2020-03-06,23,４階建て以上共同住宅,駐車（輪）場,40歳代,その他,施錠した
窃盗,自転車盗,東村山,八坂交番,132136,東京都,東村山市,美住町１丁目,2020-07-18,21,一戸建住宅,駐車（輪）場,40歳代,その他,施錠した
窃盗,自転車盗,東村山,八坂交番,132136,東京都,東村山市,美住町１丁目,2020-08-10,20,４階建て以上共同住宅,駐車（輪）場,20歳代,その他,施錠した
窃盗,自転車盗,東村山,久米川駅前交番,132136,東京都,東村山市,恩多町２丁目,2020-07-28,19,４階建て以上共同住宅,駐車（輪）場,65-69歳,その他,施錠した
窃盗,自転車盗,東村山,久米川駅前交番,132136,東京都,東村山市,栄町１丁目,2020-02-28,11,その他,駐車（輪）場,40歳代,その他,施錠した
窃盗,自転車盗,東村山,久米川駅前交番,132136,東京都,東村山市,栄町１丁目,2020-04-13,12,その他の住宅（３階建て以下共同住宅等）,駐車（輪）場,30歳代,その他,施錠した
窃盗,自転車盗,東村山,久米川駅前交番,132136,東京都,東村山市,栄町１丁目,2020-04-22,15,４階建て以上共同住宅,駐車（輪）場,40歳代,その他,施錠した
窃盗,自転車盗,東村山,久米川駅前交番,132136,東京都,東村山市,栄町１丁目,2020-06-10,18,道路上,その他,60-64歳,その他,施錠した
窃盗,自転車盗,東村山,久米川駅前交番,132136,東京都,東村山市,栄町１丁目,2020-08-09,18,その他,駐車（輪）場,70歳以上,その他,施錠した
窃盗,自転車盗,東村山,久米川駅前交番,132136,東京都,東村山市,栄町１丁目,2020-08-10,17,一戸建住宅,駐車（輪）場,40歳代,その他,施錠した
窃盗,自転車盗,東村山,久米川駅前交番,132136,東京都,東村山市,栄町１丁目,2020-11-04,18,４階建て以上共同住宅,駐車（輪）場,10歳代,その他,施錠した
窃盗,自転車盗,東村山,久米川駅前交番,132136,東京都,東村山市,栄町２丁目,2020-02-21,20,４階建て以上共同住宅,駐車（輪）場,20歳代,その他,施錠した
窃盗,自転車盗,東村山,久米川駅前交番,132136,東京都,東村山市,栄町２丁目,2020-02-21,20,４階建て以上共同住宅,駐車（輪）場,20歳代,その他,施錠した
窃盗,自転車盗,東村山,久米川駅前交番,132136,東京都,東村山市,栄町２丁目,2020-04-29,21,４階建て以上共同住宅,駐車（輪）場,40歳代,その他,施錠した
窃盗,自転車盗,東村山,久米川駅前交番,132136,東京都,東村山市,栄町２丁目,2020-09-06,17,４階建て以上共同住宅,駐車（輪）場,10歳代,高校生,施錠した
窃盗,自転車盗,東村山,久米川駅前交番,132136,東京都,東村山市,萩山町４丁目,2020-05-31,18,一戸建住宅,駐車（輪）場,10歳代,その他,施錠した
窃盗,自転車盗,東村山,久米川駅前交番,132136,東京都,東村山市,本町４丁目,2020-09-20,21,４階建て以上共同住宅,駐車（輪）場,60-64歳,その他,施錠した
窃盗,自転車盗,東村山,清瀬駅前交番,132217,東京都,清瀬市,松山１丁目,2020-01-12,15,道路上,その他,10歳代,高校生,施錠した
窃盗,自転車盗,東村山,清瀬駅前交番,132217,東京都,清瀬市,松山１丁目,2020-05-02,19,道路上,その他,20歳代,その他,施錠した
窃盗,自転車盗,東村山,清瀬駅前交番,132217,東京都,清瀬市,松山１丁目,2020-05-06,15,その他,駐車（輪）場,40歳代,その他,施錠した
窃盗,自転車盗,東村山,清瀬駅前交番,132217,東京都,清瀬市,松山１丁目,2020-06-19,20,４階建て以上共同住宅,駐車（輪）場,20歳代,その他,施錠した
窃盗,自転車盗,東村山,清瀬駅前交番,132217,東京都,清瀬市,松山１丁目,2020-08-08,08,駐車（輪）場,駐車（輪）場,50歳代,その他,施錠した
窃盗,自転車盗,東村山,清瀬駅前交番,132217,東京都,清瀬市,松山１丁目,2020-08-14,18,その他,駐車（輪）場,20歳代,その他,施錠した
窃盗,自転車盗,東村山,清瀬駅前交番,132217,東京都,清瀬市,松山１丁目,2020-08-22,01,その他の住宅（３階建て以下共同住宅等）,駐車（輪）場,20歳代,その他,施錠した
窃盗,自転車盗,東村山,清瀬駅前交番,132217,東京都,清瀬市,松山１丁目,2020-10-13,20,４階建て以上共同住宅,その他,70歳以上,その他,施錠した
窃盗,自転車盗,東村山,清瀬駅前交番,132217,東京都,清瀬市,松山１丁目,2020-11-28,22,その他,その他,20歳代,その他,施錠した
窃盗,自転車盗,東村山,清瀬駅前交番,132217,東京都,清瀬市,松山２丁目,2020-04-26,08,その他の住宅（３階建て以下共同住宅等）,駐車（輪）場,20歳代,その他,施錠した
窃盗,自転車盗,東村山,清瀬駅前交番,132217,東京都,清瀬市,元町１丁目,2019-12-01,12,道路上,その他,30歳代,その他,施錠した
窃盗,自転車盗,東村山,清瀬駅前交番,132217,東京都,清瀬市,元町１丁目,2020-01-05,11,道路上,その他,60-64歳,その他,施錠した
窃盗,自転車盗,東村山,清瀬駅前交番,132217,東京都,清瀬市,元町１丁目,2020-01-06,18,道路上,その他,40歳代,その他,施錠した
窃盗,自転車盗,東村山,清瀬駅前交番,132217,東京都,清瀬市,元町１丁目,2020-01-17,08,その他の住宅（３階建て以下共同住宅等）,駐車（輪）場,40歳代,その他,施錠した
窃盗,自転車盗,東村山,清瀬駅前交番,132217,東京都,清瀬市,元町１丁目,2020-01-21,19,道路上,その他,20歳代,大学生,施錠した
窃盗,自転車盗,東村山,清瀬駅前交番,132217,東京都,清瀬市,元町１丁目,2020-01-21,19,道路上,その他,40歳代,その他,施錠した
窃盗,自転車盗,東村山,清瀬駅前交番,132217,東京都,清瀬市,元町１丁目,2020-02-02,10,道路上,その他,70歳以上,その他,施錠した
窃盗,自転車盗,東村山,清瀬駅前交番,132217,東京都,清瀬市,元町１丁目,2020-02-02,20,道路上,その他,法人・団体、被害者なし,法人・団体、被害者なし,施錠した
窃盗,自転車盗,東村山,清瀬駅前交番,132217,東京都,清瀬市,元町１丁目,2020-02-09,12,道路上,その他,20歳代,大学生,施錠した
窃盗,自転車盗,東村山,清瀬駅前交番,132217,東京都,清瀬市,元町１丁目,2020-02-10,10,その他,駐車（輪）場,40歳代,その他,施錠した
窃盗,自転車盗,東村山,清瀬駅前交番,132217,東京都,清瀬市,元町１丁目,2020-02-20,12,その他,駐車（輪）場,70歳以上,その他,施錠した
窃盗,自転車盗,東村山,清瀬駅前交番,132217,東京都,清瀬市,元町１丁目,2020-02-20,18,道路上,その他,30歳代,その他,施錠した
窃盗,自転車盗,東村山,清瀬駅前交番,132217,東京都,清瀬市,元町１丁目,2020-02-25,18,道路上,その他,40歳代,その他,施錠した
窃盗,自転車盗,東村山,清瀬駅前交番,132217,東京都,清瀬市,元町１丁目,2020-03-18,13,道路上,その他,20歳代,大学生,施錠した
窃盗,自転車盗,東村山,清瀬駅前交番,132217,東京都,清瀬市,元町１丁目,2020-04-10,14,道路上,その他,法人・団体、被害者なし,法人・団体、被害者なし,施錠した
窃盗,自転車盗,東村山,清瀬駅前交番,132217,東京都,清瀬市,元町１丁目,2020-04-24,17,道路上,その他,30歳代,その他,施錠した
窃盗,自転車盗,東村山,清瀬駅前交番,132217,東京都,清瀬市,元町１丁目,2020-05-05,17,道路上,その他,60-64歳,その他,施錠した
窃盗,自転車盗,東村山,清瀬駅前交番,132217,東京都,清瀬市,元町１丁目,2020-05-05,18,道路上,その他,20歳代,その他,施錠した
窃盗,自転車盗,東村山,清瀬駅前交番,132217,東京都,清瀬市,元町１丁目,2020-06-16,18,道路上,その他,30歳代,その他,施錠した
窃盗,自転車盗,東村山,清瀬駅前交番,132217,東京都,清瀬市,元町１丁目,2020-07-30,13,駐車（輪）場,駐車（輪）場,20歳代,大学生,施錠した
窃盗,自転車盗,東村山,清瀬駅前交番,132217,東京都,清瀬市,元町１丁目,2020-09-15,18,道路上,その他,50歳代,その他,施錠した
窃盗,自転車盗,東村山,清瀬駅前交番,132217,東京都,清瀬市,元町１丁目,2020-09-27,18,道路上,その他,40歳代,その他,施錠した
窃盗,自転車盗,東村山,清瀬駅前交番,132217,東京都,清瀬市,元町１丁目,2020-11-16,07,その他の住宅（３階建て以下共同住宅等）,駐車（輪）場,30歳代,その他,施錠した
窃盗,自転車盗,東村山,清瀬駅前交番,132217,東京都,清瀬市,元町１丁目,2020-11-23,17,その他,駐車（輪）場,20歳代,その他,施錠した
窃盗,自転車盗,東村山,清瀬駅前交番,132217,東京都,清瀬市,元町１丁目,2020-12-06,18,道路上,その他,30歳代,その他,施錠した
窃盗,自転車盗,東村山,久米川駐在所,132136,東京都,東村山市,久米川町３丁目,2020-08-13,17,その他,駐車（輪）場,40歳代,その他,施錠した
窃盗,自転車盗,東村山,久米川駐在所,132136,東京都,東村山市,久米川町４丁目,2020-01-19,16,その他,駐車（輪）場,20歳代,その他,施錠した
窃盗,自転車盗,東村山,久米川駐在所,132136,東京都,東村山市,久米川町４丁目,2020-01-20,13,その他,駐車（輪）場,20歳代,その他,施錠した
窃盗,自転車盗,東村山,久米川駐在所,132136,東京都,東村山市,久米川町４丁目,2020-05-30,10,その他の住宅（３階建て以下共同住宅等）,駐車（輪）場,20歳代,大学生,施錠した
窃盗,自転車盗,東村山,秋津三丁目交番,132136,東京都,東村山市,青葉町３丁目,2020-06-17,17,その他の住宅（３階建て以下共同住宅等）,駐車（輪）場,20歳代,大学生,施錠した
窃盗,自転車盗,東村山,秋津三丁目交番,132136,東京都,東村山市,秋津町２丁目,2020-01-11,11,駐車（輪）場,駐車（輪）場,70歳以上,その他,施錠した
窃盗,自転車盗,東村山,秋津三丁目交番,132136,東京都,東村山市,秋津町２丁目,2020-02-04,23,その他の住宅（３階建て以下共同住宅等）,駐車（輪）場,30歳代,その他,施錠した
窃盗,自転車盗,東村山,秋津三丁目交番,132136,東京都,東村山市,秋津町２丁目,2020-07-23,19,一戸建住宅,駐車（輪）場,10歳代,その他,施錠した
窃盗,自転車盗,東村山,秋津三丁目交番,132136,東京都,東村山市,秋津町３丁目,2020-02-03,00,一戸建住宅,駐車（輪）場,40歳代,その他,施錠した
窃盗,自転車盗,東村山,中清戸駐在所,132217,東京都,清瀬市,上清戸１丁目,2020-06-22,17,その他,駐車（輪）場,20歳代,その他,施錠した
窃盗,自転車盗,東村山,中里駐在所,132217,東京都,清瀬市,中里２丁目,2020-06-20,23,その他の住宅（３階建て以下共同住宅等）,駐車（輪）場,20歳代,その他,施錠した
窃盗,自転車盗,東村山,秋津駅前交番,132136,東京都,東村山市,秋津町１丁目,2020-04-15,11,その他の住宅（３階建て以下共同住宅等）,駐車（輪）場,30歳代,その他,施錠した
窃盗,自転車盗,東村山,秋津駅前交番,132136,東京都,東村山市,秋津町１丁目,2020-07-28,20,その他の住宅（３階建て以下共同住宅等）,駐車（輪）場,20歳代,大学生,施錠した
窃盗,自転車盗,東村山,秋津駅前交番,132136,東京都,東村山市,秋津町４丁目,2020-01-22,23,一戸建住宅,駐車（輪）場,40歳代,その他,施錠した
窃盗,自転車盗,東村山,秋津駅前交番,132136,東京都,東村山市,秋津町５丁目,2020-01-03,17,駐車（輪）場,駐車（輪）場,30歳代,その他,施錠した
窃盗,自転車盗,東村山,秋津駅前交番,132136,東京都,東村山市,秋津町５丁目,2020-01-12,08,駐車（輪）場,駐車（輪）場,20歳代,その他,施錠した
窃盗,自転車盗,東村山,秋津駅前交番,132136,東京都,東村山市,秋津町５丁目,2020-01-29,17,駐車（輪）場,駐車（輪）場,50歳代,その他,施錠した
窃盗,自転車盗,東村山,秋津駅前交番,132136,東京都,東村山市,秋津町５丁目,2020-02-06,10,その他,駐車（輪）場,20歳代,その他,施錠した
窃盗,自転車盗,東村山,秋津駅前交番,132136,東京都,東村山市,秋津町５丁目,2020-03-07,15,一戸建住宅,駐車（輪）場,40歳代,その他,施錠した
窃盗,自転車盗,東村山,秋津駅前交番,132136,東京都,東村山市,秋津町５丁目,2020-04-07,08,駐車（輪）場,駐車（輪）場,70歳以上,その他,施錠した
窃盗,自転車盗,東村山,秋津駅前交番,132136,東京都,東村山市,秋津町５丁目,2020-07-04,09,その他,駐車（輪）場,30歳代,その他,施錠した
窃盗,自転車盗,東村山,秋津駅前交番,132136,東京都,東村山市,秋津町５丁目,2020-09-18,06,駐車（輪）場,駐車（輪）場,20歳代,その他,施錠した
窃盗,自転車盗,東村山,秋津駅前交番,132136,東京都,東村山市,秋津町５丁目,2020-10-06,06,駐車（輪）場,駐車（輪）場,20歳代,その他,施錠した
窃盗,自転車盗,東村山,秋津駅前交番,132136,東京都,東村山市,秋津町５丁目,2020-12-24,15,駐車（輪）場,駐車（輪）場,10歳代,高校生,施錠した
窃盗,自転車盗,東村山,秋津駅前交番,132217,東京都,清瀬市,野塩１丁目,2020-04-30,14,４階建て以上共同住宅,駐車（輪）場,30歳代,その他,施錠した
窃盗,自転車盗,東村山,秋津駅前交番,132217,東京都,清瀬市,野塩１丁目,2020-05-04,19,一戸建住宅,駐車（輪）場,40歳代,その他,施錠した
窃盗,自転車盗,東村山,旭が丘交番,132217,東京都,清瀬市,旭が丘１丁目,2020-07-15,18,４階建て以上共同住宅,駐車（輪）場,10歳代,高校生,施錠した
窃盗,自転車盗,東村山,旭が丘交番,132217,東京都,清瀬市,旭が丘２丁目,2020-02-23,12,その他,駐車（輪）場,40歳代,その他,施錠した
窃盗,自転車盗,東村山,旭が丘交番,132217,東京都,清瀬市,旭が丘６丁目,2020-03-30,10,一戸建住宅,駐車（輪）場,50歳代,その他,施錠した
窃盗,自転車盗,東村山,竹丘駐在所,132217,東京都,清瀬市,竹丘１丁目,2020-01-15,12,４階建て以上共同住宅,駐車（輪）場,30歳代,その他,施錠した
窃盗,自転車盗,東村山,竹丘駐在所,132217,東京都,清瀬市,竹丘１丁目,2020-12-27,13,４階建て以上共同住宅,駐車（輪）場,10歳代,小学生,施錠した
窃盗,自転車盗,東村山,萩山駐在所,132136,東京都,東村山市,萩山町１丁目,2020-01-10,15,一戸建住宅,駐車（輪）場,50歳代,その他,施錠した
窃盗,自転車盗,東村山,萩山駐在所,132136,東京都,東村山市,萩山町２丁目,2020-10-05,14,その他,駐車（輪）場,20歳代,その他,施錠した
窃盗,自転車盗,東村山,下清戸駐在所,132217,東京都,清瀬市,中清戸４丁目,2020-06-08,17,４階建て以上共同住宅,駐車（輪）場,40歳代,その他,施錠した
窃盗,自転車盗,東村山,下清戸駐在所,132217,東京都,清瀬市,中清戸４丁目,2020-10-30,18,４階建て以上共同住宅,駐車（輪）場,10歳代,高校生,施錠した
窃盗,自転車盗,東村山,下清戸駐在所,132217,東京都,清瀬市,中清戸４丁目,2020-12-12,06,その他の住宅（３階建て以下共同住宅等）,駐車（輪）場,70歳以上,その他,施錠した
窃盗,自転車盗,武蔵野,吉祥寺駅西口交番,132039,東京都,武蔵野市,吉祥寺南町１丁目,2019-12-27,12,道路上,その他,70歳以上,その他,施錠した
窃盗,自転車盗,武蔵野,吉祥寺駅西口交番,132039,東京都,武蔵野市,吉祥寺南町１丁目,2020-02-07,18,駐車（輪）場,駐車（輪）場,20歳代,その他,施錠した
窃盗,自転車盗,武蔵野,吉祥寺駅西口交番,132039,東京都,武蔵野市,吉祥寺南町１丁目,2020-03-13,09,その他,駐車（輪）場,40歳代,その他,施錠した
窃盗,自転車盗,武蔵野,吉祥寺駅西口交番,132039,東京都,武蔵野市,吉祥寺南町１丁目,2020-06-10,17,その他,駐車（輪）場,20歳代,大学生,施錠した
窃盗,自転車盗,武蔵野,吉祥寺駅西口交番,132039,東京都,武蔵野市,吉祥寺南町１丁目,2020-07-28,16,４階建て以上共同住宅,駐車（輪）場,30歳代,その他,施錠した
窃盗,自転車盗,武蔵野,吉祥寺駅西口交番,132039,東京都,武蔵野市,吉祥寺南町４丁目,2020-08-05,12,道路上,その他,30歳代,その他,施錠した
窃盗,自転車盗,武蔵野,吉祥寺駅西口交番,132039,東京都,武蔵野市,御殿山１丁目,2019-12-23,08,駐車（輪）場,駐車（輪）場,60-64歳,その他,施錠した
窃盗,自転車盗,武蔵野,吉祥寺駅西口交番,132039,東京都,武蔵野市,御殿山１丁目,2020-01-15,17,道路上,その他,40歳代,その他,施錠した
窃盗,自転車盗,武蔵野,吉祥寺駅西口交番,132039,東京都,武蔵野市,御殿山１丁目,2020-01-30,22,駐車（輪）場,駐車（輪）場,20歳代,大学生,施錠した
窃盗,自転車盗,武蔵野,吉祥寺駅西口交番,132039,東京都,武蔵野市,御殿山１丁目,2020-02-18,04,その他,駐車（輪）場,20歳代,大学生,施錠した
窃盗,自転車盗,武蔵野,吉祥寺駅西口交番,132039,東京都,武蔵野市,御殿山１丁目,2020-03-14,17,その他,駐車（輪）場,10歳代,高校生,施錠した
窃盗,自転車盗,武蔵野,吉祥寺駅西口交番,132039,東京都,武蔵野市,御殿山１丁目,2020-03-22,08,４階建て以上共同住宅,駐車（輪）場,10歳代,中学生,施錠した
窃盗,自転車盗,武蔵野,吉祥寺駅西口交番,132039,東京都,武蔵野市,御殿山１丁目,2020-03-28,13,その他,駐車（輪）場,10歳代,高校生,施錠した
窃盗,自転車盗,武蔵野,吉祥寺駅西口交番,132039,東京都,武蔵野市,御殿山１丁目,2020-05-01,10,駐車（輪）場,駐車（輪）場,20歳代,大学生,施錠した
窃盗,自転車盗,武蔵野,吉祥寺駅西口交番,132039,東京都,武蔵野市,御殿山１丁目,2020-07-03,08,駐車（輪）場,駐車（輪）場,10歳代,高校生,施錠した
窃盗,自転車盗,武蔵野,吉祥寺駅西口交番,132039,東京都,武蔵野市,御殿山１丁目,2020-09-04,17,駐車（輪）場,駐車（輪）場,20歳代,その他,施錠した
窃盗,自転車盗,武蔵野,吉祥寺駅西口交番,132039,東京都,武蔵野市,御殿山１丁目,2020-11-01,14,その他,駐車（輪）場,20歳代,大学生,施錠した
窃盗,自転車盗,武蔵野,吉祥寺駅西口交番,132039,東京都,武蔵野市,御殿山１丁目,2020-11-01,22,４階建て以上共同住宅,駐車（輪）場,30歳代,その他,施錠した
窃盗,自転車盗,武蔵野,南町交番,132039,東京都,武蔵野市,吉祥寺南町３丁目,2020-01-31,21,４階建て以上共同住宅,駐車（輪）場,20歳代,その他,施錠した
窃盗,自転車盗,武蔵野,南町交番,132039,東京都,武蔵野市,吉祥寺南町３丁目,2020-03-25,20,４階建て以上共同住宅,駐車（輪）場,40歳代,その他,施錠した
窃盗,自転車盗,武蔵野,南町交番,132039,東京都,武蔵野市,吉祥寺南町３丁目,2020-04-10,00,その他の住宅（３階建て以下共同住宅等）,駐車（輪）場,20歳代,その他,施錠した
窃盗,自転車盗,武蔵野,吉祥寺駅東口交番,132039,東京都,武蔵野市,吉祥寺本町１丁目,2019-09-29,21,駐車（輪）場,駐車（輪）場,40歳代,その他,施錠した
窃盗,自転車盗,武蔵野,吉祥寺駅東口交番,132039,東京都,武蔵野市,吉祥寺本町１丁目,2019-11-21,23,その他,駐車（輪）場,40歳代,その他,施錠した
窃盗,自転車盗,武蔵野,吉祥寺駅東口交番,132039,東京都,武蔵野市,吉祥寺本町１丁目,2019-12-02,18,駐車（輪）場,駐車（輪）場,20歳代,大学生,施錠した
窃盗,自転車盗,武蔵野,吉祥寺駅東口交番,132039,東京都,武蔵野市,吉祥寺本町１丁目,2019-12-27,08,駐車（輪）場,駐車（輪）場,50歳代,その他,施錠した
窃盗,自転車盗,武蔵野,吉祥寺駅東口交番,132039,東京都,武蔵野市,吉祥寺本町１丁目,2020-01-21,17,駐車（輪）場,駐車（輪）場,40歳代,その他,施錠した
窃盗,自転車盗,武蔵野,吉祥寺駅東口交番,132039,東京都,武蔵野市,吉祥寺本町１丁目,2020-02-05,20,その他の住宅（３階建て以下共同住宅等）,駐車（輪）場,20歳代,その他,施錠した
窃盗,自転車盗,武蔵野,吉祥寺駅東口交番,132039,東京都,武蔵野市,吉祥寺本町１丁目,2020-02-17,12,駐車（輪）場,駐車（輪）場,10歳代,大学生,施錠した
窃盗,自転車盗,武蔵野,吉祥寺駅東口交番,132039,東京都,武蔵野市,吉祥寺本町１丁目,2020-02-18,07,４階建て以上共同住宅,駐車（輪）場,40歳代,その他,施錠した
窃盗,自転車盗,武蔵野,吉祥寺駅東口交番,132039,東京都,武蔵野市,吉祥寺本町１丁目,2020-02-22,21,道路上,その他,40歳代,その他,施錠した
窃盗,自転車盗,武蔵野,吉祥寺駅東口交番,132039,東京都,武蔵野市,吉祥寺本町１丁目,2020-02-25,17,その他,その他,70歳以上,その他,施錠した
窃盗,自転車盗,武蔵野,吉祥寺駅東口交番,132039,東京都,武蔵野市,吉祥寺本町１丁目,2020-03-07,09,道路上,その他,20歳代,その他,施錠した
窃盗,自転車盗,武蔵野,吉祥寺駅東口交番,132039,東京都,武蔵野市,吉祥寺本町１丁目,2020-03-24,18,道路上,その他,20歳代,その他,施錠した
窃盗,自転車盗,武蔵野,吉祥寺駅東口交番,132039,東京都,武蔵野市,吉祥寺本町１丁目,2020-04-10,08,駐車（輪）場,駐車（輪）場,20歳代,その他,施錠した
窃盗,自転車盗,武蔵野,吉祥寺駅東口交番,132039,東京都,武蔵野市,吉祥寺本町１丁目,2020-05-08,18,道路上,その他,40歳代,その他,施錠した
窃盗,自転車盗,武蔵野,吉祥寺駅東口交番,132039,東京都,武蔵野市,吉祥寺本町１丁目,2020-05-28,15,その他,駐車（輪）場,70歳以上,その他,施錠した
窃盗,自転車盗,武蔵野,吉祥寺駅東口交番,132039,東京都,武蔵野市,吉祥寺本町１丁目,2020-07-28,08,駐車（輪）場,駐車（輪）場,40歳代,その他,施錠した
窃盗,自転車盗,武蔵野,吉祥寺駅東口交番,132039,東京都,武蔵野市,吉祥寺本町１丁目,2020-07-31,16,駐車（輪）場,駐車（輪）場,20歳代,大学生,施錠した
窃盗,自転車盗,武蔵野,吉祥寺駅東口交番,132039,東京都,武蔵野市,吉祥寺本町１丁目,2020-09-18,11,駐車（輪）場,駐車（輪）場,10歳代,その他,施錠した
窃盗,自転車盗,武蔵野,吉祥寺駅東口交番,132039,東京都,武蔵野市,吉祥寺本町１丁目,2020-10-15,16,その他,その他,30歳代,その他,施錠した
窃盗,自転車盗,武蔵野,吉祥寺駅東口交番,132039,東京都,武蔵野市,吉祥寺本町１丁目,2020-10-15,23,駐車（輪）場,駐車（輪）場,30歳代,その他,施錠した
窃盗,自転車盗,武蔵野,吉祥寺駅東口交番,132039,東京都,武蔵野市,吉祥寺本町１丁目,2020-10-20,22,駐車（輪）場,駐車（輪）場,20歳代,その他,施錠した
窃盗,自転車盗,武蔵野,吉祥寺駅東口交番,132039,東京都,武蔵野市,吉祥寺本町１丁目,2020-10-22,19,道路上,その他,20歳代,大学生,施錠した
窃盗,自転車盗,武蔵野,吉祥寺駅東口交番,132039,東京都,武蔵野市,吉祥寺本町１丁目,2020-11-03,10,その他,駐車（輪）場,70歳以上,その他,施錠した
窃盗,自転車盗,武蔵野,吉祥寺駅東口交番,132039,東京都,武蔵野市,吉祥寺本町１丁目,2020-11-23,21,道路上,その他,40歳代,その他,施錠した
窃盗,自転車盗,武蔵野,吉祥寺駅東口交番,132039,東京都,武蔵野市,吉祥寺本町２丁目,2020-01-02,14,駐車（輪）場,駐車（輪）場,40歳代,その他,施錠した
窃盗,自転車盗,武蔵野,吉祥寺駅東口交番,132039,東京都,武蔵野市,吉祥寺本町２丁目,2020-01-29,23,一戸建住宅,駐車（輪）場,50歳代,その他,施錠した
窃盗,自転車盗,武蔵野,吉祥寺駅東口交番,132039,東京都,武蔵野市,吉祥寺本町２丁目,2020-02-11,08,駐車（輪）場,駐車（輪）場,50歳代,その他,施錠した
窃盗,自転車盗,武蔵野,吉祥寺駅東口交番,132039,東京都,武蔵野市,吉祥寺本町２丁目,2020-02-18,08,その他の住宅（３階建て以下共同住宅等）,駐車（輪）場,20歳代,その他,施錠した
窃盗,自転車盗,武蔵野,吉祥寺駅東口交番,132039,東京都,武蔵野市,吉祥寺本町２丁目,2020-03-04,13,駐車（輪）場,駐車（輪）場,40歳代,その他,施錠した
窃盗,自転車盗,武蔵野,吉祥寺駅東口交番,132039,東京都,武蔵野市,吉祥寺本町２丁目,2020-03-21,19,道路上,その他,30歳代,その他,施錠した
窃盗,自転車盗,武蔵野,吉祥寺駅東口交番,132039,東京都,武蔵野市,吉祥寺本町２丁目,2020-03-22,16,その他,駐車（輪）場,20歳代,その他,施錠した
窃盗,自転車盗,武蔵野,吉祥寺駅東口交番,132039,東京都,武蔵野市,吉祥寺本町２丁目,2020-07-19,12,道路上,その他,60-64歳,その他,施錠した
窃盗,自転車盗,武蔵野,吉祥寺駅東口交番,132039,東京都,武蔵野市,吉祥寺本町２丁目,2020-09-11,03,道路上,その他,40歳代,その他,施錠した
窃盗,自転車盗,武蔵野,吉祥寺駅東口交番,132039,東京都,武蔵野市,吉祥寺本町２丁目,2020-11-13,09,その他,駐車（輪）場,20歳代,その他,施錠した
窃盗,自転車盗,武蔵野,吉祥寺駅東口交番,132039,東京都,武蔵野市,吉祥寺本町３丁目,2020-07-25,13,その他,駐車（輪）場,40歳代,その他,施錠した
窃盗,自転車盗,武蔵野,吉祥寺駅東口交番,132039,東京都,武蔵野市,吉祥寺南町２丁目,2020-08-22,19,その他,駐車（輪）場,20歳代,その他,施錠した
窃盗,自転車盗,武蔵野,吉祥寺駅東口交番,132039,東京都,武蔵野市,吉祥寺南町２丁目,2020-10-25,08,駐車（輪）場,駐車（輪）場,20歳代,その他,施錠した
窃盗,自転車盗,武蔵野,吉祥寺駅東口交番,132039,東京都,武蔵野市,吉祥寺南町２丁目,2020-11-02,15,駐車（輪）場,駐車（輪）場,10歳代,高校生,施錠した
窃盗,自転車盗,武蔵野,吉祥寺駅東口交番,132039,東京都,武蔵野市,吉祥寺南町２丁目,2020-11-08,11,その他,駐車（輪）場,50歳代,その他,施錠した
窃盗,自転車盗,武蔵野,吉祥寺駅東口交番,132039,東京都,武蔵野市,境南町２丁目,2020-09-22,11,駐車（輪）場,駐車（輪）場,10歳代,大学生,施錠した
窃盗,自転車盗,武蔵野,八幡宮西交番,132039,東京都,武蔵野市,吉祥寺北町１丁目,2020-02-06,13,その他の住宅（３階建て以下共同住宅等）,駐車（輪）場,20歳代,その他,施錠した
窃盗,自転車盗,武蔵野,八幡宮西交番,132039,東京都,武蔵野市,吉祥寺北町１丁目,2020-07-03,19,その他の住宅（３階建て以下共同住宅等）,駐車（輪）場,10歳代,その他,施錠した
窃盗,自転車盗,武蔵野,八幡宮西交番,132039,東京都,武蔵野市,吉祥寺北町１丁目,2020-10-28,16,一戸建住宅,駐車（輪）場,60-64歳,その他,施錠した
窃盗,自転車盗,武蔵野,八幡宮西交番,132039,東京都,武蔵野市,吉祥寺北町２丁目,2020-07-18,00,４階建て以上共同住宅,駐車（輪）場,20歳代,その他,施錠した
窃盗,自転車盗,武蔵野,八幡宮西交番,132039,東京都,武蔵野市,吉祥寺北町３丁目,2020-01-21,不明,その他,駐車（輪）場,20歳代,大学生,施錠した
窃盗,自転車盗,武蔵野,八幡宮西交番,132039,東京都,武蔵野市,吉祥寺北町３丁目,2020-07-22,12,４階建て以上共同住宅,駐車（輪）場,30歳代,その他,施錠した
窃盗,自転車盗,武蔵野,八幡宮西交番,132039,東京都,武蔵野市,吉祥寺北町３丁目,2020-10-05,19,道路上,その他,20歳代,その他,施錠した
窃盗,自転車盗,武蔵野,八幡宮西交番,132039,東京都,武蔵野市,吉祥寺本町１丁目,2020-01-18,23,道路上,その他,20歳代,その他,施錠した
窃盗,自転車盗,武蔵野,八幡宮西交番,132039,東京都,武蔵野市,吉祥寺本町１丁目,2020-08-06,11,道路上,その他,50歳代,その他,施錠した
窃盗,自転車盗,武蔵野,八幡宮西交番,132039,東京都,武蔵野市,吉祥寺本町１丁目,2020-08-07,23,駐車（輪）場,駐車（輪）場,30歳代,その他,施錠した
窃盗,自転車盗,武蔵野,八幡宮西交番,132039,東京都,武蔵野市,吉祥寺本町１丁目,2020-09-27,08,その他,駐車（輪）場,20歳代,その他,施錠した
窃盗,自転車盗,武蔵野,八幡宮西交番,132039,東京都,武蔵野市,吉祥寺本町２丁目,2020-02-08,19,その他,駐車（輪）場,20歳代,その他,施錠した
窃盗,自転車盗,武蔵野,八幡宮西交番,132039,東京都,武蔵野市,吉祥寺本町２丁目,2020-09-13,05,４階建て以上共同住宅,駐車（輪）場,40歳代,その他,施錠した
窃盗,自転車盗,武蔵野,八幡宮西交番,132039,東京都,武蔵野市,吉祥寺本町２丁目,2020-10-11,19,その他,駐車（輪）場,10歳代,大学生,施錠した
窃盗,自転車盗,武蔵野,八幡宮西交番,132039,東京都,武蔵野市,吉祥寺本町２丁目,2020-10-22,16,その他,駐車（輪）場,30歳代,その他,施錠した
窃盗,自転車盗,武蔵野,八幡宮西交番,132039,東京都,武蔵野市,吉祥寺本町４丁目,2020-10-27,20,その他の住宅（３階建て以下共同住宅等）,駐車（輪）場,30歳代,その他,施錠した
窃盗,自転車盗,武蔵野,八幡宮西交番,132039,東京都,武蔵野市,中町３丁目,2020-02-14,23,その他の住宅（３階建て以下共同住宅等）,駐車（輪）場,20歳代,その他,施錠した
窃盗,自転車盗,武蔵野,三鷹駅北口交番,132039,東京都,武蔵野市,御殿山２丁目,2020-03-11,16,４階建て以上共同住宅,駐車（輪）場,10歳代,小学生,施錠した
窃盗,自転車盗,武蔵野,三鷹駅北口交番,132039,東京都,武蔵野市,中町１丁目,2019-12-21,16,その他,駐車（輪）場,40歳代,その他,施錠した
窃盗,自転車盗,武蔵野,三鷹駅北口交番,132039,東京都,武蔵野市,中町１丁目,2020-01-20,07,駐車（輪）場,駐車（輪）場,10歳代,高校生,施錠した
窃盗,自転車盗,武蔵野,三鷹駅北口交番,132039,東京都,武蔵野市,中町１丁目,2020-01-20,11,駐車（輪）場,駐車（輪）場,40歳代,その他,施錠した
窃盗,自転車盗,武蔵野,三鷹駅北口交番,132039,東京都,武蔵野市,中町１丁目,2020-03-10,08,駐車（輪）場,駐車（輪）場,40歳代,その他,施錠した
窃盗,自転車盗,武蔵野,三鷹駅北口交番,132039,東京都,武蔵野市,中町１丁目,2020-03-19,09,その他,駐車（輪）場,10歳代,小学生,施錠した
窃盗,自転車盗,武蔵野,三鷹駅北口交番,132039,東京都,武蔵野市,中町１丁目,2020-03-20,22,道路上,その他,40歳代,その他,施錠した
窃盗,自転車盗,武蔵野,三鷹駅北口交番,132039,東京都,武蔵野市,中町１丁目,2020-06-05,23,道路上,その他,30歳代,その他,施錠した
窃盗,自転車盗,武蔵野,三鷹駅北口交番,132039,東京都,武蔵野市,中町１丁目,2020-07-16,19,道路上,その他,65-69歳,その他,施錠した
窃盗,自転車盗,武蔵野,三鷹駅北口交番,132039,東京都,武蔵野市,中町１丁目,2020-08-27,17,４階建て以上共同住宅,駐車（輪）場,10歳代,小学生,施錠した
窃盗,自転車盗,武蔵野,三鷹駅北口交番,132039,東京都,武蔵野市,中町１丁目,2020-11-06,20,その他,駐車（輪）場,50歳代,その他,施錠した
窃盗,自転車盗,武蔵野,三鷹駅北口交番,132039,東京都,武蔵野市,中町２丁目,2020-02-04,18,４階建て以上共同住宅,駐車（輪）場,10歳代,大学生,施錠した
窃盗,自転車盗,武蔵野,三鷹駅北口交番,132039,東京都,武蔵野市,中町２丁目,2020-09-20,20,４階建て以上共同住宅,駐車（輪）場,40歳代,その他,施錠した
窃盗,自転車盗,武蔵野,三鷹駅北口交番,132039,東京都,武蔵野市,中町２丁目,2020-11-10,08,４階建て以上共同住宅,駐車（輪）場,20歳代,その他,施錠した
窃盗,自転車盗,武蔵野,三鷹駅北口交番,132039,東京都,武蔵野市,西久保１丁目,2020-02-19,18,道路上,その他,10歳代,高校生,施錠した
窃盗,自転車盗,武蔵野,八幡町交番,132039,東京都,武蔵野市,西久保３丁目,2020-02-21,23,その他の住宅（３階建て以下共同住宅等）,駐車（輪）場,30歳代,その他,施錠した
窃盗,自転車盗,武蔵野,八幡町交番,132039,東京都,武蔵野市,緑町１丁目,2020-03-06,18,その他の住宅（３階建て以下共同住宅等）,駐車（輪）場,60-64歳,その他,施錠した
窃盗,自転車盗,武蔵野,八幡町交番,132039,東京都,武蔵野市,緑町１丁目,2020-07-18,04,駐車（輪）場,駐車（輪）場,50歳代,その他,施錠した
窃盗,自転車盗,武蔵野,八幡町交番,132039,東京都,武蔵野市,八幡町１丁目,2020-08-20,18,その他の住宅（３階建て以下共同住宅等）,駐車（輪）場,20歳代,その他,施錠した
窃盗,自転車盗,武蔵野,八幡町交番,132039,東京都,武蔵野市,八幡町２丁目,2020-08-25,20,その他,駐車（輪）場,10歳代,大学生,施錠した
窃盗,自転車盗,武蔵野,八幡町交番,132039,東京都,武蔵野市,八幡町４丁目,2020-07-27,09,その他の住宅（３階建て以下共同住宅等）,駐車（輪）場,40歳代,その他,施錠した
窃盗,自転車盗,武蔵野,桜堤交番,132039,東京都,武蔵野市,境１丁目,2020-02-07,10,駐車（輪）場,駐車（輪）場,10歳代,高校生,施錠した
窃盗,自転車盗,武蔵野,桜堤交番,132039,東京都,武蔵野市,境１丁目,2020-02-18,12,その他の住宅（３階建て以下共同住宅等）,駐車（輪）場,20歳代,大学生,施錠した
窃盗,自転車盗,武蔵野,桜堤交番,132039,東京都,武蔵野市,境１丁目,2020-08-01,14,４階建て以上共同住宅,駐車（輪）場,30歳代,その他,施錠した
窃盗,自転車盗,武蔵野,桜堤交番,132039,東京都,武蔵野市,境１丁目,2020-08-22,11,その他,駐車（輪）場,20歳代,その他,施錠した
窃盗,自転車盗,武蔵野,桜堤交番,132039,東京都,武蔵野市,境１丁目,2020-08-25,15,道路上,その他,10歳代,中学生,施錠した
窃盗,自転車盗,武蔵野,桜堤交番,132039,東京都,武蔵野市,境１丁目,2020-08-29,14,４階建て以上共同住宅,駐車（輪）場,40歳代,その他,施錠した
窃盗,自転車盗,武蔵野,桜堤交番,132039,東京都,武蔵野市,境４丁目,2020-07-11,17,４階建て以上共同住宅,駐車（輪）場,30歳代,その他,施錠した
窃盗,自転車盗,武蔵野,桜堤交番,132039,東京都,武蔵野市,境５丁目,2020-03-25,12,道路上,その他,10歳代,小学生,施錠した
窃盗,自転車盗,武蔵野,桜堤交番,132039,東京都,武蔵野市,境５丁目,2020-07-09,18,４階建て以上共同住宅,駐車（輪）場,20歳代,大学生,施錠した
窃盗,自転車盗,武蔵野,桜堤交番,132039,東京都,武蔵野市,境５丁目,2020-10-06,08,道路上,その他,40歳代,その他,施錠した
窃盗,自転車盗,武蔵野,桜堤交番,132039,東京都,武蔵野市,桜堤１丁目,2020-11-27,08,４階建て以上共同住宅,駐車（輪）場,40歳代,その他,施錠した
窃盗,自転車盗,武蔵野,桜堤交番,132039,東京都,武蔵野市,桜堤２丁目,2020-10-26,22,その他の住宅（３階建て以下共同住宅等）,駐車（輪）場,30歳代,その他,施錠した
窃盗,自転車盗,武蔵野,桜堤交番,132039,東京都,武蔵野市,桜堤３丁目,2020-01-31,02,その他,駐車（輪）場,30歳代,その他,施錠した
窃盗,自転車盗,武蔵野,桜堤交番,132039,東京都,武蔵野市,桜堤３丁目,2020-05-29,07,４階建て以上共同住宅,駐車（輪）場,10歳代,高校生,施錠した
窃盗,自転車盗,武蔵野,東町駐在所,132039,東京都,武蔵野市,吉祥寺東町１丁目,2020-01-24,14,その他,駐車（輪）場,70歳以上,その他,施錠した
窃盗,自転車盗,武蔵野,東町駐在所,132039,東京都,武蔵野市,吉祥寺東町１丁目,2020-05-03,15,その他,駐車（輪）場,10歳代,高校生,施錠した
窃盗,自転車盗,武蔵野,東町駐在所,132039,東京都,武蔵野市,吉祥寺東町２丁目,2020-01-11,15,４階建て以上共同住宅,駐車（輪）場,30歳代,その他,施錠した
窃盗,自転車盗,武蔵野,東町駐在所,132039,東京都,武蔵野市,吉祥寺東町２丁目,2020-11-29,18,その他の住宅（３階建て以下共同住宅等）,駐車（輪）場,40歳代,その他,施錠した
窃盗,自転車盗,武蔵野,東町駐在所,132039,東京都,武蔵野市,吉祥寺東町３丁目,2020-09-01,16,４階建て以上共同住宅,駐車（輪）場,70歳以上,その他,施錠した
窃盗,自転車盗,武蔵野,東町駐在所,132039,東京都,武蔵野市,吉祥寺東町３丁目,2020-10-26,12,その他の住宅（３階建て以下共同住宅等）,駐車（輪）場,20歳代,大学生,施錠した
窃盗,自転車盗,武蔵野,東町駐在所,132039,東京都,武蔵野市,吉祥寺本町３丁目,2020-09-21,10,その他の住宅（３階建て以下共同住宅等）,駐車（輪）場,50歳代,その他,施錠した
窃盗,自転車盗,武蔵野,稲荷前駐在所,132039,東京都,武蔵野市,吉祥寺南町２丁目,2020-11-05,18,その他,駐車（輪）場,10歳代,大学生,施錠した
窃盗,自転車盗,武蔵野,三谷通駐在所,132039,東京都,武蔵野市,西久保２丁目,2020-06-29,18,４階建て以上共同住宅,駐車（輪）場,40歳代,その他,施錠した
窃盗,自転車盗,武蔵野,関前駐在所,132039,東京都,武蔵野市,関前１丁目,2020-05-13,11,その他,駐車（輪）場,70歳以上,その他,施錠した
窃盗,自転車盗,武蔵野,関前駐在所,132039,東京都,武蔵野市,関前１丁目,2020-10-01,17,その他,駐車（輪）場,70歳以上,その他,施錠した
窃盗,自転車盗,武蔵野,関前駐在所,132039,東京都,武蔵野市,関前４丁目,2020-05-04,10,その他の住宅（３階建て以下共同住宅等）,駐車（輪）場,30歳代,その他,施錠した
窃盗,自転車盗,武蔵野,関前駐在所,132039,東京都,武蔵野市,関前４丁目,2020-05-12,18,一戸建住宅,駐車（輪）場,40歳代,その他,施錠した
窃盗,自転車盗,武蔵野,関前駐在所,132039,東京都,武蔵野市,関前４丁目,2020-09-09,18,一戸建住宅,その他,40歳代,その他,施錠した
窃盗,自転車盗,武蔵野,武蔵境駅南口交番,132039,東京都,武蔵野市,境南町１丁目,2020-03-15,07,駐車（輪）場,駐車（輪）場,20歳代,その他,施錠した
窃盗,自転車盗,武蔵野,武蔵境駅南口交番,132039,東京都,武蔵野市,境南町１丁目,2020-05-15,10,その他,駐車（輪）場,20歳代,その他,施錠した
窃盗,自転車盗,武蔵野,武蔵境駅南口交番,132039,東京都,武蔵野市,境南町２丁目,2020-01-30,18,４階建て以上共同住宅,駐車（輪）場,10歳代,大学生,施錠した
窃盗,自転車盗,武蔵野,武蔵境駅南口交番,132039,東京都,武蔵野市,境南町２丁目,2020-04-01,17,４階建て以上共同住宅,駐車（輪）場,30歳代,その他,施錠した
窃盗,自転車盗,武蔵野,武蔵境駅南口交番,132039,東京都,武蔵野市,境南町２丁目,2020-07-22,10,その他,駐車（輪）場,70歳以上,その他,施錠した
窃盗,自転車盗,武蔵野,武蔵境駅南口交番,132039,東京都,武蔵野市,境南町２丁目,2020-09-04,16,その他,駐車（輪）場,20歳代,大学生,施錠した
窃盗,自転車盗,武蔵野,武蔵境駅南口交番,132039,東京都,武蔵野市,境南町２丁目,2020-10-26,21,その他の住宅（３階建て以下共同住宅等）,駐車（輪）場,50歳代,その他,施錠した
窃盗,自転車盗,武蔵野,武蔵境駅南口交番,132039,東京都,武蔵野市,境南町２丁目,2020-11-08,22,４階建て以上共同住宅,駐車（輪）場,50歳代,その他,施錠した
窃盗,自転車盗,武蔵野,武蔵境駅南口交番,132039,東京都,武蔵野市,境南町３丁目,2020-01-17,18,駐車（輪）場,駐車（輪）場,10歳代,大学生,施錠した
窃盗,自転車盗,武蔵野,武蔵境駅南口交番,132039,東京都,武蔵野市,境南町３丁目,2020-03-31,16,駐車（輪）場,駐車（輪）場,20歳代,大学生,施錠した
窃盗,自転車盗,武蔵野,武蔵境駅南口交番,132039,東京都,武蔵野市,境南町３丁目,2020-06-27,18,４階建て以上共同住宅,駐車（輪）場,20歳代,大学生,施錠した
窃盗,自転車盗,武蔵野,武蔵境駅南口交番,132039,東京都,武蔵野市,境南町３丁目,2020-10-18,18,一戸建住宅,駐車（輪）場,40歳代,その他,施錠した
窃盗,自転車盗,武蔵野,武蔵境駅南口交番,132039,東京都,武蔵野市,境南町４丁目,2020-01-14,18,４階建て以上共同住宅,駐車（輪）場,40歳代,その他,施錠した
窃盗,自転車盗,武蔵野,武蔵境駅南口交番,132039,東京都,武蔵野市,境南町４丁目,2020-04-19,16,４階建て以上共同住宅,駐車（輪）場,30歳代,その他,施錠した
窃盗,自転車盗,武蔵野,武蔵境駅南口交番,132039,東京都,武蔵野市,境南町４丁目,2020-06-02,10,駐車（輪）場,駐車（輪）場,40歳代,その他,施錠した
窃盗,自転車盗,武蔵野,武蔵境駅南口交番,132039,東京都,武蔵野市,境南町４丁目,2020-10-11,18,その他の住宅（３階建て以下共同住宅等）,駐車（輪）場,40歳代,その他,施錠した
窃盗,自転車盗,武蔵野,武蔵境駅南口交番,132039,東京都,武蔵野市,境南町５丁目,2020-03-28,15,４階建て以上共同住宅,駐車（輪）場,20歳代,その他,施錠した
窃盗,自転車盗,武蔵野,武蔵境駅南口交番,132039,東京都,武蔵野市,境南町５丁目,2020-06-17,19,４階建て以上共同住宅,駐車（輪）場,30歳代,その他,施錠した
窃盗,自転車盗,武蔵野,武蔵境駅南口交番,132039,東京都,武蔵野市,境１丁目,2020-08-08,13,４階建て以上共同住宅,駐車（輪）場,60-64歳,その他,施錠した
窃盗,自転車盗,武蔵野,武蔵境駅南口交番,132039,東京都,武蔵野市,境１丁目,2020-10-24,14,道路上,その他,10歳代,大学生,施錠した
窃盗,自転車盗,武蔵野,武蔵境駅南口交番,132039,東京都,武蔵野市,境２丁目,2020-03-28,17,４階建て以上共同住宅,駐車（輪）場,20歳代,大学生,施錠した
窃盗,自転車盗,武蔵野,武蔵境駅南口交番,132039,東京都,武蔵野市,境２丁目,2020-08-23,17,４階建て以上共同住宅,駐車（輪）場,10歳代,中学生,施錠した
窃盗,自転車盗,武蔵野,武蔵境駅南口交番,132039,東京都,武蔵野市,境２丁目,2020-09-06,07,駐車（輪）場,駐車（輪）場,30歳代,その他,施錠した
窃盗,自転車盗,武蔵野,武蔵境駅南口交番,132039,東京都,武蔵野市,境２丁目,2020-09-10,16,その他,駐車（輪）場,70歳以上,その他,施錠した
窃盗,自転車盗,武蔵野,武蔵境駅南口交番,132039,東京都,武蔵野市,境２丁目,2020-10-22,08,４階建て以上共同住宅,駐車（輪）場,30歳代,その他,施錠した
窃盗,自転車盗,武蔵野,緑町交番,132039,東京都,武蔵野市,吉祥寺北町３丁目,2020-02-16,16,その他の住宅（３階建て以下共同住宅等）,駐車（輪）場,40歳代,その他,施錠した
窃盗,自転車盗,武蔵野,緑町交番,132039,東京都,武蔵野市,吉祥寺北町５丁目,2020-08-13,17,その他,駐車（輪）場,20歳代,大学生,施錠した
窃盗,自転車盗,武蔵野,緑町交番,132039,東京都,武蔵野市,吉祥寺北町５丁目,2020-11-18,12,その他,駐車（輪）場,10歳代,中学生,施錠した
窃盗,自転車盗,武蔵野,緑町交番,132039,東京都,武蔵野市,中町３丁目,2020-07-25,00,その他の住宅（３階建て以下共同住宅等）,駐車（輪）場,20歳代,大学生,施錠した
窃盗,自転車盗,武蔵野,緑町交番,132039,東京都,武蔵野市,中町３丁目,2020-10-14,18,４階建て以上共同住宅,駐車（輪）場,20歳代,その他,施錠した
窃盗,自転車盗,武蔵野,緑町交番,132039,東京都,武蔵野市,西久保３丁目,2020-07-15,12,その他,駐車（輪）場,20歳代,その他,施錠した
窃盗,自転車盗,武蔵野,緑町交番,132039,東京都,武蔵野市,緑町２丁目,2020-01-10,20,４階建て以上共同住宅,駐車（輪）場,30歳代,その他,施錠した
窃盗,自転車盗,武蔵野,緑町交番,132039,東京都,武蔵野市,緑町２丁目,2020-01-12,17,４階建て以上共同住宅,駐車（輪）場,50歳代,その他,施錠した
窃盗,自転車盗,武蔵野,緑町交番,132039,東京都,武蔵野市,緑町２丁目,2020-03-01,不明,４階建て以上共同住宅,駐車（輪）場,70歳以上,その他,施錠した
窃盗,自転車盗,武蔵野,緑町交番,132039,東京都,武蔵野市,緑町２丁目,2020-03-02,12,その他の住宅（３階建て以下共同住宅等）,駐車（輪）場,20歳代,その他,施錠した
窃盗,自転車盗,武蔵野,緑町交番,132039,東京都,武蔵野市,緑町２丁目,2020-05-29,16,４階建て以上共同住宅,駐車（輪）場,40歳代,その他,施錠した
窃盗,自転車盗,武蔵野,緑町交番,132039,東京都,武蔵野市,緑町２丁目,2020-09-01,17,４階建て以上共同住宅,駐車（輪）場,10歳代,中学生,施錠した
窃盗,自転車盗,武蔵野,緑町交番,132039,東京都,武蔵野市,緑町２丁目,2020-09-15,12,その他の住宅（３階建て以下共同住宅等）,駐車（輪）場,30歳代,その他,施錠した
窃盗,自転車盗,武蔵野,緑町交番,132039,東京都,武蔵野市,緑町２丁目,2020-10-06,22,４階建て以上共同住宅,駐車（輪）場,10歳代,高校生,施錠した
窃盗,自転車盗,武蔵野,緑町交番,132039,東京都,武蔵野市,緑町２丁目,2020-11-02,13,その他の住宅（３階建て以下共同住宅等）,駐車（輪）場,30歳代,その他,施錠した
窃盗,自転車盗,武蔵野,緑町交番,132039,東京都,武蔵野市,緑町２丁目,2020-11-18,15,４階建て以上共同住宅,駐車（輪）場,10歳代,中学生,施錠した
窃盗,自転車盗,三鷹,三鷹駅前交番,132047,東京都,三鷹市,上連雀１丁目,2020-03-01,18,４階建て以上共同住宅,駐車（輪）場,10歳代,中学生,施錠した
窃盗,自転車盗,三鷹,三鷹駅前交番,132047,東京都,三鷹市,上連雀１丁目,2020-06-08,17,道路上,その他,70歳以上,その他,施錠した
窃盗,自転車盗,三鷹,三鷹駅前交番,132047,東京都,三鷹市,下連雀２丁目,2020-11-12,09,道路上,その他,60-64歳,その他,施錠した
窃盗,自転車盗,三鷹,三鷹駅前交番,132047,東京都,三鷹市,下連雀３丁目,2020-01-06,23,４階建て以上共同住宅,駐車（輪）場,30歳代,その他,施錠した
窃盗,自転車盗,三鷹,三鷹駅前交番,132047,東京都,三鷹市,下連雀３丁目,2020-01-12,17,その他,駐車（輪）場,20歳代,大学生,施錠した
窃盗,自転車盗,三鷹,三鷹駅前交番,132047,東京都,三鷹市,下連雀３丁目,2020-01-14,05,道路上,その他,20歳代,大学生,施錠した
窃盗,自転車盗,三鷹,三鷹駅前交番,132047,東京都,三鷹市,下連雀３丁目,2020-02-13,07,駐車（輪）場,駐車（輪）場,30歳代,その他,施錠した
窃盗,自転車盗,三鷹,三鷹駅前交番,132047,東京都,三鷹市,下連雀３丁目,2020-02-18,09,その他,駐車（輪）場,70歳以上,その他,施錠した
窃盗,自転車盗,三鷹,三鷹駅前交番,132047,東京都,三鷹市,下連雀３丁目,2020-02-28,08,４階建て以上共同住宅,駐車（輪）場,20歳代,その他,施錠した
窃盗,自転車盗,三鷹,三鷹駅前交番,132047,東京都,三鷹市,下連雀３丁目,2020-06-15,21,駐車（輪）場,駐車（輪）場,20歳代,その他,施錠した
窃盗,自転車盗,三鷹,三鷹駅前交番,132047,東京都,三鷹市,下連雀３丁目,2020-06-23,13,道路上,その他,70歳以上,その他,施錠した
窃盗,自転車盗,三鷹,三鷹駅前交番,132047,東京都,三鷹市,下連雀３丁目,2020-07-16,18,道路上,その他,50歳代,その他,施錠した
窃盗,自転車盗,三鷹,三鷹駅前交番,132047,東京都,三鷹市,下連雀３丁目,2020-08-09,18,４階建て以上共同住宅,駐車（輪）場,65-69歳,その他,施錠した
窃盗,自転車盗,三鷹,三鷹駅前交番,132047,東京都,三鷹市,下連雀３丁目,2020-08-14,06,４階建て以上共同住宅,駐車（輪）場,70歳以上,その他,施錠した
窃盗,自転車盗,三鷹,三鷹駅前交番,132047,東京都,三鷹市,下連雀３丁目,2020-08-14,12,その他,その他,20歳代,その他,施錠した
窃盗,自転車盗,三鷹,三鷹駅前交番,132047,東京都,三鷹市,下連雀３丁目,2020-08-27,18,道路上,その他,65-69歳,その他,施錠した
窃盗,自転車盗,三鷹,三鷹駅前交番,132047,東京都,三鷹市,下連雀３丁目,2020-08-31,17,その他,駐車（輪）場,30歳代,その他,施錠した
窃盗,自転車盗,三鷹,三鷹駅前交番,132047,東京都,三鷹市,下連雀３丁目,2020-11-22,11,その他,駐車（輪）場,50歳代,その他,施錠した
窃盗,自転車盗,三鷹,三鷹駅前交番,132047,東京都,三鷹市,下連雀３丁目,2020-11-26,13,駐車（輪）場,駐車（輪）場,40歳代,その他,施錠した
窃盗,自転車盗,三鷹,三鷹駅前交番,132047,東京都,三鷹市,下連雀４丁目,2019-12-06,14,駐車（輪）場,駐車（輪）場,10歳代,高校生,施錠した
窃盗,自転車盗,三鷹,三鷹駅前交番,132047,東京都,三鷹市,下連雀４丁目,2020-11-14,16,４階建て以上共同住宅,駐車（輪）場,50歳代,その他,施錠した
窃盗,自転車盗,三鷹,三鷹駅前交番,132047,東京都,三鷹市,下連雀７丁目,2020-07-15,17,駐車（輪）場,駐車（輪）場,40歳代,その他,施錠した
窃盗,自転車盗,三鷹,狐久保交番,132047,東京都,三鷹市,下連雀１丁目,2020-04-25,17,駐車（輪）場,駐車（輪）場,20歳代,大学生,施錠した
窃盗,自転車盗,三鷹,狐久保交番,132047,東京都,三鷹市,下連雀３丁目,2019-12-28,17,駐車（輪）場,駐車（輪）場,20歳代,大学生,施錠した
窃盗,自転車盗,三鷹,狐久保交番,132047,東京都,三鷹市,下連雀４丁目,2020-11-22,18,一戸建住宅,駐車（輪）場,10歳代,中学生,施錠した
窃盗,自転車盗,三鷹,狐久保交番,132047,東京都,三鷹市,下連雀５丁目,2020-05-03,19,４階建て以上共同住宅,駐車（輪）場,40歳代,その他,施錠した
窃盗,自転車盗,三鷹,狐久保交番,132047,東京都,三鷹市,下連雀７丁目,2020-04-16,17,その他の住宅（３階建て以下共同住宅等）,駐車（輪）場,40歳代,その他,施錠した
窃盗,自転車盗,三鷹,狐久保交番,132047,東京都,三鷹市,下連雀７丁目,2020-11-11,22,４階建て以上共同住宅,駐車（輪）場,20歳代,その他,施錠した
窃盗,自転車盗,三鷹,狐久保交番,132047,東京都,三鷹市,下連雀９丁目,2020-08-19,21,４階建て以上共同住宅,駐車（輪）場,10歳代,中学生,施錠した
窃盗,自転車盗,三鷹,狐久保交番,132047,東京都,三鷹市,下連雀９丁目,2020-12-05,12,その他の住宅（３階建て以下共同住宅等）,駐車（輪）場,30歳代,その他,施錠した
窃盗,自転車盗,三鷹,狐久保交番,132047,東京都,三鷹市,牟礼６丁目,2020-11-23,18,４階建て以上共同住宅,駐車（輪）場,30歳代,その他,施錠した
窃盗,自転車盗,三鷹,東野交番,132047,東京都,三鷹市,井口１丁目,2019-12-08,12,その他の住宅（３階建て以下共同住宅等）,駐車（輪）場,40歳代,その他,施錠した
窃盗,自転車盗,三鷹,東野交番,132047,東京都,三鷹市,井口１丁目,2019-12-22,23,４階建て以上共同住宅,駐車（輪）場,20歳代,大学生,施錠した
窃盗,自転車盗,三鷹,東野交番,132047,東京都,三鷹市,新川６丁目,2020-01-20,23,４階建て以上共同住宅,駐車（輪）場,10歳代,大学生,施錠した
窃盗,自転車盗,三鷹,東野交番,132047,東京都,三鷹市,深大寺１丁目,2020-09-25,19,その他の住宅（３階建て以下共同住宅等）,駐車（輪）場,40歳代,その他,施錠した
窃盗,自転車盗,三鷹,東野交番,132047,東京都,三鷹市,深大寺３丁目,2019-11-30,15,４階建て以上共同住宅,その他,40歳代,その他,施錠した
窃盗,自転車盗,三鷹,大沢交番,132047,東京都,三鷹市,大沢３丁目,2019-12-27,23,その他の住宅（３階建て以下共同住宅等）,駐車（輪）場,30歳代,大学生,施錠した
窃盗,自転車盗,三鷹,大沢交番,132047,東京都,三鷹市,大沢３丁目,2020-04-01,06,道路上,その他,50歳代,その他,施錠した
窃盗,自転車盗,三鷹,大沢交番,132047,東京都,三鷹市,野崎３丁目,2019-12-29,20,その他の住宅（３階建て以下共同住宅等）,駐車（輪）場,30歳代,その他,施錠した
窃盗,自転車盗,三鷹,大沢交番,132047,東京都,三鷹市,野崎３丁目,2020-03-06,22,一戸建住宅,その他,40歳代,その他,施錠した
窃盗,自転車盗,三鷹,大沢交番,132047,東京都,三鷹市,野崎４丁目,2020-01-10,07,その他の住宅（３階建て以下共同住宅等）,駐車（輪）場,20歳代,その他,施錠した
窃盗,自転車盗,三鷹,野崎交番,132047,東京都,三鷹市,井口２丁目,2020-03-01,17,その他の住宅（３階建て以下共同住宅等）,駐車（輪）場,30歳代,その他,施錠した
窃盗,自転車盗,三鷹,野崎交番,132047,東京都,三鷹市,野崎１丁目,2020-03-13,06,駐車（輪）場,駐車（輪）場,40歳代,その他,施錠した
窃盗,自転車盗,三鷹,野崎交番,132047,東京都,三鷹市,野崎１丁目,2020-09-13,12,その他,駐車（輪）場,法人・団体、被害者なし,法人・団体、被害者なし,施錠した
窃盗,自転車盗,三鷹,野崎交番,132047,東京都,三鷹市,野崎１丁目,2020-10-01,08,その他,駐車（輪）場,50歳代,その他,施錠した
窃盗,自転車盗,三鷹,野崎交番,132047,東京都,三鷹市,野崎２丁目,2020-05-18,11,４階建て以上共同住宅,駐車（輪）場,20歳代,大学生,施錠した
窃盗,自転車盗,三鷹,野崎交番,132047,東京都,三鷹市,野崎２丁目,2020-06-07,14,４階建て以上共同住宅,駐車（輪）場,60-64歳,その他,施錠した
窃盗,自転車盗,三鷹,新川交番,132047,東京都,三鷹市,北野２丁目,2020-01-18,22,その他の住宅（３階建て以下共同住宅等）,その他,30歳代,その他,施錠した
窃盗,自転車盗,三鷹,新川交番,132047,東京都,三鷹市,北野２丁目,2020-05-15,20,道路上,その他,10歳代,大学生,施錠した
窃盗,自転車盗,三鷹,新川交番,132047,東京都,三鷹市,新川６丁目,2019-12-05,08,その他,駐車（輪）場,40歳代,その他,施錠した
窃盗,自転車盗,三鷹,新川交番,132047,東京都,三鷹市,新川６丁目,2020-03-24,08,その他の住宅（３階建て以下共同住宅等）,駐車（輪）場,10歳代,大学生,施錠した
窃盗,自転車盗,三鷹,新川交番,132047,東京都,三鷹市,新川６丁目,2020-04-25,19,その他の住宅（３階建て以下共同住宅等）,その他,30歳代,その他,施錠した
窃盗,自転車盗,三鷹,新川交番,132047,東京都,三鷹市,新川６丁目,2020-06-17,21,４階建て以上共同住宅,駐車（輪）場,20歳代,大学生,施錠した
窃盗,自転車盗,三鷹,新川交番,132047,東京都,三鷹市,牟礼６丁目,2020-07-26,13,４階建て以上共同住宅,その他,50歳代,その他,施錠した
窃盗,自転車盗,三鷹,新川交番,132047,東京都,三鷹市,牟礼７丁目,2020-07-29,00,その他の住宅（３階建て以下共同住宅等）,駐車（輪）場,20歳代,その他,施錠した
窃盗,自転車盗,三鷹,新川交番,132047,東京都,三鷹市,牟礼７丁目,2020-10-30,19,その他の住宅（３階建て以下共同住宅等）,駐車（輪）場,法人・団体、被害者なし,法人・団体、被害者なし,施錠した
窃盗,自転車盗,三鷹,中仙川交番,132047,東京都,三鷹市,新川４丁目,2019-12-30,13,４階建て以上共同住宅,駐車（輪）場,20歳代,その他,施錠した
窃盗,自転車盗,三鷹,中仙川交番,132047,東京都,三鷹市,新川４丁目,2020-02-15,17,４階建て以上共同住宅,駐車（輪）場,20歳代,大学生,施錠した
窃盗,自転車盗,三鷹,中仙川交番,132047,東京都,三鷹市,新川５丁目,2020-04-11,00,その他の住宅（３階建て以下共同住宅等）,駐車（輪）場,50歳代,その他,施錠した
窃盗,自転車盗,三鷹,中仙川交番,132047,東京都,三鷹市,新川６丁目,2020-08-30,22,その他,駐車（輪）場,20歳代,大学生,施錠した
窃盗,自転車盗,三鷹,中仙川交番,132047,東京都,三鷹市,中原１丁目,2020-09-04,19,４階建て以上共同住宅,駐車（輪）場,50歳代,その他,施錠した
窃盗,自転車盗,三鷹,中仙川交番,132047,東京都,三鷹市,中原２丁目,2019-11-28,22,一戸建住宅,駐車（輪）場,50歳代,その他,施錠した
窃盗,自転車盗,三鷹,三鷹台交番,132047,東京都,三鷹市,井の頭１丁目,2020-10-18,18,その他の住宅（３階建て以下共同住宅等）,駐車（輪）場,20歳代,その他,施錠した
窃盗,自転車盗,三鷹,三鷹台交番,132047,東京都,三鷹市,井の頭２丁目,2020-04-23,16,その他の住宅（３階建て以下共同住宅等）,その他,20歳代,その他,施錠した
窃盗,自転車盗,三鷹,三鷹台交番,132047,東京都,三鷹市,牟礼１丁目,2020-04-29,12,その他の住宅（３階建て以下共同住宅等）,駐車（輪）場,30歳代,その他,施錠した
窃盗,自転車盗,三鷹,三鷹台交番,132047,東京都,三鷹市,牟礼３丁目,2020-04-10,07,その他,駐車（輪）場,40歳代,その他,施錠した
窃盗,自転車盗,三鷹,万助橋駐在所,132047,東京都,三鷹市,下連雀２丁目,2020-02-02,18,４階建て以上共同住宅,駐車（輪）場,40歳代,その他,施錠した
窃盗,自転車盗,三鷹,中原駐在所,132047,東京都,三鷹市,中原３丁目,2019-12-08,10,その他,駐車（輪）場,20歳代,その他,施錠した
窃盗,自転車盗,三鷹,中原駐在所,132047,東京都,三鷹市,中原３丁目,2019-12-12,07,４階建て以上共同住宅,駐車（輪）場,40歳代,その他,施錠した
窃盗,自転車盗,三鷹,中原駐在所,132047,東京都,三鷹市,中原３丁目,2020-08-25,09,一戸建住宅,駐車（輪）場,50歳代,その他,施錠した
窃盗,自転車盗,三鷹,中原駐在所,132047,東京都,三鷹市,中原４丁目,2020-04-02,22,４階建て以上共同住宅,駐車（輪）場,20歳代,大学生,施錠した
窃盗,自転車盗,三鷹,中原駐在所,132047,東京都,三鷹市,中原４丁目,2020-05-12,15,道路上,その他,50歳代,その他,施錠した
窃盗,自転車盗,三鷹,北野駐在所,132047,東京都,三鷹市,北野３丁目,2020-10-15,23,その他の住宅（３階建て以下共同住宅等）,駐車（輪）場,20歳代,その他,施錠した
窃盗,自転車盗,三鷹,北野駐在所,132047,東京都,三鷹市,北野４丁目,2020-05-22,20,その他の住宅（３階建て以下共同住宅等）,駐車（輪）場,30歳代,その他,施錠した
窃盗,自転車盗,三鷹,井之頭公園駅前交番,132047,東京都,三鷹市,井の頭３丁目,2019-06-12,09,駐車（輪）場,駐車（輪）場,40歳代,その他,施錠した
窃盗,自転車盗,三鷹,井之頭公園駅前交番,132047,東京都,三鷹市,井の頭３丁目,2020-03-05,06,その他の住宅（３階建て以下共同住宅等）,駐車（輪）場,20歳代,その他,施錠した
窃盗,自転車盗,三鷹,井之頭公園駅前交番,132047,東京都,三鷹市,井の頭４丁目,2019-10-27,09,その他,その他,20歳代,その他,施錠した
窃盗,自転車盗,三鷹,井之頭公園駅前交番,132047,東京都,三鷹市,井の頭４丁目,2019-12-09,16,その他,その他,10歳代,大学生,施錠した
窃盗,自転車盗,三鷹,井之頭公園駅前交番,132047,東京都,三鷹市,井の頭４丁目,2019-12-13,22,４階建て以上共同住宅,駐車（輪）場,10歳代,高校生,施錠した
窃盗,自転車盗,三鷹,井之頭公園駅前交番,132047,東京都,三鷹市,井の頭４丁目,2020-11-13,21,４階建て以上共同住宅,駐車（輪）場,40歳代,その他,施錠した
窃盗,自転車盗,三鷹,井之頭公園駅前交番,132047,東京都,三鷹市,井の頭５丁目,2020-03-03,08,その他の住宅（３階建て以下共同住宅等）,駐車（輪）場,50歳代,その他,施錠した
窃盗,自転車盗,三鷹,上連雀交番,132047,東京都,三鷹市,上連雀３丁目,2020-01-31,10,駐車（輪）場,駐車（輪）場,40歳代,その他,施錠した
窃盗,自転車盗,三鷹,上連雀交番,132047,東京都,三鷹市,上連雀３丁目,2020-07-02,10,駐車（輪）場,駐車（輪）場,65-69歳,その他,施錠した
窃盗,自転車盗,三鷹,上連雀交番,132047,東京都,三鷹市,上連雀４丁目,2020-11-18,07,４階建て以上共同住宅,駐車（輪）場,20歳代,その他,施錠した
窃盗,自転車盗,三鷹,上連雀交番,132047,東京都,三鷹市,上連雀５丁目,2020-09-12,10,その他,駐車（輪）場,20歳代,その他,施錠した
窃盗,自転車盗,三鷹,上連雀交番,132047,東京都,三鷹市,上連雀６丁目,2020-05-02,21,その他の住宅（３階建て以下共同住宅等）,駐車（輪）場,10歳代,高校生,施錠した
窃盗,自転車盗,三鷹,上連雀交番,132047,東京都,三鷹市,上連雀６丁目,2020-11-02,18,４階建て以上共同住宅,駐車（輪）場,50歳代,その他,施錠した
窃盗,自転車盗,三鷹,上連雀交番,132047,東京都,三鷹市,下連雀６丁目,2020-02-05,18,４階建て以上共同住宅,駐車（輪）場,40歳代,その他,施錠した
窃盗,自転車盗,調布,,131024,東京都,中央区,勝どき４丁目,2020-02-02,18,４階建て以上共同住宅,駐車（輪）場,30歳代,その他,施錠した
窃盗,自転車盗,調布,下石原交番,132080,東京都,調布市,上石原１丁目,2020-10-07,07,その他の住宅（３階建て以下共同住宅等）,駐車（輪）場,30歳代,その他,施錠した
窃盗,自転車盗,調布,下石原交番,132080,東京都,調布市,小島町２丁目,2020-06-03,01,その他の住宅（３階建て以下共同住宅等）,駐車（輪）場,20歳代,大学生,施錠した
窃盗,自転車盗,調布,下石原交番,132080,東京都,調布市,下石原１丁目,2020-01-28,20,一戸建住宅,駐車（輪）場,10歳代,高校生,施錠した
窃盗,自転車盗,調布,下石原交番,132080,東京都,調布市,下石原１丁目,2020-04-05,17,その他の住宅（３階建て以下共同住宅等）,その他,10歳代,高校生,施錠した
窃盗,自転車盗,調布,下石原交番,132080,東京都,調布市,下石原２丁目,2020-08-07,19,その他の住宅（３階建て以下共同住宅等）,駐車（輪）場,30歳代,その他,施錠した
窃盗,自転車盗,調布,下石原交番,132080,東京都,調布市,調布ケ丘１丁目,2019-07-01,09,その他,駐車（輪）場,20歳代,大学生,施錠した
窃盗,自転車盗,調布,下石原交番,132080,東京都,調布市,調布ケ丘１丁目,2020-04-05,12,その他,その他,20歳代,大学生,施錠した
窃盗,自転車盗,調布,下石原交番,132080,東京都,調布市,調布ケ丘２丁目,2020-01-09,19,その他の住宅（３階建て以下共同住宅等）,駐車（輪）場,50歳代,その他,施錠した
窃盗,自転車盗,調布,下石原交番,132080,東京都,調布市,調布ケ丘２丁目,2020-09-27,19,その他の住宅（３階建て以下共同住宅等）,駐車（輪）場,40歳代,その他,施錠した
窃盗,自転車盗,調布,下石原交番,132080,東京都,調布市,富士見町２丁目,2017-06-14,17,その他,駐車（輪）場,20歳代,大学生,施錠した
窃盗,自転車盗,調布,下石原交番,132080,東京都,調布市,富士見町２丁目,2020-08-18,15,４階建て以上共同住宅,駐車（輪）場,40歳代,その他,施錠した
窃盗,自転車盗,調布,下石原交番,132080,東京都,調布市,富士見町２丁目,2020-09-05,00,その他,駐車（輪）場,20歳代,その他,施錠した
窃盗,自転車盗,調布,下石原交番,132080,東京都,調布市,布田１丁目,2020-09-20,17,４階建て以上共同住宅,駐車（輪）場,20歳代,その他,施錠した
窃盗,自転車盗,調布,布田交番,132080,東京都,調布市,染地２丁目,2020-03-30,08,その他,駐車（輪）場,50歳代,その他,施錠した
窃盗,自転車盗,調布,布田交番,132080,東京都,調布市,染地２丁目,2020-07-31,12,その他の住宅（３階建て以下共同住宅等）,駐車（輪）場,20歳代,その他,施錠した
窃盗,自転車盗,調布,布田交番,132080,東京都,調布市,布田３丁目,2020-08-08,08,一戸建住宅,駐車（輪）場,40歳代,その他,施錠した
窃盗,自転車盗,調布,つつじケ丘駅前交番,132080,東京都,調布市,仙川町３丁目,2020-02-05,09,駐車（輪）場,駐車（輪）場,65-69歳,その他,施錠した
窃盗,自転車盗,調布,つつじケ丘駅前交番,132080,東京都,調布市,西つつじケ丘１丁目,2019-12-28,18,その他の住宅（３階建て以下共同住宅等）,駐車（輪）場,20歳代,その他,施錠した
窃盗,自転車盗,調布,つつじケ丘駅前交番,132080,東京都,調布市,西つつじケ丘１丁目,2020-04-30,16,駐車（輪）場,駐車（輪）場,70歳以上,その他,施錠した
窃盗,自転車盗,調布,つつじケ丘駅前交番,132080,東京都,調布市,西つつじケ丘２丁目,2020-07-05,17,その他の住宅（３階建て以下共同住宅等）,駐車（輪）場,30歳代,その他,施錠した
窃盗,自転車盗,調布,つつじケ丘駅前交番,132080,東京都,調布市,西つつじケ丘３丁目,2019-12-28,11,駐車（輪）場,駐車（輪）場,10歳代,大学生,施錠した
窃盗,自転車盗,調布,つつじケ丘駅前交番,132080,東京都,調布市,西つつじケ丘３丁目,2020-08-14,16,４階建て以上共同住宅,駐車（輪）場,30歳代,その他,施錠した
窃盗,自転車盗,調布,つつじケ丘駅前交番,132080,東京都,調布市,西つつじケ丘３丁目,2020-11-12,21,駐車（輪）場,駐車（輪）場,50歳代,その他,施錠した
窃盗,自転車盗,調布,つつじケ丘駅前交番,132080,東京都,調布市,西つつじケ丘４丁目,2020-02-20,14,一戸建住宅,その他,40歳代,その他,施錠した
窃盗,自転車盗,調布,つつじケ丘駅前交番,132080,東京都,調布市,西つつじケ丘４丁目,2020-02-25,13,その他の住宅（３階建て以下共同住宅等）,駐車（輪）場,30歳代,その他,施錠した
窃盗,自転車盗,調布,つつじケ丘駅前交番,132080,東京都,調布市,西つつじケ丘４丁目,2020-04-04,16,４階建て以上共同住宅,駐車（輪）場,70歳以上,その他,施錠した
窃盗,自転車盗,調布,つつじケ丘駅前交番,132080,東京都,調布市,東つつじケ丘１丁目,2020-04-29,10,駐車（輪）場,駐車（輪）場,20歳代,その他,施錠した
窃盗,自転車盗,調布,つつじケ丘駅前交番,132080,東京都,調布市,東つつじケ丘２丁目,2019-12-26,22,その他の住宅（３階建て以下共同住宅等）,駐車（輪）場,30歳代,その他,施錠した
窃盗,自転車盗,調布,つつじケ丘駅前交番,132080,東京都,調布市,東つつじケ丘２丁目,2020-10-13,19,４階建て以上共同住宅,駐車（輪）場,60-64歳,その他,施錠した
窃盗,自転車盗,調布,つつじケ丘駅前交番,132080,東京都,調布市,東つつじケ丘３丁目,2020-02-06,09,４階建て以上共同住宅,駐車（輪）場,30歳代,その他,施錠した
窃盗,自転車盗,調布,つつじケ丘駅前交番,132080,東京都,調布市,深大寺東町３丁目,2020-06-28,18,４階建て以上共同住宅,駐車（輪）場,10歳代,中学生,施錠した
窃盗,自転車盗,調布,仙川交番,132080,東京都,調布市,仙川町１丁目,2019-12-12,23,駐車（輪）場,駐車（輪）場,20歳代,その他,施錠した
窃盗,自転車盗,調布,仙川交番,132080,東京都,調布市,仙川町１丁目,2020-04-28,17,駐車（輪）場,駐車（輪）場,40歳代,その他,施錠した
窃盗,自転車盗,調布,仙川交番,132080,東京都,調布市,仙川町２丁目,2020-02-05,15,その他の住宅（３階建て以下共同住宅等）,駐車（輪）場,20歳代,その他,施錠した
窃盗,自転車盗,調布,仙川交番,132080,東京都,調布市,仙川町２丁目,2020-07-05,18,その他の住宅（３階建て以下共同住宅等）,駐車（輪）場,20歳代,その他,施錠した
窃盗,自転車盗,調布,仙川交番,132080,東京都,調布市,仙川町２丁目,2020-11-05,09,道路上,その他,30歳代,その他,施錠した
窃盗,自転車盗,調布,仙川交番,132080,東京都,調布市,仙川町２丁目,2020-11-14,08,その他,駐車（輪）場,70歳以上,その他,施錠した
窃盗,自転車盗,調布,仙川交番,132080,東京都,調布市,仙川町２丁目,2020-11-20,19,その他,駐車（輪）場,40歳代,その他,施錠した
窃盗,自転車盗,調布,仙川交番,132080,東京都,調布市,仙川町３丁目,2020-02-12,11,駐車（輪）場,駐車（輪）場,10歳代,大学生,施錠した
窃盗,自転車盗,調布,仙川交番,132080,東京都,調布市,仙川町３丁目,2020-03-11,11,駐車（輪）場,駐車（輪）場,70歳以上,その他,施錠した
窃盗,自転車盗,調布,仙川交番,132080,東京都,調布市,緑ケ丘１丁目,2020-06-01,16,その他の住宅（３階建て以下共同住宅等）,駐車（輪）場,50歳代,その他,施錠した
窃盗,自転車盗,調布,仙川交番,132080,東京都,調布市,緑ケ丘２丁目,2019-07-28,20,４階建て以上共同住宅,駐車（輪）場,20歳代,大学生,施錠した
窃盗,自転車盗,調布,仙川交番,132080,東京都,調布市,緑ケ丘２丁目,2020-01-24,22,その他の住宅（３階建て以下共同住宅等）,駐車（輪）場,10歳代,中学生,施錠した
窃盗,自転車盗,調布,仙川交番,132080,東京都,調布市,緑ケ丘２丁目,2020-08-08,16,その他の住宅（３階建て以下共同住宅等）,駐車（輪）場,60-64歳,その他,施錠した
窃盗,自転車盗,調布,猪方交番,132195,東京都,狛江市,猪方２丁目,2019-10-14,15,その他の住宅（３階建て以下共同住宅等）,駐車（輪）場,20歳代,その他,施錠した
窃盗,自転車盗,調布,猪方交番,132195,東京都,狛江市,猪方２丁目,2020-12-10,18,その他の住宅（３階建て以下共同住宅等）,その他,20歳代,その他,施錠した
窃盗,自転車盗,調布,京王多摩川駅前交番,132080,東京都,調布市,小島町１丁目,2020-12-07,09,４階建て以上共同住宅,駐車（輪）場,30歳代,その他,施錠した
窃盗,自転車盗,調布,京王多摩川駅前交番,132080,東京都,調布市,小島町３丁目,2020-04-09,22,４階建て以上共同住宅,その他,20歳代,その他,施錠した
窃盗,自転車盗,調布,京王多摩川駅前交番,132080,東京都,調布市,多摩川３丁目,2020-02-14,12,その他,駐車（輪）場,40歳代,その他,施錠した
窃盗,自転車盗,調布,京王多摩川駅前交番,132080,東京都,調布市,多摩川４丁目,2020-02-22,06,その他,駐車（輪）場,10歳代,その他,施錠した
窃盗,自転車盗,調布,京王多摩川駅前交番,132080,東京都,調布市,多摩川５丁目,2019-12-08,11,その他の住宅（３階建て以下共同住宅等）,駐車（輪）場,20歳代,その他,施錠した
窃盗,自転車盗,調布,京王多摩川駅前交番,132080,東京都,調布市,多摩川５丁目,2019-12-20,20,道路上,その他,40歳代,その他,施錠した
窃盗,自転車盗,調布,京王多摩川駅前交番,132080,東京都,調布市,多摩川５丁目,2020-01-13,19,その他の住宅（３階建て以下共同住宅等）,駐車（輪）場,20歳代,その他,施錠した
窃盗,自転車盗,調布,京王多摩川駅前交番,132080,東京都,調布市,多摩川５丁目,2020-11-21,20,その他の住宅（３階建て以下共同住宅等）,駐車（輪）場,30歳代,その他,施錠した
窃盗,自転車盗,調布,京王多摩川駅前交番,132080,東京都,調布市,多摩川５丁目,2020-11-22,18,その他の住宅（３階建て以下共同住宅等）,駐車（輪）場,20歳代,その他,施錠した
窃盗,自転車盗,調布,上石原交番,132080,東京都,調布市,上石原２丁目,2020-02-18,10,駐車（輪）場,駐車（輪）場,10歳代,高校生,施錠した
窃盗,自転車盗,調布,上石原交番,132080,東京都,調布市,富士見町１丁目,2020-02-18,07,駐車（輪）場,駐車（輪）場,20歳代,その他,施錠した
窃盗,自転車盗,調布,上石原交番,132080,東京都,調布市,富士見町１丁目,2020-10-31,09,一戸建住宅,その他,70歳以上,その他,施錠した
窃盗,自転車盗,調布,国領交番,132080,東京都,調布市,国領町１丁目,2019-08-05,09,その他の住宅（３階建て以下共同住宅等）,駐車（輪）場,30歳代,その他,施錠した
窃盗,自転車盗,調布,国領交番,132080,東京都,調布市,国領町１丁目,2020-02-21,21,その他,駐車（輪）場,10歳代,その他,施錠した
窃盗,自転車盗,調布,国領交番,132080,東京都,調布市,国領町１丁目,2020-11-21,22,４階建て以上共同住宅,駐車（輪）場,20歳代,大学生,施錠した
窃盗,自転車盗,調布,国領交番,132080,東京都,調布市,国領町２丁目,2019-12-08,13,４階建て以上共同住宅,駐車（輪）場,40歳代,その他,施錠した
窃盗,自転車盗,調布,国領交番,132080,東京都,調布市,国領町２丁目,2019-12-28,17,４階建て以上共同住宅,駐車（輪）場,50歳代,その他,施錠した
窃盗,自転車盗,調布,国領交番,132080,東京都,調布市,国領町２丁目,2020-05-11,22,その他の住宅（３階建て以下共同住宅等）,駐車（輪）場,20歳代,その他,施錠した
窃盗,自転車盗,調布,国領交番,132080,東京都,調布市,国領町２丁目,2020-09-06,17,その他の住宅（３階建て以下共同住宅等）,駐車（輪）場,70歳以上,その他,施錠した
窃盗,自転車盗,調布,国領交番,132080,東京都,調布市,国領町２丁目,2020-11-08,11,道路上,その他,10歳代,高校生,施錠した
窃盗,自転車盗,調布,国領交番,132080,東京都,調布市,国領町２丁目,2020-12-01,11,その他,駐車（輪）場,70歳以上,その他,施錠した
窃盗,自転車盗,調布,国領交番,132080,東京都,調布市,国領町３丁目,2020-01-13,14,４階建て以上共同住宅,駐車（輪）場,70歳以上,その他,施錠した
窃盗,自転車盗,調布,国領交番,132080,東京都,調布市,国領町３丁目,2020-02-02,09,４階建て以上共同住宅,駐車（輪）場,20歳代,その他,施錠した
窃盗,自転車盗,調布,国領交番,132080,東京都,調布市,国領町３丁目,2020-03-13,15,その他,駐車（輪）場,30歳代,その他,施錠した
窃盗,自転車盗,調布,国領交番,132080,東京都,調布市,国領町４丁目,2020-01-17,16,その他の住宅（３階建て以下共同住宅等）,駐車（輪）場,50歳代,その他,施錠した
窃盗,自転車盗,調布,国領交番,132080,東京都,調布市,国領町４丁目,2020-01-30,10,その他,駐車（輪）場,50歳代,その他,施錠した
窃盗,自転車盗,調布,国領交番,132080,東京都,調布市,国領町４丁目,2020-04-22,19,４階建て以上共同住宅,駐車（輪）場,70歳以上,その他,施錠した
窃盗,自転車盗,調布,国領交番,132080,東京都,調布市,国領町４丁目,2020-05-08,19,その他の住宅（３階建て以下共同住宅等）,駐車（輪）場,40歳代,その他,施錠した
窃盗,自転車盗,調布,国領交番,132080,東京都,調布市,国領町４丁目,2020-07-21,15,４階建て以上共同住宅,駐車（輪）場,70歳以上,その他,施錠した
窃盗,自転車盗,調布,国領交番,132080,東京都,調布市,国領町４丁目,2020-10-06,03,その他の住宅（３階建て以下共同住宅等）,駐車（輪）場,20歳代,その他,施錠した
窃盗,自転車盗,調布,国領交番,132080,東京都,調布市,国領町６丁目,2020-10-03,12,その他の住宅（３階建て以下共同住宅等）,駐車（輪）場,20歳代,その他,施錠した
窃盗,自転車盗,調布,国領交番,132080,東京都,調布市,国領町８丁目,2020-01-20,22,駐車（輪）場,駐車（輪）場,20歳代,大学生,施錠した
窃盗,自転車盗,調布,国領交番,132195,東京都,狛江市,西野川４丁目,2020-01-08,18,その他の住宅（３階建て以下共同住宅等）,駐車（輪）場,10歳代,中学生,施錠した
窃盗,自転車盗,調布,深大寺交番,132080,東京都,調布市,深大寺東町１丁目,2020-08-06,17,一戸建住宅,駐車（輪）場,50歳代,その他,施錠した
窃盗,自転車盗,調布,深大寺交番,132080,東京都,調布市,深大寺東町２丁目,2020-01-05,17,その他の住宅（３階建て以下共同住宅等）,駐車（輪）場,20歳代,その他,施錠した
窃盗,自転車盗,調布,深大寺交番,132080,東京都,調布市,深大寺東町３丁目,2020-07-10,17,４階建て以上共同住宅,駐車（輪）場,30歳代,その他,施錠した
窃盗,自転車盗,調布,深大寺交番,132080,東京都,調布市,深大寺東町５丁目,2020-03-12,18,４階建て以上共同住宅,駐車（輪）場,20歳代,その他,施錠した
窃盗,自転車盗,調布,深大寺交番,132080,東京都,調布市,深大寺東町５丁目,2020-04-05,19,４階建て以上共同住宅,その他,30歳代,その他,施錠した
窃盗,自転車盗,調布,深大寺交番,132080,東京都,調布市,深大寺東町５丁目,2020-12-21,13,その他の住宅（３階建て以下共同住宅等）,駐車（輪）場,20歳代,その他,施錠した
窃盗,自転車盗,調布,深大寺交番,132080,東京都,調布市,深大寺南町４丁目,2020-08-24,11,駐車（輪）場,駐車（輪）場,20歳代,その他,施錠した
窃盗,自転車盗,調布,植物公園前駐在所,132080,東京都,調布市,深大寺北町１丁目,2020-09-17,09,道路上,その他,70歳以上,その他,施錠した
窃盗,自転車盗,調布,植物公園前駐在所,132080,東京都,調布市,深大寺北町７丁目,2020-07-30,18,その他の住宅（３階建て以下共同住宅等）,駐車（輪）場,20歳代,その他,施錠した
窃盗,自転車盗,調布,菊野台交番,132080,東京都,調布市,菊野台１丁目,2020-01-19,19,その他の住宅（３階建て以下共同住宅等）,駐車（輪）場,40歳代,その他,施錠した
窃盗,自転車盗,調布,菊野台交番,132080,東京都,調布市,菊野台２丁目,2020-02-12,08,その他の住宅（３階建て以下共同住宅等）,駐車（輪）場,30歳代,その他,施錠した
窃盗,自転車盗,調布,菊野台交番,132080,東京都,調布市,菊野台３丁目,2020-04-18,14,駐車（輪）場,駐車（輪）場,10歳代,その他,施錠した
窃盗,自転車盗,調布,菊野台交番,132080,東京都,調布市,菊野台３丁目,2020-10-19,19,駐車（輪）場,駐車（輪）場,法人・団体、被害者なし,法人・団体、被害者なし,施錠した
窃盗,自転車盗,調布,菊野台交番,132080,東京都,調布市,佐須町４丁目,2019-12-08,16,一戸建住宅,駐車（輪）場,40歳代,その他,施錠した
窃盗,自転車盗,調布,菊野台交番,132080,東京都,調布市,佐須町４丁目,2020-09-29,19,その他の住宅（３階建て以下共同住宅等）,駐車（輪）場,20歳代,その他,施錠した
窃盗,自転車盗,調布,菊野台交番,132080,東京都,調布市,柴崎１丁目,2020-09-23,19,その他の住宅（３階建て以下共同住宅等）,その他,30歳代,その他,施錠した
窃盗,自転車盗,調布,菊野台交番,132080,東京都,調布市,西つつじケ丘３丁目,2020-01-15,19,一戸建住宅,駐車（輪）場,20歳代,その他,施錠した
窃盗,自転車盗,調布,中和泉交番,132195,東京都,狛江市,和泉本町４丁目,2020-03-11,18,その他の住宅（３階建て以下共同住宅等）,駐車（輪）場,20歳代,大学生,施錠した
窃盗,自転車盗,調布,中和泉交番,132195,東京都,狛江市,中和泉５丁目,2020-02-28,21,その他の住宅（３階建て以下共同住宅等）,駐車（輪）場,20歳代,その他,施錠した
窃盗,自転車盗,調布,狛江交番,132195,東京都,狛江市,和泉本町１丁目,2020-02-02,17,その他の住宅（３階建て以下共同住宅等）,駐車（輪）場,20歳代,その他,施錠した
窃盗,自転車盗,調布,狛江交番,132195,東京都,狛江市,和泉本町１丁目,2020-02-15,21,その他の住宅（３階建て以下共同住宅等）,駐車（輪）場,10歳代,高校生,施錠した
窃盗,自転車盗,調布,狛江交番,132195,東京都,狛江市,和泉本町１丁目,2020-03-21,15,４階建て以上共同住宅,駐車（輪）場,70歳以上,その他,施錠した
窃盗,自転車盗,調布,狛江交番,132195,東京都,狛江市,和泉本町１丁目,2020-04-14,12,その他,駐車（輪）場,40歳代,その他,施錠した
窃盗,自転車盗,調布,狛江交番,132195,東京都,狛江市,和泉本町１丁目,2020-08-09,22,駐車（輪）場,駐車（輪）場,40歳代,その他,施錠した
窃盗,自転車盗,調布,狛江交番,132195,東京都,狛江市,中和泉１丁目,2020-07-24,15,道路上,その他,30歳代,その他,施錠した
窃盗,自転車盗,調布,狛江交番,132195,東京都,狛江市,西野川４丁目,2020-02-02,20,４階建て以上共同住宅,駐車（輪）場,40歳代,その他,施錠した
窃盗,自転車盗,調布,狛江交番,132195,東京都,狛江市,東和泉１丁目,2019-09-01,12,その他の住宅（３階建て以下共同住宅等）,駐車（輪）場,20歳代,その他,施錠した
窃盗,自転車盗,調布,狛江交番,132195,東京都,狛江市,東和泉１丁目,2020-03-10,10,その他,駐車（輪）場,40歳代,その他,施錠した
窃盗,自転車盗,調布,狛江交番,132195,東京都,狛江市,東和泉１丁目,2020-03-22,19,道路上,その他,20歳代,大学生,施錠した
窃盗,自転車盗,調布,狛江交番,132195,東京都,狛江市,東和泉１丁目,2020-08-22,23,４階建て以上共同住宅,駐車（輪）場,20歳代,その他,施錠した
窃盗,自転車盗,調布,狛江交番,132195,東京都,狛江市,東和泉１丁目,2020-12-21,14,駐車（輪）場,駐車（輪）場,20歳代,その他,施錠した
窃盗,自転車盗,調布,狛江交番,132195,東京都,狛江市,元和泉１丁目,2018-02-01,13,道路上,その他,20歳代,その他,施錠した
窃盗,自転車盗,調布,狛江交番,132195,東京都,狛江市,元和泉１丁目,2019-12-03,07,駐車（輪）場,駐車（輪）場,40歳代,その他,施錠した
窃盗,自転車盗,調布,狛江交番,132195,東京都,狛江市,元和泉１丁目,2020-02-10,22,駐車（輪）場,駐車（輪）場,20歳代,その他,施錠した
窃盗,自転車盗,調布,狛江交番,132195,東京都,狛江市,元和泉１丁目,2020-03-05,09,駐車（輪）場,駐車（輪）場,70歳以上,その他,施錠した
窃盗,自転車盗,調布,狛江交番,132195,東京都,狛江市,元和泉１丁目,2020-11-04,13,駐車（輪）場,駐車（輪）場,70歳以上,その他,施錠した
窃盗,自転車盗,調布,和泉多摩川交番,132195,東京都,狛江市,東和泉４丁目,2020-07-24,07,駐車（輪）場,駐車（輪）場,10歳代,高校生,施錠した
窃盗,自転車盗,調布,和泉多摩川交番,132195,東京都,狛江市,元和泉３丁目,2020-03-12,17,駐車（輪）場,駐車（輪）場,10歳代,大学生,施錠した
窃盗,自転車盗,調布,和泉多摩川交番,132195,東京都,狛江市,元和泉３丁目,2020-05-22,12,駐車（輪）場,駐車（輪）場,20歳代,その他,施錠した
窃盗,自転車盗,調布,和泉多摩川交番,132195,東京都,狛江市,元和泉３丁目,2020-06-04,21,その他の住宅（３階建て以下共同住宅等）,駐車（輪）場,20歳代,その他,施錠した
窃盗,自転車盗,調布,岩戸交番,132195,東京都,狛江市,岩戸北１丁目,2020-07-27,19,４階建て以上共同住宅,駐車（輪）場,40歳代,その他,施錠した
窃盗,自転車盗,調布,岩戸交番,132195,東京都,狛江市,岩戸北２丁目,2020-01-02,15,道路上,その他,50歳代,その他,施錠した
窃盗,自転車盗,調布,岩戸交番,132195,東京都,狛江市,岩戸北２丁目,2020-01-17,22,道路上,その他,20歳代,その他,施錠した
窃盗,自転車盗,調布,岩戸交番,132195,東京都,狛江市,岩戸北２丁目,2020-01-25,16,その他の住宅（３階建て以下共同住宅等）,駐車（輪）場,20歳代,その他,施錠した
窃盗,自転車盗,調布,岩戸交番,132195,東京都,狛江市,岩戸北３丁目,2020-01-05,23,その他の住宅（３階建て以下共同住宅等）,駐車（輪）場,30歳代,その他,施錠した
窃盗,自転車盗,調布,岩戸交番,132195,東京都,狛江市,岩戸南２丁目,2020-06-21,20,その他の住宅（３階建て以下共同住宅等）,駐車（輪）場,30歳代,その他,施錠した
窃盗,自転車盗,調布,岩戸交番,132195,東京都,狛江市,岩戸南２丁目,2020-12-18,16,道路上,その他,40歳代,その他,施錠した
窃盗,自転車盗,調布,岩戸交番,132195,東京都,狛江市,岩戸南４丁目,2020-02-29,09,一戸建住宅,駐車（輪）場,10歳代,小学生,施錠した
窃盗,自転車盗,調布,小覚交番,132080,東京都,調布市,入間町１丁目,2020-04-11,12,その他の住宅（３階建て以下共同住宅等）,駐車（輪）場,50歳代,その他,施錠した
窃盗,自転車盗,調布,小覚交番,132080,東京都,調布市,仙川町１丁目,2020-07-13,10,その他,駐車（輪）場,70歳以上,その他,施錠した
窃盗,自転車盗,調布,小覚交番,132080,東京都,調布市,染地３丁目,2020-04-10,14,駐車（輪）場,駐車（輪）場,50歳代,その他,施錠した
窃盗,自転車盗,調布,小覚交番,132195,東京都,狛江市,西野川１丁目,2020-03-15,10,その他の住宅（３階建て以下共同住宅等）,駐車（輪）場,40歳代,その他,施錠した
窃盗,自転車盗,調布,小覚交番,132195,東京都,狛江市,西野川１丁目,2020-06-14,17,その他の住宅（３階建て以下共同住宅等）,駐車（輪）場,40歳代,その他,施錠した
窃盗,自転車盗,調布,小覚交番,132195,東京都,狛江市,東野川３丁目,2020-06-15,06,一戸建住宅,駐車（輪）場,70歳以上,その他,施錠した
窃盗,自転車盗,調布,多摩川住宅交番,132080,東京都,調布市,染地３丁目,2020-04-12,22,その他の住宅（３階建て以下共同住宅等）,駐車（輪）場,40歳代,その他,施錠した
窃盗,自転車盗,調布,多摩川住宅交番,132080,東京都,調布市,染地３丁目,2020-09-01,05,４階建て以上共同住宅,駐車（輪）場,70歳以上,その他,施錠した
窃盗,自転車盗,調布,多摩川住宅交番,132080,東京都,調布市,染地３丁目,2020-11-18,17,４階建て以上共同住宅,駐車（輪）場,65-69歳,その他,施錠した
窃盗,自転車盗,調布,多摩川住宅交番,132195,東京都,狛江市,西和泉１丁目,2020-08-14,15,４階建て以上共同住宅,駐車（輪）場,10歳代,高校生,施錠した
窃盗,自転車盗,調布,調布駅前交番,132080,東京都,調布市,国領町５丁目,2020-07-12,12,その他の住宅（３階建て以下共同住宅等）,駐車（輪）場,30歳代,その他,施錠した
窃盗,自転車盗,調布,調布駅前交番,132080,東京都,調布市,小島町１丁目,2019-12-03,23,駐車（輪）場,駐車（輪）場,20歳代,その他,施錠した
窃盗,自転車盗,調布,調布駅前交番,132080,東京都,調布市,小島町１丁目,2020-02-11,12,道路上,その他,20歳代,大学生,施錠した
窃盗,自転車盗,調布,調布駅前交番,132080,東京都,調布市,小島町１丁目,2020-09-07,18,道路上,その他,10歳代,大学生,施錠した
窃盗,自転車盗,調布,調布駅前交番,132080,東京都,調布市,小島町１丁目,2020-09-08,22,その他の住宅（３階建て以下共同住宅等）,駐車（輪）場,30歳代,その他,施錠した
窃盗,自転車盗,調布,調布駅前交番,132080,東京都,調布市,小島町２丁目,2019-11-01,00,その他の住宅（３階建て以下共同住宅等）,駐車（輪）場,40歳代,その他,施錠した
窃盗,自転車盗,調布,調布駅前交番,132080,東京都,調布市,小島町２丁目,2019-12-27,23,その他の住宅（３階建て以下共同住宅等）,駐車（輪）場,20歳代,その他,施錠した
窃盗,自転車盗,調布,調布駅前交番,132080,東京都,調布市,小島町２丁目,2020-01-01,12,４階建て以上共同住宅,駐車（輪）場,40歳代,その他,施錠した
窃盗,自転車盗,調布,調布駅前交番,132080,東京都,調布市,小島町２丁目,2020-01-20,10,道路上,その他,20歳代,その他,施錠した
窃盗,自転車盗,調布,調布駅前交番,132080,東京都,調布市,小島町２丁目,2020-07-25,13,その他の住宅（３階建て以下共同住宅等）,駐車（輪）場,30歳代,その他,施錠した
窃盗,自転車盗,調布,調布駅前交番,132080,東京都,調布市,小島町２丁目,2020-08-20,13,駐車（輪）場,駐車（輪）場,40歳代,その他,施錠した
窃盗,自転車盗,調布,調布駅前交番,132080,東京都,調布市,小島町２丁目,2020-11-04,14,その他,駐車（輪）場,20歳代,その他,施錠した
窃盗,自転車盗,調布,調布駅前交番,132080,東京都,調布市,小島町２丁目,2020-11-30,14,道路上,その他,70歳以上,その他,施錠した
窃盗,自転車盗,調布,調布駅前交番,132080,東京都,調布市,小島町３丁目,2019-07-20,15,その他の住宅（３階建て以下共同住宅等）,駐車（輪）場,20歳代,大学生,施錠した
窃盗,自転車盗,調布,調布駅前交番,132080,東京都,調布市,小島町３丁目,2020-11-02,02,道路上,その他,20歳代,大学生,施錠した
窃盗,自転車盗,調布,調布駅前交番,132080,東京都,調布市,下石原１丁目,2020-10-13,12,駐車（輪）場,駐車（輪）場,30歳代,その他,施錠した
窃盗,自転車盗,調布,調布駅前交番,132080,東京都,調布市,多摩川５丁目,2020-07-03,07,駐車（輪）場,駐車（輪）場,50歳代,その他,施錠した
窃盗,自転車盗,調布,調布駅前交番,132080,東京都,調布市,調布ケ丘１丁目,2020-03-07,23,その他,駐車（輪）場,20歳代,大学生,施錠した
窃盗,自転車盗,調布,調布駅前交番,132080,東京都,調布市,調布ケ丘１丁目,2020-04-27,12,その他,駐車（輪）場,40歳代,その他,施錠した
窃盗,自転車盗,調布,調布駅前交番,132080,東京都,調布市,富士見町４丁目,2020-04-09,08,その他,その他,20歳代,その他,施錠した
窃盗,自転車盗,調布,調布駅前交番,132080,東京都,調布市,布田１丁目,2019-12-09,00,道路上,その他,20歳代,大学生,施錠した
窃盗,自転車盗,調布,調布駅前交番,132080,東京都,調布市,布田１丁目,2020-03-03,09,駐車（輪）場,駐車（輪）場,20歳代,その他,施錠した
窃盗,自転車盗,調布,調布駅前交番,132080,東京都,調布市,布田１丁目,2020-04-01,21,道路上,その他,50歳代,その他,施錠した
窃盗,自転車盗,調布,調布駅前交番,132080,東京都,調布市,布田１丁目,2020-11-10,23,道路上,その他,20歳代,大学生,施錠した
窃盗,自転車盗,調布,調布駅前交番,132080,東京都,調布市,布田２丁目,2020-08-07,12,駐車（輪）場,駐車（輪）場,20歳代,その他,施錠した
窃盗,自転車盗,調布,調布駅前交番,132080,東京都,調布市,布田２丁目,2020-10-15,18,４階建て以上共同住宅,駐車（輪）場,50歳代,その他,施錠した
窃盗,自転車盗,調布,調布駅前交番,132080,東京都,調布市,布田２丁目,2020-12-12,12,その他の住宅（３階建て以下共同住宅等）,駐車（輪）場,30歳代,その他,施錠した
窃盗,自転車盗,調布,調布駅前交番,132080,東京都,調布市,布田３丁目,2020-02-12,07,駐車（輪）場,駐車（輪）場,20歳代,その他,施錠した
窃盗,自転車盗,調布,調布駅前交番,132080,東京都,調布市,布田３丁目,2020-11-19,17,その他の住宅（３階建て以下共同住宅等）,駐車（輪）場,10歳代,大学生,施錠した
窃盗,自転車盗,調布,調布駅前交番,132080,東京都,調布市,布田４丁目,2020-01-14,16,道路上,その他,30歳代,その他,施錠した
窃盗,自転車盗,調布,調布駅前交番,132080,東京都,調布市,布田４丁目,2020-03-05,08,駐車（輪）場,駐車（輪）場,10歳代,中学生,施錠した
窃盗,自転車盗,調布,調布駅前交番,132080,東京都,調布市,布田４丁目,2020-03-15,17,道路上,その他,50歳代,その他,施錠した
窃盗,自転車盗,調布,調布駅前交番,132080,東京都,調布市,布田４丁目,2020-03-21,18,道路上,その他,20歳代,大学生,施錠した
窃盗,自転車盗,調布,調布駅前交番,132080,東京都,調布市,布田４丁目,2020-07-19,12,その他の住宅（３階建て以下共同住宅等）,駐車（輪）場,20歳代,大学生,施錠した
窃盗,自転車盗,調布,調布駅前交番,132080,東京都,調布市,布田４丁目,2020-10-13,18,駐車（輪）場,駐車（輪）場,50歳代,その他,施錠した
窃盗,自転車盗,調布,調布駅前交番,132080,東京都,調布市,布田４丁目,2020-11-22,14,その他,その他,20歳代,その他,施錠した
窃盗,自転車盗,調布,飛田給駅前交番,132080,東京都,調布市,上石原２丁目,2020-11-06,15,その他,駐車（輪）場,法人・団体、被害者なし,法人・団体、被害者なし,施錠した
窃盗,自転車盗,調布,飛田給駅前交番,132080,東京都,調布市,飛田給１丁目,2019-12-01,18,駐車（輪）場,駐車（輪）場,20歳代,大学生,施錠した
窃盗,自転車盗,調布,飛田給駅前交番,132080,東京都,調布市,飛田給１丁目,2020-02-01,18,４階建て以上共同住宅,駐車（輪）場,20歳代,その他,施錠した
窃盗,自転車盗,調布,飛田給駅前交番,132080,東京都,調布市,飛田給３丁目,2020-02-04,17,一戸建住宅,その他,65-69歳,その他,施錠した
窃盗,自転車盗,小平,花小金井駅前交番,132110,東京都,小平市,鈴木町２丁目,2020-08-22,17,駐車（輪）場,駐車（輪）場,20歳代,大学生,施錠した
窃盗,自転車盗,小平,花小金井駅前交番,132110,東京都,小平市,花小金井１丁目,2020-01-02,12,駐車（輪）場,駐車（輪）場,50歳代,その他,施錠した
窃盗,自転車盗,小平,花小金井駅前交番,132110,東京都,小平市,花小金井１丁目,2020-01-10,11,その他,駐車（輪）場,70歳以上,その他,施錠した
窃盗,自転車盗,小平,花小金井駅前交番,132110,東京都,小平市,花小金井１丁目,2020-01-14,18,その他の住宅（３階建て以下共同住宅等）,駐車（輪）場,40歳代,その他,施錠した
窃盗,自転車盗,小平,花小金井駅前交番,132110,東京都,小平市,花小金井１丁目,2020-01-30,15,その他の住宅（３階建て以下共同住宅等）,駐車（輪）場,20歳代,大学生,施錠した
窃盗,自転車盗,小平,花小金井駅前交番,132110,東京都,小平市,花小金井１丁目,2020-02-05,15,一戸建住宅,駐車（輪）場,10歳代,小学生,施錠した
窃盗,自転車盗,小平,花小金井駅前交番,132110,東京都,小平市,花小金井１丁目,2020-02-23,22,一戸建住宅,駐車（輪）場,40歳代,その他,施錠した
窃盗,自転車盗,小平,花小金井駅前交番,132110,東京都,小平市,花小金井１丁目,2020-02-26,00,４階建て以上共同住宅,駐車（輪）場,10歳代,小学生,施錠した
窃盗,自転車盗,小平,花小金井駅前交番,132110,東京都,小平市,花小金井１丁目,2020-03-20,15,その他の住宅（３階建て以下共同住宅等）,駐車（輪）場,10歳代,中学生,施錠した
窃盗,自転車盗,小平,花小金井駅前交番,132110,東京都,小平市,花小金井１丁目,2020-04-01,09,駐車（輪）場,駐車（輪）場,30歳代,その他,施錠した
窃盗,自転車盗,小平,花小金井駅前交番,132110,東京都,小平市,花小金井１丁目,2020-06-14,16,その他の住宅（３階建て以下共同住宅等）,駐車（輪）場,40歳代,その他,施錠した
窃盗,自転車盗,小平,花小金井駅前交番,132110,東京都,小平市,花小金井１丁目,2020-06-24,19,その他,駐車（輪）場,10歳代,その他,施錠した
窃盗,自転車盗,小平,花小金井駅前交番,132110,東京都,小平市,花小金井１丁目,2020-09-02,11,その他,駐車（輪）場,40歳代,その他,施錠した
窃盗,自転車盗,小平,花小金井駅前交番,132110,東京都,小平市,花小金井１丁目,2020-10-16,23,その他,駐車（輪）場,20歳代,大学生,施錠した
窃盗,自転車盗,小平,花小金井駅前交番,132110,東京都,小平市,花小金井１丁目,2020-10-21,22,その他の住宅（３階建て以下共同住宅等）,駐車（輪）場,30歳代,その他,施錠した
窃盗,自転車盗,小平,花小金井駅前交番,132110,東京都,小平市,花小金井５丁目,2020-06-12,23,道路上,その他,20歳代,大学生,施錠した
窃盗,自転車盗,小平,花小金井駅前交番,132110,東京都,小平市,花小金井５丁目,2020-12-18,20,その他の住宅（３階建て以下共同住宅等）,駐車（輪）場,20歳代,その他,施錠した
窃盗,自転車盗,小平,花小金井駅前交番,132110,東京都,小平市,花小金井６丁目,2020-06-12,16,その他の住宅（３階建て以下共同住宅等）,駐車（輪）場,10歳代,中学生,施錠した
窃盗,自転車盗,小平,花小金井駅前交番,132110,東京都,小平市,花小金井７丁目,2020-01-29,03,その他の住宅（３階建て以下共同住宅等）,駐車（輪）場,20歳代,大学生,施錠した
窃盗,自転車盗,小平,花小金井駅前交番,132110,東京都,小平市,花小金井南町１丁目,2020-01-17,09,その他,駐車（輪）場,20歳代,その他,施錠した
窃盗,自転車盗,小平,花小金井駅前交番,132110,東京都,小平市,花小金井南町１丁目,2020-04-01,19,４階建て以上共同住宅,駐車（輪）場,50歳代,その他,施錠した
窃盗,自転車盗,小平,花小金井駅前交番,132110,東京都,小平市,花小金井南町１丁目,2020-04-22,19,４階建て以上共同住宅,駐車（輪）場,20歳代,その他,施錠した
窃盗,自転車盗,小平,花小金井駅前交番,132110,東京都,小平市,花小金井南町１丁目,2020-05-03,14,その他の住宅（３階建て以下共同住宅等）,駐車（輪）場,20歳代,その他,施錠した
窃盗,自転車盗,小平,花小金井駅前交番,132110,東京都,小平市,花小金井南町１丁目,2020-06-15,11,その他,駐車（輪）場,70歳以上,その他,施錠した
窃盗,自転車盗,小平,花小金井駅前交番,132110,東京都,小平市,花小金井南町１丁目,2020-07-04,13,その他の住宅（３階建て以下共同住宅等）,駐車（輪）場,70歳以上,その他,施錠した
窃盗,自転車盗,小平,花小金井駅前交番,132110,東京都,小平市,花小金井南町１丁目,2020-10-05,13,道路上,その他,60-64歳,その他,施錠した
窃盗,自転車盗,小平,学園東交番,132110,東京都,小平市,小川東町２丁目,2020-10-07,23,その他の住宅（３階建て以下共同住宅等）,駐車（輪）場,20歳代,大学生,施錠した
窃盗,自転車盗,小平,学園東交番,132110,東京都,小平市,学園東町,2020-03-24,18,４階建て以上共同住宅,駐車（輪）場,40歳代,その他,施錠した
窃盗,自転車盗,小平,学園東交番,132110,東京都,小平市,喜平町１丁目,2020-07-09,22,その他の住宅（３階建て以下共同住宅等）,駐車（輪）場,50歳代,その他,施錠した
窃盗,自転車盗,小平,学園東交番,132110,東京都,小平市,回田町,2020-07-02,17,その他,駐車（輪）場,60-64歳,その他,施錠した
窃盗,自転車盗,小平,学園東交番,132110,東京都,小平市,回田町,2020-12-14,18,その他,駐車（輪）場,20歳代,その他,施錠した
窃盗,自転車盗,小平,小平駅前交番,132110,東京都,小平市,小川西町４丁目,2020-10-28,00,道路上,その他,20歳代,大学生,施錠した
窃盗,自転車盗,小平,小平駅前交番,132110,東京都,小平市,小川東町,2020-02-29,21,その他の住宅（３階建て以下共同住宅等）,駐車（輪）場,30歳代,その他,施錠した
窃盗,自転車盗,小平,小平駅前交番,132110,東京都,小平市,小川東町１丁目,2020-12-25,22,その他の住宅（３階建て以下共同住宅等）,駐車（輪）場,20歳代,大学生,施錠した
窃盗,自転車盗,小平,小平駅前交番,132110,東京都,小平市,栄町２丁目,2020-01-13,20,一戸建住宅,駐車（輪）場,10歳代,高校生,施錠した
窃盗,自転車盗,小平,小平駅前交番,132110,東京都,小平市,上水南町４丁目,2020-01-07,21,その他,駐車（輪）場,10歳代,高校生,施錠した
窃盗,自転車盗,小平,小平駅前交番,132110,東京都,小平市,天神町２丁目,2020-11-01,20,その他の住宅（３階建て以下共同住宅等）,駐車（輪）場,20歳代,その他,施錠した
窃盗,自転車盗,小平,小平駅前交番,132110,東京都,小平市,天神町３丁目,2020-12-16,06,その他,駐車（輪）場,70歳以上,その他,施錠した
窃盗,自転車盗,小平,小平駅前交番,132110,東京都,小平市,仲町,2019-12-14,15,４階建て以上共同住宅,駐車（輪）場,30歳代,その他,施錠した
窃盗,自転車盗,小平,小平駅前交番,132110,東京都,小平市,美園町１丁目,2020-08-20,18,駐車（輪）場,駐車（輪）場,50歳代,その他,施錠した
窃盗,自転車盗,小平,小平駅前交番,132110,東京都,小平市,美園町１丁目,2020-09-09,18,その他の住宅（３階建て以下共同住宅等）,駐車（輪）場,30歳代,その他,施錠した
窃盗,自転車盗,小平,小平駅前交番,132110,東京都,小平市,美園町１丁目,2020-09-19,08,駐車（輪）場,駐車（輪）場,20歳代,その他,施錠した
窃盗,自転車盗,小平,小平駅前交番,132110,東京都,小平市,美園町１丁目,2020-11-17,14,道路上,その他,10歳代,高校生,施錠した
窃盗,自転車盗,小平,小平駅前交番,132110,東京都,小平市,美園町１丁目,2020-12-15,07,駐車（輪）場,駐車（輪）場,50歳代,その他,施錠した
窃盗,自転車盗,小平,小平駅前交番,132110,東京都,小平市,美園町２丁目,2020-01-27,19,駐車（輪）場,駐車（輪）場,20歳代,その他,施錠した
窃盗,自転車盗,小平,小平駅前交番,132110,東京都,小平市,美園町２丁目,2020-08-20,10,駐車（輪）場,駐車（輪）場,10歳代,高校生,施錠した
窃盗,自転車盗,小平,小平駅前交番,132110,東京都,小平市,美園町２丁目,2020-09-11,09,その他,駐車（輪）場,20歳代,その他,施錠した
窃盗,自転車盗,小平,小平駅前交番,132110,東京都,小平市,美園町２丁目,2020-11-15,15,道路上,その他,50歳代,その他,施錠した
窃盗,自転車盗,小平,学園西町交番,132110,東京都,小平市,小川町２丁目,2020-08-12,23,その他の住宅（３階建て以下共同住宅等）,駐車（輪）場,20歳代,その他,施錠した
窃盗,自転車盗,小平,学園西町交番,132110,東京都,小平市,小川町２丁目,2020-09-06,14,道路上,その他,70歳以上,その他,施錠した
窃盗,自転車盗,小平,学園西町交番,132110,東京都,小平市,学園西町１丁目,2020-04-23,17,４階建て以上共同住宅,駐車（輪）場,10歳代,その他,施錠した
窃盗,自転車盗,小平,学園西町交番,132110,東京都,小平市,学園西町１丁目,2020-06-07,18,一戸建住宅,駐車（輪）場,60-64歳,その他,施錠した
窃盗,自転車盗,小平,学園西町交番,132110,東京都,小平市,学園西町１丁目,2020-11-16,17,その他の住宅（３階建て以下共同住宅等）,駐車（輪）場,30歳代,その他,施錠した
窃盗,自転車盗,小平,学園西町交番,132110,東京都,小平市,学園西町２丁目,2020-03-31,21,その他の住宅（３階建て以下共同住宅等）,駐車（輪）場,40歳代,その他,施錠した
窃盗,自転車盗,小平,学園西町交番,132110,東京都,小平市,津田町２丁目,2020-10-19,17,一戸建住宅,駐車（輪）場,60-64歳,その他,施錠した
窃盗,自転車盗,小平,鷹の台駅前交番,132110,東京都,小平市,小川町１丁目,2020-11-08,18,その他の住宅（３階建て以下共同住宅等）,駐車（輪）場,50歳代,その他,施錠した
窃盗,自転車盗,小平,鷹の台駅前交番,132110,東京都,小平市,上水本町３丁目,2020-12-15,20,その他の住宅（３階建て以下共同住宅等）,駐車（輪）場,20歳代,その他,施錠した
窃盗,自転車盗,小平,鷹の台駅前交番,132110,東京都,小平市,上水南町２丁目,2020-05-19,15,その他の住宅（３階建て以下共同住宅等）,駐車（輪）場,10歳代,大学生,施錠した
窃盗,自転車盗,小平,鷹の台駅前交番,132110,東京都,小平市,たかの台,2020-12-20,07,駐車（輪）場,駐車（輪）場,30歳代,その他,施錠した
窃盗,自転車盗,小平,鷹の台駅前交番,132110,東京都,小平市,津田町１丁目,2020-08-24,11,４階建て以上共同住宅,駐車（輪）場,30歳代,その他,施錠した
窃盗,自転車盗,小平,小川駅前交番,132110,東京都,小平市,小川西町１丁目,2019-12-10,12,その他の住宅（３階建て以下共同住宅等）,駐車（輪）場,30歳代,その他,施錠した
窃盗,自転車盗,小平,小川駅前交番,132110,東京都,小平市,小川西町２丁目,2020-03-24,20,４階建て以上共同住宅,駐車（輪）場,40歳代,その他,施錠した
窃盗,自転車盗,小平,小川駅前交番,132110,東京都,小平市,小川西町３丁目,2020-01-11,19,道路上,その他,10歳代,その他,施錠した
窃盗,自転車盗,小平,小川駅前交番,132110,東京都,小平市,小川西町３丁目,2020-09-08,09,４階建て以上共同住宅,駐車（輪）場,40歳代,その他,施錠した
窃盗,自転車盗,小平,小川駅前交番,132110,東京都,小平市,小川西町４丁目,2019-12-29,00,４階建て以上共同住宅,駐車（輪）場,20歳代,大学生,施錠した
窃盗,自転車盗,小平,小川駅前交番,132110,東京都,小平市,小川西町４丁目,2020-07-14,15,駐車（輪）場,駐車（輪）場,10歳代,高校生,施錠した
窃盗,自転車盗,小平,小川駅前交番,132110,東京都,小平市,小川西町４丁目,2020-07-28,16,４階建て以上共同住宅,駐車（輪）場,60-64歳,その他,施錠した
窃盗,自転車盗,小平,小川駅前交番,132110,東京都,小平市,小川西町４丁目,2020-10-03,06,駐車（輪）場,駐車（輪）場,50歳代,その他,施錠した
窃盗,自転車盗,小平,小川駅前交番,132110,東京都,小平市,小川西町４丁目,2020-10-03,16,その他の住宅（３階建て以下共同住宅等）,駐車（輪）場,20歳代,その他,施錠した
窃盗,自転車盗,小平,小川駅前交番,132110,東京都,小平市,小川西町４丁目,2020-11-01,11,駐車（輪）場,駐車（輪）場,法人・団体、被害者なし,法人・団体、被害者なし,施錠した
窃盗,自転車盗,小平,小川駅前交番,132110,東京都,小平市,小川東町１丁目,2020-09-08,08,駐車（輪）場,駐車（輪）場,20歳代,その他,施錠した
窃盗,自転車盗,小平,小川駅前交番,132110,東京都,小平市,小川東町１丁目,2020-10-27,09,駐車（輪）場,駐車（輪）場,40歳代,その他,施錠した
窃盗,自転車盗,小平,小川駅前交番,132110,東京都,小平市,小川東町５丁目,2020-04-01,12,４階建て以上共同住宅,駐車（輪）場,10歳代,大学生,施錠した
窃盗,自転車盗,小平,小川駅前交番,132110,東京都,小平市,小川町１丁目,2020-06-07,09,その他,駐車（輪）場,10歳代,大学生,施錠した
窃盗,自転車盗,小平,小川駅前交番,132110,東京都,小平市,小川町２丁目,2020-05-27,19,駐車（輪）場,駐車（輪）場,20歳代,その他,施錠した
窃盗,自転車盗,小平,小川駅前交番,132110,東京都,小平市,小川町２丁目,2020-06-07,16,駐車（輪）場,駐車（輪）場,40歳代,その他,施錠した
窃盗,自転車盗,小平,小川駅前交番,132110,東京都,小平市,小川町２丁目,2020-10-05,21,その他,駐車（輪）場,20歳代,大学生,施錠した
窃盗,自転車盗,小平,小川駅前交番,132110,東京都,小平市,小川町２丁目,2020-10-08,17,その他,駐車（輪）場,20歳代,その他,施錠した
窃盗,自転車盗,小平,小川駅前交番,132110,東京都,小平市,小川町２丁目,2020-11-24,11,駐車（輪）場,駐車（輪）場,50歳代,その他,施錠した
窃盗,自転車盗,小平,仲町交番,132110,東京都,小平市,小川町２丁目,2020-07-10,17,駐車（輪）場,駐車（輪）場,法人・団体、被害者なし,法人・団体、被害者なし,施錠した
窃盗,自転車盗,小平,仲町交番,132110,東京都,小平市,学園東町,2020-10-05,19,４階建て以上共同住宅,駐車（輪）場,10歳代,中学生,施錠した
窃盗,自転車盗,小平,仲町交番,132110,東京都,小平市,仲町,2020-01-05,16,その他の住宅（３階建て以下共同住宅等）,駐車（輪）場,50歳代,その他,施錠した
窃盗,自転車盗,小平,大沼町交番,132110,東京都,小平市,大沼町１丁目,2020-02-20,19,その他の住宅（３階建て以下共同住宅等）,駐車（輪）場,20歳代,大学生,施錠した
窃盗,自転車盗,小平,大沼町交番,132110,東京都,小平市,大沼町１丁目,2020-06-05,00,その他の住宅（３階建て以下共同住宅等）,駐車（輪）場,30歳代,その他,施錠した
窃盗,自転車盗,小平,大沼町交番,132110,東京都,小平市,大沼町７丁目,2020-11-29,15,４階建て以上共同住宅,駐車（輪）場,10歳代,高校生,施錠した
窃盗,自転車盗,小平,上宿交番,132110,東京都,小平市,小川町１丁目,2020-04-15,09,４階建て以上共同住宅,駐車（輪）場,50歳代,その他,施錠した
窃盗,自転車盗,小平,上宿交番,132110,東京都,小平市,小川町１丁目,2020-10-18,16,その他の住宅（３階建て以下共同住宅等）,駐車（輪）場,40歳代,その他,施錠した
窃盗,自転車盗,小平,上宿交番,132110,東京都,小平市,栄町１丁目,2019-12-27,15,一戸建住宅,駐車（輪）場,10歳代,小学生,施錠した
窃盗,自転車盗,小平,上宿交番,132110,東京都,小平市,栄町１丁目,2019-12-27,15,一戸建住宅,駐車（輪）場,40歳代,その他,施錠した
窃盗,自転車盗,中央,本町交番,131024,東京都,中央区,日本橋本町３丁目,2020-02-07,20,道路上,その他,65-69歳,その他,施錠せず
窃盗,自転車盗,中央,本町交番,131024,東京都,中央区,日本橋本町３丁目,2020-08-28,22,道路上,その他,40歳代,その他,施錠せず
窃盗,自転車盗,中央,日本橋交番,131024,東京都,中央区,日本橋１丁目,2020-10-23,18,駐車（輪）場,駐車（輪）場,法人・団体、被害者なし,法人・団体、被害者なし,施錠せず
窃盗,自転車盗,中央,日本橋交番,131024,東京都,中央区,日本橋２丁目,2020-05-27,10,道路上,その他,50歳代,その他,施錠せず
窃盗,自転車盗,中央,日本橋交番,131024,東京都,中央区,日本橋小舟町,2020-10-15,19,４階建て以上共同住宅,駐車（輪）場,30歳代,その他,施錠せず
窃盗,自転車盗,中央,日本橋交番,131024,東京都,中央区,日本橋堀留町１丁目,2020-03-02,13,道路上,その他,65-69歳,その他,施錠せず
窃盗,自転車盗,中央,日本橋交番,131024,東京都,中央区,日本橋堀留町１丁目,2020-03-03,07,道路上,その他,法人・団体、被害者なし,法人・団体、被害者なし,施錠せず
窃盗,自転車盗,中央,日本橋交番,131024,東京都,中央区,日本橋堀留町１丁目,2020-05-05,16,４階建て以上共同住宅,駐車（輪）場,40歳代,その他,施錠せず
窃盗,自転車盗,中央,日本橋交番,131024,東京都,中央区,日本橋本石町１丁目,2020-09-20,03,道路上,その他,20歳代,大学生,施錠せず
窃盗,自転車盗,中央,日本橋交番,131024,東京都,中央区,日本橋本町１丁目,2020-02-12,14,その他,駐車（輪）場,法人・団体、被害者なし,法人・団体、被害者なし,施錠せず
窃盗,自転車盗,中央,日本橋交番,131024,東京都,中央区,日本橋本町１丁目,2020-10-04,16,４階建て以上共同住宅,駐車（輪）場,10歳未満,小学生,施錠せず
窃盗,自転車盗,中央,日本橋交番,131024,東京都,中央区,日本橋室町１丁目,2020-03-06,23,４階建て以上共同住宅,駐車（輪）場,40歳代,その他,施錠せず
窃盗,自転車盗,中央,日本橋交番,131024,東京都,中央区,八重洲１丁目,2020-01-13,13,駐車（輪）場,駐車（輪）場,50歳代,その他,施錠せず
窃盗,自転車盗,中央,日本橋交番,131024,東京都,中央区,八重洲１丁目,2020-02-23,14,駐車（輪）場,駐車（輪）場,50歳代,その他,施錠せず
窃盗,自転車盗,中央,日本橋交番,131024,東京都,中央区,八重洲１丁目,2020-06-12,08,駐車（輪）場,駐車（輪）場,30歳代,その他,施錠せず
窃盗,自転車盗,中央,八重洲通交番,131024,東京都,中央区,日本橋３丁目,2020-02-25,08,道路上,その他,50歳代,その他,施錠せず
窃盗,自転車盗,中央,茅場町交番,131024,東京都,中央区,日本橋茅場町２丁目,2020-03-16,16,道路上,その他,法人・団体、被害者なし,法人・団体、被害者なし,施錠せず
窃盗,自転車盗,中央,茅場町交番,131024,東京都,中央区,日本橋茅場町２丁目,2020-06-30,08,駐車（輪）場,駐車（輪）場,20歳代,その他,施錠せず
窃盗,自転車盗,中央,茅場町交番,131024,東京都,中央区,日本橋茅場町２丁目,2020-08-20,12,道路上,その他,30歳代,その他,施錠せず
窃盗,自転車盗,中央,茅場町交番,131024,東京都,中央区,八丁堀１丁目,2020-03-08,23,道路上,その他,30歳代,その他,施錠せず
窃盗,自転車盗,中央,八丁堀交番,131024,東京都,中央区,八丁堀２丁目,2019-08-01,10,道路上,その他,10歳代,中学生,施錠せず
窃盗,自転車盗,中央,八丁堀交番,131024,東京都,中央区,八丁堀２丁目,2020-02-27,20,４階建て以上共同住宅,その他,70歳以上,その他,施錠せず
窃盗,自転車盗,中央,八丁堀交番,131024,東京都,中央区,八丁堀２丁目,2020-09-11,20,道路上,その他,30歳代,その他,施錠せず
窃盗,自転車盗,中央,八丁堀交番,131024,東京都,中央区,八丁堀３丁目,2020-02-09,15,一戸建住宅,その他,40歳代,その他,施錠せず
窃盗,自転車盗,中央,八丁堀交番,131024,東京都,中央区,八丁堀３丁目,2020-07-15,16,道路上,その他,法人・団体、被害者なし,法人・団体、被害者なし,施錠せず
窃盗,自転車盗,中央,高橋交番,131024,東京都,中央区,新川１丁目,2020-01-20,14,その他,駐車（輪）場,法人・団体、被害者なし,法人・団体、被害者なし,施錠せず
窃盗,自転車盗,中央,高橋交番,131024,東京都,中央区,新川１丁目,2020-09-10,20,道路上,その他,60-64歳,その他,施錠せず
窃盗,自転車盗,中央,高橋交番,131024,東京都,中央区,新川１丁目,2020-10-28,01,その他,その他,40歳代,その他,施錠せず
窃盗,自転車盗,中央,高橋交番,131024,東京都,中央区,新川２丁目,2020-03-05,15,４階建て以上共同住宅,駐車（輪）場,30歳代,その他,施錠せず
窃盗,自転車盗,中央,高橋交番,131024,東京都,中央区,新川２丁目,2020-03-22,22,道路上,その他,70歳以上,その他,施錠せず
窃盗,自転車盗,中央,高橋交番,131024,東京都,中央区,新川２丁目,2020-07-13,22,道路上,その他,30歳代,その他,施錠せず
窃盗,自転車盗,深川,森下交番,131083,東京都,江東区,新大橋１丁目,2020-06-08,19,４階建て以上共同住宅,駐車（輪）場,20歳代,その他,施錠せず
窃盗,自転車盗,深川,森下交番,131083,東京都,江東区,新大橋２丁目,2020-10-05,21,４階建て以上共同住宅,駐車（輪）場,30歳代,その他,施錠せず
窃盗,自転車盗,深川,森下交番,131083,東京都,江東区,新大橋２丁目,2020-10-20,22,４階建て以上共同住宅,駐車（輪）場,10歳代,中学生,施錠せず
窃盗,自転車盗,深川,森下交番,131083,東京都,江東区,新大橋３丁目,2019-12-06,04,道路上,その他,40歳代,その他,施錠せず
窃盗,自転車盗,深川,森下交番,131083,東京都,江東区,新大橋３丁目,2019-12-13,21,その他の住宅（３階建て以下共同住宅等）,駐車（輪）場,30歳代,その他,施錠せず
窃盗,自転車盗,深川,森下交番,131083,東京都,江東区,高橋,2020-03-04,00,道路上,その他,60-64歳,その他,施錠せず
窃盗,自転車盗,深川,森下交番,131083,東京都,江東区,常盤１丁目,2019-11-23,17,４階建て以上共同住宅,駐車（輪）場,30歳代,その他,施錠せず
窃盗,自転車盗,深川,森下交番,131083,東京都,江東区,常盤２丁目,2020-05-09,18,４階建て以上共同住宅,駐車（輪）場,30歳代,その他,施錠せず
窃盗,自転車盗,深川,森下交番,131083,東京都,江東区,常盤２丁目,2020-08-26,01,一戸建住宅,その他,10歳代,高校生,施錠せず
窃盗,自転車盗,深川,森下交番,131083,東京都,江東区,森下１丁目,2020-02-23,19,道路上,その他,40歳代,その他,施錠せず
窃盗,自転車盗,深川,森下交番,131083,東京都,江東区,森下２丁目,2019-12-20,12,一戸建住宅,その他,30歳代,その他,施錠せず
窃盗,自転車盗,深川,森下交番,131083,東京都,江東区,森下２丁目,2020-02-29,02,道路上,その他,30歳代,その他,施錠せず
窃盗,自転車盗,深川,森下交番,131083,東京都,江東区,森下２丁目,2020-03-31,18,道路上,その他,50歳代,その他,施錠せず
窃盗,自転車盗,深川,森下交番,131083,東京都,江東区,森下２丁目,2020-04-29,17,その他の住宅（３階建て以下共同住宅等）,駐車（輪）場,30歳代,その他,施錠せず
窃盗,自転車盗,深川,森下交番,131083,東京都,江東区,森下２丁目,2020-09-19,18,道路上,その他,20歳代,その他,施錠せず
窃盗,自転車盗,深川,森下交番,131083,東京都,江東区,森下２丁目,2020-09-26,01,道路上,その他,40歳代,その他,施錠せず
窃盗,自転車盗,深川,森下交番,131083,東京都,江東区,森下２丁目,2020-10-06,13,道路上,その他,40歳代,その他,施錠せず
窃盗,自転車盗,深川,森下交番,131083,東京都,江東区,森下２丁目,2020-11-12,16,その他,駐車（輪）場,40歳代,その他,施錠せず
窃盗,自転車盗,深川,森下交番,131083,東京都,江東区,森下３丁目,2020-01-24,19,４階建て以上共同住宅,駐車（輪）場,30歳代,その他,施錠せず
窃盗,自転車盗,深川,森下交番,131083,東京都,江東区,森下３丁目,2020-04-24,18,４階建て以上共同住宅,駐車（輪）場,40歳代,その他,施錠せず
窃盗,自転車盗,深川,森下交番,131083,東京都,江東区,森下３丁目,2020-07-04,21,４階建て以上共同住宅,駐車（輪）場,40歳代,その他,施錠せず
窃盗,自転車盗,深川,森下交番,131083,東京都,江東区,森下３丁目,2020-10-29,10,道路上,その他,30歳代,その他,施錠せず
窃盗,自転車盗,深川,森下交番,131083,東京都,江東区,森下３丁目,2020-11-22,20,その他の住宅（３階建て以下共同住宅等）,駐車（輪）場,50歳代,その他,施錠せず
窃盗,自転車盗,深川,森下交番,131083,東京都,江東区,森下４丁目,2020-03-16,08,道路上,その他,30歳代,その他,施錠せず
窃盗,自転車盗,深川,住吉交番,131083,東京都,江東区,猿江１丁目,2020-03-22,09,４階建て以上共同住宅,駐車（輪）場,70歳以上,その他,施錠せず
窃盗,自転車盗,深川,住吉交番,131083,東京都,江東区,猿江１丁目,2020-07-11,23,４階建て以上共同住宅,駐車（輪）場,20歳代,その他,施錠せず
窃盗,自転車盗,深川,住吉交番,131083,東京都,江東区,猿江１丁目,2020-11-20,22,道路上,その他,30歳代,その他,施錠せず
窃盗,自転車盗,深川,住吉交番,131083,東京都,江東区,猿江２丁目,2019-12-25,23,その他,駐車（輪）場,20歳代,その他,施錠せず
窃盗,自転車盗,深川,住吉交番,131083,東京都,江東区,猿江２丁目,2020-03-04,21,４階建て以上共同住宅,駐車（輪）場,40歳代,その他,施錠せず
窃盗,自転車盗,深川,住吉交番,131083,東京都,江東区,猿江２丁目,2020-11-04,22,その他,駐車（輪）場,30歳代,その他,施錠せず
窃盗,自転車盗,深川,住吉交番,131083,東京都,江東区,住吉１丁目,2020-06-26,08,４階建て以上共同住宅,駐車（輪）場,20歳代,その他,施錠せず
窃盗,自転車盗,深川,住吉交番,131083,東京都,江東区,住吉１丁目,2020-07-03,23,４階建て以上共同住宅,駐車（輪）場,30歳代,その他,施錠せず
窃盗,自転車盗,深川,住吉交番,131083,東京都,江東区,住吉１丁目,2020-07-14,17,その他,駐車（輪）場,20歳代,その他,施錠せず
窃盗,自転車盗,深川,住吉交番,131083,東京都,江東区,住吉２丁目,2019-12-19,09,駐車（輪）場,駐車（輪）場,20歳代,その他,施錠せず
窃盗,自転車盗,深川,住吉交番,131083,東京都,江東区,住吉２丁目,2019-12-23,19,道路上,その他,30歳代,その他,施錠せず
窃盗,自転車盗,深川,住吉交番,131083,東京都,江東区,住吉２丁目,2020-02-09,16,その他,駐車（輪）場,10歳代,高校生,施錠せず
窃盗,自転車盗,深川,住吉交番,131083,東京都,江東区,住吉２丁目,2020-02-10,22,一戸建住宅,その他,50歳代,その他,施錠せず
窃盗,自転車盗,深川,住吉交番,131083,東京都,江東区,住吉２丁目,2020-03-21,18,一戸建住宅,駐車（輪）場,30歳代,その他,施錠せず
窃盗,自転車盗,深川,住吉交番,131083,東京都,江東区,住吉２丁目,2020-07-02,09,道路上,その他,30歳代,その他,施錠せず
窃盗,自転車盗,深川,住吉交番,131083,東京都,江東区,住吉２丁目,2020-09-23,07,駐車（輪）場,駐車（輪）場,20歳代,その他,施錠せず
窃盗,自転車盗,深川,住吉交番,131083,東京都,江東区,住吉２丁目,2020-11-30,07,駐車（輪）場,駐車（輪）場,10歳代,高校生,施錠せず
窃盗,自転車盗,深川,住吉交番,131083,東京都,江東区,毛利１丁目,2019-12-24,00,道路上,その他,50歳代,その他,施錠せず
窃盗,自転車盗,深川,東陽交番,131083,東京都,江東区,木場４丁目,2020-01-05,11,その他,駐車（輪）場,50歳代,その他,施錠せず
窃盗,自転車盗,深川,東陽交番,131083,東京都,江東区,木場５丁目,2020-06-08,23,道路上,その他,20歳代,その他,施錠せず
窃盗,自転車盗,深川,東陽交番,131083,東京都,江東区,木場５丁目,2020-07-20,19,道路上,その他,50歳代,その他,施錠せず
窃盗,自転車盗,深川,東陽交番,131083,東京都,江東区,木場５丁目,2020-08-11,08,４階建て以上共同住宅,駐車（輪）場,30歳代,その他,施錠せず
窃盗,自転車盗,深川,東陽交番,131083,東京都,江東区,木場６丁目,2020-03-13,19,その他の住宅（３階建て以下共同住宅等）,駐車（輪）場,70歳以上,その他,施錠せず
窃盗,自転車盗,深川,東陽交番,131083,東京都,江東区,木場６丁目,2020-06-20,17,４階建て以上共同住宅,駐車（輪）場,10歳代,中学生,施錠せず
窃盗,自転車盗,深川,東陽交番,131083,東京都,江東区,塩浜２丁目,2019-12-26,17,４階建て以上共同住宅,駐車（輪）場,10歳未満,小学生,施錠せず
窃盗,自転車盗,深川,東陽交番,131083,東京都,江東区,塩浜２丁目,2020-03-23,14,その他の住宅（３階建て以下共同住宅等）,駐車（輪）場,50歳代,その他,施錠せず
窃盗,自転車盗,深川,東陽交番,131083,東京都,江東区,塩浜２丁目,2020-05-11,19,その他,駐車（輪）場,40歳代,その他,施錠せず
窃盗,自転車盗,深川,東陽交番,131083,東京都,江東区,塩浜２丁目,2020-08-24,18,その他,駐車（輪）場,20歳代,その他,施錠せず
窃盗,自転車盗,深川,東陽交番,131083,東京都,江東区,塩浜２丁目,2020-10-13,18,その他の住宅（３階建て以下共同住宅等）,駐車（輪）場,10歳代,中学生,施錠せず
窃盗,自転車盗,深川,東陽交番,131083,東京都,江東区,塩浜２丁目,2020-10-23,22,４階建て以上共同住宅,駐車（輪）場,10歳代,中学生,施錠せず
窃盗,自転車盗,深川,東陽交番,131083,東京都,江東区,潮見２丁目,2019-12-22,18,４階建て以上共同住宅,駐車（輪）場,30歳代,その他,施錠せず
窃盗,自転車盗,深川,東陽交番,131083,東京都,江東区,東陽１丁目,2020-03-16,20,道路上,その他,70歳以上,その他,施錠せず
窃盗,自転車盗,深川,東陽交番,131083,東京都,江東区,東陽１丁目,2020-08-31,19,道路上,その他,60-64歳,その他,施錠せず
窃盗,自転車盗,深川,東陽交番,131083,東京都,江東区,東陽２丁目,2020-07-11,13,その他,駐車（輪）場,10歳代,高校生,施錠せず
窃盗,自転車盗,深川,東陽交番,131083,東京都,江東区,東陽３丁目,2020-05-22,19,４階建て以上共同住宅,駐車（輪）場,30歳代,その他,施錠せず
窃盗,自転車盗,深川,東陽交番,131083,東京都,江東区,東陽３丁目,2020-06-13,21,その他,駐車（輪）場,30歳代,その他,施錠せず
窃盗,自転車盗,深川,東陽交番,131083,東京都,江東区,東陽３丁目,2020-07-29,23,道路上,その他,50歳代,その他,施錠せず
窃盗,自転車盗,深川,東陽交番,131083,東京都,江東区,東陽３丁目,2020-09-28,01,道路上,その他,30歳代,その他,施錠せず
窃盗,自転車盗,深川,東陽交番,131083,東京都,江東区,東陽４丁目,2019-11-04,13,道路上,その他,10歳代,高校生,施錠せず
窃盗,自転車盗,深川,東陽交番,131083,東京都,江東区,東陽４丁目,2019-12-15,12,その他,駐車（輪）場,65-69歳,その他,施錠せず
窃盗,自転車盗,深川,東陽交番,131083,東京都,江東区,東陽４丁目,2020-01-22,20,４階建て以上共同住宅,駐車（輪）場,40歳代,その他,施錠せず
窃盗,自転車盗,深川,東陽交番,131083,東京都,江東区,東陽４丁目,2020-01-30,20,道路上,その他,10歳代,その他,施錠せず
窃盗,自転車盗,深川,東陽交番,131083,東京都,江東区,東陽４丁目,2020-02-01,10,その他,駐車（輪）場,40歳代,その他,施錠せず
窃盗,自転車盗,深川,東陽交番,131083,東京都,江東区,東陽４丁目,2020-02-28,18,その他,駐車（輪）場,50歳代,その他,施錠せず
窃盗,自転車盗,深川,東陽交番,131083,東京都,江東区,東陽４丁目,2020-04-07,18,その他,駐車（輪）場,30歳代,その他,施錠せず
窃盗,自転車盗,深川,東陽交番,131083,東京都,江東区,東陽４丁目,2020-09-02,13,道路上,その他,40歳代,その他,施錠せず
窃盗,自転車盗,深川,東陽交番,131083,東京都,江東区,東陽４丁目,2020-09-03,09,道路上,その他,20歳代,大学生,施錠せず
窃盗,自転車盗,深川,東陽交番,131083,東京都,江東区,東陽５丁目,2020-02-03,14,４階建て以上共同住宅,駐車（輪）場,70歳以上,その他,施錠せず
窃盗,自転車盗,深川,東陽交番,131083,東京都,江東区,東陽５丁目,2020-02-20,22,４階建て以上共同住宅,駐車（輪）場,40歳代,その他,施錠せず
窃盗,自転車盗,深川,東陽交番,131083,東京都,江東区,東陽５丁目,2020-07-05,14,４階建て以上共同住宅,駐車（輪）場,70歳以上,その他,施錠せず
窃盗,自転車盗,深川,東陽交番,131083,東京都,江東区,東陽５丁目,2020-09-09,11,道路上,その他,30歳代,その他,施錠せず
窃盗,自転車盗,深川,門前仲町交番,131083,東京都,江東区,永代１丁目,2020-07-11,10,道路上,その他,10歳代,中学生,施錠せず
窃盗,自転車盗,深川,門前仲町交番,131083,東京都,江東区,永代２丁目,2020-05-04,16,道路上,その他,20歳代,その他,施錠せず
窃盗,自転車盗,深川,門前仲町交番,131083,東京都,江東区,永代２丁目,2020-05-09,12,道路上,その他,20歳代,その他,施錠せず
窃盗,自転車盗,深川,門前仲町交番,131083,東京都,江東区,永代２丁目,2020-10-04,02,道路上,その他,40歳代,その他,施錠せず
窃盗,自転車盗,深川,門前仲町交番,131083,東京都,江東区,永代２丁目,2020-11-15,21,道路上,その他,40歳代,その他,施錠せず
窃盗,自転車盗,深川,門前仲町交番,131083,東京都,江東区,越中島２丁目,2020-03-20,16,その他,駐車（輪）場,法人・団体、被害者なし,法人・団体、被害者なし,施錠せず
窃盗,自転車盗,深川,門前仲町交番,131083,東京都,江東区,木場２丁目,2020-05-20,21,道路上,その他,30歳代,その他,施錠せず
窃盗,自転車盗,深川,門前仲町交番,131083,東京都,江東区,木場２丁目,2020-07-24,18,道路上,その他,10歳代,中学生,施錠せず
窃盗,自転車盗,深川,門前仲町交番,131083,東京都,江東区,木場２丁目,2020-11-27,16,道路上,その他,60-64歳,その他,施錠せず
窃盗,自転車盗,深川,門前仲町交番,131083,東京都,江東区,佐賀１丁目,2020-02-24,14,駐車（輪）場,駐車（輪）場,20歳代,その他,施錠せず
窃盗,自転車盗,深川,門前仲町交番,131083,東京都,江東区,富岡１丁目,2020-03-10,06,一戸建住宅,駐車（輪）場,50歳代,その他,施錠せず
窃盗,自転車盗,深川,門前仲町交番,131083,東京都,江東区,富岡１丁目,2020-09-30,19,その他,駐車（輪）場,20歳代,その他,施錠せず
窃盗,自転車盗,深川,門前仲町交番,131083,東京都,江東区,富岡１丁目,2020-10-15,08,４階建て以上共同住宅,駐車（輪）場,30歳代,その他,施錠せず
窃盗,自転車盗,深川,門前仲町交番,131083,東京都,江東区,富岡１丁目,2020-10-28,15,道路上,その他,40歳代,その他,施錠せず
窃盗,自転車盗,深川,門前仲町交番,131083,東京都,江東区,福住１丁目,2020-08-05,22,４階建て以上共同住宅,駐車（輪）場,10歳代,中学生,施錠せず
窃盗,自転車盗,深川,門前仲町交番,131083,東京都,江東区,門前仲町１丁目,2020-04-02,01,道路上,その他,40歳代,その他,施錠せず
窃盗,自転車盗,深川,門前仲町交番,131083,東京都,江東区,門前仲町１丁目,2020-07-09,15,道路上,その他,20歳代,その他,施錠せず
窃盗,自転車盗,深川,門前仲町交番,131083,東京都,江東区,門前仲町１丁目,2020-08-27,15,４階建て以上共同住宅,駐車（輪）場,30歳代,その他,施錠せず
窃盗,自転車盗,深川,門前仲町交番,131083,東京都,江東区,門前仲町１丁目,2020-11-03,23,駐車（輪）場,駐車（輪）場,20歳代,その他,施錠せず
窃盗,自転車盗,深川,門前仲町交番,131083,東京都,江東区,門前仲町２丁目,2020-03-14,09,その他,駐車（輪）場,30歳代,その他,施錠せず
窃盗,自転車盗,深川,門前仲町交番,131083,東京都,江東区,門前仲町２丁目,2020-09-17,07,駐車（輪）場,駐車（輪）場,20歳代,その他,施錠せず
窃盗,自転車盗,深川,千田交番,131083,東京都,江東区,石島,2020-08-14,14,その他,その他,40歳代,その他,施錠せず
窃盗,自転車盗,深川,千田交番,131083,東京都,江東区,石島,2020-08-15,16,その他の住宅（３階建て以下共同住宅等）,駐車（輪）場,30歳代,その他,施錠せず
窃盗,自転車盗,深川,千田交番,131083,東京都,江東区,扇橋１丁目,2020-09-05,15,道路上,その他,50歳代,その他,施錠せず
窃盗,自転車盗,深川,千田交番,131083,東京都,江東区,扇橋２丁目,2019-11-20,21,道路上,その他,40歳代,その他,施錠せず
窃盗,自転車盗,深川,千田交番,131083,東京都,江東区,扇橋２丁目,2020-03-02,17,４階建て以上共同住宅,駐車（輪）場,20歳代,その他,施錠せず
窃盗,自転車盗,深川,千田交番,131083,東京都,江東区,扇橋２丁目,2020-03-18,18,道路上,その他,40歳代,その他,施錠せず
窃盗,自転車盗,深川,千田交番,131083,東京都,江東区,扇橋２丁目,2020-03-28,00,道路上,その他,20歳代,その他,施錠せず
窃盗,自転車盗,深川,千田交番,131083,東京都,江東区,扇橋２丁目,2020-07-31,11,駐車（輪）場,駐車（輪）場,40歳代,その他,施錠せず
窃盗,自転車盗,深川,千田交番,131083,東京都,江東区,木場３丁目,2020-01-23,07,駐車（輪）場,駐車（輪）場,20歳代,その他,施錠せず
窃盗,自転車盗,深川,千田交番,131083,東京都,江東区,猿江２丁目,2020-01-26,15,道路上,その他,50歳代,その他,施錠せず
窃盗,自転車盗,深川,千田交番,131083,東京都,江東区,千石３丁目,2019-12-18,01,４階建て以上共同住宅,駐車（輪）場,40歳代,その他,施錠せず
窃盗,自転車盗,深川,千田交番,131083,東京都,江東区,千石３丁目,2020-03-09,01,道路上,その他,40歳代,その他,施錠せず
窃盗,自転車盗,深川,千田交番,131083,東京都,江東区,千田,2020-03-18,08,道路上,その他,70歳以上,その他,施錠せず
窃盗,自転車盗,深川,千田交番,131083,東京都,江東区,東陽６丁目,2020-02-03,08,その他,駐車（輪）場,50歳代,その他,施錠せず
窃盗,自転車盗,深川,豊洲交番,131083,東京都,江東区,豊洲１丁目,2020-09-03,17,道路上,その他,40歳代,その他,施錠せず
窃盗,自転車盗,深川,豊洲交番,131083,東京都,江東区,豊洲２丁目,2019-12-09,16,その他,駐車（輪）場,10歳代,小学生,施錠せず
窃盗,自転車盗,深川,豊洲交番,131083,東京都,江東区,豊洲２丁目,2020-01-21,16,その他,駐車（輪）場,10歳代,高校生,施錠せず
窃盗,自転車盗,深川,豊洲交番,131083,東京都,江東区,豊洲２丁目,2020-08-24,15,その他,駐車（輪）場,10歳代,その他,施錠せず
窃盗,自転車盗,深川,豊洲交番,131083,東京都,江東区,豊洲４丁目,2019-12-12,11,４階建て以上共同住宅,駐車（輪）場,30歳代,その他,施錠せず
窃盗,自転車盗,深川,豊洲交番,131083,東京都,江東区,豊洲４丁目,2020-01-20,19,４階建て以上共同住宅,駐車（輪）場,10歳代,小学生,施錠せず
窃盗,自転車盗,深川,豊洲交番,131083,東京都,江東区,豊洲４丁目,2020-04-09,00,道路上,その他,30歳代,その他,施錠せず
窃盗,自転車盗,深川,豊洲交番,131083,東京都,江東区,豊洲４丁目,2020-07-27,15,４階建て以上共同住宅,駐車（輪）場,40歳代,その他,施錠せず
窃盗,自転車盗,深川,豊洲交番,131083,東京都,江東区,豊洲４丁目,2020-09-17,21,４階建て以上共同住宅,駐車（輪）場,10歳代,中学生,施錠せず
窃盗,自転車盗,深川,豊洲交番,131083,東京都,江東区,豊洲４丁目,2020-10-22,16,４階建て以上共同住宅,駐車（輪）場,30歳代,その他,施錠せず
窃盗,自転車盗,深川,豊洲交番,131083,東京都,江東区,豊洲４丁目,2020-10-25,17,４階建て以上共同住宅,駐車（輪）場,10歳代,大学生,施錠せず
窃盗,自転車盗,深川,豊洲交番,131083,東京都,江東区,豊洲５丁目,2020-06-21,14,４階建て以上共同住宅,駐車（輪）場,70歳以上,その他,施錠せず
窃盗,自転車盗,深川,豊洲交番,131083,東京都,江東区,豊洲５丁目,2020-11-24,21,道路上,その他,50歳代,その他,施錠せず
窃盗,自転車盗,深川,現代美術館前交番,131083,東京都,江東区,白河２丁目,2020-01-23,16,４階建て以上共同住宅,駐車（輪）場,20歳代,その他,施錠せず
窃盗,自転車盗,深川,現代美術館前交番,131083,東京都,江東区,白河３丁目,2020-03-03,07,一戸建住宅,駐車（輪）場,70歳以上,その他,施錠せず
窃盗,自転車盗,深川,現代美術館前交番,131083,東京都,江東区,白河３丁目,2020-08-14,21,道路上,その他,40歳代,その他,施錠せず
窃盗,自転車盗,深川,現代美術館前交番,131083,東京都,江東区,白河４丁目,2020-04-04,17,４階建て以上共同住宅,駐車（輪）場,10歳代,小学生,施錠せず
窃盗,自転車盗,深川,現代美術館前交番,131083,東京都,江東区,平野３丁目,2020-01-06,21,４階建て以上共同住宅,駐車（輪）場,30歳代,その他,施錠せず
窃盗,自転車盗,深川,現代美術館前交番,131083,東京都,江東区,平野４丁目,2020-08-01,23,４階建て以上共同住宅,駐車（輪）場,30歳代,その他,施錠せず
窃盗,自転車盗,深川,現代美術館前交番,131083,東京都,江東区,三好３丁目,2020-10-13,16,一戸建住宅,駐車（輪）場,40歳代,その他,施錠せず
窃盗,自転車盗,深川,枝川交番,131083,東京都,江東区,枝川２丁目,2020-10-07,16,４階建て以上共同住宅,駐車（輪）場,10歳代,高校生,施錠せず
窃盗,自転車盗,深川,枝川交番,131083,東京都,江東区,塩浜１丁目,2020-11-08,18,４階建て以上共同住宅,駐車（輪）場,50歳代,その他,施錠せず
窃盗,自転車盗,深川,枝川交番,131083,東京都,江東区,塩浜２丁目,2019-12-06,21,駐車（輪）場,駐車（輪）場,法人・団体、被害者なし,法人・団体、被害者なし,施錠せず
窃盗,自転車盗,深川,枝川交番,131083,東京都,江東区,塩浜２丁目,2019-12-13,16,その他の住宅（３階建て以下共同住宅等）,駐車（輪）場,10歳代,小学生,施錠せず
窃盗,自転車盗,深川,枝川交番,131083,東京都,江東区,潮見１丁目,2020-10-06,09,４階建て以上共同住宅,駐車（輪）場,10歳代,高校生,施錠せず
窃盗,自転車盗,深川,清澄庭園前交番,131083,東京都,江東区,清澄１丁目,2020-03-19,08,その他,駐車（輪）場,40歳代,その他,施錠せず
窃盗,自転車盗,深川,清澄庭園前交番,131083,東京都,江東区,清澄１丁目,2020-07-09,06,駐車（輪）場,駐車（輪）場,40歳代,その他,施錠せず
窃盗,自転車盗,深川,清澄庭園前交番,131083,東京都,江東区,清澄２丁目,2020-04-07,18,道路上,その他,法人・団体、被害者なし,法人・団体、被害者なし,施錠せず
窃盗,自転車盗,深川,清澄庭園前交番,131083,東京都,江東区,清澄３丁目,2019-12-15,09,一戸建住宅,駐車（輪）場,10歳代,中学生,施錠せず
窃盗,自転車盗,深川,清澄庭園前交番,131083,東京都,江東区,佐賀２丁目,2019-11-27,21,４階建て以上共同住宅,駐車（輪）場,30歳代,その他,施錠せず
窃盗,自転車盗,深川,清澄庭園前交番,131083,東京都,江東区,白河１丁目,2020-06-01,16,道路上,その他,40歳代,その他,施錠せず
窃盗,自転車盗,深川,清澄庭園前交番,131083,東京都,江東区,白河２丁目,2020-02-23,16,一戸建住宅,その他,10歳代,小学生,施錠せず
窃盗,自転車盗,深川,清澄庭園前交番,131083,東京都,江東区,白河３丁目,2020-07-26,23,４階建て以上共同住宅,駐車（輪）場,30歳代,その他,施錠せず
窃盗,自転車盗,深川,清澄庭園前交番,131083,東京都,江東区,平野２丁目,2020-03-22,17,４階建て以上共同住宅,駐車（輪）場,20歳代,その他,施錠せず
窃盗,自転車盗,深川,清澄庭園前交番,131083,東京都,江東区,平野２丁目,2020-10-04,01,４階建て以上共同住宅,駐車（輪）場,50歳代,その他,施錠せず
窃盗,自転車盗,深川,清澄庭園前交番,131083,東京都,江東区,深川２丁目,2019-12-06,10,道路上,その他,50歳代,その他,施錠せず
窃盗,自転車盗,深川,清澄庭園前交番,131083,東京都,江東区,深川２丁目,2020-01-20,15,その他の住宅（３階建て以下共同住宅等）,駐車（輪）場,10歳代,小学生,施錠せず
窃盗,自転車盗,深川,清澄庭園前交番,131083,東京都,江東区,深川２丁目,2020-01-23,08,駐車（輪）場,駐車（輪）場,30歳代,その他,施錠せず
窃盗,自転車盗,深川,清澄庭園前交番,131083,東京都,江東区,深川２丁目,2020-01-29,18,道路上,その他,30歳代,その他,施錠せず
窃盗,自転車盗,深川,清澄庭園前交番,131083,東京都,江東区,深川２丁目,2020-08-10,03,４階建て以上共同住宅,駐車（輪）場,10歳代,高校生,施錠せず
窃盗,自転車盗,深川,清澄庭園前交番,131083,東京都,江東区,深川２丁目,2020-11-13,08,４階建て以上共同住宅,駐車（輪）場,40歳代,その他,施錠せず
窃盗,自転車盗,深川,清澄庭園前交番,131083,東京都,江東区,深川２丁目,2020-11-20,23,駐車（輪）場,駐車（輪）場,20歳代,その他,施錠せず
窃盗,自転車盗,深川,清澄庭園前交番,131083,東京都,江東区,三好２丁目,2020-07-13,15,道路上,その他,20歳代,その他,施錠せず
窃盗,自転車盗,深川,清澄庭園前交番,131083,東京都,江東区,三好２丁目,2020-11-19,18,一戸建住宅,その他,40歳代,その他,施錠せず
窃盗,自転車盗,麹町,麹町四丁目交番,131016,東京都,千代田区,麹町２丁目,2020-09-16,13,４階建て以上共同住宅,駐車（輪）場,30歳代,その他,施錠せず
窃盗,自転車盗,麹町,麹町四丁目交番,131016,東京都,千代田区,麹町３丁目,2020-11-08,02,道路上,その他,40歳代,その他,施錠せず
窃盗,自転車盗,麹町,五味坂交番,131016,東京都,千代田区,麹町２丁目,2020-01-16,10,駐車（輪）場,駐車（輪）場,20歳代,その他,施錠せず
窃盗,自転車盗,麹町,五味坂交番,131016,東京都,千代田区,麹町２丁目,2020-04-26,17,４階建て以上共同住宅,駐車（輪）場,10歳代,小学生,施錠せず
窃盗,自転車盗,麹町,市ケ谷見付交番,131016,東京都,千代田区,九段北４丁目,2020-10-03,03,４階建て以上共同住宅,駐車（輪）場,10歳代,高校生,施錠せず
窃盗,自転車盗,麹町,市ケ谷見付交番,131016,東京都,千代田区,五番町,2020-03-06,17,道路上,その他,30歳代,その他,施錠せず
窃盗,自転車盗,麹町,市ケ谷見付交番,131016,東京都,千代田区,四番町,2020-01-23,15,道路上,その他,30歳代,その他,施錠せず
窃盗,自転車盗,麹町,飯田橋駅前交番,131016,東京都,千代田区,飯田橋１丁目,2020-01-28,20,道路上,その他,70歳以上,その他,施錠せず
窃盗,自転車盗,麹町,飯田橋駅前交番,131016,東京都,千代田区,飯田橋３丁目,2020-10-19,15,道路上,その他,70歳以上,その他,施錠せず
窃盗,自転車盗,麹町,飯田橋駅前交番,131016,東京都,千代田区,飯田橋４丁目,2019-12-26,09,その他,駐車（輪）場,20歳代,その他,施錠せず
窃盗,自転車盗,麹町,飯田橋駅前交番,131016,東京都,千代田区,飯田橋４丁目,2020-06-25,21,道路上,その他,30歳代,その他,施錠せず
窃盗,自転車盗,麹町,飯田橋駅前交番,131016,東京都,千代田区,飯田橋４丁目,2020-07-20,18,４階建て以上共同住宅,その他,30歳代,その他,施錠せず
窃盗,自転車盗,麹町,九段下交番,131016,東京都,千代田区,九段北１丁目,2019-12-22,19,駐車（輪）場,駐車（輪）場,20歳代,その他,施錠せず
窃盗,自転車盗,麹町,九段下交番,131016,東京都,千代田区,九段北１丁目,2020-04-22,20,４階建て以上共同住宅,その他,50歳代,その他,施錠せず
窃盗,自転車盗,麹町,九段下交番,131016,東京都,千代田区,九段南１丁目,2020-09-12,16,道路上,その他,50歳代,その他,施錠せず
窃盗,自転車盗,丸の内,内幸町交番,131016,東京都,千代田区,内幸町１丁目,2020-11-10,23,道路上,その他,法人・団体、被害者なし,法人・団体、被害者なし,施錠せず
窃盗,自転車盗,丸の内,有楽町駅前交番,131016,東京都,千代田区,有楽町１丁目,2020-01-14,11,道路上,その他,法人・団体、被害者なし,法人・団体、被害者なし,施錠せず
窃盗,自転車盗,丸の内,有楽町駅前交番,131016,東京都,千代田区,有楽町１丁目,2020-08-14,13,道路上,その他,70歳以上,その他,施錠せず
窃盗,自転車盗,丸の内,東京駅前交番,131016,東京都,千代田区,丸の内１丁目,2020-06-21,18,その他,その他,20歳代,その他,施錠せず
窃盗,自転車盗,丸の内,東京駅前交番,131016,東京都,千代田区,丸の内１丁目,2020-11-20,19,駐車（輪）場,駐車（輪）場,10歳代,大学生,施錠せず
窃盗,自転車盗,丸の内,八重洲口交番,131016,東京都,千代田区,丸の内１丁目,2019-12-27,15,道路上,その他,20歳代,その他,施錠せず
窃盗,自転車盗,丸の内,和田倉門外交番,131016,東京都,千代田区,大手町１丁目,2020-08-04,20,道路上,その他,60-64歳,その他,施錠せず
窃盗,自転車盗,神田,司町交番,131016,東京都,千代田区,内神田３丁目,2020-05-09,23,その他,その他,50歳代,その他,施錠せず
窃盗,自転車盗,神田,司町交番,131016,東京都,千代田区,神田多町２丁目,2020-08-12,22,道路上,その他,30歳代,その他,施錠せず
窃盗,自転車盗,神田,司町交番,131016,東京都,千代田区,神田司町２丁目,2020-04-02,09,道路上,その他,40歳代,その他,施錠せず
窃盗,自転車盗,神田,司町交番,131016,東京都,千代田区,神田錦町１丁目,2020-08-26,18,４階建て以上共同住宅,駐車（輪）場,40歳代,その他,施錠せず
窃盗,自転車盗,神田,司町交番,131016,東京都,千代田区,神田錦町１丁目,2020-09-01,01,その他,駐車（輪）場,20歳代,その他,施錠せず
窃盗,自転車盗,神田,お茶の水交番,131016,東京都,千代田区,神田淡路町１丁目,2020-01-29,13,道路上,その他,20歳代,大学生,施錠せず
窃盗,自転車盗,神田,お茶の水交番,131016,東京都,千代田区,神田淡路町２丁目,2020-10-13,15,駐車（輪）場,駐車（輪）場,30歳代,その他,施錠せず
窃盗,自転車盗,神田,お茶の水交番,131016,東京都,千代田区,神田小川町１丁目,2020-02-01,13,道路上,その他,30歳代,その他,施錠せず
窃盗,自転車盗,神田,お茶の水交番,131016,東京都,千代田区,神田小川町１丁目,2020-03-01,02,道路上,その他,40歳代,その他,施錠せず
窃盗,自転車盗,神田,お茶の水交番,131016,東京都,千代田区,神田小川町３丁目,2020-03-25,16,道路上,その他,法人・団体、被害者なし,法人・団体、被害者なし,施錠せず
窃盗,自転車盗,神田,神保町交番,131016,東京都,千代田区,神田神保町１丁目,2020-05-31,19,道路上,その他,40歳代,その他,施錠せず
窃盗,自転車盗,神田,神保町交番,131016,東京都,千代田区,神田神保町１丁目,2020-06-24,15,４階建て以上共同住宅,駐車（輪）場,20歳代,その他,施錠せず
窃盗,自転車盗,神田,神保町交番,131016,東京都,千代田区,神田神保町１丁目,2020-09-05,15,道路上,その他,20歳代,その他,施錠せず
窃盗,自転車盗,神田,神保町交番,131016,東京都,千代田区,神田神保町２丁目,2020-03-21,19,道路上,その他,30歳代,その他,施錠せず
窃盗,自転車盗,神田,神保町交番,131016,東京都,千代田区,神田神保町２丁目,2020-03-26,18,道路上,その他,65-69歳,その他,施錠せず
窃盗,自転車盗,神田,神保町交番,131016,東京都,千代田区,神田錦町３丁目,2020-03-18,09,４階建て以上共同住宅,その他,30歳代,その他,施錠せず
窃盗,自転車盗,神田,水道橋駅前交番,131016,東京都,千代田区,神田猿楽町２丁目,2020-01-17,13,道路上,その他,40歳代,その他,施錠せず
窃盗,自転車盗,神田,水道橋駅前交番,131016,東京都,千代田区,神田三崎町２丁目,2020-02-04,19,駐車（輪）場,駐車（輪）場,30歳代,その他,施錠せず
窃盗,自転車盗,神田,水道橋駅前交番,131016,東京都,千代田区,神田三崎町３丁目,2020-12-17,13,その他,駐車（輪）場,40歳代,その他,施錠せず
窃盗,自転車盗,万世橋,神田駅交番,131016,東京都,千代田区,内神田３丁目,2019-12-28,17,その他,駐車（輪）場,40歳代,その他,施錠せず
窃盗,自転車盗,万世橋,神田駅交番,131016,東京都,千代田区,内神田３丁目,2020-02-22,19,道路上,その他,40歳代,その他,施錠せず
窃盗,自転車盗,万世橋,神田駅交番,131016,東京都,千代田区,内神田３丁目,2020-03-22,18,道路上,その他,30歳代,その他,施錠せず
窃盗,自転車盗,万世橋,神田駅交番,131016,東京都,千代田区,内神田３丁目,2020-06-25,21,道路上,その他,30歳代,その他,施錠せず
窃盗,自転車盗,万世橋,神田駅交番,131016,東京都,千代田区,鍛冶町２丁目,2020-03-24,08,駐車（輪）場,駐車（輪）場,40歳代,その他,施錠せず
窃盗,自転車盗,万世橋,神田駅交番,131016,東京都,千代田区,鍛冶町２丁目,2020-09-07,02,駐車（輪）場,駐車（輪）場,40歳代,その他,施錠せず
窃盗,自転車盗,万世橋,神田駅交番,131016,東京都,千代田区,鍛冶町２丁目,2020-09-26,02,駐車（輪）場,駐車（輪）場,70歳以上,その他,施錠せず
窃盗,自転車盗,万世橋,神田駅交番,131016,東京都,千代田区,鍛冶町２丁目,2020-10-08,12,一戸建住宅,駐車（輪）場,70歳以上,その他,施錠せず
窃盗,自転車盗,万世橋,神田駅交番,131016,東京都,千代田区,鍛冶町２丁目,2020-11-10,18,道路上,その他,20歳代,その他,施錠せず
窃盗,自転車盗,万世橋,神田駅交番,131016,東京都,千代田区,鍛冶町２丁目,2020-11-17,11,道路上,その他,40歳代,その他,施錠せず
窃盗,自転車盗,万世橋,神田駅交番,131016,東京都,千代田区,神田須田町１丁目,2020-07-04,06,道路上,その他,20歳代,大学生,施錠せず
窃盗,自転車盗,万世橋,神田駅交番,131016,東京都,千代田区,神田須田町１丁目,2020-10-23,18,道路上,その他,30歳代,その他,施錠せず
窃盗,自転車盗,万世橋,神田駅交番,131016,東京都,千代田区,神田須田町２丁目,2020-08-05,23,４階建て以上共同住宅,駐車（輪）場,30歳代,その他,施錠せず
窃盗,自転車盗,万世橋,岩本町交番,131016,東京都,千代田区,岩本町２丁目,2020-02-15,17,駐車（輪）場,駐車（輪）場,法人・団体、被害者なし,法人・団体、被害者なし,施錠せず
窃盗,自転車盗,万世橋,岩本町交番,131016,東京都,千代田区,岩本町２丁目,2020-05-24,10,道路上,その他,30歳代,その他,施錠せず
窃盗,自転車盗,万世橋,岩本町交番,131016,東京都,千代田区,岩本町２丁目,2020-06-07,20,道路上,その他,10歳代,小学生,施錠せず
窃盗,自転車盗,万世橋,岩本町交番,131016,東京都,千代田区,岩本町３丁目,2020-01-09,19,道路上,その他,30歳代,その他,施錠せず
窃盗,自転車盗,万世橋,岩本町交番,131016,東京都,千代田区,岩本町３丁目,2020-04-26,06,道路上,その他,40歳代,その他,施錠せず
窃盗,自転車盗,万世橋,岩本町交番,131016,東京都,千代田区,神田須田町２丁目,2020-06-15,01,道路上,その他,20歳代,その他,施錠せず
窃盗,自転車盗,万世橋,岩本町交番,131016,東京都,千代田区,東神田１丁目,2020-03-18,18,道路上,その他,50歳代,その他,施錠せず
窃盗,自転車盗,万世橋,美倉橋交番,131016,東京都,千代田区,岩本町３丁目,2020-08-25,18,４階建て以上共同住宅,駐車（輪）場,30歳代,その他,施錠せず
窃盗,自転車盗,万世橋,美倉橋交番,131016,東京都,千代田区,神田和泉町,2020-03-03,19,道路上,その他,50歳代,その他,施錠せず
窃盗,自転車盗,万世橋,美倉橋交番,131016,東京都,千代田区,神田和泉町,2020-10-19,18,その他,駐車（輪）場,30歳代,その他,施錠せず
窃盗,自転車盗,万世橋,美倉橋交番,131016,東京都,千代田区,神田佐久間町３丁目,2020-03-21,00,駐車（輪）場,駐車（輪）場,50歳代,その他,施錠せず
窃盗,自転車盗,万世橋,美倉橋交番,131016,東京都,千代田区,神田佐久間町３丁目,2020-07-05,19,４階建て以上共同住宅,駐車（輪）場,40歳代,その他,施錠せず
窃盗,自転車盗,万世橋,美倉橋交番,131016,東京都,千代田区,神田佐久間町４丁目,2020-06-07,17,４階建て以上共同住宅,駐車（輪）場,10歳代,中学生,施錠せず
窃盗,自転車盗,万世橋,美倉橋交番,131016,東京都,千代田区,東神田１丁目,2019-12-15,00,道路上,その他,20歳代,その他,施錠せず
窃盗,自転車盗,万世橋,美倉橋交番,131016,東京都,千代田区,東神田１丁目,2020-07-09,17,道路上,その他,30歳代,その他,施錠せず
窃盗,自転車盗,万世橋,美倉橋交番,131016,東京都,千代田区,東神田２丁目,2020-10-15,07,道路上,その他,30歳代,その他,施錠せず
窃盗,自転車盗,万世橋,秋葉原交番,131016,東京都,千代田区,神田佐久間町１丁目,2019-12-29,13,その他,駐車（輪）場,10歳代,その他,施錠せず
窃盗,自転車盗,万世橋,秋葉原交番,131016,東京都,千代田区,神田花岡町,2020-03-15,19,道路上,その他,30歳代,その他,施錠せず
窃盗,自転車盗,万世橋,秋葉原交番,131016,東京都,千代田区,神田花岡町,2020-05-09,13,駐車（輪）場,駐車（輪）場,20歳代,大学生,施錠せず
窃盗,自転車盗,万世橋,秋葉原交番,131016,東京都,千代田区,神田花岡町,2020-11-19,11,道路上,その他,65-69歳,その他,施錠せず
窃盗,自転車盗,万世橋,秋葉原交番,131016,東京都,千代田区,外神田１丁目,2020-01-04,22,道路上,その他,20歳代,大学生,施錠せず
窃盗,自転車盗,万世橋,秋葉原交番,131016,東京都,千代田区,外神田２丁目,2020-02-28,00,駐車（輪）場,駐車（輪）場,40歳代,その他,施錠せず
窃盗,自転車盗,万世橋,秋葉原交番,131016,東京都,千代田区,外神田２丁目,2020-08-06,20,道路上,その他,40歳代,その他,施錠せず
窃盗,自転車盗,万世橋,秋葉原交番,131016,東京都,千代田区,外神田２丁目,2020-09-03,23,４階建て以上共同住宅,駐車（輪）場,20歳代,その他,施錠せず
窃盗,自転車盗,万世橋,秋葉原交番,131016,東京都,千代田区,外神田２丁目,2020-10-02,16,道路上,その他,20歳代,その他,施錠せず
窃盗,自転車盗,万世橋,秋葉原交番,131016,東京都,千代田区,外神田３丁目,2020-08-24,22,道路上,その他,40歳代,その他,施錠せず
窃盗,自転車盗,万世橋,秋葉原交番,131016,東京都,千代田区,外神田３丁目,2020-09-30,17,道路上,その他,30歳代,その他,施錠せず
窃盗,自転車盗,万世橋,秋葉原交番,131016,東京都,千代田区,外神田３丁目,2020-10-20,10,４階建て以上共同住宅,駐車（輪）場,40歳代,その他,施錠せず
窃盗,自転車盗,万世橋,秋葉原交番,131016,東京都,千代田区,外神田４丁目,2020-02-02,00,道路上,その他,20歳代,その他,施錠せず
窃盗,自転車盗,万世橋,秋葉原交番,131016,東京都,千代田区,外神田４丁目,2020-04-28,12,道路上,その他,40歳代,その他,施錠せず
窃盗,自転車盗,万世橋,秋葉原交番,131016,東京都,千代田区,外神田４丁目,2020-07-03,20,道路上,その他,20歳代,大学生,施錠せず
窃盗,自転車盗,万世橋,秋葉原交番,131016,東京都,千代田区,外神田４丁目,2020-10-28,18,道路上,その他,30歳代,その他,施錠せず
窃盗,自転車盗,万世橋,秋葉原交番,131016,東京都,千代田区,外神田５丁目,2019-12-18,19,道路上,その他,60-64歳,その他,施錠せず
窃盗,自転車盗,万世橋,秋葉原交番,131016,東京都,千代田区,外神田６丁目,2020-06-18,08,４階建て以上共同住宅,駐車（輪）場,65-69歳,その他,施錠せず
窃盗,自転車盗,万世橋,秋葉原交番,131016,東京都,千代田区,外神田６丁目,2020-07-10,18,道路上,その他,40歳代,その他,施錠せず
窃盗,自転車盗,久松,水天宮前交番,131024,東京都,中央区,日本橋蛎殻町２丁目,2020-08-03,18,４階建て以上共同住宅,駐車（輪）場,40歳代,その他,施錠せず
窃盗,自転車盗,久松,水天宮前交番,131024,東京都,中央区,日本橋蛎殻町２丁目,2020-08-23,10,道路上,その他,70歳以上,その他,施錠せず
窃盗,自転車盗,久松,水天宮前交番,131024,東京都,中央区,日本橋蛎殻町２丁目,2020-11-05,11,道路上,その他,30歳代,その他,施錠せず
窃盗,自転車盗,久松,水天宮前交番,131024,東京都,中央区,日本橋小網町,2020-07-30,12,その他,駐車（輪）場,30歳代,その他,施錠せず
窃盗,自転車盗,久松,水天宮前交番,131024,東京都,中央区,日本橋小網町,2020-11-04,19,道路上,その他,40歳代,その他,施錠せず
窃盗,自転車盗,久松,水天宮前交番,131024,東京都,中央区,日本橋人形町１丁目,2019-12-12,12,道路上,その他,20歳代,その他,施錠せず
窃盗,自転車盗,久松,浜町交番,131024,東京都,中央区,日本橋浜町２丁目,2020-01-01,00,道路上,その他,10歳代,その他,施錠せず
窃盗,自転車盗,久松,浜町交番,131024,東京都,中央区,日本橋浜町２丁目,2020-07-15,17,駐車（輪）場,駐車（輪）場,40歳代,その他,施錠せず
窃盗,自転車盗,久松,浜町交番,131024,東京都,中央区,日本橋浜町２丁目,2020-12-23,14,その他,駐車（輪）場,30歳代,その他,施錠せず
窃盗,自転車盗,久松,浜町交番,131024,東京都,中央区,日本橋浜町３丁目,2020-01-27,20,道路上,その他,30歳代,その他,施錠せず
窃盗,自転車盗,久松,東日本橋交番,131024,東京都,中央区,日本橋浜町１丁目,2020-06-06,19,道路上,その他,50歳代,その他,施錠せず
窃盗,自転車盗,久松,東日本橋交番,131024,東京都,中央区,日本橋馬喰町１丁目,2020-04-25,21,駐車（輪）場,駐車（輪）場,40歳代,その他,施錠せず
窃盗,自転車盗,久松,東日本橋交番,131024,東京都,中央区,日本橋馬喰町１丁目,2020-10-21,18,道路上,その他,30歳代,その他,施錠せず
窃盗,自転車盗,久松,東日本橋交番,131024,東京都,中央区,日本橋馬喰町２丁目,2020-04-14,21,４階建て以上共同住宅,その他,50歳代,その他,施錠せず
窃盗,自転車盗,久松,東日本橋交番,131024,東京都,中央区,東日本橋１丁目,2020-06-27,16,道路上,その他,10歳代,中学生,施錠せず
窃盗,自転車盗,久松,東日本橋交番,131024,東京都,中央区,東日本橋１丁目,2020-10-19,06,道路上,その他,40歳代,その他,施錠せず
窃盗,自転車盗,久松,東日本橋交番,131024,東京都,中央区,東日本橋２丁目,2020-04-20,20,４階建て以上共同住宅,駐車（輪）場,30歳代,その他,施錠せず
窃盗,自転車盗,久松,東日本橋交番,131024,東京都,中央区,東日本橋２丁目,2020-11-09,13,道路上,その他,法人・団体、被害者なし,法人・団体、被害者なし,施錠せず
窃盗,自転車盗,久松,東日本橋交番,131024,東京都,中央区,東日本橋３丁目,2019-11-25,13,道路上,その他,30歳代,その他,施錠せず
窃盗,自転車盗,久松,東日本橋交番,131024,東京都,中央区,東日本橋３丁目,2020-02-08,22,道路上,その他,50歳代,その他,施錠せず
窃盗,自転車盗,久松,問屋橋交番,131024,東京都,中央区,日本橋小網町,2020-03-05,18,４階建て以上共同住宅,駐車（輪）場,40歳代,その他,施錠せず
窃盗,自転車盗,久松,問屋橋交番,131024,東京都,中央区,日本橋小網町,2020-10-01,21,道路上,その他,20歳代,その他,施錠せず
窃盗,自転車盗,久松,問屋橋交番,131024,東京都,中央区,日本橋富沢町,2020-11-27,16,４階建て以上共同住宅,駐車（輪）場,50歳代,その他,施錠せず
窃盗,自転車盗,久松,問屋橋交番,131024,東京都,中央区,日本橋人形町２丁目,2020-11-28,17,道路上,その他,20歳代,その他,施錠せず
窃盗,自転車盗,築地,銀座一丁目交番,131024,東京都,中央区,銀座１丁目,2020-09-25,17,その他,駐車（輪）場,30歳代,その他,施錠せず
窃盗,自転車盗,築地,銀座一丁目交番,131024,東京都,中央区,銀座２丁目,2019-10-27,11,４階建て以上共同住宅,駐車（輪）場,50歳代,その他,施錠せず
窃盗,自転車盗,築地,数寄屋橋交番,131024,東京都,中央区,銀座３丁目,2020-11-14,14,道路上,その他,50歳代,その他,施錠せず
窃盗,自転車盗,築地,数寄屋橋交番,131024,東京都,中央区,銀座４丁目,2020-02-05,10,駐車（輪）場,駐車（輪）場,40歳代,その他,施錠せず
窃盗,自転車盗,築地,数寄屋橋交番,131024,東京都,中央区,銀座４丁目,2020-08-19,02,道路上,その他,70歳以上,その他,施錠せず
窃盗,自転車盗,築地,数寄屋橋交番,131024,東京都,中央区,銀座４丁目,2020-11-19,09,道路上,その他,法人・団体、被害者なし,法人・団体、被害者なし,施錠せず
窃盗,自転車盗,築地,数寄屋橋交番,131024,東京都,中央区,銀座５丁目,2019-12-06,20,道路上,その他,50歳代,その他,施錠せず
窃盗,自転車盗,築地,数寄屋橋交番,131024,東京都,中央区,銀座７丁目,2020-07-24,14,道路上,その他,40歳代,その他,施錠せず
窃盗,自転車盗,築地,数寄屋橋交番,131024,東京都,中央区,銀座７丁目,2020-08-28,04,道路上,その他,30歳代,その他,施錠せず
窃盗,自転車盗,築地,数寄屋橋交番,131024,東京都,中央区,築地５丁目,2020-01-05,21,道路上,その他,20歳代,その他,施錠せず
窃盗,自転車盗,築地,銀座八丁目交番,131024,東京都,中央区,銀座８丁目,2020-08-01,12,道路上,その他,30歳代,その他,施錠せず
窃盗,自転車盗,築地,銀座八丁目交番,131024,東京都,中央区,銀座８丁目,2020-08-01,12,道路上,その他,30歳代,その他,施錠せず
窃盗,自転車盗,築地,銀座八丁目交番,131024,東京都,中央区,銀座８丁目,2020-08-11,15,道路上,その他,20歳代,その他,施錠せず
窃盗,自転車盗,築地,銀座八丁目交番,131024,東京都,中央区,銀座８丁目,2020-11-19,09,その他,駐車（輪）場,30歳代,その他,施錠せず
窃盗,自転車盗,築地,小田原町交番,131024,東京都,中央区,築地１丁目,2020-01-21,15,その他の住宅（３階建て以下共同住宅等）,駐車（輪）場,40歳代,その他,施錠せず
窃盗,自転車盗,築地,小田原町交番,131024,東京都,中央区,築地１丁目,2020-06-29,23,４階建て以上共同住宅,駐車（輪）場,20歳代,その他,施錠せず
窃盗,自転車盗,築地,小田原町交番,131024,東京都,中央区,築地２丁目,2020-12-28,21,４階建て以上共同住宅,その他,65-69歳,その他,施錠せず
窃盗,自転車盗,築地,小田原町交番,131024,東京都,中央区,築地３丁目,2020-02-22,09,道路上,その他,50歳代,その他,施錠せず
窃盗,自転車盗,築地,小田原町交番,131024,東京都,中央区,築地３丁目,2020-03-26,21,道路上,その他,40歳代,その他,施錠せず
窃盗,自転車盗,築地,小田原町交番,131024,東京都,中央区,築地５丁目,2020-03-09,08,その他,駐車（輪）場,30歳代,その他,施錠せず
窃盗,自転車盗,築地,小田原町交番,131024,東京都,中央区,築地７丁目,2020-02-19,22,４階建て以上共同住宅,駐車（輪）場,40歳代,その他,施錠せず
窃盗,自転車盗,築地,中央市場交番,131024,東京都,中央区,築地４丁目,2020-02-15,03,駐車（輪）場,駐車（輪）場,50歳代,その他,施錠せず
窃盗,自転車盗,築地,中央市場交番,131024,東京都,中央区,築地６丁目,2020-03-01,03,道路上,その他,30歳代,その他,施錠せず
窃盗,自転車盗,築地,中央市場交番,131024,東京都,中央区,築地６丁目,2020-03-14,15,道路上,その他,40歳代,その他,施錠せず
窃盗,自転車盗,築地,新富町交番,131024,東京都,中央区,入船２丁目,2020-06-26,23,４階建て以上共同住宅,駐車（輪）場,20歳代,その他,施錠せず
窃盗,自転車盗,築地,新富町交番,131024,東京都,中央区,入船２丁目,2020-08-28,02,道路上,その他,20歳代,その他,施錠せず
窃盗,自転車盗,築地,新富町交番,131024,東京都,中央区,入船２丁目,2020-11-25,16,４階建て以上共同住宅,駐車（輪）場,30歳代,その他,施錠せず
窃盗,自転車盗,築地,新富町交番,131024,東京都,中央区,新富１丁目,2019-12-10,19,道路上,その他,30歳代,その他,施錠せず
窃盗,自転車盗,築地,新富町交番,131024,東京都,中央区,新富１丁目,2020-08-05,02,道路上,その他,40歳代,その他,施錠せず
窃盗,自転車盗,築地,新富町交番,131024,東京都,中央区,新富１丁目,2020-11-06,09,道路上,その他,40歳代,その他,施錠せず
窃盗,自転車盗,築地,新富町交番,131024,東京都,中央区,新富２丁目,2020-06-26,10,道路上,その他,40歳代,その他,施錠せず
窃盗,自転車盗,築地,新富町交番,131024,東京都,中央区,新富２丁目,2020-07-14,13,道路上,その他,30歳代,その他,施錠せず
窃盗,自転車盗,築地,湊交番,131024,東京都,中央区,湊１丁目,2020-12-07,03,４階建て以上共同住宅,駐車（輪）場,20歳代,その他,施錠せず
窃盗,自転車盗,築地,湊交番,131024,東京都,中央区,湊３丁目,2020-10-21,01,４階建て以上共同住宅,駐車（輪）場,10歳代,大学生,施錠せず
窃盗,自転車盗,月島,佃交番,131024,東京都,中央区,月島１丁目,2019-11-29,17,道路上,その他,40歳代,その他,施錠せず
窃盗,自転車盗,月島,佃交番,131024,東京都,中央区,月島１丁目,2019-12-30,01,４階建て以上共同住宅,駐車（輪）場,40歳代,その他,施錠せず
窃盗,自転車盗,月島,佃交番,131024,東京都,中央区,月島１丁目,2020-05-16,15,道路上,その他,法人・団体、被害者なし,法人・団体、被害者なし,施錠せず
窃盗,自転車盗,月島,佃交番,131024,東京都,中央区,月島１丁目,2020-06-11,08,４階建て以上共同住宅,駐車（輪）場,40歳代,その他,施錠せず
窃盗,自転車盗,月島,佃交番,131024,東京都,中央区,月島４丁目,2020-08-21,00,４階建て以上共同住宅,駐車（輪）場,30歳代,その他,施錠せず
窃盗,自転車盗,月島,佃交番,131024,東京都,中央区,佃２丁目,2020-01-05,13,道路上,その他,40歳代,その他,施錠せず
窃盗,自転車盗,月島,佃交番,131024,東京都,中央区,佃２丁目,2020-06-09,17,駐車（輪）場,駐車（輪）場,20歳代,その他,施錠せず
窃盗,自転車盗,月島,佃交番,131024,東京都,中央区,佃２丁目,2020-09-26,21,４階建て以上共同住宅,駐車（輪）場,30歳代,その他,施錠せず
窃盗,自転車盗,月島,勝どき橋交番,131024,東京都,中央区,勝どき１丁目,2020-05-08,12,４階建て以上共同住宅,駐車（輪）場,30歳代,その他,施錠せず
窃盗,自転車盗,月島,勝どき橋交番,131024,東京都,中央区,勝どき２丁目,2019-11-30,12,道路上,その他,70歳以上,その他,施錠せず
窃盗,自転車盗,月島,勝どき橋交番,131024,東京都,中央区,勝どき３丁目,2020-05-21,09,道路上,その他,50歳代,その他,施錠せず
窃盗,自転車盗,月島,勝どき橋交番,131024,東京都,中央区,勝どき４丁目,2020-01-22,17,道路上,その他,30歳代,その他,施錠せず
窃盗,自転車盗,月島,勝どき橋交番,131024,東京都,中央区,勝どき４丁目,2020-01-22,20,一戸建住宅,その他,10歳代,高校生,施錠せず
窃盗,自転車盗,月島,勝どき橋交番,131024,東京都,中央区,勝どき５丁目,2019-11-30,17,４階建て以上共同住宅,駐車（輪）場,30歳代,その他,施錠せず
窃盗,自転車盗,月島,勝どき橋交番,131024,東京都,中央区,勝どき５丁目,2020-04-07,16,駐車（輪）場,駐車（輪）場,20歳代,その他,施錠せず
窃盗,自転車盗,月島,勝どき橋交番,131024,東京都,中央区,勝どき５丁目,2020-05-20,23,４階建て以上共同住宅,駐車（輪）場,20歳代,その他,施錠せず
窃盗,自転車盗,月島,勝どき橋交番,131024,東京都,中央区,勝どき５丁目,2020-06-18,23,４階建て以上共同住宅,駐車（輪）場,20歳代,その他,施錠せず
窃盗,自転車盗,月島,勝どき橋交番,131024,東京都,中央区,勝どき６丁目,2020-02-10,20,道路上,その他,50歳代,その他,施錠せず
窃盗,自転車盗,月島,勝どき橋交番,131024,東京都,中央区,勝どき６丁目,2020-02-22,22,４階建て以上共同住宅,その他,50歳代,その他,施錠せず
窃盗,自転車盗,月島,勝どき橋交番,131024,東京都,中央区,勝どき６丁目,2020-08-17,02,４階建て以上共同住宅,その他,20歳代,大学生,施錠せず
窃盗,自転車盗,月島,勝どき橋交番,131024,東京都,中央区,勝どき６丁目,2020-09-03,18,道路上,その他,20歳代,その他,施錠せず
窃盗,自転車盗,月島,勝どき橋交番,131024,東京都,中央区,月島３丁目,2020-04-30,17,道路上,その他,50歳代,その他,施錠せず
窃盗,自転車盗,月島,勝どき橋交番,131024,東京都,中央区,晴海１丁目,2019-11-09,17,４階建て以上共同住宅,その他,30歳代,その他,施錠せず
窃盗,自転車盗,月島,晴海三丁目交番,131024,東京都,中央区,晴海１丁目,2019-12-19,18,４階建て以上共同住宅,駐車（輪）場,10歳代,中学生,施錠せず
窃盗,自転車盗,月島,晴海三丁目交番,131024,東京都,中央区,晴海１丁目,2020-01-07,07,駐車（輪）場,駐車（輪）場,20歳代,その他,施錠せず
窃盗,自転車盗,月島,晴海三丁目交番,131024,東京都,中央区,晴海１丁目,2020-06-28,12,４階建て以上共同住宅,駐車（輪）場,50歳代,その他,施錠せず
窃盗,自転車盗,月島,晴海三丁目交番,131024,東京都,中央区,晴海１丁目,2020-07-06,23,４階建て以上共同住宅,駐車（輪）場,10歳代,高校生,施錠せず
窃盗,自転車盗,月島,晴海三丁目交番,131024,東京都,中央区,晴海２丁目,2020-08-29,12,４階建て以上共同住宅,駐車（輪）場,10歳代,高校生,施錠せず
窃盗,自転車盗,月島,晴海三丁目交番,131024,東京都,中央区,晴海３丁目,2020-03-20,22,道路上,その他,50歳代,その他,施錠せず
窃盗,自転車盗,月島,晴海三丁目交番,131024,東京都,中央区,晴海５丁目,2019-12-11,13,道路上,その他,20歳代,その他,施錠せず
窃盗,自転車盗,月島,リバーシティ駐在所,131024,東京都,中央区,佃２丁目,2020-10-01,09,４階建て以上共同住宅,駐車（輪）場,40歳代,その他,施錠せず
窃盗,自転車盗,愛宕,虎の門交番,131032,東京都,港区,芝公園４丁目,2020-09-04,12,道路上,その他,30歳代,その他,施錠せず
窃盗,自転車盗,愛宕,虎の門交番,131032,東京都,港区,虎ノ門１丁目,2020-10-11,15,道路上,その他,40歳代,その他,施錠せず
窃盗,自転車盗,愛宕,虎の門交番,131032,東京都,港区,虎ノ門４丁目,2020-01-14,08,駐車（輪）場,駐車（輪）場,30歳代,その他,施錠せず
窃盗,自転車盗,愛宕,新橋駅前交番,131032,東京都,港区,新橋１丁目,2020-04-01,09,道路上,その他,20歳代,その他,施錠せず
窃盗,自転車盗,愛宕,新橋駅前交番,131032,東京都,港区,新橋２丁目,2020-06-09,18,一戸建住宅,その他,30歳代,その他,施錠せず
窃盗,自転車盗,愛宕,新橋駅前交番,131032,東京都,港区,新橋２丁目,2020-11-26,08,道路上,その他,30歳代,その他,施錠せず
窃盗,自転車盗,愛宕,新橋駅前交番,131032,東京都,港区,新橋３丁目,2020-01-27,20,道路上,その他,20歳代,その他,施錠せず
窃盗,自転車盗,愛宕,新橋駅前交番,131032,東京都,港区,新橋３丁目,2020-06-07,14,道路上,その他,30歳代,その他,施錠せず
窃盗,自転車盗,愛宕,新橋駅前交番,131032,東京都,港区,新橋３丁目,2020-06-25,11,道路上,その他,70歳以上,その他,施錠せず
窃盗,自転車盗,愛宕,新橋駅前交番,131032,東京都,港区,新橋３丁目,2020-07-17,18,道路上,その他,法人・団体、被害者なし,法人・団体、被害者なし,施錠せず
窃盗,自転車盗,愛宕,新橋駅前交番,131032,東京都,港区,新橋３丁目,2020-10-28,23,駐車（輪）場,駐車（輪）場,法人・団体、被害者なし,法人・団体、被害者なし,施錠せず
窃盗,自転車盗,愛宕,東新橋交番,131032,東京都,港区,新橋５丁目,2020-08-04,11,道路上,その他,40歳代,その他,施錠せず
窃盗,自転車盗,愛宕,東新橋交番,131032,東京都,港区,新橋５丁目,2020-11-13,00,道路上,その他,60-64歳,その他,施錠せず
窃盗,自転車盗,愛宕,東新橋交番,131032,東京都,港区,東新橋２丁目,2020-06-02,23,駐車（輪）場,駐車（輪）場,60-64歳,その他,施錠せず
窃盗,自転車盗,愛宕,大門交番,131032,東京都,港区,芝大門１丁目,2020-06-04,09,４階建て以上共同住宅,駐車（輪）場,30歳代,その他,施錠せず
窃盗,自転車盗,愛宕,大門交番,131032,東京都,港区,芝大門１丁目,2020-07-20,10,道路上,その他,30歳代,その他,施錠せず
窃盗,自転車盗,愛宕,大門交番,131032,東京都,港区,浜松町１丁目,2019-12-28,16,４階建て以上共同住宅,その他,70歳以上,その他,施錠せず
窃盗,自転車盗,愛宕,大門交番,131032,東京都,港区,浜松町１丁目,2020-01-17,15,駐車（輪）場,駐車（輪）場,40歳代,その他,施錠せず
窃盗,自転車盗,愛宕,大門交番,131032,東京都,港区,浜松町１丁目,2020-08-28,06,その他,その他,70歳以上,その他,施錠せず
窃盗,自転車盗,愛宕,大門交番,131032,東京都,港区,浜松町２丁目,2020-04-16,09,道路上,その他,50歳代,その他,施錠せず
窃盗,自転車盗,愛宕,浜松町交番,131032,東京都,港区,芝公園２丁目,2020-08-25,13,駐車（輪）場,駐車（輪）場,50歳代,その他,施錠せず
窃盗,自転車盗,愛宕,浜松町交番,131032,東京都,港区,芝大門２丁目,2020-01-04,21,駐車（輪）場,駐車（輪）場,20歳代,その他,施錠せず
窃盗,自転車盗,愛宕,浜松町交番,131032,東京都,港区,浜松町２丁目,2020-01-20,17,その他,駐車（輪）場,40歳代,その他,施錠せず
窃盗,自転車盗,愛宕,浜松町交番,131032,東京都,港区,浜松町２丁目,2020-03-06,18,道路上,その他,10歳代,高校生,施錠せず
窃盗,自転車盗,愛宕,東京タワー前交番,131032,東京都,港区,西新橋３丁目,2020-05-19,12,その他,その他,20歳代,その他,施錠せず
窃盗,自転車盗,三田,三田綱町交番,131032,東京都,港区,三田２丁目,2020-11-18,22,４階建て以上共同住宅,駐車（輪）場,30歳代,その他,施錠せず
窃盗,自転車盗,三田,三田綱町交番,131032,東京都,港区,三田４丁目,2020-02-10,17,４階建て以上共同住宅,その他,65-69歳,その他,施錠せず
窃盗,自転車盗,三田,三田綱町交番,131032,東京都,港区,三田４丁目,2020-02-13,22,４階建て以上共同住宅,駐車（輪）場,20歳代,その他,施錠せず
窃盗,自転車盗,三田,三田綱町交番,131032,東京都,港区,三田４丁目,2020-07-08,20,４階建て以上共同住宅,駐車（輪）場,10歳代,中学生,施錠せず
窃盗,自転車盗,三田,三田綱町交番,131032,東京都,港区,三田４丁目,2020-08-02,20,４階建て以上共同住宅,駐車（輪）場,30歳代,その他,施錠せず
窃盗,自転車盗,三田,三田綱町交番,131032,東京都,港区,三田４丁目,2020-09-08,18,一戸建住宅,駐車（輪）場,30歳代,その他,施錠せず
窃盗,自転車盗,三田,三田綱町交番,131032,東京都,港区,三田５丁目,2020-02-29,17,道路上,その他,20歳代,その他,施錠せず
窃盗,自転車盗,三田,三田綱町交番,131032,東京都,港区,三田５丁目,2020-03-22,15,駐車（輪）場,駐車（輪）場,30歳代,その他,施錠せず
窃盗,自転車盗,三田,亀塚公園前交番,131032,東京都,港区,三田３丁目,2020-11-02,14,４階建て以上共同住宅,駐車（輪）場,20歳代,その他,施錠せず
窃盗,自転車盗,三田,亀塚公園前交番,131032,東京都,港区,三田４丁目,2020-05-10,15,その他,駐車（輪）場,70歳以上,その他,施錠せず
窃盗,自転車盗,三田,三田通交番,131032,東京都,港区,芝２丁目,2020-09-06,12,その他の住宅（３階建て以下共同住宅等）,駐車（輪）場,50歳代,その他,施錠せず
窃盗,自転車盗,三田,三田通交番,131032,東京都,港区,芝３丁目,2020-03-27,20,４階建て以上共同住宅,駐車（輪）場,30歳代,その他,施錠せず
窃盗,自転車盗,三田,三田通交番,131032,東京都,港区,芝３丁目,2020-10-16,22,４階建て以上共同住宅,駐車（輪）場,20歳代,その他,施錠せず
窃盗,自転車盗,三田,三田通交番,131032,東京都,港区,芝５丁目,2019-12-23,01,道路上,その他,70歳以上,その他,施錠せず
窃盗,自転車盗,三田,三田通交番,131032,東京都,港区,芝５丁目,2019-12-25,19,駐車（輪）場,駐車（輪）場,50歳代,その他,施錠せず
窃盗,自転車盗,三田,三田通交番,131032,東京都,港区,芝５丁目,2020-08-05,19,道路上,その他,20歳代,その他,施錠せず
窃盗,自転車盗,三田,三田通交番,131032,東京都,港区,三田１丁目,2020-05-21,19,４階建て以上共同住宅,駐車（輪）場,40歳代,その他,施錠せず
窃盗,自転車盗,三田,三田通交番,131032,東京都,港区,三田１丁目,2020-09-19,06,道路上,その他,30歳代,その他,施錠せず
窃盗,自転車盗,三田,三田通交番,131032,東京都,港区,三田２丁目,2020-11-10,07,その他の住宅（３階建て以下共同住宅等）,駐車（輪）場,50歳代,その他,施錠せず
窃盗,自転車盗,三田,三田通交番,131032,東京都,港区,三田３丁目,2020-11-12,15,道路上,その他,40歳代,その他,施錠せず
窃盗,自転車盗,三田,田町駅東口交番,131032,東京都,港区,芝浦２丁目,2020-06-12,08,４階建て以上共同住宅,その他,50歳代,その他,施錠せず
窃盗,自転車盗,三田,田町駅東口交番,131032,東京都,港区,芝浦３丁目,2020-03-18,08,駐車（輪）場,駐車（輪）場,40歳代,その他,施錠せず
窃盗,自転車盗,三田,田町駅東口交番,131032,東京都,港区,芝浦３丁目,2020-05-17,10,その他,駐車（輪）場,30歳代,その他,施錠せず
窃盗,自転車盗,三田,田町駅東口交番,131032,東京都,港区,芝浦４丁目,2020-06-05,16,４階建て以上共同住宅,駐車（輪）場,60-64歳,その他,施錠せず
窃盗,自転車盗,三田,田町駅東口交番,131032,東京都,港区,芝浦４丁目,2020-10-01,06,４階建て以上共同住宅,駐車（輪）場,30歳代,その他,施錠せず
窃盗,自転車盗,三田,田町駅東口交番,131032,東京都,港区,三田２丁目,2020-10-12,00,４階建て以上共同住宅,駐車（輪）場,20歳代,その他,施錠せず
窃盗,自転車盗,三田,田町駅東口交番,131032,東京都,港区,三田３丁目,2020-03-08,10,道路上,その他,30歳代,その他,施錠せず
窃盗,自転車盗,三田,芝四丁目交番,131032,東京都,港区,芝１丁目,2020-07-29,02,４階建て以上共同住宅,駐車（輪）場,40歳代,その他,施錠せず
窃盗,自転車盗,三田,芝四丁目交番,131032,東京都,港区,芝１丁目,2020-12-12,17,４階建て以上共同住宅,駐車（輪）場,50歳代,その他,施錠せず
窃盗,自転車盗,三田,芝四丁目交番,131032,東京都,港区,芝２丁目,2020-01-21,12,４階建て以上共同住宅,その他,40歳代,その他,施錠せず
窃盗,自転車盗,三田,芝四丁目交番,131032,東京都,港区,芝２丁目,2020-01-31,16,道路上,その他,10歳代,小学生,施錠せず
窃盗,自転車盗,三田,芝四丁目交番,131032,東京都,港区,芝２丁目,2020-02-15,17,４階建て以上共同住宅,駐車（輪）場,30歳代,その他,施錠せず
窃盗,自転車盗,三田,芝四丁目交番,131032,東京都,港区,芝２丁目,2020-07-25,23,道路上,その他,30歳代,その他,施錠せず
窃盗,自転車盗,三田,芝四丁目交番,131032,東京都,港区,芝２丁目,2020-08-08,23,道路上,その他,20歳代,その他,施錠せず
窃盗,自転車盗,三田,芝四丁目交番,131032,東京都,港区,芝浦１丁目,2020-08-01,18,４階建て以上共同住宅,駐車（輪）場,30歳代,その他,施錠せず
窃盗,自転車盗,三田,海岸通交番,131032,東京都,港区,海岸２丁目,2020-09-08,17,４階建て以上共同住宅,その他,10歳代,中学生,施錠せず
窃盗,自転車盗,三田,海岸通交番,131032,東京都,港区,海岸３丁目,2020-06-21,16,駐車（輪）場,駐車（輪）場,65-69歳,その他,施錠せず
窃盗,自転車盗,三田,海岸通交番,131032,東京都,港区,海岸３丁目,2020-11-18,14,その他,駐車（輪）場,40歳代,その他,施錠せず
窃盗,自転車盗,高輪,品川駅港南口交番,131032,東京都,港区,港南１丁目,2020-02-28,09,その他,駐車（輪）場,30歳代,その他,施錠せず
窃盗,自転車盗,高輪,品川駅港南口交番,131032,東京都,港区,港南２丁目,2020-03-31,08,駐車（輪）場,駐車（輪）場,20歳代,その他,施錠せず
窃盗,自転車盗,高輪,品川駅港南口交番,131032,東京都,港区,港南２丁目,2020-06-12,16,４階建て以上共同住宅,駐車（輪）場,40歳代,その他,施錠せず
窃盗,自転車盗,高輪,品川駅港南口交番,131032,東京都,港区,港南４丁目,2020-01-27,17,４階建て以上共同住宅,駐車（輪）場,10歳未満,小学生,施錠せず
窃盗,自転車盗,高輪,品川駅港南口交番,131032,東京都,港区,港南４丁目,2020-04-15,16,４階建て以上共同住宅,駐車（輪）場,50歳代,その他,施錠せず
窃盗,自転車盗,高輪,品川駅港南口交番,131032,東京都,港区,港南４丁目,2020-06-03,16,４階建て以上共同住宅,駐車（輪）場,40歳代,その他,施錠せず
窃盗,自転車盗,高輪,品川駅港南口交番,131032,東京都,港区,港南４丁目,2020-10-18,09,その他,駐車（輪）場,10歳代,大学生,施錠せず
窃盗,自転車盗,高輪,品川駅高輪口交番,131032,東京都,港区,港南２丁目,2020-11-02,21,４階建て以上共同住宅,駐車（輪）場,30歳代,その他,施錠せず
窃盗,自転車盗,高輪,品川駅高輪口交番,131032,東京都,港区,高輪３丁目,2020-02-07,16,その他,その他,10歳未満,小学生,施錠せず
窃盗,自転車盗,高輪,品川駅高輪口交番,131032,東京都,港区,高輪３丁目,2020-06-17,08,駐車（輪）場,駐車（輪）場,40歳代,その他,施錠せず
窃盗,自転車盗,高輪,品川駅高輪口交番,131032,東京都,港区,高輪３丁目,2020-08-01,02,道路上,その他,20歳代,その他,施錠せず
窃盗,自転車盗,高輪,高輪台交番,131032,東京都,港区,白金台２丁目,2020-06-25,21,その他,その他,30歳代,その他,施錠せず
窃盗,自転車盗,高輪,高輪台交番,131032,東京都,港区,白金台３丁目,2020-02-04,07,道路上,その他,30歳代,その他,施錠せず
窃盗,自転車盗,高輪,白金三光町交番,131032,東京都,港区,白金１丁目,2020-02-11,02,４階建て以上共同住宅,その他,40歳代,その他,施錠せず
窃盗,自転車盗,高輪,白金三光町交番,131032,東京都,港区,白金３丁目,2020-04-05,22,その他の住宅（３階建て以下共同住宅等）,駐車（輪）場,20歳代,その他,施錠せず
窃盗,自転車盗,高輪,白金三光町交番,131032,東京都,港区,白金３丁目,2020-04-11,00,道路上,その他,50歳代,その他,施錠せず
窃盗,自転車盗,高輪,白金三光町交番,131032,東京都,港区,白金３丁目,2020-07-19,13,その他の住宅（３階建て以下共同住宅等）,駐車（輪）場,30歳代,その他,施錠せず
窃盗,自転車盗,高輪,白金三光町交番,131032,東京都,港区,白金３丁目,2020-10-28,03,その他の住宅（３階建て以下共同住宅等）,駐車（輪）場,30歳代,その他,施錠せず
窃盗,自転車盗,高輪,白金三光町交番,131032,東京都,港区,白金５丁目,2020-06-21,05,道路上,その他,30歳代,その他,施錠せず
窃盗,自転車盗,高輪,白金三光町交番,131032,東京都,港区,白金５丁目,2020-08-30,18,４階建て以上共同住宅,駐車（輪）場,30歳代,その他,施錠せず
窃盗,自転車盗,高輪,白金三光町交番,131032,東京都,港区,白金５丁目,2020-10-15,00,４階建て以上共同住宅,その他,30歳代,その他,施錠せず
窃盗,自転車盗,高輪,白金三光町交番,131032,東京都,港区,白金６丁目,2019-12-20,19,道路上,その他,30歳代,その他,施錠せず
窃盗,自転車盗,高輪,白金三光町交番,131032,東京都,港区,白金台４丁目,2020-11-26,16,道路上,その他,30歳代,その他,施錠せず
窃盗,自転車盗,高輪,白金三光町交番,131032,東京都,港区,白金台５丁目,2020-07-10,04,道路上,その他,20歳代,その他,施錠せず
窃盗,自転車盗,高輪,白金三光町交番,131032,東京都,港区,白金台５丁目,2020-08-01,12,道路上,その他,30歳代,その他,施錠せず
窃盗,自転車盗,高輪,清正公前交番,131032,東京都,港区,高輪１丁目,2020-03-29,00,４階建て以上共同住宅,駐車（輪）場,20歳代,その他,施錠せず
窃盗,自転車盗,高輪,清正公前交番,131032,東京都,港区,高輪１丁目,2020-04-06,01,道路上,その他,30歳代,その他,施錠せず
窃盗,自転車盗,高輪,高輪二丁目交番,131032,東京都,港区,高輪２丁目,2020-02-25,18,その他の住宅（３階建て以下共同住宅等）,その他,30歳代,その他,施錠せず
窃盗,自転車盗,高輪,高輪二丁目交番,131032,東京都,港区,高輪２丁目,2020-08-04,00,４階建て以上共同住宅,駐車（輪）場,30歳代,その他,施錠せず
窃盗,自転車盗,高輪,高輪二丁目交番,131032,東京都,港区,高輪２丁目,2020-11-22,10,４階建て以上共同住宅,駐車（輪）場,60-64歳,その他,施錠せず
窃盗,自転車盗,麻布,一之橋交番,131032,東京都,港区,麻布十番１丁目,2019-12-10,09,道路上,その他,20歳代,大学生,施錠せず
窃盗,自転車盗,麻布,一之橋交番,131032,東京都,港区,麻布十番１丁目,2020-01-10,10,道路上,その他,20歳代,その他,施錠せず
窃盗,自転車盗,麻布,一之橋交番,131032,東京都,港区,麻布十番１丁目,2020-05-30,20,４階建て以上共同住宅,駐車（輪）場,30歳代,その他,施錠せず
窃盗,自転車盗,麻布,一之橋交番,131032,東京都,港区,麻布十番２丁目,2020-03-19,19,４階建て以上共同住宅,駐車（輪）場,30歳代,その他,施錠せず
窃盗,自転車盗,麻布,一之橋交番,131032,東京都,港区,麻布十番４丁目,2020-02-20,14,その他,その他,30歳代,その他,施錠せず
窃盗,自転車盗,麻布,一之橋交番,131032,東京都,港区,麻布台１丁目,2020-10-05,20,４階建て以上共同住宅,その他,20歳代,その他,施錠せず
窃盗,自転車盗,麻布,一之橋交番,131032,東京都,港区,麻布台２丁目,2020-02-15,20,４階建て以上共同住宅,駐車（輪）場,50歳代,その他,施錠せず
窃盗,自転車盗,麻布,一之橋交番,131032,東京都,港区,麻布台３丁目,2020-01-23,09,駐車（輪）場,駐車（輪）場,30歳代,その他,施錠せず
窃盗,自転車盗,麻布,一之橋交番,131032,東京都,港区,麻布台３丁目,2020-02-28,13,その他,その他,40歳代,その他,施錠せず
窃盗,自転車盗,麻布,一之橋交番,131032,東京都,港区,東麻布１丁目,2020-03-19,00,その他,その他,30歳代,その他,施錠せず
窃盗,自転車盗,麻布,一之橋交番,131032,東京都,港区,東麻布１丁目,2020-11-18,16,その他,その他,10歳未満,小学生,施錠せず
窃盗,自転車盗,麻布,一之橋交番,131032,東京都,港区,東麻布２丁目,2020-05-21,18,道路上,その他,20歳代,その他,施錠せず
窃盗,自転車盗,麻布,一之橋交番,131032,東京都,港区,東麻布２丁目,2020-07-05,17,４階建て以上共同住宅,駐車（輪）場,60-64歳,その他,施錠せず
窃盗,自転車盗,麻布,一之橋交番,131032,東京都,港区,東麻布２丁目,2020-08-07,17,４階建て以上共同住宅,駐車（輪）場,40歳代,その他,施錠せず
窃盗,自転車盗,麻布,一之橋交番,131032,東京都,港区,東麻布３丁目,2020-03-06,20,駐車（輪）場,駐車（輪）場,20歳代,その他,施錠せず
窃盗,自転車盗,麻布,一之橋交番,131032,東京都,港区,南麻布２丁目,2020-03-28,11,４階建て以上共同住宅,駐車（輪）場,40歳代,その他,施錠せず
窃盗,自転車盗,麻布,盛岡町交番,131032,東京都,港区,南麻布２丁目,2020-02-07,19,駐車（輪）場,駐車（輪）場,50歳代,その他,施錠せず
窃盗,自転車盗,麻布,盛岡町交番,131032,東京都,港区,南麻布２丁目,2020-08-04,02,一戸建住宅,その他,50歳代,その他,施錠せず
窃盗,自転車盗,麻布,盛岡町交番,131032,東京都,港区,南麻布２丁目,2020-09-02,09,４階建て以上共同住宅,その他,20歳代,その他,施錠せず
窃盗,自転車盗,麻布,盛岡町交番,131032,東京都,港区,南麻布５丁目,2020-02-25,16,４階建て以上共同住宅,駐車（輪）場,10歳代,小学生,施錠せず
窃盗,自転車盗,麻布,盛岡町交番,131032,東京都,港区,南麻布５丁目,2020-10-24,13,道路上,その他,40歳代,その他,施錠せず
窃盗,自転車盗,麻布,盛岡町交番,131032,東京都,港区,元麻布３丁目,2020-05-13,18,道路上,その他,30歳代,その他,施錠せず
窃盗,自転車盗,麻布,盛岡町交番,131032,東京都,港区,元麻布３丁目,2020-11-27,00,道路上,その他,30歳代,その他,施錠せず
窃盗,自転車盗,麻布,西麻布交番,131032,東京都,港区,西麻布１丁目,2020-02-12,17,４階建て以上共同住宅,その他,10歳未満,小学生,施錠せず
窃盗,自転車盗,麻布,西麻布交番,131032,東京都,港区,西麻布１丁目,2020-11-14,21,一戸建住宅,その他,10歳代,中学生,施錠せず
窃盗,自転車盗,麻布,西麻布交番,131032,東京都,港区,西麻布２丁目,2020-02-20,01,道路上,その他,40歳代,その他,施錠せず
窃盗,自転車盗,麻布,西麻布交番,131032,東京都,港区,西麻布２丁目,2020-03-01,17,駐車（輪）場,駐車（輪）場,20歳代,その他,施錠せず
窃盗,自転車盗,麻布,西麻布交番,131032,東京都,港区,西麻布２丁目,2020-04-05,00,道路上,その他,20歳代,その他,施錠せず
窃盗,自転車盗,麻布,西麻布交番,131032,東京都,港区,西麻布３丁目,2020-10-21,08,道路上,その他,20歳代,その他,施錠せず
窃盗,自転車盗,麻布,西麻布交番,131032,東京都,港区,西麻布４丁目,2020-02-26,16,道路上,その他,30歳代,その他,施錠せず
窃盗,自転車盗,麻布,西麻布交番,131032,東京都,港区,西麻布４丁目,2020-08-01,12,道路上,その他,20歳代,その他,施錠せず
窃盗,自転車盗,麻布,西麻布交番,131032,東京都,港区,西麻布４丁目,2020-08-12,22,道路上,その他,40歳代,その他,施錠せず
窃盗,自転車盗,麻布,西麻布交番,131032,東京都,港区,西麻布４丁目,2020-12-09,20,４階建て以上共同住宅,駐車（輪）場,30歳代,その他,施錠せず
窃盗,自転車盗,麻布,西麻布交番,131032,東京都,港区,南麻布４丁目,2020-08-07,14,その他,駐車（輪）場,30歳代,その他,施錠せず
窃盗,自転車盗,麻布,六本木交番,131032,東京都,港区,六本木１丁目,2020-09-27,07,その他,駐車（輪）場,20歳代,その他,施錠せず
窃盗,自転車盗,麻布,六本木交番,131032,東京都,港区,六本木４丁目,2020-01-25,02,道路上,その他,法人・団体、被害者なし,法人・団体、被害者なし,施錠せず
窃盗,自転車盗,麻布,六本木交番,131032,東京都,港区,六本木４丁目,2020-11-21,20,４階建て以上共同住宅,駐車（輪）場,50歳代,その他,施錠せず
窃盗,自転車盗,麻布,六本木交番,131032,東京都,港区,六本木７丁目,2020-09-22,13,４階建て以上共同住宅,駐車（輪）場,40歳代,その他,施錠せず
窃盗,自転車盗,麻布,六本木交番,131032,東京都,港区,六本木７丁目,2020-11-29,03,道路上,その他,20歳代,その他,施錠せず
窃盗,自転車盗,麻布,六本木六丁目交番,131032,東京都,港区,六本木６丁目,2020-03-07,03,道路上,その他,40歳代,その他,施錠せず
窃盗,自転車盗,麻布,六本木六丁目交番,131032,東京都,港区,六本木６丁目,2020-10-23,22,道路上,その他,30歳代,その他,施錠せず
窃盗,自転車盗,麻布,六本木六丁目交番,131032,東京都,港区,六本木６丁目,2020-10-29,07,その他,駐車（輪）場,30歳代,その他,施錠せず
窃盗,自転車盗,赤坂,赤坂見附交番,131032,東京都,港区,赤坂３丁目,2020-01-26,06,その他,その他,30歳代,その他,施錠せず
窃盗,自転車盗,赤坂,青山一丁目交番,131032,東京都,港区,赤坂８丁目,2020-06-26,17,道路上,その他,40歳代,その他,施錠せず
窃盗,自転車盗,赤坂,青山一丁目交番,131032,東京都,港区,北青山１丁目,2020-03-03,23,道路上,その他,40歳代,その他,施錠せず
窃盗,自転車盗,赤坂,青山一丁目交番,131032,東京都,港区,南青山１丁目,2020-02-23,13,４階建て以上共同住宅,その他,10歳代,大学生,施錠せず
窃盗,自転車盗,赤坂,青山一丁目交番,131032,東京都,港区,南青山１丁目,2020-08-13,01,道路上,その他,20歳代,その他,施錠せず
窃盗,自転車盗,赤坂,表参道交番,131032,東京都,港区,北青山３丁目,2020-09-03,20,道路上,その他,30歳代,その他,施錠せず
窃盗,自転車盗,赤坂,表参道交番,131032,東京都,港区,北青山３丁目,2020-10-21,18,４階建て以上共同住宅,駐車（輪）場,法人・団体、被害者なし,法人・団体、被害者なし,施錠せず
窃盗,自転車盗,赤坂,表参道交番,131032,東京都,港区,南青山２丁目,2020-02-03,18,道路上,その他,50歳代,その他,施錠せず
窃盗,自転車盗,赤坂,表参道交番,131032,東京都,港区,南青山３丁目,2019-12-05,19,駐車（輪）場,駐車（輪）場,20歳代,その他,施錠せず
窃盗,自転車盗,赤坂,表参道交番,131032,東京都,港区,南青山３丁目,2020-03-30,00,道路上,その他,法人・団体、被害者なし,法人・団体、被害者なし,施錠せず
窃盗,自転車盗,赤坂,表参道交番,131032,東京都,港区,南青山６丁目,2019-12-22,01,道路上,その他,10歳代,大学生,施錠せず
窃盗,自転車盗,赤坂,表参道交番,131032,東京都,港区,南青山６丁目,2020-01-22,23,４階建て以上共同住宅,駐車（輪）場,20歳代,その他,施錠せず
窃盗,自転車盗,赤坂,赤坂五丁目交番,131032,東京都,港区,赤坂２丁目,2020-07-24,14,道路上,その他,40歳代,その他,施錠せず
窃盗,自転車盗,赤坂,赤坂五丁目交番,131032,東京都,港区,赤坂９丁目,2020-02-17,19,道路上,その他,20歳代,その他,施錠せず
窃盗,自転車盗,東京湾岸,第五台場交番,131091,東京都,品川区,東品川５丁目,2020-12-13,15,その他,駐車（輪）場,50歳代,その他,施錠せず
窃盗,自転車盗,東京湾岸,大田市場前交番,131113,東京都,大田区,城南島２丁目,2020-05-13,14,その他,駐車（輪）場,20歳代,その他,施錠せず
窃盗,自転車盗,東京湾岸,お台場海浜公園駅前交番,131032,東京都,港区,台場１丁目,2019-12-24,18,４階建て以上共同住宅,その他,10歳代,高校生,施錠せず
窃盗,自転車盗,東京湾岸,お台場海浜公園駅前交番,131032,東京都,港区,台場１丁目,2020-03-17,19,４階建て以上共同住宅,駐車（輪）場,70歳以上,その他,施錠せず
窃盗,自転車盗,東京湾岸,お台場海浜公園駅前交番,131032,東京都,港区,台場１丁目,2020-08-01,16,４階建て以上共同住宅,駐車（輪）場,40歳代,その他,施錠せず
窃盗,自転車盗,東京湾岸,お台場海浜公園駅前交番,131032,東京都,港区,台場２丁目,2019-12-11,15,４階建て以上共同住宅,駐車（輪）場,30歳代,その他,施錠せず
窃盗,自転車盗,東京湾岸,お台場海浜公園駅前交番,131032,東京都,港区,台場２丁目,2020-02-25,08,駐車（輪）場,駐車（輪）場,40歳代,その他,施錠せず
窃盗,自転車盗,東京湾岸,お台場海浜公園駅前交番,131083,東京都,江東区,青海１丁目,2019-10-22,07,道路上,その他,20歳代,大学生,施錠せず
窃盗,自転車盗,東京湾岸,お台場海浜公園駅前交番,131083,東京都,江東区,青海１丁目,2019-12-28,13,駐車（輪）場,駐車（輪）場,20歳代,大学生,施錠せず
窃盗,自転車盗,東京湾岸,都橋交番,131083,東京都,江東区,東雲１丁目,2019-12-16,17,４階建て以上共同住宅,駐車（輪）場,10歳代,小学生,施錠せず
窃盗,自転車盗,東京湾岸,都橋交番,131083,東京都,江東区,東雲１丁目,2020-01-05,18,駐車（輪）場,駐車（輪）場,20歳代,その他,施錠せず
窃盗,自転車盗,東京湾岸,都橋交番,131083,東京都,江東区,東雲１丁目,2020-05-11,14,４階建て以上共同住宅,その他,70歳以上,その他,施錠せず
窃盗,自転車盗,東京湾岸,都橋交番,131083,東京都,江東区,東雲１丁目,2020-05-18,13,４階建て以上共同住宅,駐車（輪）場,30歳代,その他,施錠せず
窃盗,自転車盗,東京湾岸,都橋交番,131083,東京都,江東区,東雲１丁目,2020-08-30,14,４階建て以上共同住宅,駐車（輪）場,30歳代,その他,施錠せず
窃盗,自転車盗,東京湾岸,都橋交番,131083,東京都,江東区,東雲１丁目,2020-10-08,14,その他,駐車（輪）場,法人・団体、被害者なし,法人・団体、被害者なし,施錠せず
窃盗,自転車盗,東京湾岸,辰巳交番,131083,東京都,江東区,辰巳１丁目,2019-12-23,12,駐車（輪）場,駐車（輪）場,10歳代,高校生,施錠せず
窃盗,自転車盗,東京湾岸,辰巳交番,131083,東京都,江東区,辰巳２丁目,2020-06-14,04,４階建て以上共同住宅,駐車（輪）場,30歳代,その他,施錠せず
窃盗,自転車盗,東京湾岸,辰巳交番,131083,東京都,江東区,辰巳３丁目,2020-04-28,22,道路上,その他,50歳代,その他,施錠せず
窃盗,自転車盗,東京湾岸,新木場駅前交番,131083,東京都,江東区,新木場１丁目,2020-06-06,00,駐車（輪）場,駐車（輪）場,20歳代,その他,施錠せず
窃盗,自転車盗,東京湾岸,新木場駅前交番,131083,東京都,江東区,新木場１丁目,2020-09-06,05,駐車（輪）場,駐車（輪）場,50歳代,その他,施錠せず
窃盗,自転車盗,東京湾岸,新木場駅前交番,131083,東京都,江東区,新木場１丁目,2020-09-25,22,その他,駐車（輪）場,30歳代,その他,施錠せず
窃盗,自転車盗,品川,台場交番,131091,東京都,品川区,北品川１丁目,2020-02-01,19,道路上,その他,60-64歳,その他,施錠せず
窃盗,自転車盗,品川,台場交番,131091,東京都,品川区,北品川１丁目,2020-03-01,09,その他,駐車（輪）場,40歳代,その他,施錠せず
窃盗,自転車盗,品川,台場交番,131091,東京都,品川区,北品川１丁目,2020-03-15,01,一戸建住宅,駐車（輪）場,10歳代,その他,施錠せず
窃盗,自転車盗,品川,台場交番,131091,東京都,品川区,北品川１丁目,2020-06-17,17,道路上,その他,40歳代,その他,施錠せず
窃盗,自転車盗,品川,台場交番,131091,東京都,品川区,北品川１丁目,2020-08-14,11,道路上,その他,70歳以上,その他,施錠せず
窃盗,自転車盗,品川,台場交番,131091,東京都,品川区,北品川１丁目,2020-10-08,05,４階建て以上共同住宅,駐車（輪）場,30歳代,その他,施錠せず
窃盗,自転車盗,品川,台場交番,131091,東京都,品川区,北品川２丁目,2020-03-20,19,道路上,その他,40歳代,その他,施錠せず
窃盗,自転車盗,品川,台場交番,131091,東京都,品川区,北品川２丁目,2020-09-02,18,道路上,その他,50歳代,その他,施錠せず
窃盗,自転車盗,品川,台場交番,131091,東京都,品川区,北品川２丁目,2020-09-09,13,その他,その他,30歳代,その他,施錠せず
窃盗,自転車盗,品川,台場交番,131091,東京都,品川区,北品川２丁目,2020-09-09,15,道路上,その他,20歳代,その他,施錠せず
窃盗,自転車盗,品川,台場交番,131091,東京都,品川区,北品川２丁目,2020-10-15,20,その他,駐車（輪）場,65-69歳,その他,施錠せず
窃盗,自転車盗,品川,台場交番,131091,東京都,品川区,北品川２丁目,2020-10-26,15,道路上,その他,50歳代,その他,施錠せず
窃盗,自転車盗,品川,台場交番,131091,東京都,品川区,北品川２丁目,2020-11-26,14,４階建て以上共同住宅,駐車（輪）場,50歳代,その他,施錠せず
窃盗,自転車盗,品川,台場交番,131091,東京都,品川区,北品川３丁目,2020-10-14,18,４階建て以上共同住宅,その他,30歳代,その他,施錠せず
窃盗,自転車盗,品川,台場交番,131091,東京都,品川区,南品川１丁目,2020-09-07,13,一戸建住宅,駐車（輪）場,10歳代,大学生,施錠せず
窃盗,自転車盗,品川,台場交番,131091,東京都,品川区,南品川１丁目,2020-09-08,14,道路上,その他,50歳代,その他,施錠せず
窃盗,自転車盗,品川,台場交番,131091,東京都,品川区,南品川４丁目,2020-09-29,07,道路上,その他,40歳代,その他,施錠せず
窃盗,自転車盗,品川,御殿山交番,131091,東京都,品川区,北品川３丁目,2020-06-17,00,道路上,その他,30歳代,その他,施錠せず
窃盗,自転車盗,品川,御殿山交番,131091,東京都,品川区,北品川３丁目,2020-07-05,18,道路上,その他,10歳代,その他,施錠せず
窃盗,自転車盗,品川,御殿山交番,131091,東京都,品川区,北品川３丁目,2020-08-26,19,その他,駐車（輪）場,10歳代,中学生,施錠せず
窃盗,自転車盗,品川,御殿山交番,131091,東京都,品川区,北品川５丁目,2020-01-19,06,４階建て以上共同住宅,駐車（輪）場,20歳代,大学生,施錠せず
窃盗,自転車盗,品川,三ツ木交番,131091,東京都,品川区,西品川１丁目,2020-03-03,19,その他,駐車（輪）場,10歳代,中学生,施錠せず
窃盗,自転車盗,品川,三ツ木交番,131091,東京都,品川区,西品川１丁目,2020-05-06,01,その他,駐車（輪）場,60-64歳,その他,施錠せず
窃盗,自転車盗,品川,三ツ木交番,131091,東京都,品川区,西品川１丁目,2020-06-28,18,その他の住宅（３階建て以下共同住宅等）,その他,30歳代,その他,施錠せず
窃盗,自転車盗,品川,三ツ木交番,131091,東京都,品川区,西品川１丁目,2020-10-11,23,４階建て以上共同住宅,駐車（輪）場,30歳代,その他,施錠せず
窃盗,自転車盗,品川,三ツ木交番,131091,東京都,品川区,西品川２丁目,2020-05-26,19,４階建て以上共同住宅,駐車（輪）場,50歳代,その他,施錠せず
窃盗,自転車盗,品川,三ツ木交番,131091,東京都,品川区,西品川２丁目,2020-06-11,08,一戸建住宅,その他,65-69歳,その他,施錠せず
窃盗,自転車盗,品川,三ツ木交番,131091,東京都,品川区,西品川２丁目,2020-07-07,21,一戸建住宅,その他,10歳代,高校生,施錠せず
窃盗,自転車盗,品川,三ツ木交番,131091,東京都,品川区,西品川２丁目,2020-09-10,03,４階建て以上共同住宅,その他,40歳代,その他,施錠せず
窃盗,自転車盗,品川,三ツ木交番,131091,東京都,品川区,西品川２丁目,2020-09-12,22,道路上,その他,20歳代,その他,施錠せず
窃盗,自転車盗,品川,三ツ木交番,131091,東京都,品川区,西品川２丁目,2020-10-22,16,４階建て以上共同住宅,駐車（輪）場,50歳代,その他,施錠せず
窃盗,自転車盗,品川,三ツ木交番,131091,東京都,品川区,西品川３丁目,2019-11-17,08,一戸建住宅,その他,10歳代,中学生,施錠せず
窃盗,自転車盗,品川,三ツ木交番,131091,東京都,品川区,広町２丁目,2020-05-15,23,道路上,その他,30歳代,その他,施錠せず
窃盗,自転車盗,品川,青物横丁駅前交番,131091,東京都,品川区,北品川３丁目,2020-07-21,12,その他,駐車（輪）場,70歳以上,その他,施錠せず
窃盗,自転車盗,品川,青物横丁駅前交番,131091,東京都,品川区,東品川３丁目,2020-01-18,23,４階建て以上共同住宅,駐車（輪）場,20歳代,その他,施錠せず
窃盗,自転車盗,品川,青物横丁駅前交番,131091,東京都,品川区,東品川３丁目,2020-03-25,18,道路上,その他,10歳代,高校生,施錠せず
窃盗,自転車盗,品川,青物横丁駅前交番,131091,東京都,品川区,東品川３丁目,2020-05-04,19,４階建て以上共同住宅,駐車（輪）場,40歳代,その他,施錠せず
窃盗,自転車盗,品川,青物横丁駅前交番,131091,東京都,品川区,南品川２丁目,2019-11-02,12,道路上,その他,30歳代,その他,施錠せず
窃盗,自転車盗,品川,青物横丁駅前交番,131091,東京都,品川区,南品川２丁目,2019-12-23,09,道路上,その他,40歳代,その他,施錠せず
窃盗,自転車盗,品川,青物横丁駅前交番,131091,東京都,品川区,南品川２丁目,2020-02-28,19,道路上,その他,10歳代,高校生,施錠せず
窃盗,自転車盗,品川,青物横丁駅前交番,131091,東京都,品川区,南品川３丁目,2019-10-07,17,４階建て以上共同住宅,駐車（輪）場,20歳代,その他,施錠せず
窃盗,自転車盗,品川,青物横丁駅前交番,131091,東京都,品川区,南品川３丁目,2020-02-25,10,駐車（輪）場,駐車（輪）場,40歳代,その他,施錠せず
窃盗,自転車盗,品川,青物横丁駅前交番,131091,東京都,品川区,南品川３丁目,2020-03-03,16,道路上,その他,50歳代,その他,施錠せず
窃盗,自転車盗,品川,青物横丁駅前交番,131091,東京都,品川区,南品川３丁目,2020-03-03,16,道路上,その他,50歳代,その他,施錠せず
窃盗,自転車盗,品川,青物横丁駅前交番,131091,東京都,品川区,南品川３丁目,2020-08-16,21,道路上,その他,30歳代,その他,施錠せず
窃盗,自転車盗,品川,青物横丁駅前交番,131091,東京都,品川区,南品川４丁目,2019-12-30,17,道路上,その他,10歳代,小学生,施錠せず
窃盗,自転車盗,品川,青物横丁駅前交番,131091,東京都,品川区,南品川４丁目,2020-02-18,09,その他の住宅（３階建て以下共同住宅等）,駐車（輪）場,20歳代,大学生,施錠せず
窃盗,自転車盗,品川,青物横丁駅前交番,131091,東京都,品川区,南品川４丁目,2020-03-21,16,道路上,その他,10歳代,高校生,施錠せず
窃盗,自転車盗,品川,青物横丁駅前交番,131091,東京都,品川区,南品川５丁目,2020-01-03,17,一戸建住宅,駐車（輪）場,40歳代,その他,施錠せず
窃盗,自転車盗,品川,青物横丁駅前交番,131091,東京都,品川区,南品川５丁目,2020-10-07,07,道路上,その他,20歳代,その他,施錠せず
窃盗,自転車盗,品川,青物横丁駅前交番,131091,東京都,品川区,南品川６丁目,2020-09-16,08,一戸建住宅,その他,40歳代,その他,施錠せず
窃盗,自転車盗,品川,天王洲交番,131091,東京都,品川区,東品川２丁目,2019-12-13,23,道路上,その他,40歳代,その他,施錠せず
窃盗,自転車盗,品川,天王洲交番,131091,東京都,品川区,東品川３丁目,2020-09-15,16,４階建て以上共同住宅,その他,40歳代,その他,施錠せず
窃盗,自転車盗,品川,天王洲交番,131091,東京都,品川区,東品川３丁目,2020-09-29,17,駐車（輪）場,駐車（輪）場,10歳代,高校生,施錠せず
窃盗,自転車盗,大井,鹿島神社前交番,131091,東京都,品川区,大井４丁目,2020-05-27,19,一戸建住宅,駐車（輪）場,50歳代,その他,施錠せず
窃盗,自転車盗,大井,鹿島神社前交番,131091,東京都,品川区,大井４丁目,2020-10-14,18,４階建て以上共同住宅,駐車（輪）場,10歳代,小学生,施錠せず
窃盗,自転車盗,大井,鹿島神社前交番,131091,東京都,品川区,大井５丁目,2019-12-18,17,一戸建住宅,駐車（輪）場,40歳代,その他,施錠せず
窃盗,自転車盗,大井,鹿島神社前交番,131091,東京都,品川区,大井５丁目,2020-05-29,21,道路上,その他,50歳代,その他,施錠せず
窃盗,自転車盗,大井,鹿島神社前交番,131091,東京都,品川区,大井５丁目,2020-06-26,21,その他の住宅（３階建て以下共同住宅等）,駐車（輪）場,30歳代,その他,施錠せず
窃盗,自転車盗,大井,鹿島神社前交番,131091,東京都,品川区,大井５丁目,2020-07-14,22,一戸建住宅,駐車（輪）場,40歳代,その他,施錠せず
窃盗,自転車盗,大井,鹿島神社前交番,131091,東京都,品川区,大井５丁目,2020-08-07,13,その他,駐車（輪）場,40歳代,その他,施錠せず
窃盗,自転車盗,大井,鹿島神社前交番,131091,東京都,品川区,大井５丁目,2020-08-24,13,４階建て以上共同住宅,駐車（輪）場,20歳代,その他,施錠せず
窃盗,自転車盗,大井,鹿島神社前交番,131091,東京都,品川区,大井６丁目,2020-05-02,18,一戸建住宅,駐車（輪）場,10歳代,中学生,施錠せず
窃盗,自転車盗,大井,鹿島神社前交番,131091,東京都,品川区,西大井４丁目,2020-09-07,17,一戸建住宅,駐車（輪）場,10歳代,大学生,施錠せず
窃盗,自転車盗,大井,大井町駅前交番,131091,東京都,品川区,大井１丁目,2020-01-20,14,その他,駐車（輪）場,30歳代,その他,施錠せず
窃盗,自転車盗,大井,大井町駅前交番,131091,東京都,品川区,大井１丁目,2020-02-15,17,道路上,その他,70歳以上,その他,施錠せず
窃盗,自転車盗,大井,大井町駅前交番,131091,東京都,品川区,大井１丁目,2020-07-18,17,その他,その他,50歳代,その他,施錠せず
窃盗,自転車盗,大井,大井町駅前交番,131091,東京都,品川区,大井１丁目,2020-07-26,20,その他,駐車（輪）場,10歳代,小学生,施錠せず
窃盗,自転車盗,大井,大井町駅前交番,131091,東京都,品川区,大井１丁目,2020-08-03,22,道路上,その他,10歳代,その他,施錠せず
窃盗,自転車盗,大井,大井町駅前交番,131091,東京都,品川区,大井１丁目,2020-08-08,15,一戸建住宅,その他,30歳代,その他,施錠せず
窃盗,自転車盗,大井,大井町駅前交番,131091,東京都,品川区,大井１丁目,2020-10-21,07,その他,駐車（輪）場,10歳代,高校生,施錠せず
窃盗,自転車盗,大井,大井町駅前交番,131091,東京都,品川区,大井１丁目,2020-11-19,01,道路上,その他,20歳代,その他,施錠せず
窃盗,自転車盗,大井,大井町駅前交番,131091,東京都,品川区,大井１丁目,2020-11-23,14,道路上,その他,20歳代,その他,施錠せず
窃盗,自転車盗,大井,大井町駅前交番,131091,東京都,品川区,大井２丁目,2020-01-25,15,その他の住宅（３階建て以下共同住宅等）,駐車（輪）場,20歳代,その他,施錠せず
窃盗,自転車盗,大井,大井町駅前交番,131091,東京都,品川区,大井２丁目,2020-06-27,22,その他の住宅（３階建て以下共同住宅等）,駐車（輪）場,30歳代,その他,施錠せず
窃盗,自転車盗,大井,大井町駅前交番,131091,東京都,品川区,大井２丁目,2020-08-02,04,道路上,その他,10歳代,中学生,施錠せず
窃盗,自転車盗,大井,大井町駅前交番,131091,東京都,品川区,東大井１丁目,2020-05-25,18,４階建て以上共同住宅,駐車（輪）場,30歳代,その他,施錠せず
窃盗,自転車盗,大井,大井町駅前交番,131091,東京都,品川区,東大井２丁目,2020-01-08,08,一戸建住宅,駐車（輪）場,40歳代,その他,施錠せず
窃盗,自転車盗,大井,大井町駅前交番,131091,東京都,品川区,東大井５丁目,2019-12-15,22,道路上,その他,30歳代,その他,施錠せず
窃盗,自転車盗,大井,大井町駅前交番,131091,東京都,品川区,東大井５丁目,2020-01-25,17,道路上,その他,20歳代,その他,施錠せず
窃盗,自転車盗,大井,大井町駅前交番,131091,東京都,品川区,東大井５丁目,2020-03-19,21,道路上,その他,30歳代,その他,施錠せず
窃盗,自転車盗,大井,大井町駅前交番,131091,東京都,品川区,東大井５丁目,2020-06-21,02,道路上,その他,30歳代,その他,施錠せず
窃盗,自転車盗,大井,大井町駅前交番,131091,東京都,品川区,東大井５丁目,2020-08-22,23,道路上,その他,20歳代,その他,施錠せず
窃盗,自転車盗,大井,大井町駅前交番,131091,東京都,品川区,東大井５丁目,2020-10-27,20,道路上,その他,50歳代,その他,施錠せず
窃盗,自転車盗,大井,大井町駅前交番,131091,東京都,品川区,東大井５丁目,2020-11-20,16,道路上,その他,40歳代,その他,施錠せず
窃盗,自転車盗,大井,大井町駅前交番,131091,東京都,品川区,東大井６丁目,2020-03-22,00,４階建て以上共同住宅,駐車（輪）場,40歳代,その他,施錠せず
窃盗,自転車盗,大井,立会川交番,131091,東京都,品川区,大井１丁目,2019-11-30,06,道路上,その他,10歳代,中学生,施錠せず
窃盗,自転車盗,大井,立会川交番,131091,東京都,品川区,勝島１丁目,2019-12-01,18,４階建て以上共同住宅,駐車（輪）場,10歳代,中学生,施錠せず
窃盗,自転車盗,大井,立会川交番,131091,東京都,品川区,勝島１丁目,2020-09-18,14,その他,駐車（輪）場,70歳以上,その他,施錠せず
窃盗,自転車盗,大井,立会川交番,131091,東京都,品川区,東大井１丁目,2019-12-01,07,その他の住宅（３階建て以下共同住宅等）,駐車（輪）場,50歳代,その他,施錠せず
窃盗,自転車盗,大井,立会川交番,131091,東京都,品川区,東大井１丁目,2019-12-03,15,その他,駐車（輪）場,10歳代,小学生,施錠せず
窃盗,自転車盗,大井,立会川交番,131091,東京都,品川区,東大井１丁目,2020-05-06,12,４階建て以上共同住宅,駐車（輪）場,50歳代,その他,施錠せず
窃盗,自転車盗,大井,立会川交番,131091,東京都,品川区,東大井１丁目,2020-08-21,09,その他,駐車（輪）場,20歳代,大学生,施錠せず
窃盗,自転車盗,大井,立会川交番,131091,東京都,品川区,東大井１丁目,2020-08-21,10,道路上,その他,10歳代,中学生,施錠せず
窃盗,自転車盗,大井,立会川交番,131091,東京都,品川区,東大井３丁目,2020-04-01,不明,道路上,その他,40歳代,その他,施錠せず
窃盗,自転車盗,大井,立会川交番,131091,東京都,品川区,東大井３丁目,2020-07-05,20,その他,駐車（輪）場,10歳代,高校生,施錠せず
窃盗,自転車盗,大井,立会川交番,131091,東京都,品川区,東大井３丁目,2020-07-24,21,道路上,その他,50歳代,その他,施錠せず
窃盗,自転車盗,大井,立会川交番,131091,東京都,品川区,東大井３丁目,2020-09-09,15,一戸建住宅,駐車（輪）場,40歳代,その他,施錠せず
窃盗,自転車盗,大井,立会川交番,131091,東京都,品川区,南大井１丁目,2020-10-16,15,一戸建住宅,その他,70歳以上,その他,施錠せず
窃盗,自転車盗,大井,立会川交番,131091,東京都,品川区,南大井４丁目,2020-08-29,22,その他の住宅（３階建て以下共同住宅等）,駐車（輪）場,10歳代,高校生,施錠せず
窃盗,自転車盗,大井,立会川交番,131091,東京都,品川区,南大井４丁目,2020-10-10,17,道路上,その他,10歳代,小学生,施錠せず
窃盗,自転車盗,大井,立会川交番,131091,東京都,品川区,南大井５丁目,2019-11-09,05,４階建て以上共同住宅,駐車（輪）場,10歳代,中学生,施錠せず
窃盗,自転車盗,大井,立会川交番,131091,東京都,品川区,南大井５丁目,2020-02-15,07,４階建て以上共同住宅,駐車（輪）場,20歳代,その他,施錠せず
窃盗,自転車盗,大井,立会川交番,131091,東京都,品川区,南大井５丁目,2020-08-19,23,一戸建住宅,その他,20歳代,その他,施錠せず
窃盗,自転車盗,大井,立会川交番,131091,東京都,品川区,南大井６丁目,2020-03-26,15,その他,駐車（輪）場,10歳代,中学生,施錠せず
窃盗,自転車盗,大井,南大井交番,131091,東京都,品川区,南大井２丁目,2020-05-01,17,その他の住宅（３階建て以下共同住宅等）,その他,50歳代,その他,施錠せず
窃盗,自転車盗,大井,南大井交番,131091,東京都,品川区,南大井２丁目,2020-10-03,18,４階建て以上共同住宅,駐車（輪）場,20歳代,その他,施錠せず
窃盗,自転車盗,大井,南大井交番,131091,東京都,品川区,南大井２丁目,2020-12-06,17,４階建て以上共同住宅,駐車（輪）場,30歳代,その他,施錠せず
窃盗,自転車盗,大井,南大井交番,131091,東京都,品川区,南大井３丁目,2019-12-25,19,４階建て以上共同住宅,その他,20歳代,その他,施錠せず
窃盗,自転車盗,大井,南大井交番,131091,東京都,品川区,南大井３丁目,2020-02-01,20,道路上,その他,10歳代,高校生,施錠せず
窃盗,自転車盗,大井,南大井交番,131091,東京都,品川区,南大井３丁目,2020-03-06,17,道路上,その他,10歳代,その他,施錠せず
窃盗,自転車盗,大井,南大井交番,131091,東京都,品川区,南大井３丁目,2020-11-10,10,道路上,その他,10歳代,大学生,施錠せず
窃盗,自転車盗,大井,南大井交番,131091,東京都,品川区,南大井３丁目,2020-11-22,03,その他の住宅（３階建て以下共同住宅等）,その他,20歳代,その他,施錠せず
窃盗,自転車盗,大井,南大井交番,131091,東京都,品川区,南大井４丁目,2020-04-30,14,一戸建住宅,駐車（輪）場,10歳代,高校生,施錠せず
窃盗,自転車盗,大井,南大井交番,131091,東京都,品川区,南大井４丁目,2020-06-08,14,道路上,その他,10歳代,高校生,施錠せず
窃盗,自転車盗,大井,南大井交番,131091,東京都,品川区,南大井５丁目,2020-09-06,19,一戸建住宅,駐車（輪）場,40歳代,その他,施錠せず
窃盗,自転車盗,大井,南大井交番,131091,東京都,品川区,南大井６丁目,2020-05-20,17,その他,駐車（輪）場,30歳代,その他,施錠せず
窃盗,自転車盗,大井,南大井交番,131091,東京都,品川区,南大井６丁目,2020-08-09,22,その他,駐車（輪）場,30歳代,その他,施錠せず
窃盗,自転車盗,大井,南大井交番,131091,東京都,品川区,南大井６丁目,2020-08-24,18,その他,駐車（輪）場,20歳代,その他,施錠せず
窃盗,自転車盗,大井,南大井交番,131091,東京都,品川区,南大井６丁目,2020-10-30,16,道路上,その他,10歳代,大学生,施錠せず
窃盗,自転車盗,大井,西大井駅前交番,131091,東京都,品川区,大井３丁目,2020-06-21,09,道路上,その他,10歳代,大学生,施錠せず
窃盗,自転車盗,大井,西大井駅前交番,131091,東京都,品川区,西大井１丁目,2020-04-11,06,一戸建住宅,駐車（輪）場,50歳代,その他,施錠せず
窃盗,自転車盗,大井,西大井駅前交番,131091,東京都,品川区,西大井１丁目,2020-05-01,不明,４階建て以上共同住宅,駐車（輪）場,70歳以上,その他,施錠せず
窃盗,自転車盗,大井,西大井駅前交番,131091,東京都,品川区,西大井１丁目,2020-07-24,22,４階建て以上共同住宅,駐車（輪）場,10歳代,その他,施錠せず
窃盗,自転車盗,大井,西大井駅前交番,131091,東京都,品川区,西大井５丁目,2020-11-07,20,一戸建住宅,駐車（輪）場,40歳代,その他,施錠せず
窃盗,自転車盗,大井,西大井駅前交番,131091,東京都,品川区,西大井６丁目,2020-03-16,18,一戸建住宅,その他,70歳以上,その他,施錠せず
窃盗,自転車盗,大井,八潮団地交番,131091,東京都,品川区,八潮４丁目,2020-03-21,21,道路上,その他,40歳代,その他,施錠せず
窃盗,自転車盗,大井,八潮団地交番,131091,東京都,品川区,八潮５丁目,2019-12-25,21,４階建て以上共同住宅,駐車（輪）場,10歳代,小学生,施錠せず
窃盗,自転車盗,大井,八潮団地交番,131091,東京都,品川区,八潮５丁目,2020-05-28,15,４階建て以上共同住宅,駐車（輪）場,10歳代,中学生,施錠せず
窃盗,自転車盗,大井,八潮団地交番,131091,東京都,品川区,八潮５丁目,2020-06-19,18,その他,駐車（輪）場,10歳代,中学生,施錠せず
窃盗,自転車盗,大井,八潮団地交番,131091,東京都,品川区,八潮５丁目,2020-07-11,18,４階建て以上共同住宅,駐車（輪）場,10歳代,中学生,施錠せず
窃盗,自転車盗,大井,八潮団地交番,131091,東京都,品川区,八潮５丁目,2020-08-08,05,４階建て以上共同住宅,駐車（輪）場,40歳代,その他,施錠せず
窃盗,自転車盗,大井,八潮団地交番,131091,東京都,品川区,八潮５丁目,2020-09-11,不明,４階建て以上共同住宅,駐車（輪）場,10歳代,大学生,施錠せず
窃盗,自転車盗,大井,八潮団地交番,131091,東京都,品川区,八潮５丁目,2020-09-30,08,道路上,その他,50歳代,その他,施錠せず
窃盗,自転車盗,大崎,五反田駅前交番,131091,東京都,品川区,西五反田１丁目,2020-06-05,11,その他,駐車（輪）場,20歳代,その他,施錠せず
窃盗,自転車盗,大崎,五反田駅前交番,131091,東京都,品川区,西五反田１丁目,2020-07-01,20,４階建て以上共同住宅,その他,70歳以上,その他,施錠せず
窃盗,自転車盗,大崎,五反田駅前交番,131091,東京都,品川区,西五反田１丁目,2020-07-18,16,４階建て以上共同住宅,その他,30歳代,その他,施錠せず
窃盗,自転車盗,大崎,五反田駅前交番,131091,東京都,品川区,西五反田２丁目,2019-11-21,07,道路上,その他,20歳代,その他,施錠せず
窃盗,自転車盗,大崎,五反田駅前交番,131091,東京都,品川区,西五反田２丁目,2020-02-28,02,その他,駐車（輪）場,40歳代,その他,施錠せず
窃盗,自転車盗,大崎,五反田駅前交番,131091,東京都,品川区,東五反田１丁目,2020-03-30,03,道路上,その他,10歳代,その他,施錠せず
窃盗,自転車盗,大崎,五反田駅前交番,131091,東京都,品川区,東五反田１丁目,2020-04-26,13,道路上,その他,20歳代,大学生,施錠せず
窃盗,自転車盗,大崎,五反田駅前交番,131091,東京都,品川区,東五反田１丁目,2020-07-19,04,その他,その他,30歳代,その他,施錠せず
窃盗,自転車盗,大崎,五反田駅前交番,131091,東京都,品川区,東五反田１丁目,2020-07-25,17,駐車（輪）場,駐車（輪）場,30歳代,その他,施錠せず
窃盗,自転車盗,大崎,五反田駅前交番,131091,東京都,品川区,東五反田２丁目,2020-01-02,20,４階建て以上共同住宅,駐車（輪）場,10歳代,中学生,施錠せず
窃盗,自転車盗,大崎,五反田駅前交番,131091,東京都,品川区,東五反田２丁目,2020-01-05,13,４階建て以上共同住宅,駐車（輪）場,60-64歳,その他,施錠せず
窃盗,自転車盗,大崎,五反田駅前交番,131091,東京都,品川区,東五反田２丁目,2020-09-11,17,道路上,その他,20歳代,その他,施錠せず
窃盗,自転車盗,大崎,五反田駅前交番,131091,東京都,品川区,東五反田２丁目,2020-09-19,14,道路上,その他,40歳代,その他,施錠せず
窃盗,自転車盗,大崎,大崎駅前交番,131091,東京都,品川区,大崎１丁目,2020-09-27,11,道路上,その他,40歳代,その他,施錠せず
窃盗,自転車盗,大崎,大崎駅前交番,131091,東京都,品川区,大崎２丁目,2020-10-17,12,駐車（輪）場,駐車（輪）場,40歳代,その他,施錠せず
窃盗,自転車盗,大崎,大崎駅前交番,131091,東京都,品川区,大崎２丁目,2020-10-25,12,道路上,その他,65-69歳,その他,施錠せず
窃盗,自転車盗,大崎,大崎駅前交番,131091,東京都,品川区,大崎４丁目,2020-09-09,18,４階建て以上共同住宅,駐車（輪）場,30歳代,その他,施錠せず
窃盗,自転車盗,大崎,大崎駅前交番,131091,東京都,品川区,大崎４丁目,2020-09-15,00,道路上,その他,20歳代,その他,施錠せず
窃盗,自転車盗,大崎,大崎駅前交番,131091,東京都,品川区,大崎５丁目,2020-06-13,20,駐車（輪）場,駐車（輪）場,70歳以上,その他,施錠せず
窃盗,自転車盗,大崎,中原口交番,131091,東京都,品川区,西五反田６丁目,2020-03-19,12,その他,駐車（輪）場,20歳代,その他,施錠せず
窃盗,自転車盗,大崎,中原口交番,131091,東京都,品川区,西五反田６丁目,2020-08-09,12,４階建て以上共同住宅,駐車（輪）場,40歳代,その他,施錠せず
窃盗,自転車盗,大崎,西五反田交番,131091,東京都,品川区,小山１丁目,2020-05-08,12,４階建て以上共同住宅,駐車（輪）場,40歳代,その他,施錠せず
窃盗,自転車盗,大崎,西五反田交番,131091,東京都,品川区,西五反田３丁目,2020-01-05,23,その他,駐車（輪）場,20歳代,その他,施錠せず
窃盗,自転車盗,大崎,西五反田交番,131091,東京都,品川区,西五反田３丁目,2020-01-23,04,駐車（輪）場,駐車（輪）場,20歳代,その他,施錠せず
窃盗,自転車盗,大崎,西五反田交番,131091,東京都,品川区,西五反田３丁目,2020-02-19,07,道路上,その他,10歳代,中学生,施錠せず
窃盗,自転車盗,大崎,西五反田交番,131091,東京都,品川区,西五反田４丁目,2020-01-25,11,道路上,その他,30歳代,その他,施錠せず
窃盗,自転車盗,大崎,西五反田交番,131091,東京都,品川区,西五反田４丁目,2020-03-05,08,その他,駐車（輪）場,40歳代,その他,施錠せず
窃盗,自転車盗,大崎,西五反田交番,131091,東京都,品川区,西五反田４丁目,2020-05-07,12,道路上,その他,法人・団体、被害者なし,法人・団体、被害者なし,施錠せず
窃盗,自転車盗,大崎,西五反田交番,131091,東京都,品川区,西五反田４丁目,2020-05-30,10,道路上,その他,40歳代,その他,施錠せず
窃盗,自転車盗,大崎,西五反田交番,131091,東京都,品川区,西五反田４丁目,2020-06-13,10,駐車（輪）場,駐車（輪）場,50歳代,その他,施錠せず
窃盗,自転車盗,大崎,西五反田交番,131091,東京都,品川区,西五反田４丁目,2020-07-03,02,その他の住宅（３階建て以下共同住宅等）,その他,30歳代,その他,施錠せず
窃盗,自転車盗,大崎,西五反田交番,131091,東京都,品川区,西五反田４丁目,2020-07-09,13,その他の住宅（３階建て以下共同住宅等）,駐車（輪）場,20歳代,その他,施錠せず
窃盗,自転車盗,大崎,西五反田交番,131091,東京都,品川区,西五反田４丁目,2020-08-23,23,駐車（輪）場,駐車（輪）場,40歳代,その他,施錠せず
窃盗,自転車盗,大崎,西五反田交番,131091,東京都,品川区,西五反田４丁目,2020-10-04,17,道路上,その他,10歳代,中学生,施錠せず
窃盗,自転車盗,大崎,西五反田交番,131091,東京都,品川区,西五反田５丁目,2020-07-03,14,道路上,その他,70歳以上,その他,施錠せず
窃盗,自転車盗,大崎,西五反田交番,131091,東京都,品川区,西五反田５丁目,2020-07-07,18,４階建て以上共同住宅,その他,10歳代,中学生,施錠せず
窃盗,自転車盗,大崎,西五反田交番,131091,東京都,品川区,西五反田５丁目,2020-08-25,10,その他の住宅（３階建て以下共同住宅等）,その他,30歳代,その他,施錠せず
窃盗,自転車盗,大崎,西五反田交番,131091,東京都,品川区,西五反田５丁目,2020-09-20,00,道路上,その他,50歳代,その他,施錠せず
窃盗,自転車盗,大崎,目黒駅前交番,131091,東京都,品川区,上大崎２丁目,2020-03-18,02,道路上,その他,40歳代,その他,施錠せず
窃盗,自転車盗,大崎,目黒駅前交番,131091,東京都,品川区,上大崎２丁目,2020-07-24,11,道路上,その他,20歳代,その他,施錠せず
窃盗,自転車盗,大崎,目黒駅前交番,131091,東京都,品川区,上大崎３丁目,2020-02-09,19,その他,駐車（輪）場,20歳代,その他,施錠せず
窃盗,自転車盗,大崎,目黒駅前交番,131091,東京都,品川区,上大崎３丁目,2020-08-29,21,道路上,その他,50歳代,その他,施錠せず
窃盗,自転車盗,大崎,目黒駅前交番,131091,東京都,品川区,上大崎３丁目,2020-10-23,13,道路上,その他,40歳代,その他,施錠せず
窃盗,自転車盗,荏原,荏原中延駅前交番,131091,東京都,品川区,荏原３丁目,2020-09-19,19,４階建て以上共同住宅,駐車（輪）場,30歳代,その他,施錠せず
窃盗,自転車盗,荏原,荏原中延駅前交番,131091,東京都,品川区,荏原６丁目,2020-03-06,20,道路上,その他,30歳代,その他,施錠せず
窃盗,自転車盗,荏原,荏原中延駅前交番,131091,東京都,品川区,荏原６丁目,2020-03-27,22,４階建て以上共同住宅,その他,60-64歳,その他,施錠せず
窃盗,自転車盗,荏原,荏原中延駅前交番,131091,東京都,品川区,中延１丁目,2020-05-21,11,４階建て以上共同住宅,駐車（輪）場,30歳代,その他,施錠せず
窃盗,自転車盗,荏原,荏原中延駅前交番,131091,東京都,品川区,中延１丁目,2020-10-16,16,道路上,その他,65-69歳,その他,施錠せず
窃盗,自転車盗,荏原,荏原中延駅前交番,131091,東京都,品川区,中延２丁目,2020-02-16,07,道路上,その他,10歳代,中学生,施錠せず
窃盗,自転車盗,荏原,荏原中延駅前交番,131091,東京都,品川区,中延３丁目,2020-05-23,20,４階建て以上共同住宅,駐車（輪）場,30歳代,その他,施錠せず
窃盗,自転車盗,荏原,荏原中延駅前交番,131091,東京都,品川区,中延４丁目,2020-08-13,17,道路上,その他,70歳以上,その他,施錠せず
窃盗,自転車盗,荏原,荏原中延駅前交番,131091,東京都,品川区,西中延１丁目,2020-07-08,07,道路上,その他,30歳代,その他,施錠せず
窃盗,自転車盗,荏原,荏原中延駅前交番,131091,東京都,品川区,西中延２丁目,2020-01-29,19,道路上,その他,10歳代,中学生,施錠せず
窃盗,自転車盗,荏原,荏原中延駅前交番,131091,東京都,品川区,西中延２丁目,2020-09-18,15,一戸建住宅,その他,20歳代,その他,施錠せず
窃盗,自転車盗,荏原,荏原中延駅前交番,131091,東京都,品川区,西中延２丁目,2020-09-24,00,４階建て以上共同住宅,駐車（輪）場,20歳代,大学生,施錠せず
窃盗,自転車盗,荏原,荏原中延駅前交番,131091,東京都,品川区,西中延３丁目,2020-11-21,17,一戸建住宅,駐車（輪）場,10歳代,小学生,施錠せず
窃盗,自転車盗,荏原,荏原中延駅前交番,131091,東京都,品川区,旗の台２丁目,2020-03-27,09,道路上,その他,10歳代,小学生,施錠せず
窃盗,自転車盗,荏原,荏原中延駅前交番,131091,東京都,品川区,東中延２丁目,2020-01-15,13,一戸建住宅,駐車（輪）場,30歳代,その他,施錠せず
窃盗,自転車盗,荏原,荏原中延駅前交番,131091,東京都,品川区,東中延２丁目,2020-03-05,19,道路上,その他,20歳代,その他,施錠せず
窃盗,自転車盗,荏原,平塚橋交番,131091,東京都,品川区,荏原１丁目,2020-02-17,21,その他の住宅（３階建て以下共同住宅等）,駐車（輪）場,40歳代,その他,施錠せず
窃盗,自転車盗,荏原,平塚橋交番,131091,東京都,品川区,荏原２丁目,2020-08-28,17,その他の住宅（３階建て以下共同住宅等）,駐車（輪）場,10歳代,小学生,施錠せず
窃盗,自転車盗,荏原,平塚橋交番,131091,東京都,品川区,荏原３丁目,2020-06-20,14,道路上,その他,40歳代,その他,施錠せず
窃盗,自転車盗,荏原,平塚橋交番,131091,東京都,品川区,荏原３丁目,2020-09-12,23,道路上,その他,30歳代,その他,施錠せず
窃盗,自転車盗,荏原,平塚橋交番,131091,東京都,品川区,荏原３丁目,2020-11-23,14,道路上,その他,40歳代,その他,施錠せず
窃盗,自転車盗,荏原,平塚橋交番,131091,東京都,品川区,荏原４丁目,2020-01-19,15,４階建て以上共同住宅,駐車（輪）場,50歳代,その他,施錠せず
窃盗,自転車盗,荏原,平塚橋交番,131091,東京都,品川区,荏原４丁目,2020-06-05,18,その他,駐車（輪）場,30歳代,その他,施錠せず
窃盗,自転車盗,荏原,平塚橋交番,131091,東京都,品川区,荏原４丁目,2020-07-10,17,４階建て以上共同住宅,駐車（輪）場,70歳以上,その他,施錠せず
窃盗,自転車盗,荏原,平塚橋交番,131091,東京都,品川区,西中延１丁目,2020-02-13,21,一戸建住宅,駐車（輪）場,50歳代,その他,施錠せず
窃盗,自転車盗,荏原,平塚橋交番,131091,東京都,品川区,平塚２丁目,2020-01-14,12,４階建て以上共同住宅,駐車（輪）場,70歳以上,その他,施錠せず
窃盗,自転車盗,荏原,平塚橋交番,131091,東京都,品川区,平塚２丁目,2020-03-17,20,道路上,その他,30歳代,その他,施錠せず
窃盗,自転車盗,荏原,平塚橋交番,131091,東京都,品川区,平塚２丁目,2020-07-04,08,一戸建住宅,駐車（輪）場,20歳代,その他,施錠せず
窃盗,自転車盗,荏原,平塚橋交番,131091,東京都,品川区,平塚３丁目,2020-04-20,06,道路上,その他,20歳代,大学生,施錠せず
窃盗,自転車盗,荏原,平塚橋交番,131091,東京都,品川区,平塚３丁目,2020-10-17,09,一戸建住宅,駐車（輪）場,50歳代,その他,施錠せず
窃盗,自転車盗,荏原,戸越交番,131091,東京都,品川区,戸越１丁目,2020-02-20,07,４階建て以上共同住宅,駐車（輪）場,20歳代,その他,施錠せず
窃盗,自転車盗,荏原,戸越交番,131091,東京都,品川区,戸越１丁目,2020-02-23,06,その他の住宅（３階建て以下共同住宅等）,駐車（輪）場,40歳代,その他,施錠せず
窃盗,自転車盗,荏原,戸越交番,131091,東京都,品川区,戸越１丁目,2020-06-16,21,４階建て以上共同住宅,駐車（輪）場,30歳代,その他,施錠せず
窃盗,自転車盗,荏原,戸越交番,131091,東京都,品川区,戸越１丁目,2020-09-12,18,道路上,その他,40歳代,その他,施錠せず
窃盗,自転車盗,荏原,戸越交番,131091,東京都,品川区,戸越１丁目,2020-12-06,09,一戸建住宅,駐車（輪）場,70歳以上,その他,施錠せず
窃盗,自転車盗,荏原,戸越交番,131091,東京都,品川区,戸越２丁目,2019-12-26,08,４階建て以上共同住宅,駐車（輪）場,30歳代,その他,施錠せず
窃盗,自転車盗,荏原,戸越交番,131091,東京都,品川区,戸越２丁目,2020-06-28,23,道路上,その他,40歳代,その他,施錠せず
窃盗,自転車盗,荏原,戸越交番,131091,東京都,品川区,戸越４丁目,2020-06-26,13,４階建て以上共同住宅,その他,30歳代,その他,施錠せず
窃盗,自転車盗,荏原,戸越交番,131091,東京都,品川区,戸越６丁目,2020-01-03,10,道路上,その他,30歳代,その他,施錠せず
窃盗,自転車盗,荏原,戸越交番,131091,東京都,品川区,中延２丁目,2020-11-26,22,道路上,その他,30歳代,その他,施錠せず
窃盗,自転車盗,荏原,戸越交番,131091,東京都,品川区,平塚１丁目,2020-10-07,14,一戸建住宅,駐車（輪）場,70歳以上,その他,施錠せず
窃盗,自転車盗,荏原,戸越交番,131091,東京都,品川区,豊町１丁目,2020-06-06,20,４階建て以上共同住宅,駐車（輪）場,30歳代,その他,施錠せず
窃盗,自転車盗,荏原,戸越交番,131091,東京都,品川区,豊町１丁目,2020-06-08,18,一戸建住宅,駐車（輪）場,70歳以上,その他,施錠せず
窃盗,自転車盗,荏原,宮前交番,131091,東京都,品川区,豊町１丁目,2020-09-02,21,一戸建住宅,駐車（輪）場,10歳代,中学生,施錠せず
窃盗,自転車盗,荏原,宮前交番,131091,東京都,品川区,豊町２丁目,2020-05-10,20,４階建て以上共同住宅,駐車（輪）場,30歳代,その他,施錠せず
窃盗,自転車盗,荏原,二葉町交番,131091,東京都,品川区,西品川１丁目,2020-03-01,18,道路上,その他,10歳代,中学生,施錠せず
窃盗,自転車盗,荏原,二葉町交番,131091,東京都,品川区,二葉１丁目,2020-11-19,19,その他の住宅（３階建て以下共同住宅等）,駐車（輪）場,20歳代,その他,施錠せず
窃盗,自転車盗,荏原,二葉町交番,131091,東京都,品川区,二葉２丁目,2019-03-01,21,４階建て以上共同住宅,駐車（輪）場,20歳代,その他,施錠せず
窃盗,自転車盗,荏原,二葉町交番,131091,東京都,品川区,二葉２丁目,2020-04-18,06,４階建て以上共同住宅,駐車（輪）場,20歳代,その他,施錠せず
窃盗,自転車盗,荏原,二葉町交番,131091,東京都,品川区,二葉２丁目,2020-09-19,14,道路上,その他,40歳代,その他,施錠せず
窃盗,自転車盗,荏原,二葉町交番,131091,東京都,品川区,二葉３丁目,2020-07-06,20,４階建て以上共同住宅,駐車（輪）場,40歳代,その他,施錠せず
窃盗,自転車盗,荏原,豊町交番,131091,東京都,品川区,戸越５丁目,2020-04-28,11,その他,駐車（輪）場,60-64歳,その他,施錠せず
窃盗,自転車盗,荏原,豊町交番,131091,東京都,品川区,戸越５丁目,2020-10-15,23,その他,その他,60-64歳,その他,施錠せず
窃盗,自転車盗,荏原,豊町交番,131091,東京都,品川区,戸越６丁目,2020-08-18,21,４階建て以上共同住宅,駐車（輪）場,30歳代,その他,施錠せず
窃盗,自転車盗,荏原,豊町交番,131091,東京都,品川区,戸越６丁目,2020-09-09,20,４階建て以上共同住宅,駐車（輪）場,20歳代,大学生,施錠せず
窃盗,自転車盗,荏原,豊町交番,131091,東京都,品川区,二葉３丁目,2020-08-13,08,一戸建住宅,駐車（輪）場,10歳代,中学生,施錠せず
窃盗,自転車盗,荏原,豊町交番,131091,東京都,品川区,豊町３丁目,2020-03-10,20,４階建て以上共同住宅,駐車（輪）場,30歳代,その他,施錠せず
窃盗,自転車盗,荏原,豊町交番,131091,東京都,品川区,豊町４丁目,2019-12-07,22,道路上,その他,50歳代,その他,施錠せず
窃盗,自転車盗,荏原,豊町交番,131091,東京都,品川区,豊町４丁目,2020-08-17,10,その他,駐車（輪）場,10歳代,中学生,施錠せず
窃盗,自転車盗,荏原,源氏前交番,131091,東京都,品川区,中延３丁目,2020-10-23,19,駐車（輪）場,駐車（輪）場,10歳未満,小学生,施錠せず
窃盗,自転車盗,荏原,源氏前交番,131091,東京都,品川区,中延４丁目,2020-02-08,21,道路上,その他,40歳代,その他,施錠せず
窃盗,自転車盗,荏原,源氏前交番,131091,東京都,品川区,中延４丁目,2020-04-16,19,その他の住宅（３階建て以下共同住宅等）,その他,70歳以上,その他,施錠せず
窃盗,自転車盗,荏原,源氏前交番,131091,東京都,品川区,中延５丁目,2019-12-06,19,道路上,その他,10歳代,中学生,施錠せず
窃盗,自転車盗,荏原,源氏前交番,131091,東京都,品川区,中延５丁目,2020-07-06,02,道路上,その他,30歳代,その他,施錠せず
窃盗,自転車盗,荏原,源氏前交番,131091,東京都,品川区,中延６丁目,2020-03-03,14,一戸建住宅,駐車（輪）場,法人・団体、被害者なし,法人・団体、被害者なし,施錠せず
窃盗,自転車盗,荏原,源氏前交番,131091,東京都,品川区,中延６丁目,2020-10-01,23,道路上,その他,20歳代,その他,施錠せず
窃盗,自転車盗,荏原,源氏前交番,131091,東京都,品川区,西中延３丁目,2020-11-07,16,一戸建住宅,駐車（輪）場,70歳以上,その他,施錠せず
窃盗,自転車盗,荏原,源氏前交番,131091,東京都,品川区,旗の台３丁目,2020-06-23,18,その他の住宅（３階建て以下共同住宅等）,駐車（輪）場,50歳代,その他,施錠せず
窃盗,自転車盗,荏原,源氏前交番,131091,東京都,品川区,東中延２丁目,2019-12-16,19,道路上,その他,20歳代,その他,施錠せず
窃盗,自転車盗,荏原,源氏前交番,131091,東京都,品川区,二葉４丁目,2020-09-20,17,一戸建住宅,駐車（輪）場,60-64歳,その他,施錠せず
窃盗,自転車盗,荏原,源氏前交番,131091,東京都,品川区,豊町６丁目,2020-06-06,19,道路上,その他,10歳代,中学生,施錠せず
窃盗,自転車盗,荏原,旗の台交番,131091,東京都,品川区,旗の台１丁目,2019-10-15,10,その他,駐車（輪）場,30歳代,その他,施錠せず
窃盗,自転車盗,荏原,旗の台交番,131091,東京都,品川区,旗の台２丁目,2020-02-25,00,４階建て以上共同住宅,駐車（輪）場,50歳代,その他,施錠せず
窃盗,自転車盗,荏原,旗の台交番,131091,東京都,品川区,旗の台２丁目,2020-02-29,17,駐車（輪）場,駐車（輪）場,30歳代,その他,施錠せず
窃盗,自転車盗,荏原,旗の台交番,131091,東京都,品川区,旗の台２丁目,2020-11-27,21,道路上,その他,20歳代,大学生,施錠せず
窃盗,自転車盗,荏原,旗の台交番,131091,東京都,品川区,旗の台３丁目,2020-03-04,17,道路上,その他,20歳代,その他,施錠せず
窃盗,自転車盗,荏原,旗の台交番,131091,東京都,品川区,旗の台３丁目,2020-03-26,23,道路上,その他,40歳代,その他,施錠せず
窃盗,自転車盗,荏原,旗の台交番,131091,東京都,品川区,旗の台４丁目,2020-02-07,22,道路上,その他,20歳代,その他,施錠せず
窃盗,自転車盗,荏原,旗の台交番,131091,東京都,品川区,旗の台４丁目,2020-12-10,17,一戸建住宅,駐車（輪）場,10歳代,中学生,施錠せず
窃盗,自転車盗,荏原,旗の台交番,131091,東京都,品川区,旗の台５丁目,2020-07-01,02,４階建て以上共同住宅,駐車（輪）場,30歳代,その他,施錠せず
窃盗,自転車盗,荏原,旗の台交番,131091,東京都,品川区,旗の台５丁目,2020-08-23,18,その他の住宅（３階建て以下共同住宅等）,駐車（輪）場,65-69歳,その他,施錠せず
窃盗,自転車盗,荏原,旗の台交番,131091,東京都,品川区,旗の台５丁目,2020-09-22,12,道路上,その他,60-64歳,その他,施錠せず
窃盗,自転車盗,荏原,旗の台交番,131091,東京都,品川区,旗の台５丁目,2020-11-08,23,一戸建住宅,その他,40歳代,その他,施錠せず
窃盗,自転車盗,荏原,旗の台交番,131091,東京都,品川区,旗の台６丁目,2020-08-19,18,一戸建住宅,その他,10歳代,小学生,施錠せず
窃盗,自転車盗,荏原,江戸見坂交番,131091,東京都,品川区,荏原４丁目,2020-09-02,17,４階建て以上共同住宅,駐車（輪）場,65-69歳,その他,施錠せず
窃盗,自転車盗,荏原,江戸見坂交番,131091,東京都,品川区,荏原６丁目,2020-05-07,20,４階建て以上共同住宅,駐車（輪）場,30歳代,その他,施錠せず
窃盗,自転車盗,荏原,江戸見坂交番,131091,東京都,品川区,荏原６丁目,2020-11-23,01,その他の住宅（３階建て以下共同住宅等）,駐車（輪）場,40歳代,その他,施錠せず
窃盗,自転車盗,荏原,江戸見坂交番,131091,東京都,品川区,荏原６丁目,2020-12-17,22,一戸建住宅,駐車（輪）場,40歳代,その他,施錠せず
窃盗,自転車盗,荏原,江戸見坂交番,131091,東京都,品川区,荏原７丁目,2020-09-05,11,一戸建住宅,駐車（輪）場,40歳代,その他,施錠せず
窃盗,自転車盗,荏原,江戸見坂交番,131091,東京都,品川区,小山５丁目,2020-03-23,13,４階建て以上共同住宅,その他,70歳以上,その他,施錠せず
窃盗,自転車盗,荏原,江戸見坂交番,131091,東京都,品川区,小山６丁目,2020-06-26,00,その他,駐車（輪）場,40歳代,その他,施錠せず
窃盗,自転車盗,荏原,江戸見坂交番,131091,東京都,品川区,小山６丁目,2020-08-07,09,道路上,その他,10歳代,高校生,施錠せず
窃盗,自転車盗,荏原,江戸見坂交番,131091,東京都,品川区,小山６丁目,2020-08-07,19,道路上,その他,70歳以上,その他,施錠せず
窃盗,自転車盗,荏原,武蔵小山交番,131091,東京都,品川区,荏原２丁目,2020-05-12,23,４階建て以上共同住宅,駐車（輪）場,20歳代,その他,施錠せず
窃盗,自転車盗,荏原,武蔵小山交番,131091,東京都,品川区,小山１丁目,2020-07-14,08,４階建て以上共同住宅,駐車（輪）場,50歳代,その他,施錠せず
窃盗,自転車盗,荏原,武蔵小山交番,131091,東京都,品川区,小山１丁目,2020-08-27,23,一戸建住宅,駐車（輪）場,10歳代,その他,施錠せず
窃盗,自転車盗,荏原,武蔵小山交番,131091,東京都,品川区,小山２丁目,2020-04-15,13,４階建て以上共同住宅,その他,40歳代,その他,施錠せず
窃盗,自転車盗,荏原,武蔵小山交番,131091,東京都,品川区,小山２丁目,2020-11-19,18,４階建て以上共同住宅,駐車（輪）場,10歳代,小学生,施錠せず
窃盗,自転車盗,荏原,武蔵小山交番,131091,東京都,品川区,小山３丁目,2019-12-03,20,道路上,その他,50歳代,その他,施錠せず
窃盗,自転車盗,荏原,武蔵小山交番,131091,東京都,品川区,小山３丁目,2019-12-04,07,道路上,その他,10歳代,高校生,施錠せず
窃盗,自転車盗,荏原,武蔵小山交番,131091,東京都,品川区,小山３丁目,2020-01-11,00,道路上,その他,20歳代,その他,施錠せず
窃盗,自転車盗,荏原,武蔵小山交番,131091,東京都,品川区,小山３丁目,2020-03-08,00,駐車（輪）場,駐車（輪）場,50歳代,その他,施錠せず
窃盗,自転車盗,荏原,武蔵小山交番,131091,東京都,品川区,小山３丁目,2020-04-20,06,４階建て以上共同住宅,駐車（輪）場,40歳代,その他,施錠せず
窃盗,自転車盗,荏原,武蔵小山交番,131091,東京都,品川区,小山３丁目,2020-05-19,12,４階建て以上共同住宅,駐車（輪）場,20歳代,その他,施錠せず
窃盗,自転車盗,荏原,武蔵小山交番,131091,東京都,品川区,小山３丁目,2020-06-05,19,道路上,その他,30歳代,その他,施錠せず
窃盗,自転車盗,荏原,武蔵小山交番,131091,東京都,品川区,小山３丁目,2020-06-29,15,その他の住宅（３階建て以下共同住宅等）,その他,65-69歳,その他,施錠せず
窃盗,自転車盗,荏原,武蔵小山交番,131091,東京都,品川区,小山３丁目,2020-07-21,22,その他の住宅（３階建て以下共同住宅等）,駐車（輪）場,10歳代,中学生,施錠せず
窃盗,自転車盗,荏原,武蔵小山交番,131091,東京都,品川区,小山３丁目,2020-08-15,17,その他,駐車（輪）場,30歳代,その他,施錠せず
窃盗,自転車盗,荏原,武蔵小山交番,131091,東京都,品川区,小山３丁目,2020-08-24,19,４階建て以上共同住宅,駐車（輪）場,20歳代,その他,施錠せず
窃盗,自転車盗,荏原,武蔵小山交番,131091,東京都,品川区,小山３丁目,2020-09-11,22,道路上,その他,20歳代,その他,施錠せず
窃盗,自転車盗,荏原,武蔵小山交番,131091,東京都,品川区,小山３丁目,2020-10-29,09,その他,駐車（輪）場,50歳代,その他,施錠せず
窃盗,自転車盗,荏原,武蔵小山交番,131091,東京都,品川区,小山４丁目,2020-01-03,18,４階建て以上共同住宅,駐車（輪）場,20歳代,大学生,施錠せず
窃盗,自転車盗,荏原,武蔵小山交番,131091,東京都,品川区,小山４丁目,2020-02-27,20,道路上,その他,50歳代,その他,施錠せず
窃盗,自転車盗,荏原,武蔵小山交番,131091,東京都,品川区,小山４丁目,2020-03-10,05,道路上,その他,30歳代,その他,施錠せず
窃盗,自転車盗,荏原,武蔵小山交番,131091,東京都,品川区,小山４丁目,2020-04-04,14,道路上,その他,10歳代,中学生,施錠せず
窃盗,自転車盗,荏原,武蔵小山交番,131091,東京都,品川区,小山５丁目,2020-05-29,19,その他の住宅（３階建て以下共同住宅等）,その他,40歳代,その他,施錠せず
窃盗,自転車盗,荏原,武蔵小山交番,131091,東京都,品川区,小山台１丁目,2020-03-15,18,一戸建住宅,駐車（輪）場,10歳代,小学生,施錠せず
窃盗,自転車盗,荏原,武蔵小山交番,131091,東京都,品川区,小山台１丁目,2020-07-26,06,４階建て以上共同住宅,駐車（輪）場,40歳代,その他,施錠せず
窃盗,自転車盗,荏原,武蔵小山交番,131091,東京都,品川区,小山台１丁目,2020-09-08,16,４階建て以上共同住宅,駐車（輪）場,20歳代,その他,施錠せず
窃盗,自転車盗,荏原,武蔵小山交番,131091,東京都,品川区,小山台１丁目,2020-10-26,10,一戸建住宅,駐車（輪）場,70歳以上,その他,施錠せず
窃盗,自転車盗,荏原,武蔵小山交番,131091,東京都,品川区,小山台２丁目,2020-03-26,18,一戸建住宅,駐車（輪）場,40歳代,その他,施錠せず
窃盗,自転車盗,大森,森ケ崎交番,131113,東京都,大田区,大森東２丁目,2020-01-17,18,その他の住宅（３階建て以下共同住宅等）,駐車（輪）場,40歳代,その他,施錠せず
窃盗,自転車盗,大森,森ケ崎交番,131113,東京都,大田区,大森東２丁目,2020-07-19,20,一戸建住宅,駐車（輪）場,20歳代,その他,施錠せず
窃盗,自転車盗,大森,森ケ崎交番,131113,東京都,大田区,大森東２丁目,2020-08-14,18,４階建て以上共同住宅,駐車（輪）場,20歳代,その他,施錠せず
窃盗,自転車盗,大森,森ケ崎交番,131113,東京都,大田区,大森東２丁目,2020-10-30,14,４階建て以上共同住宅,その他,10歳代,大学生,施錠せず
窃盗,自転車盗,大森,森ケ崎交番,131113,東京都,大田区,大森東４丁目,2020-07-18,20,その他の住宅（３階建て以下共同住宅等）,駐車（輪）場,50歳代,その他,施錠せず
窃盗,自転車盗,大森,森ケ崎交番,131113,東京都,大田区,大森東４丁目,2020-08-28,20,４階建て以上共同住宅,駐車（輪）場,20歳代,その他,施錠せず
窃盗,自転車盗,大森,森ケ崎交番,131113,東京都,大田区,大森東４丁目,2020-09-09,14,道路上,その他,70歳以上,その他,施錠せず
窃盗,自転車盗,大森,森ケ崎交番,131113,東京都,大田区,大森東４丁目,2020-10-20,22,一戸建住宅,駐車（輪）場,20歳代,その他,施錠せず
窃盗,自転車盗,大森,森ケ崎交番,131113,東京都,大田区,大森東５丁目,2020-02-03,17,その他,その他,20歳代,その他,施錠せず
窃盗,自転車盗,大森,森ケ崎交番,131113,東京都,大田区,大森東５丁目,2020-02-21,10,その他,駐車（輪）場,20歳代,その他,施錠せず
窃盗,自転車盗,大森,森ケ崎交番,131113,東京都,大田区,大森東５丁目,2020-07-16,20,その他,駐車（輪）場,40歳代,その他,施錠せず
窃盗,自転車盗,大森,森ケ崎交番,131113,東京都,大田区,大森東５丁目,2020-09-18,19,道路上,その他,40歳代,その他,施錠せず
窃盗,自転車盗,大森,森ケ崎交番,131113,東京都,大田区,大森南２丁目,2020-01-17,18,その他の住宅（３階建て以下共同住宅等）,駐車（輪）場,70歳以上,その他,施錠せず
窃盗,自転車盗,大森,森ケ崎交番,131113,東京都,大田区,大森南２丁目,2020-03-08,12,道路上,その他,10歳代,その他,施錠せず
窃盗,自転車盗,大森,森ケ崎交番,131113,東京都,大田区,大森南２丁目,2020-06-22,00,４階建て以上共同住宅,駐車（輪）場,20歳代,その他,施錠せず
窃盗,自転車盗,大森,森ケ崎交番,131113,東京都,大田区,大森南２丁目,2020-08-05,12,その他の住宅（３階建て以下共同住宅等）,駐車（輪）場,10歳代,高校生,施錠せず
窃盗,自転車盗,大森,森ケ崎交番,131113,東京都,大田区,大森南２丁目,2020-08-25,17,その他の住宅（３階建て以下共同住宅等）,駐車（輪）場,20歳代,その他,施錠せず
窃盗,自転車盗,大森,森ケ崎交番,131113,東京都,大田区,大森南２丁目,2020-08-28,07,その他の住宅（３階建て以下共同住宅等）,駐車（輪）場,40歳代,その他,施錠せず
窃盗,自転車盗,大森,森ケ崎交番,131113,東京都,大田区,大森南２丁目,2020-11-20,11,４階建て以上共同住宅,駐車（輪）場,70歳以上,その他,施錠せず
窃盗,自転車盗,大森,森ケ崎交番,131113,東京都,大田区,大森南３丁目,2020-04-04,17,一戸建住宅,駐車（輪）場,10歳代,高校生,施錠せず
窃盗,自転車盗,大森,森ケ崎交番,131113,東京都,大田区,大森南３丁目,2020-06-28,18,その他の住宅（３階建て以下共同住宅等）,駐車（輪）場,10歳未満,小学生,施錠せず
窃盗,自転車盗,大森,森ケ崎交番,131113,東京都,大田区,大森南３丁目,2020-07-31,11,その他,駐車（輪）場,70歳以上,その他,施錠せず
窃盗,自転車盗,大森,森ケ崎交番,131113,東京都,大田区,大森南３丁目,2020-08-11,17,道路上,その他,10歳代,その他,施錠せず
窃盗,自転車盗,大森,森ケ崎交番,131113,東京都,大田区,大森南３丁目,2020-10-02,20,４階建て以上共同住宅,駐車（輪）場,10歳代,高校生,施錠せず
窃盗,自転車盗,大森,森ケ崎交番,131113,東京都,大田区,大森南３丁目,2020-10-10,16,その他の住宅（３階建て以下共同住宅等）,その他,20歳代,その他,施錠せず
窃盗,自転車盗,大森,森ケ崎交番,131113,東京都,大田区,大森南３丁目,2020-11-04,21,その他の住宅（３階建て以下共同住宅等）,駐車（輪）場,10歳代,その他,施錠せず
窃盗,自転車盗,大森,森ケ崎交番,131113,東京都,大田区,大森南５丁目,2019-12-23,07,一戸建住宅,駐車（輪）場,40歳代,その他,施錠せず
窃盗,自転車盗,大森,森ケ崎交番,131113,東京都,大田区,大森南５丁目,2020-02-13,16,４階建て以上共同住宅,駐車（輪）場,10歳代,中学生,施錠せず
窃盗,自転車盗,大森,森ケ崎交番,131113,東京都,大田区,大森南５丁目,2020-02-18,18,一戸建住宅,駐車（輪）場,70歳以上,その他,施錠せず
窃盗,自転車盗,大森,谷戸交番,131113,東京都,大田区,大森北６丁目,2020-06-11,21,道路上,その他,30歳代,その他,施錠せず
窃盗,自転車盗,大森,谷戸交番,131113,東京都,大田区,大森中１丁目,2020-04-30,18,４階建て以上共同住宅,駐車（輪）場,30歳代,その他,施錠せず
窃盗,自転車盗,大森,谷戸交番,131113,東京都,大田区,大森中１丁目,2020-09-07,21,４階建て以上共同住宅,駐車（輪）場,40歳代,その他,施錠せず
窃盗,自転車盗,大森,谷戸交番,131113,東京都,大田区,大森中２丁目,2020-02-07,19,その他の住宅（３階建て以下共同住宅等）,駐車（輪）場,30歳代,その他,施錠せず
窃盗,自転車盗,大森,谷戸交番,131113,東京都,大田区,大森中２丁目,2020-06-03,19,その他,駐車（輪）場,40歳代,その他,施錠せず
窃盗,自転車盗,大森,谷戸交番,131113,東京都,大田区,大森中２丁目,2020-11-18,07,道路上,その他,20歳代,その他,施錠せず
窃盗,自転車盗,大森,谷戸交番,131113,東京都,大田区,大森中２丁目,2020-11-26,00,道路上,その他,40歳代,その他,施錠せず
窃盗,自転車盗,大森,谷戸交番,131113,東京都,大田区,大森中２丁目,2020-12-02,07,一戸建住宅,その他,20歳代,大学生,施錠せず
窃盗,自転車盗,大森,谷戸交番,131113,東京都,大田区,大森中３丁目,2019-12-16,16,一戸建住宅,その他,70歳以上,その他,施錠せず
窃盗,自転車盗,大森,谷戸交番,131113,東京都,大田区,大森中３丁目,2019-12-29,00,４階建て以上共同住宅,駐車（輪）場,50歳代,その他,施錠せず
窃盗,自転車盗,大森,谷戸交番,131113,東京都,大田区,大森中３丁目,2020-01-05,12,４階建て以上共同住宅,駐車（輪）場,40歳代,その他,施錠せず
窃盗,自転車盗,大森,谷戸交番,131113,東京都,大田区,大森中３丁目,2020-02-14,08,その他の住宅（３階建て以下共同住宅等）,駐車（輪）場,20歳代,大学生,施錠せず
窃盗,自転車盗,大森,谷戸交番,131113,東京都,大田区,大森中３丁目,2020-02-21,01,道路上,その他,30歳代,その他,施錠せず
窃盗,自転車盗,大森,谷戸交番,131113,東京都,大田区,大森西２丁目,2020-09-12,02,道路上,その他,40歳代,その他,施錠せず
窃盗,自転車盗,大森,谷戸交番,131113,東京都,大田区,大森西３丁目,2019-09-25,10,道路上,その他,20歳代,その他,施錠せず
窃盗,自転車盗,大森,谷戸交番,131113,東京都,大田区,大森西３丁目,2020-03-04,12,道路上,その他,50歳代,その他,施錠せず
窃盗,自転車盗,大森,谷戸交番,131113,東京都,大田区,大森西３丁目,2020-04-22,10,駐車（輪）場,駐車（輪）場,30歳代,その他,施錠せず
窃盗,自転車盗,大森,谷戸交番,131113,東京都,大田区,大森西３丁目,2020-05-21,07,駐車（輪）場,駐車（輪）場,30歳代,その他,施錠せず
窃盗,自転車盗,大森,谷戸交番,131113,東京都,大田区,大森西３丁目,2020-05-22,18,道路上,その他,70歳以上,その他,施錠せず
窃盗,自転車盗,大森,谷戸交番,131113,東京都,大田区,大森西３丁目,2020-05-29,19,４階建て以上共同住宅,駐車（輪）場,30歳代,その他,施錠せず
窃盗,自転車盗,大森,谷戸交番,131113,東京都,大田区,大森西３丁目,2020-06-09,06,一戸建住宅,駐車（輪）場,40歳代,その他,施錠せず
窃盗,自転車盗,大森,谷戸交番,131113,東京都,大田区,大森西３丁目,2020-06-19,17,一戸建住宅,駐車（輪）場,50歳代,その他,施錠せず
窃盗,自転車盗,大森,谷戸交番,131113,東京都,大田区,大森西３丁目,2020-06-19,18,駐車（輪）場,駐車（輪）場,10歳代,高校生,施錠せず
窃盗,自転車盗,大森,谷戸交番,131113,東京都,大田区,大森西３丁目,2020-07-19,22,道路上,その他,10歳代,高校生,施錠せず
窃盗,自転車盗,大森,谷戸交番,131113,東京都,大田区,大森西３丁目,2020-08-07,18,道路上,その他,10歳代,高校生,施錠せず
窃盗,自転車盗,大森,谷戸交番,131113,東京都,大田区,大森西３丁目,2020-08-11,12,道路上,その他,40歳代,その他,施錠せず
窃盗,自転車盗,大森,谷戸交番,131113,東京都,大田区,大森西３丁目,2020-08-24,19,その他の住宅（３階建て以下共同住宅等）,駐車（輪）場,20歳代,その他,施錠せず
窃盗,自転車盗,大森,谷戸交番,131113,東京都,大田区,大森西３丁目,2020-09-28,10,その他,駐車（輪）場,30歳代,その他,施錠せず
窃盗,自転車盗,大森,谷戸交番,131113,東京都,大田区,大森西３丁目,2020-10-30,11,道路上,その他,50歳代,その他,施錠せず
窃盗,自転車盗,大森,谷戸交番,131113,東京都,大田区,大森西５丁目,2019-12-16,18,道路上,その他,10歳代,中学生,施錠せず
窃盗,自転車盗,大森,谷戸交番,131113,東京都,大田区,大森西５丁目,2020-02-17,23,その他の住宅（３階建て以下共同住宅等）,駐車（輪）場,30歳代,その他,施錠せず
窃盗,自転車盗,大森,谷戸交番,131113,東京都,大田区,大森西５丁目,2020-03-15,09,その他の住宅（３階建て以下共同住宅等）,駐車（輪）場,60-64歳,その他,施錠せず
窃盗,自転車盗,大森,谷戸交番,131113,東京都,大田区,大森西５丁目,2020-03-20,21,一戸建住宅,駐車（輪）場,20歳代,その他,施錠せず
窃盗,自転車盗,大森,谷戸交番,131113,東京都,大田区,大森西５丁目,2020-04-12,18,その他,駐車（輪）場,70歳以上,その他,施錠せず
窃盗,自転車盗,大森,谷戸交番,131113,東京都,大田区,大森西５丁目,2020-06-30,23,一戸建住宅,駐車（輪）場,70歳以上,その他,施錠せず
窃盗,自転車盗,大森,谷戸交番,131113,東京都,大田区,大森西５丁目,2020-08-30,12,道路上,その他,40歳代,その他,施錠せず
窃盗,自転車盗,大森,谷戸交番,131113,東京都,大田区,大森西５丁目,2020-08-31,17,その他,駐車（輪）場,40歳代,その他,施錠せず
窃盗,自転車盗,大森,谷戸交番,131113,東京都,大田区,大森西５丁目,2020-09-11,19,その他の住宅（３階建て以下共同住宅等）,駐車（輪）場,20歳代,その他,施錠せず
窃盗,自転車盗,大森,谷戸交番,131113,東京都,大田区,大森西５丁目,2020-09-18,11,道路上,その他,65-69歳,その他,施錠せず
窃盗,自転車盗,大森,谷戸交番,131113,東京都,大田区,大森西５丁目,2020-11-08,05,その他の住宅（３階建て以下共同住宅等）,駐車（輪）場,50歳代,その他,施錠せず
窃盗,自転車盗,大森,谷戸交番,131113,東京都,大田区,大森西５丁目,2020-11-13,11,道路上,その他,70歳以上,その他,施錠せず
窃盗,自転車盗,大森,谷戸交番,131113,東京都,大田区,大森西６丁目,2019-12-28,19,４階建て以上共同住宅,駐車（輪）場,20歳代,その他,施錠せず
窃盗,自転車盗,大森,谷戸交番,131113,東京都,大田区,大森西６丁目,2020-02-21,22,その他,駐車（輪）場,40歳代,その他,施錠せず
窃盗,自転車盗,大森,谷戸交番,131113,東京都,大田区,大森西６丁目,2020-04-15,17,一戸建住宅,駐車（輪）場,50歳代,その他,施錠せず
窃盗,自転車盗,大森,谷戸交番,131113,東京都,大田区,大森西６丁目,2020-04-29,15,一戸建住宅,駐車（輪）場,70歳以上,その他,施錠せず
窃盗,自転車盗,大森,谷戸交番,131113,東京都,大田区,大森西６丁目,2020-05-21,12,駐車（輪）場,駐車（輪）場,30歳代,その他,施錠せず
窃盗,自転車盗,大森,谷戸交番,131113,東京都,大田区,大森西６丁目,2020-09-01,09,道路上,その他,70歳以上,その他,施錠せず
窃盗,自転車盗,大森,谷戸交番,131113,東京都,大田区,大森西６丁目,2020-09-06,12,その他,駐車（輪）場,50歳代,その他,施錠せず
窃盗,自転車盗,大森,谷戸交番,131113,東京都,大田区,大森西６丁目,2020-09-09,18,道路上,その他,50歳代,その他,施錠せず
窃盗,自転車盗,大森,谷戸交番,131113,東京都,大田区,大森西６丁目,2020-09-15,07,その他,その他,70歳以上,その他,施錠せず
窃盗,自転車盗,大森,谷戸交番,131113,東京都,大田区,大森西６丁目,2020-09-15,23,その他の住宅（３階建て以下共同住宅等）,駐車（輪）場,40歳代,その他,施錠せず
窃盗,自転車盗,大森,谷戸交番,131113,東京都,大田区,大森西６丁目,2020-09-25,11,一戸建住宅,その他,65-69歳,その他,施錠せず
窃盗,自転車盗,大森,谷戸交番,131113,東京都,大田区,大森西６丁目,2020-10-17,10,道路上,その他,40歳代,その他,施錠せず
窃盗,自転車盗,大森,谷戸交番,131113,東京都,大田区,大森東３丁目,2020-10-20,08,その他の住宅（３階建て以下共同住宅等）,駐車（輪）場,10歳代,その他,施錠せず
窃盗,自転車盗,大森,谷戸交番,131113,東京都,大田区,平和島１丁目,2020-10-30,19,その他,その他,20歳代,その他,施錠せず
窃盗,自転車盗,大森,谷戸交番,131113,東京都,大田区,平和島１丁目,2020-11-11,12,その他,駐車（輪）場,70歳以上,その他,施錠せず
窃盗,自転車盗,大森,大森西交番,131113,東京都,大田区,大森北４丁目,2020-03-13,06,道路上,その他,20歳代,その他,施錠せず
窃盗,自転車盗,大森,大森西交番,131113,東京都,大田区,大森中２丁目,2020-11-20,21,その他,その他,70歳以上,その他,施錠せず
窃盗,自転車盗,大森,大森西交番,131113,東京都,大田区,大森西１丁目,2020-01-10,23,道路上,その他,40歳代,その他,施錠せず
窃盗,自転車盗,大森,大森西交番,131113,東京都,大田区,大森西１丁目,2020-01-23,22,４階建て以上共同住宅,駐車（輪）場,10歳代,高校生,施錠せず
窃盗,自転車盗,大森,大森西交番,131113,東京都,大田区,大森西１丁目,2020-02-15,18,道路上,その他,50歳代,その他,施錠せず
窃盗,自転車盗,大森,大森西交番,131113,東京都,大田区,大森西１丁目,2020-03-09,13,４階建て以上共同住宅,駐車（輪）場,10歳代,その他,施錠せず
窃盗,自転車盗,大森,大森西交番,131113,東京都,大田区,大森西１丁目,2020-06-20,22,一戸建住宅,駐車（輪）場,20歳代,その他,施錠せず
窃盗,自転車盗,大森,大森西交番,131113,東京都,大田区,大森西１丁目,2020-10-22,14,４階建て以上共同住宅,その他,10歳代,高校生,施錠せず
窃盗,自転車盗,大森,大森西交番,131113,東京都,大田区,大森西２丁目,2020-02-03,16,４階建て以上共同住宅,駐車（輪）場,10歳代,小学生,施錠せず
窃盗,自転車盗,大森,大森西交番,131113,東京都,大田区,大森西２丁目,2020-02-07,20,一戸建住宅,駐車（輪）場,40歳代,その他,施錠せず
窃盗,自転車盗,大森,大森西交番,131113,東京都,大田区,大森西２丁目,2020-05-30,17,４階建て以上共同住宅,駐車（輪）場,10歳代,高校生,施錠せず
窃盗,自転車盗,大森,大森西交番,131113,東京都,大田区,大森西２丁目,2020-07-15,18,一戸建住宅,駐車（輪）場,10歳代,大学生,施錠せず
窃盗,自転車盗,大森,大森西交番,131113,東京都,大田区,大森西２丁目,2020-07-17,08,道路上,その他,30歳代,その他,施錠せず
窃盗,自転車盗,大森,大森西交番,131113,東京都,大田区,大森西２丁目,2020-09-15,07,一戸建住宅,その他,20歳代,その他,施錠せず
窃盗,自転車盗,大森,大森西交番,131113,東京都,大田区,大森西２丁目,2020-10-02,21,一戸建住宅,その他,10歳代,高校生,施錠せず
窃盗,自転車盗,大森,大森西交番,131113,東京都,大田区,大森西２丁目,2020-11-16,17,４階建て以上共同住宅,駐車（輪）場,40歳代,その他,施錠せず
窃盗,自転車盗,大森,大森西交番,131113,東京都,大田区,大森西３丁目,2020-03-25,19,その他の住宅（３階建て以下共同住宅等）,駐車（輪）場,50歳代,その他,施錠せず
窃盗,自転車盗,大森,大森西交番,131113,東京都,大田区,大森西３丁目,2020-04-10,17,４階建て以上共同住宅,駐車（輪）場,20歳代,その他,施錠せず
窃盗,自転車盗,大森,大森西交番,131113,東京都,大田区,大森西３丁目,2020-06-05,18,道路上,その他,40歳代,その他,施錠せず
窃盗,自転車盗,大森,大森西交番,131113,東京都,大田区,大森西４丁目,2020-02-15,21,その他の住宅（３階建て以下共同住宅等）,駐車（輪）場,30歳代,その他,施錠せず
窃盗,自転車盗,大森,大森西交番,131113,東京都,大田区,大森西４丁目,2020-03-04,03,一戸建住宅,駐車（輪）場,40歳代,その他,施錠せず
窃盗,自転車盗,大森,大森西交番,131113,東京都,大田区,大森西４丁目,2020-04-05,17,その他の住宅（３階建て以下共同住宅等）,駐車（輪）場,20歳代,その他,施錠せず
窃盗,自転車盗,大森,大森西交番,131113,東京都,大田区,大森西４丁目,2020-06-15,16,一戸建住宅,駐車（輪）場,10歳代,高校生,施錠せず
窃盗,自転車盗,大森,大森西交番,131113,東京都,大田区,大森西４丁目,2020-07-06,17,その他の住宅（３階建て以下共同住宅等）,駐車（輪）場,50歳代,その他,施錠せず
窃盗,自転車盗,大森,大森西交番,131113,東京都,大田区,大森西４丁目,2020-07-17,22,４階建て以上共同住宅,駐車（輪）場,10歳代,その他,施錠せず
窃盗,自転車盗,大森,大森西交番,131113,東京都,大田区,大森西４丁目,2020-07-21,15,４階建て以上共同住宅,駐車（輪）場,60-64歳,その他,施錠せず
窃盗,自転車盗,大森,大森西交番,131113,東京都,大田区,大森西４丁目,2020-08-19,00,一戸建住宅,駐車（輪）場,20歳代,大学生,施錠せず
窃盗,自転車盗,大森,大森西交番,131113,東京都,大田区,大森西４丁目,2020-08-27,08,４階建て以上共同住宅,駐車（輪）場,10歳代,中学生,施錠せず
窃盗,自転車盗,大森,大森西交番,131113,東京都,大田区,大森西４丁目,2020-09-26,19,その他の住宅（３階建て以下共同住宅等）,その他,50歳代,その他,施錠せず
窃盗,自転車盗,大森,大森西交番,131113,東京都,大田区,大森西４丁目,2020-11-08,01,道路上,その他,10歳代,大学生,施錠せず
窃盗,自転車盗,大森,大森西交番,131113,東京都,大田区,大森西４丁目,2020-11-19,20,その他,駐車（輪）場,40歳代,その他,施錠せず
窃盗,自転車盗,大森,大森西交番,131113,東京都,大田区,大森西４丁目,2020-11-26,12,一戸建住宅,その他,40歳代,その他,施錠せず
窃盗,自転車盗,大森,大森西交番,131113,東京都,大田区,大森西５丁目,2020-02-18,17,一戸建住宅,駐車（輪）場,40歳代,その他,施錠せず
窃盗,自転車盗,大森,大森西交番,131113,東京都,大田区,大森西５丁目,2020-03-25,01,一戸建住宅,駐車（輪）場,20歳代,その他,施錠せず
窃盗,自転車盗,大森,大森西交番,131113,東京都,大田区,大森西５丁目,2020-05-30,11,４階建て以上共同住宅,駐車（輪）場,50歳代,その他,施錠せず
窃盗,自転車盗,大森,大森西交番,131113,東京都,大田区,大森西５丁目,2020-08-01,10,一戸建住宅,駐車（輪）場,40歳代,その他,施錠せず
窃盗,自転車盗,大森,大森西交番,131113,東京都,大田区,大森西５丁目,2020-08-06,13,その他の住宅（３階建て以下共同住宅等）,駐車（輪）場,50歳代,その他,施錠せず
窃盗,自転車盗,大森,大森西交番,131113,東京都,大田区,大森西５丁目,2020-08-12,07,その他,駐車（輪）場,50歳代,その他,施錠せず
窃盗,自転車盗,大森,大森西交番,131113,東京都,大田区,大森西５丁目,2020-08-13,11,その他の住宅（３階建て以下共同住宅等）,駐車（輪）場,40歳代,その他,施錠せず
窃盗,自転車盗,大森,大森西交番,131113,東京都,大田区,大森西５丁目,2020-08-16,11,その他の住宅（３階建て以下共同住宅等）,駐車（輪）場,50歳代,その他,施錠せず
窃盗,自転車盗,大森,大森西交番,131113,東京都,大田区,大森西５丁目,2020-09-23,23,道路上,その他,70歳以上,その他,施錠せず
窃盗,自転車盗,大森,大森西交番,131113,東京都,大田区,大森西５丁目,2020-10-24,09,その他,駐車（輪）場,10歳代,中学生,施錠せず
窃盗,自転車盗,大森,大森西交番,131113,東京都,大田区,大森西６丁目,2020-04-24,11,その他,駐車（輪）場,40歳代,その他,施錠せず
窃盗,自転車盗,大森,大森西交番,131113,東京都,大田区,大森西６丁目,2020-09-25,12,４階建て以上共同住宅,駐車（輪）場,60-64歳,その他,施錠せず
窃盗,自転車盗,大森,大森西交番,131113,東京都,大田区,大森西６丁目,2020-10-12,07,その他,その他,70歳以上,その他,施錠せず
窃盗,自転車盗,大森,大森西交番,131113,東京都,大田区,大森西６丁目,2020-10-15,09,その他,その他,65-69歳,その他,施錠せず
窃盗,自転車盗,大森,大森西交番,131113,東京都,大田区,大森西７丁目,2020-02-23,15,４階建て以上共同住宅,駐車（輪）場,30歳代,その他,施錠せず
窃盗,自転車盗,大森,大森西交番,131113,東京都,大田区,大森西７丁目,2020-03-30,18,一戸建住宅,駐車（輪）場,50歳代,その他,施錠せず
窃盗,自転車盗,大森,大森西交番,131113,東京都,大田区,大森西７丁目,2020-04-06,05,道路上,その他,70歳以上,その他,施錠せず
窃盗,自転車盗,大森,大森西交番,131113,東京都,大田区,大森西７丁目,2020-04-06,17,その他の住宅（３階建て以下共同住宅等）,駐車（輪）場,50歳代,その他,施錠せず
窃盗,自転車盗,大森,大森西交番,131113,東京都,大田区,大森西７丁目,2020-05-17,20,一戸建住宅,駐車（輪）場,65-69歳,その他,施錠せず
窃盗,自転車盗,大森,大森海岸交番,131113,東京都,大田区,大森北３丁目,2020-03-05,17,その他の住宅（３階建て以下共同住宅等）,駐車（輪）場,10歳代,小学生,施錠せず
窃盗,自転車盗,大森,大森海岸交番,131113,東京都,大田区,大森北３丁目,2020-05-03,08,一戸建住宅,駐車（輪）場,40歳代,その他,施錠せず
窃盗,自転車盗,大森,大森海岸交番,131113,東京都,大田区,大森北３丁目,2020-06-14,14,４階建て以上共同住宅,駐車（輪）場,40歳代,その他,施錠せず
窃盗,自転車盗,大森,大森海岸交番,131113,東京都,大田区,大森北３丁目,2020-07-27,20,一戸建住宅,駐車（輪）場,40歳代,その他,施錠せず
窃盗,自転車盗,大森,大森海岸交番,131113,東京都,大田区,大森北３丁目,2020-08-18,15,道路上,その他,50歳代,その他,施錠せず
窃盗,自転車盗,大森,大森海岸交番,131113,東京都,大田区,大森北６丁目,2019-11-29,15,４階建て以上共同住宅,駐車（輪）場,20歳代,その他,施錠せず
窃盗,自転車盗,大森,大森海岸交番,131113,東京都,大田区,大森北６丁目,2019-12-27,19,その他,駐車（輪）場,20歳代,その他,施錠せず
窃盗,自転車盗,大森,大森海岸交番,131113,東京都,大田区,大森北６丁目,2020-01-29,09,その他の住宅（３階建て以下共同住宅等）,駐車（輪）場,法人・団体、被害者なし,法人・団体、被害者なし,施錠せず
窃盗,自転車盗,大森,大森海岸交番,131113,東京都,大田区,大森北６丁目,2020-05-05,18,その他,駐車（輪）場,65-69歳,その他,施錠せず
窃盗,自転車盗,大森,大森海岸交番,131113,東京都,大田区,大森北６丁目,2020-07-16,22,道路上,その他,50歳代,その他,施錠せず
窃盗,自転車盗,大森,大森海岸交番,131113,東京都,大田区,大森北６丁目,2020-08-01,16,道路上,その他,50歳代,その他,施錠せず
窃盗,自転車盗,大森,大森海岸交番,131113,東京都,大田区,大森北６丁目,2020-09-10,11,道路上,その他,50歳代,その他,施錠せず
窃盗,自転車盗,大森,大森海岸交番,131113,東京都,大田区,大森北６丁目,2020-10-17,21,道路上,その他,70歳以上,その他,施錠せず
窃盗,自転車盗,大森,大森海岸交番,131113,東京都,大田区,大森北６丁目,2020-11-12,08,駐車（輪）場,駐車（輪）場,70歳以上,その他,施錠せず
窃盗,自転車盗,大森,大森海岸交番,131113,東京都,大田区,大森北６丁目,2020-11-24,19,その他の住宅（３階建て以下共同住宅等）,駐車（輪）場,20歳代,その他,施錠せず
窃盗,自転車盗,大森,大森海岸交番,131113,東京都,大田区,大森北６丁目,2020-11-26,19,一戸建住宅,その他,70歳以上,その他,施錠せず
窃盗,自転車盗,大森,大森海岸交番,131113,東京都,大田区,大森西２丁目,2020-07-12,13,４階建て以上共同住宅,駐車（輪）場,30歳代,その他,施錠せず
窃盗,自転車盗,大森,大森海岸交番,131113,東京都,大田区,大森東１丁目,2019-12-13,18,４階建て以上共同住宅,駐車（輪）場,50歳代,その他,施錠せず
窃盗,自転車盗,大森,大森海岸交番,131113,東京都,大田区,大森東１丁目,2020-06-04,06,４階建て以上共同住宅,駐車（輪）場,50歳代,その他,施錠せず
窃盗,自転車盗,大森,大森海岸交番,131113,東京都,大田区,大森東１丁目,2020-06-10,21,４階建て以上共同住宅,駐車（輪）場,40歳代,その他,施錠せず
窃盗,自転車盗,大森,大森海岸交番,131113,東京都,大田区,大森東１丁目,2020-06-28,22,４階建て以上共同住宅,駐車（輪）場,10歳代,高校生,施錠せず
窃盗,自転車盗,大森,大森海岸交番,131113,東京都,大田区,大森東１丁目,2020-08-23,00,道路上,その他,50歳代,その他,施錠せず
窃盗,自転車盗,大森,大森海岸交番,131113,東京都,大田区,大森東１丁目,2020-09-20,22,４階建て以上共同住宅,駐車（輪）場,50歳代,その他,施錠せず
窃盗,自転車盗,大森,大森海岸交番,131113,東京都,大田区,大森本町１丁目,2019-12-20,18,４階建て以上共同住宅,駐車（輪）場,10歳代,中学生,施錠せず
窃盗,自転車盗,大森,大森海岸交番,131113,東京都,大田区,大森本町１丁目,2020-02-17,17,道路上,その他,50歳代,その他,施錠せず
窃盗,自転車盗,大森,大森海岸交番,131113,東京都,大田区,大森本町２丁目,2020-01-15,14,４階建て以上共同住宅,駐車（輪）場,60-64歳,その他,施錠せず
窃盗,自転車盗,大森,大森海岸交番,131113,東京都,大田区,大森本町２丁目,2020-04-20,22,４階建て以上共同住宅,駐車（輪）場,20歳代,その他,施錠せず
窃盗,自転車盗,大森,大森海岸交番,131113,東京都,大田区,大森本町２丁目,2020-08-12,02,４階建て以上共同住宅,駐車（輪）場,20歳代,その他,施錠せず
窃盗,自転車盗,大森,大森海岸交番,131113,東京都,大田区,昭和島２丁目,2020-03-27,17,道路上,その他,10歳代,中学生,施錠せず
窃盗,自転車盗,大森,大森海岸交番,131113,東京都,大田区,昭和島２丁目,2020-03-27,17,その他,駐車（輪）場,10歳代,中学生,施錠せず
窃盗,自転車盗,大森,大森海岸交番,131113,東京都,大田区,平和島１丁目,2020-02-08,12,その他,駐車（輪）場,70歳以上,その他,施錠せず
窃盗,自転車盗,大森,大森海岸交番,131113,東京都,大田区,平和島１丁目,2020-03-01,18,その他,駐車（輪）場,40歳代,その他,施錠せず
窃盗,自転車盗,大森,大森海岸交番,131113,東京都,大田区,平和島１丁目,2020-03-19,09,その他,駐車（輪）場,60-64歳,その他,施錠せず
窃盗,自転車盗,大森,大森海岸交番,131113,東京都,大田区,平和島１丁目,2020-09-30,12,その他,駐車（輪）場,65-69歳,その他,施錠せず
窃盗,自転車盗,大森,大森海岸交番,131113,東京都,大田区,平和島２丁目,2020-06-20,17,その他,駐車（輪）場,50歳代,その他,施錠せず
窃盗,自転車盗,大森,大森海岸交番,131113,東京都,大田区,平和島３丁目,2020-07-26,23,その他,その他,10歳代,その他,施錠せず
窃盗,自転車盗,大森,大森海岸交番,131113,東京都,大田区,平和島４丁目,2020-08-14,08,駐車（輪）場,駐車（輪）場,50歳代,その他,施錠せず
窃盗,自転車盗,大森,大森海岸交番,131113,東京都,大田区,ふるさとの浜辺公園,2020-10-03,11,その他,その他,30歳代,その他,施錠せず
窃盗,自転車盗,大森,大森駅前交番,131113,東京都,大田区,大森北１丁目,2019-12-20,09,その他,その他,20歳代,その他,施錠せず
窃盗,自転車盗,大森,大森駅前交番,131113,東京都,大田区,大森北１丁目,2019-12-29,00,道路上,その他,40歳代,その他,施錠せず
窃盗,自転車盗,大森,大森駅前交番,131113,東京都,大田区,大森北１丁目,2020-01-25,19,道路上,その他,50歳代,その他,施錠せず
窃盗,自転車盗,大森,大森駅前交番,131113,東京都,大田区,大森北１丁目,2020-01-26,17,４階建て以上共同住宅,駐車（輪）場,10歳代,小学生,施錠せず
窃盗,自転車盗,大森,大森駅前交番,131113,東京都,大田区,大森北１丁目,2020-02-01,10,４階建て以上共同住宅,駐車（輪）場,20歳代,その他,施錠せず
窃盗,自転車盗,大森,大森駅前交番,131113,東京都,大田区,大森北１丁目,2020-02-09,02,道路上,その他,20歳代,大学生,施錠せず
窃盗,自転車盗,大森,大森駅前交番,131113,東京都,大田区,大森北１丁目,2020-02-23,12,道路上,その他,30歳代,その他,施錠せず
窃盗,自転車盗,大森,大森駅前交番,131113,東京都,大田区,大森北１丁目,2020-03-06,22,道路上,その他,10歳代,高校生,施錠せず
窃盗,自転車盗,大森,大森駅前交番,131113,東京都,大田区,大森北１丁目,2020-04-22,00,道路上,その他,10歳代,大学生,施錠せず
窃盗,自転車盗,大森,大森駅前交番,131113,東京都,大田区,大森北１丁目,2020-05-08,20,道路上,その他,70歳以上,その他,施錠せず
窃盗,自転車盗,大森,大森駅前交番,131113,東京都,大田区,大森北１丁目,2020-07-07,09,道路上,その他,40歳代,その他,施錠せず
窃盗,自転車盗,大森,大森駅前交番,131113,東京都,大田区,大森北１丁目,2020-09-09,17,道路上,その他,30歳代,その他,施錠せず
窃盗,自転車盗,大森,大森駅前交番,131113,東京都,大田区,大森北１丁目,2020-09-13,20,道路上,その他,20歳代,その他,施錠せず
窃盗,自転車盗,大森,大森駅前交番,131113,東京都,大田区,大森北１丁目,2020-09-25,18,道路上,その他,10歳代,高校生,施錠せず
窃盗,自転車盗,大森,大森駅前交番,131113,東京都,大田区,大森北１丁目,2020-09-25,20,４階建て以上共同住宅,駐車（輪）場,50歳代,その他,施錠せず
窃盗,自転車盗,大森,大森駅前交番,131113,東京都,大田区,大森北１丁目,2020-10-07,08,その他,駐車（輪）場,20歳代,その他,施錠せず
窃盗,自転車盗,大森,大森駅前交番,131113,東京都,大田区,大森北１丁目,2020-11-08,10,駐車（輪）場,駐車（輪）場,10歳代,小学生,施錠せず
窃盗,自転車盗,大森,大森駅前交番,131113,東京都,大田区,大森北１丁目,2020-11-26,15,駐車（輪）場,駐車（輪）場,20歳代,その他,施錠せず
窃盗,自転車盗,大森,大森駅前交番,131113,東京都,大田区,大森北１丁目,2020-11-30,16,道路上,その他,20歳代,大学生,施錠せず
窃盗,自転車盗,大森,大森駅前交番,131113,東京都,大田区,大森北２丁目,2020-01-10,19,その他,駐車（輪）場,10歳代,中学生,施錠せず
窃盗,自転車盗,大森,大森駅前交番,131113,東京都,大田区,大森北２丁目,2020-02-08,18,その他,駐車（輪）場,10歳代,中学生,施錠せず
窃盗,自転車盗,大森,大森駅前交番,131113,東京都,大田区,大森北２丁目,2020-02-26,18,その他,駐車（輪）場,10歳代,小学生,施錠せず
窃盗,自転車盗,大森,大森駅前交番,131113,東京都,大田区,大森北２丁目,2020-07-04,16,道路上,その他,20歳代,その他,施錠せず
窃盗,自転車盗,大森,大森駅前交番,131113,東京都,大田区,大森北２丁目,2020-07-06,13,その他,駐車（輪）場,40歳代,その他,施錠せず
窃盗,自転車盗,大森,大森駅前交番,131113,東京都,大田区,大森北２丁目,2020-08-21,12,４階建て以上共同住宅,駐車（輪）場,65-69歳,その他,施錠せず
窃盗,自転車盗,大森,大森駅前交番,131113,東京都,大田区,大森北２丁目,2020-11-04,15,その他,駐車（輪）場,10歳代,中学生,施錠せず
窃盗,自転車盗,大森,大森駅前交番,131113,東京都,大田区,大森北３丁目,2020-10-11,19,一戸建住宅,駐車（輪）場,10歳代,小学生,施錠せず
窃盗,自転車盗,大森,大森駅前交番,131113,東京都,大田区,大森北４丁目,2020-09-18,20,道路上,その他,10歳代,高校生,施錠せず
窃盗,自転車盗,大森,大森駅前交番,131113,東京都,大田区,大森北４丁目,2020-09-18,20,道路上,その他,40歳代,その他,施錠せず
窃盗,自転車盗,大森,大森駅前交番,131113,東京都,大田区,大森北４丁目,2020-11-21,18,４階建て以上共同住宅,駐車（輪）場,20歳代,その他,施錠せず
窃盗,自転車盗,大森,大森駅前交番,131113,東京都,大田区,大森北５丁目,2019-12-15,02,その他の住宅（３階建て以下共同住宅等）,駐車（輪）場,20歳代,その他,施錠せず
窃盗,自転車盗,大森,春日橋交番,131113,東京都,大田区,大森西１丁目,2020-10-23,07,道路上,その他,40歳代,その他,施錠せず
窃盗,自転車盗,大森,春日橋交番,131113,東京都,大田区,中央１丁目,2020-07-04,04,道路上,その他,70歳以上,その他,施錠せず
窃盗,自転車盗,大森,春日橋交番,131113,東京都,大田区,中央２丁目,2020-02-05,22,その他の住宅（３階建て以下共同住宅等）,駐車（輪）場,40歳代,その他,施錠せず
窃盗,自転車盗,大森,春日橋交番,131113,東京都,大田区,中央２丁目,2020-02-14,10,その他,駐車（輪）場,70歳以上,その他,施錠せず
窃盗,自転車盗,大森,春日橋交番,131113,東京都,大田区,中央２丁目,2020-09-03,23,４階建て以上共同住宅,駐車（輪）場,30歳代,その他,施錠せず
窃盗,自転車盗,大森,春日橋交番,131113,東京都,大田区,中央２丁目,2020-10-23,20,４階建て以上共同住宅,その他,10歳代,中学生,施錠せず
窃盗,自転車盗,大森,春日橋交番,131113,東京都,大田区,中央２丁目,2020-11-22,19,その他の住宅（３階建て以下共同住宅等）,駐車（輪）場,30歳代,その他,施錠せず
窃盗,自転車盗,大森,春日橋交番,131113,東京都,大田区,中央３丁目,2020-01-01,21,一戸建住宅,駐車（輪）場,20歳代,その他,施錠せず
窃盗,自転車盗,大森,春日橋交番,131113,東京都,大田区,中央３丁目,2020-01-14,14,その他,駐車（輪）場,40歳代,その他,施錠せず
窃盗,自転車盗,大森,春日橋交番,131113,東京都,大田区,中央３丁目,2020-01-24,00,一戸建住宅,駐車（輪）場,40歳代,その他,施錠せず
窃盗,自転車盗,大森,春日橋交番,131113,東京都,大田区,中央３丁目,2020-03-14,18,その他の住宅（３階建て以下共同住宅等）,駐車（輪）場,30歳代,その他,施錠せず
窃盗,自転車盗,大森,春日橋交番,131113,東京都,大田区,中央３丁目,2020-06-28,00,４階建て以上共同住宅,駐車（輪）場,20歳代,その他,施錠せず
窃盗,自転車盗,大森,春日橋交番,131113,東京都,大田区,中央３丁目,2020-10-24,19,一戸建住宅,その他,20歳代,その他,施錠せず
窃盗,自転車盗,大森,山王交番,131113,東京都,大田区,山王１丁目,2020-04-04,20,道路上,その他,70歳以上,その他,施錠せず
窃盗,自転車盗,大森,山王交番,131113,東京都,大田区,山王１丁目,2020-04-06,21,４階建て以上共同住宅,駐車（輪）場,20歳代,その他,施錠せず
窃盗,自転車盗,大森,山王交番,131113,東京都,大田区,山王２丁目,2020-01-22,20,道路上,その他,10歳代,中学生,施錠せず
窃盗,自転車盗,大森,山王交番,131113,東京都,大田区,山王２丁目,2020-07-13,23,道路上,その他,20歳代,その他,施錠せず
窃盗,自転車盗,大森,山王交番,131113,東京都,大田区,山王２丁目,2020-08-17,12,その他,駐車（輪）場,70歳以上,その他,施錠せず
窃盗,自転車盗,大森,山王交番,131113,東京都,大田区,山王２丁目,2020-08-25,16,道路上,その他,30歳代,その他,施錠せず
窃盗,自転車盗,大森,山王交番,131113,東京都,大田区,山王２丁目,2020-10-26,16,その他,駐車（輪）場,30歳代,その他,施錠せず
窃盗,自転車盗,大森,山王交番,131113,東京都,大田区,山王２丁目,2020-10-30,09,駐車（輪）場,駐車（輪）場,20歳代,その他,施錠せず
窃盗,自転車盗,大森,山王交番,131113,東京都,大田区,山王２丁目,2020-11-07,15,道路上,その他,70歳以上,その他,施錠せず
窃盗,自転車盗,大森,山王交番,131113,東京都,大田区,山王２丁目,2020-11-25,08,その他,駐車（輪）場,50歳代,その他,施錠せず
窃盗,自転車盗,大森,山王交番,131113,東京都,大田区,山王３丁目,2019-11-28,12,４階建て以上共同住宅,駐車（輪）場,60-64歳,その他,施錠せず
窃盗,自転車盗,大森,山王交番,131113,東京都,大田区,山王３丁目,2019-12-29,17,その他,その他,10歳未満,小学生,施錠せず
窃盗,自転車盗,大森,山王交番,131113,東京都,大田区,山王３丁目,2020-03-07,14,４階建て以上共同住宅,駐車（輪）場,40歳代,その他,施錠せず
窃盗,自転車盗,大森,山王交番,131113,東京都,大田区,山王３丁目,2020-04-21,18,道路上,その他,40歳代,その他,施錠せず
窃盗,自転車盗,大森,山王交番,131113,東京都,大田区,山王３丁目,2020-06-27,18,４階建て以上共同住宅,駐車（輪）場,50歳代,その他,施錠せず
窃盗,自転車盗,大森,山王交番,131113,東京都,大田区,山王３丁目,2020-07-25,18,道路上,その他,50歳代,その他,施錠せず
窃盗,自転車盗,大森,山王交番,131113,東京都,大田区,山王３丁目,2020-10-15,01,道路上,その他,20歳代,その他,施錠せず
窃盗,自転車盗,大森,山王交番,131113,東京都,大田区,中央２丁目,2020-08-14,13,駐車（輪）場,駐車（輪）場,60-64歳,その他,施錠せず
窃盗,自転車盗,田園調布,洗足池交番,131113,東京都,大田区,東雪谷１丁目,2020-08-01,21,その他の住宅（３階建て以下共同住宅等）,駐車（輪）場,20歳代,大学生,施錠せず
窃盗,自転車盗,田園調布,洗足池交番,131113,東京都,大田区,南千束２丁目,2020-08-01,13,道路上,その他,10歳代,中学生,施錠せず
窃盗,自転車盗,田園調布,洗足池交番,131113,東京都,大田区,南千束３丁目,2020-09-20,23,その他の住宅（３階建て以下共同住宅等）,駐車（輪）場,20歳代,大学生,施錠せず
窃盗,自転車盗,田園調布,石川台交番,131113,東京都,大田区,石川町１丁目,2020-02-04,11,その他,駐車（輪）場,20歳代,大学生,施錠せず
窃盗,自転車盗,田園調布,石川台交番,131113,東京都,大田区,石川町２丁目,2020-10-04,23,４階建て以上共同住宅,駐車（輪）場,40歳代,その他,施錠せず
窃盗,自転車盗,田園調布,石川台交番,131113,東京都,大田区,東雪谷２丁目,2020-07-23,17,駐車（輪）場,駐車（輪）場,30歳代,その他,施錠せず
窃盗,自転車盗,田園調布,石川台交番,131113,東京都,大田区,東雪谷２丁目,2020-10-08,12,その他,その他,50歳代,その他,施錠せず
窃盗,自転車盗,田園調布,石川台交番,131113,東京都,大田区,東雪谷３丁目,2020-07-21,22,４階建て以上共同住宅,駐車（輪）場,40歳代,その他,施錠せず
窃盗,自転車盗,田園調布,石川台交番,131113,東京都,大田区,東雪谷３丁目,2020-10-31,18,その他の住宅（３階建て以下共同住宅等）,その他,10歳代,中学生,施錠せず
窃盗,自転車盗,田園調布,石川台交番,131113,東京都,大田区,南雪谷１丁目,2020-11-01,20,駐車（輪）場,駐車（輪）場,40歳代,その他,施錠せず
窃盗,自転車盗,田園調布,石川台交番,131113,東京都,大田区,南雪谷２丁目,2020-01-26,04,道路上,その他,50歳代,その他,施錠せず
窃盗,自転車盗,田園調布,石川台交番,131113,東京都,大田区,南雪谷２丁目,2020-01-30,15,道路上,その他,60-64歳,その他,施錠せず
窃盗,自転車盗,田園調布,石川台交番,131113,東京都,大田区,南雪谷３丁目,2020-02-07,22,一戸建住宅,駐車（輪）場,20歳代,大学生,施錠せず
窃盗,自転車盗,田園調布,石川台交番,131113,東京都,大田区,南雪谷３丁目,2020-08-05,02,一戸建住宅,その他,60-64歳,その他,施錠せず
窃盗,自転車盗,田園調布,石川台交番,131113,東京都,大田区,南雪谷３丁目,2020-09-21,22,一戸建住宅,その他,10歳代,小学生,施錠せず
窃盗,自転車盗,田園調布,石川台交番,131113,東京都,大田区,雪谷大塚町,2020-03-24,02,その他,駐車（輪）場,20歳代,その他,施錠せず
窃盗,自転車盗,田園調布,大岡山駅前交番,131105,東京都,目黒区,大岡山２丁目,2020-02-04,06,その他,駐車（輪）場,10歳代,大学生,施錠せず
窃盗,自転車盗,田園調布,大岡山駅前交番,131113,東京都,大田区,北千束１丁目,2020-03-30,18,一戸建住宅,駐車（輪）場,50歳代,その他,施錠せず
窃盗,自転車盗,田園調布,大岡山駅前交番,131113,東京都,大田区,北千束１丁目,2020-06-24,07,その他,駐車（輪）場,50歳代,その他,施錠せず
窃盗,自転車盗,田園調布,大岡山駅前交番,131113,東京都,大田区,北千束１丁目,2020-08-23,18,その他の住宅（３階建て以下共同住宅等）,駐車（輪）場,50歳代,その他,施錠せず
窃盗,自転車盗,田園調布,大岡山駅前交番,131113,東京都,大田区,北千束２丁目,2020-04-22,08,その他,駐車（輪）場,20歳代,その他,施錠せず
窃盗,自転車盗,田園調布,大岡山駅前交番,131113,東京都,大田区,北千束２丁目,2020-07-11,20,一戸建住宅,その他,10歳代,中学生,施錠せず
窃盗,自転車盗,田園調布,大岡山駅前交番,131113,東京都,大田区,北千束３丁目,2019-12-04,20,道路上,その他,30歳代,その他,施錠せず
窃盗,自転車盗,田園調布,大岡山駅前交番,131113,東京都,大田区,北千束３丁目,2020-08-06,23,駐車（輪）場,駐車（輪）場,20歳代,大学生,施錠せず
窃盗,自転車盗,田園調布,田園調布駅前交番,131113,東京都,大田区,田園調布１丁目,2020-03-20,20,道路上,その他,50歳代,その他,施錠せず
窃盗,自転車盗,田園調布,田園調布駅前交番,131113,東京都,大田区,田園調布１丁目,2020-08-26,21,その他の住宅（３階建て以下共同住宅等）,駐車（輪）場,50歳代,その他,施錠せず
窃盗,自転車盗,田園調布,田園調布駅前交番,131113,東京都,大田区,田園調布２丁目,2020-02-09,13,一戸建住宅,駐車（輪）場,20歳代,その他,施錠せず
窃盗,自転車盗,田園調布,鵜の木駅前交番,131113,東京都,大田区,鵜の木３丁目,2020-12-18,18,その他,駐車（輪）場,10歳代,高校生,施錠せず
窃盗,自転車盗,田園調布,鵜の木駅前交番,131113,東京都,大田区,南久が原２丁目,2020-02-21,20,一戸建住宅,その他,10歳代,小学生,施錠せず
窃盗,自転車盗,田園調布,鵜の木駅前交番,131113,東京都,大田区,南久が原２丁目,2020-12-19,16,一戸建住宅,その他,10歳代,高校生,施錠せず
窃盗,自転車盗,田園調布,道々橋交番,131113,東京都,大田区,上池台３丁目,2020-04-04,19,道路上,その他,20歳代,その他,施錠せず
窃盗,自転車盗,田園調布,道々橋交番,131113,東京都,大田区,上池台４丁目,2020-07-12,09,一戸建住宅,駐車（輪）場,50歳代,その他,施錠せず
窃盗,自転車盗,田園調布,道々橋交番,131113,東京都,大田区,上池台５丁目,2020-01-19,17,４階建て以上共同住宅,駐車（輪）場,50歳代,その他,施錠せず
窃盗,自転車盗,田園調布,道々橋交番,131113,東京都,大田区,北嶺町,2020-02-11,15,道路上,その他,40歳代,その他,施錠せず
窃盗,自転車盗,田園調布,道々橋交番,131113,東京都,大田区,久が原１丁目,2020-07-29,21,４階建て以上共同住宅,駐車（輪）場,10歳代,中学生,施錠せず
窃盗,自転車盗,田園調布,道々橋交番,131113,東京都,大田区,仲池上２丁目,2020-03-07,14,４階建て以上共同住宅,駐車（輪）場,50歳代,その他,施錠せず
窃盗,自転車盗,田園調布,道々橋交番,131113,東京都,大田区,仲池上２丁目,2020-07-19,19,その他の住宅（３階建て以下共同住宅等）,その他,20歳代,その他,施錠せず
窃盗,自転車盗,田園調布,道々橋交番,131113,東京都,大田区,仲池上２丁目,2020-10-21,22,４階建て以上共同住宅,駐車（輪）場,30歳代,その他,施錠せず
窃盗,自転車盗,田園調布,道々橋交番,131113,東京都,大田区,東雪谷４丁目,2020-07-19,22,駐車（輪）場,駐車（輪）場,40歳代,その他,施錠せず
窃盗,自転車盗,田園調布,道々橋交番,131113,東京都,大田区,東雪谷５丁目,2020-07-13,19,一戸建住宅,その他,50歳代,その他,施錠せず
窃盗,自転車盗,田園調布,道々橋交番,131113,東京都,大田区,南雪谷５丁目,2020-01-05,13,その他,駐車（輪）場,10歳代,中学生,施錠せず
窃盗,自転車盗,田園調布,中谷駐在所,131113,東京都,大田区,上池台３丁目,2020-04-15,19,駐車（輪）場,駐車（輪）場,30歳代,その他,施錠せず
窃盗,自転車盗,田園調布,中谷駐在所,131113,東京都,大田区,上池台５丁目,2020-03-05,19,一戸建住宅,駐車（輪）場,10歳代,大学生,施錠せず
窃盗,自転車盗,田園調布,中谷駐在所,131113,東京都,大田区,上池台５丁目,2020-08-10,13,道路上,その他,20歳代,その他,施錠せず
窃盗,自転車盗,田園調布,小池駐在所,131113,東京都,大田区,上池台１丁目,2020-06-23,18,道路上,その他,40歳代,その他,施錠せず
窃盗,自転車盗,田園調布,小池駐在所,131113,東京都,大田区,上池台４丁目,2020-09-30,12,道路上,その他,20歳代,その他,施錠せず
窃盗,自転車盗,田園調布,小池駐在所,131113,東京都,大田区,上池台５丁目,2020-01-03,10,４階建て以上共同住宅,駐車（輪）場,10歳代,高校生,施錠せず
窃盗,自転車盗,田園調布,嶺駐在所,131113,東京都,大田区,北嶺町,2019-08-23,09,道路上,その他,10歳代,中学生,施錠せず
窃盗,自転車盗,田園調布,嶺駐在所,131113,東京都,大田区,北嶺町,2020-01-05,09,道路上,その他,20歳代,その他,施錠せず
窃盗,自転車盗,田園調布,嶺駐在所,131113,東京都,大田区,北嶺町,2020-01-27,23,道路上,その他,10歳代,大学生,施錠せず
窃盗,自転車盗,田園調布,嶺駐在所,131113,東京都,大田区,北嶺町,2020-08-20,14,４階建て以上共同住宅,駐車（輪）場,70歳以上,その他,施錠せず
窃盗,自転車盗,田園調布,嶺駐在所,131113,東京都,大田区,田園調布南,2020-08-18,16,駐車（輪）場,駐車（輪）場,10歳未満,小学生,施錠せず
窃盗,自転車盗,田園調布,嶺駐在所,131113,東京都,大田区,東嶺町,2020-07-30,20,その他の住宅（３階建て以下共同住宅等）,その他,30歳代,その他,施錠せず
窃盗,自転車盗,田園調布,丸子橋交番,131113,東京都,大田区,田園調布１丁目,2020-01-24,19,道路上,その他,20歳代,その他,施錠せず
窃盗,自転車盗,田園調布,丸子橋交番,131113,東京都,大田区,田園調布１丁目,2020-02-15,07,駐車（輪）場,駐車（輪）場,20歳代,大学生,施錠せず
窃盗,自転車盗,田園調布,丸子橋交番,131113,東京都,大田区,田園調布１丁目,2020-03-23,07,駐車（輪）場,駐車（輪）場,10歳代,高校生,施錠せず
窃盗,自転車盗,田園調布,丸子橋交番,131113,東京都,大田区,田園調布１丁目,2020-04-18,08,その他,駐車（輪）場,50歳代,その他,施錠せず
窃盗,自転車盗,田園調布,丸子橋交番,131113,東京都,大田区,田園調布本町,2020-01-08,17,４階建て以上共同住宅,駐車（輪）場,70歳以上,その他,施錠せず
窃盗,自転車盗,田園調布,丸子橋交番,131113,東京都,大田区,田園調布南,2020-06-07,21,４階建て以上共同住宅,駐車（輪）場,30歳代,その他,施錠せず
窃盗,自転車盗,田園調布,丸子橋交番,131113,東京都,大田区,田園調布南,2020-07-13,16,４階建て以上共同住宅,駐車（輪）場,20歳代,大学生,施錠せず
窃盗,自転車盗,田園調布,丸子橋交番,131113,東京都,大田区,田園調布南,2020-08-28,11,一戸建住宅,駐車（輪）場,30歳代,その他,施錠せず
窃盗,自転車盗,田園調布,丸子橋交番,131113,東京都,大田区,西嶺町,2020-03-02,01,道路上,その他,20歳代,その他,施錠せず
窃盗,自転車盗,田園調布,丸子橋交番,131113,東京都,大田区,西嶺町,2020-03-30,06,その他の住宅（３階建て以下共同住宅等）,その他,50歳代,その他,施錠せず
窃盗,自転車盗,田園調布,丸子橋交番,131113,東京都,大田区,西嶺町,2020-08-26,15,その他,駐車（輪）場,30歳代,その他,施錠せず
窃盗,自転車盗,蒲田,西蒲田交番,131113,東京都,大田区,大森西７丁目,2020-02-02,18,駐車（輪）場,駐車（輪）場,20歳代,その他,施錠せず
窃盗,自転車盗,蒲田,西蒲田交番,131113,東京都,大田区,大森西７丁目,2020-02-05,09,一戸建住宅,その他,70歳以上,その他,施錠せず
窃盗,自転車盗,蒲田,西蒲田交番,131113,東京都,大田区,蒲田１丁目,2020-02-29,01,その他の住宅（３階建て以下共同住宅等）,駐車（輪）場,30歳代,その他,施錠せず
窃盗,自転車盗,蒲田,西蒲田交番,131113,東京都,大田区,蒲田１丁目,2020-08-29,19,その他,駐車（輪）場,40歳代,その他,施錠せず
窃盗,自転車盗,蒲田,西蒲田交番,131113,東京都,大田区,西蒲田１丁目,2020-01-26,16,その他の住宅（３階建て以下共同住宅等）,駐車（輪）場,20歳代,その他,施錠せず
窃盗,自転車盗,蒲田,西蒲田交番,131113,東京都,大田区,西蒲田１丁目,2020-03-17,10,その他の住宅（３階建て以下共同住宅等）,駐車（輪）場,70歳以上,その他,施錠せず
窃盗,自転車盗,蒲田,西蒲田交番,131113,東京都,大田区,西蒲田１丁目,2020-05-15,12,４階建て以上共同住宅,駐車（輪）場,40歳代,その他,施錠せず
窃盗,自転車盗,蒲田,西蒲田交番,131113,東京都,大田区,西蒲田１丁目,2020-06-06,22,道路上,その他,50歳代,その他,施錠せず
窃盗,自転車盗,蒲田,西蒲田交番,131113,東京都,大田区,西蒲田１丁目,2020-06-29,19,一戸建住宅,その他,20歳代,その他,施錠せず
窃盗,自転車盗,蒲田,西蒲田交番,131113,東京都,大田区,西蒲田１丁目,2020-07-04,20,一戸建住宅,その他,50歳代,その他,施錠せず
窃盗,自転車盗,蒲田,西蒲田交番,131113,東京都,大田区,西蒲田１丁目,2020-07-07,09,その他,駐車（輪）場,10歳代,高校生,施錠せず
窃盗,自転車盗,蒲田,西蒲田交番,131113,東京都,大田区,西蒲田１丁目,2020-09-25,13,道路上,その他,30歳代,その他,施錠せず
窃盗,自転車盗,蒲田,西蒲田交番,131113,東京都,大田区,西蒲田１丁目,2020-10-28,07,その他,駐車（輪）場,70歳以上,その他,施錠せず
窃盗,自転車盗,蒲田,西蒲田交番,131113,東京都,大田区,西蒲田４丁目,2020-01-10,09,一戸建住宅,その他,40歳代,その他,施錠せず
窃盗,自転車盗,蒲田,西蒲田交番,131113,東京都,大田区,西蒲田４丁目,2020-01-20,10,その他の住宅（３階建て以下共同住宅等）,その他,30歳代,その他,施錠せず
窃盗,自転車盗,蒲田,西蒲田交番,131113,東京都,大田区,西蒲田４丁目,2020-03-01,17,その他,その他,60-64歳,その他,施錠せず
窃盗,自転車盗,蒲田,西蒲田交番,131113,東京都,大田区,西蒲田４丁目,2020-06-23,22,道路上,その他,70歳以上,その他,施錠せず
窃盗,自転車盗,蒲田,西蒲田交番,131113,東京都,大田区,西蒲田４丁目,2020-07-07,08,一戸建住宅,その他,10歳代,中学生,施錠せず
窃盗,自転車盗,蒲田,西蒲田交番,131113,東京都,大田区,西蒲田４丁目,2020-08-13,17,４階建て以上共同住宅,その他,30歳代,その他,施錠せず
窃盗,自転車盗,蒲田,西蒲田交番,131113,東京都,大田区,西蒲田４丁目,2020-08-26,07,一戸建住宅,その他,60-64歳,その他,施錠せず
窃盗,自転車盗,蒲田,西蒲田交番,131113,東京都,大田区,西蒲田４丁目,2020-08-30,17,４階建て以上共同住宅,駐車（輪）場,50歳代,その他,施錠せず
窃盗,自転車盗,蒲田,西蒲田交番,131113,東京都,大田区,西蒲田４丁目,2020-12-11,18,その他の住宅（３階建て以下共同住宅等）,駐車（輪）場,20歳代,その他,施錠せず
窃盗,自転車盗,蒲田,西蒲田交番,131113,東京都,大田区,西蒲田５丁目,2020-08-20,00,その他の住宅（３階建て以下共同住宅等）,駐車（輪）場,20歳代,その他,施錠せず
窃盗,自転車盗,蒲田,京急蒲田駅前交番,131113,東京都,大田区,蒲田１丁目,2020-01-25,15,その他の住宅（３階建て以下共同住宅等）,その他,40歳代,その他,施錠せず
窃盗,自転車盗,蒲田,京急蒲田駅前交番,131113,東京都,大田区,蒲田１丁目,2020-02-14,06,その他,その他,50歳代,その他,施錠せず
窃盗,自転車盗,蒲田,京急蒲田駅前交番,131113,東京都,大田区,蒲田１丁目,2020-02-26,16,４階建て以上共同住宅,駐車（輪）場,30歳代,その他,施錠せず
窃盗,自転車盗,蒲田,京急蒲田駅前交番,131113,東京都,大田区,蒲田１丁目,2020-04-01,19,その他の住宅（３階建て以下共同住宅等）,駐車（輪）場,50歳代,その他,施錠せず
窃盗,自転車盗,蒲田,京急蒲田駅前交番,131113,東京都,大田区,蒲田１丁目,2020-06-08,08,４階建て以上共同住宅,駐車（輪）場,10歳代,中学生,施錠せず
窃盗,自転車盗,蒲田,京急蒲田駅前交番,131113,東京都,大田区,蒲田１丁目,2020-10-30,20,一戸建住宅,その他,40歳代,その他,施錠せず
窃盗,自転車盗,蒲田,京急蒲田駅前交番,131113,東京都,大田区,蒲田１丁目,2020-11-09,17,一戸建住宅,その他,10歳代,中学生,施錠せず
窃盗,自転車盗,蒲田,京急蒲田駅前交番,131113,東京都,大田区,蒲田２丁目,2020-04-16,17,その他の住宅（３階建て以下共同住宅等）,その他,20歳代,その他,施錠せず
窃盗,自転車盗,蒲田,京急蒲田駅前交番,131113,東京都,大田区,蒲田２丁目,2020-06-01,15,４階建て以上共同住宅,駐車（輪）場,10歳代,中学生,施錠せず
窃盗,自転車盗,蒲田,京急蒲田駅前交番,131113,東京都,大田区,蒲田２丁目,2020-07-30,20,その他の住宅（３階建て以下共同住宅等）,駐車（輪）場,20歳代,その他,施錠せず
窃盗,自転車盗,蒲田,京急蒲田駅前交番,131113,東京都,大田区,蒲田２丁目,2020-09-05,09,道路上,その他,50歳代,その他,施錠せず
窃盗,自転車盗,蒲田,京急蒲田駅前交番,131113,東京都,大田区,蒲田２丁目,2020-09-18,00,道路上,その他,20歳代,その他,施錠せず
窃盗,自転車盗,蒲田,京急蒲田駅前交番,131113,東京都,大田区,蒲田２丁目,2020-11-17,06,道路上,その他,20歳代,その他,施錠せず
窃盗,自転車盗,蒲田,京急蒲田駅前交番,131113,東京都,大田区,蒲田２丁目,2020-11-28,17,その他の住宅（３階建て以下共同住宅等）,駐車（輪）場,30歳代,その他,施錠せず
窃盗,自転車盗,蒲田,京急蒲田駅前交番,131113,東京都,大田区,蒲田３丁目,2020-08-27,05,道路上,その他,10歳代,その他,施錠せず
窃盗,自転車盗,蒲田,京急蒲田駅前交番,131113,東京都,大田区,蒲田３丁目,2020-10-16,23,道路上,その他,40歳代,その他,施錠せず
窃盗,自転車盗,蒲田,京急蒲田駅前交番,131113,東京都,大田区,蒲田３丁目,2020-12-17,19,４階建て以上共同住宅,その他,20歳代,その他,施錠せず
窃盗,自転車盗,蒲田,京急蒲田駅前交番,131113,東京都,大田区,蒲田４丁目,2020-02-11,12,駐車（輪）場,駐車（輪）場,20歳代,その他,施錠せず
窃盗,自転車盗,蒲田,京急蒲田駅前交番,131113,東京都,大田区,蒲田４丁目,2020-03-19,18,駐車（輪）場,駐車（輪）場,20歳代,その他,施錠せず
窃盗,自転車盗,蒲田,京急蒲田駅前交番,131113,東京都,大田区,蒲田４丁目,2020-03-22,16,道路上,その他,30歳代,その他,施錠せず
窃盗,自転車盗,蒲田,京急蒲田駅前交番,131113,東京都,大田区,蒲田４丁目,2020-07-19,14,駐車（輪）場,駐車（輪）場,30歳代,その他,施錠せず
窃盗,自転車盗,蒲田,京急蒲田駅前交番,131113,東京都,大田区,蒲田４丁目,2020-08-12,12,道路上,その他,20歳代,その他,施錠せず
窃盗,自転車盗,蒲田,京急蒲田駅前交番,131113,東京都,大田区,蒲田４丁目,2020-09-06,13,道路上,その他,40歳代,その他,施錠せず
窃盗,自転車盗,蒲田,京急蒲田駅前交番,131113,東京都,大田区,蒲田４丁目,2020-10-03,11,道路上,その他,65-69歳,その他,施錠せず
窃盗,自転車盗,蒲田,京急蒲田駅前交番,131113,東京都,大田区,蒲田４丁目,2020-10-09,16,道路上,その他,20歳代,その他,施錠せず
窃盗,自転車盗,蒲田,京急蒲田駅前交番,131113,東京都,大田区,蒲田４丁目,2020-11-02,07,道路上,その他,70歳以上,その他,施錠せず
窃盗,自転車盗,蒲田,京急蒲田駅前交番,131113,東京都,大田区,蒲田４丁目,2020-11-13,20,道路上,その他,20歳代,その他,施錠せず
窃盗,自転車盗,蒲田,京急蒲田駅前交番,131113,東京都,大田区,蒲田４丁目,2020-11-28,08,駐車（輪）場,駐車（輪）場,40歳代,その他,施錠せず
窃盗,自転車盗,蒲田,京急蒲田駅前交番,131113,東京都,大田区,蒲田４丁目,2020-12-05,18,道路上,その他,30歳代,その他,施錠せず
窃盗,自転車盗,蒲田,京急蒲田駅前交番,131113,東京都,大田区,東蒲田２丁目,2020-02-14,22,その他の住宅（３階建て以下共同住宅等）,駐車（輪）場,10歳代,中学生,施錠せず
窃盗,自転車盗,蒲田,京急蒲田駅前交番,131113,東京都,大田区,東蒲田２丁目,2020-03-06,20,道路上,その他,70歳以上,その他,施錠せず
窃盗,自転車盗,蒲田,京急蒲田駅前交番,131113,東京都,大田区,東蒲田２丁目,2020-06-17,08,その他,駐車（輪）場,20歳代,その他,施錠せず
窃盗,自転車盗,蒲田,京急蒲田駅前交番,131113,東京都,大田区,東蒲田２丁目,2020-07-04,15,道路上,その他,50歳代,その他,施錠せず
窃盗,自転車盗,蒲田,京急蒲田駅前交番,131113,東京都,大田区,東蒲田２丁目,2020-08-16,00,道路上,その他,30歳代,その他,施錠せず
窃盗,自転車盗,蒲田,京急蒲田駅前交番,131113,東京都,大田区,東蒲田２丁目,2020-10-03,19,道路上,その他,40歳代,その他,施錠せず
窃盗,自転車盗,蒲田,京急蒲田駅前交番,131113,東京都,大田区,東蒲田２丁目,2020-11-21,23,その他の住宅（３階建て以下共同住宅等）,その他,20歳代,その他,施錠せず
窃盗,自転車盗,蒲田,京急蒲田駅前交番,131113,東京都,大田区,南蒲田１丁目,2019-12-25,19,４階建て以上共同住宅,駐車（輪）場,20歳代,その他,施錠せず
窃盗,自転車盗,蒲田,京急蒲田駅前交番,131113,東京都,大田区,南蒲田１丁目,2020-01-14,16,その他,駐車（輪）場,40歳代,その他,施錠せず
窃盗,自転車盗,蒲田,京急蒲田駅前交番,131113,東京都,大田区,南蒲田１丁目,2020-02-23,22,その他,その他,70歳以上,その他,施錠せず
窃盗,自転車盗,蒲田,京急蒲田駅前交番,131113,東京都,大田区,南蒲田１丁目,2020-08-21,18,その他の住宅（３階建て以下共同住宅等）,駐車（輪）場,65-69歳,その他,施錠せず
窃盗,自転車盗,蒲田,京急蒲田駅前交番,131113,東京都,大田区,南蒲田１丁目,2020-11-18,05,一戸建住宅,その他,70歳以上,その他,施錠せず
窃盗,自転車盗,蒲田,京急蒲田駅前交番,131113,東京都,大田区,南蒲田１丁目,2020-11-22,23,一戸建住宅,その他,65-69歳,その他,施錠せず
窃盗,自転車盗,蒲田,蒲田駅東口交番,131113,東京都,大田区,蒲田１丁目,2019-12-26,18,一戸建住宅,駐車（輪）場,30歳代,その他,施錠せず
窃盗,自転車盗,蒲田,蒲田駅東口交番,131113,東京都,大田区,蒲田１丁目,2020-03-08,18,その他の住宅（３階建て以下共同住宅等）,駐車（輪）場,20歳代,その他,施錠せず
窃盗,自転車盗,蒲田,蒲田駅東口交番,131113,東京都,大田区,蒲田１丁目,2020-04-14,00,その他の住宅（３階建て以下共同住宅等）,その他,20歳代,その他,施錠せず
窃盗,自転車盗,蒲田,蒲田駅東口交番,131113,東京都,大田区,蒲田１丁目,2020-08-19,23,その他の住宅（３階建て以下共同住宅等）,その他,10歳代,その他,施錠せず
窃盗,自転車盗,蒲田,蒲田駅東口交番,131113,東京都,大田区,蒲田１丁目,2020-08-24,18,４階建て以上共同住宅,駐車（輪）場,10歳代,高校生,施錠せず
窃盗,自転車盗,蒲田,蒲田駅東口交番,131113,東京都,大田区,蒲田１丁目,2020-11-06,12,道路上,その他,20歳代,その他,施錠せず
窃盗,自転車盗,蒲田,蒲田駅東口交番,131113,東京都,大田区,蒲田１丁目,2020-11-07,17,その他の住宅（３階建て以下共同住宅等）,駐車（輪）場,40歳代,その他,施錠せず
窃盗,自転車盗,蒲田,蒲田駅東口交番,131113,東京都,大田区,蒲田４丁目,2020-04-04,14,その他,駐車（輪）場,10歳代,高校生,施錠せず
窃盗,自転車盗,蒲田,蒲田駅東口交番,131113,東京都,大田区,蒲田４丁目,2020-06-06,18,４階建て以上共同住宅,駐車（輪）場,50歳代,その他,施錠せず
窃盗,自転車盗,蒲田,蒲田駅東口交番,131113,東京都,大田区,蒲田４丁目,2020-09-01,17,一戸建住宅,その他,65-69歳,その他,施錠せず
窃盗,自転車盗,蒲田,蒲田駅東口交番,131113,東京都,大田区,蒲田４丁目,2020-09-10,23,道路上,その他,20歳代,その他,施錠せず
窃盗,自転車盗,蒲田,蒲田駅東口交番,131113,東京都,大田区,蒲田５丁目,2019-02-01,不明,駐車（輪）場,駐車（輪）場,20歳代,その他,施錠せず
窃盗,自転車盗,蒲田,蒲田駅東口交番,131113,東京都,大田区,蒲田５丁目,2019-10-15,07,駐車（輪）場,駐車（輪）場,10歳代,大学生,施錠せず
窃盗,自転車盗,蒲田,蒲田駅東口交番,131113,東京都,大田区,蒲田５丁目,2019-11-18,10,道路上,その他,20歳代,その他,施錠せず
窃盗,自転車盗,蒲田,蒲田駅東口交番,131113,東京都,大田区,蒲田５丁目,2019-12-15,13,道路上,その他,30歳代,その他,施錠せず
窃盗,自転車盗,蒲田,蒲田駅東口交番,131113,東京都,大田区,蒲田５丁目,2019-12-30,12,駐車（輪）場,駐車（輪）場,50歳代,その他,施錠せず
窃盗,自転車盗,蒲田,蒲田駅東口交番,131113,東京都,大田区,蒲田５丁目,2019-12-30,22,道路上,その他,30歳代,その他,施錠せず
窃盗,自転車盗,蒲田,蒲田駅東口交番,131113,東京都,大田区,蒲田５丁目,2020-01-07,21,その他,駐車（輪）場,20歳代,その他,施錠せず
窃盗,自転車盗,蒲田,蒲田駅東口交番,131113,東京都,大田区,蒲田５丁目,2020-01-25,21,道路上,その他,10歳代,中学生,施錠せず
窃盗,自転車盗,蒲田,蒲田駅東口交番,131113,東京都,大田区,蒲田５丁目,2020-02-04,19,道路上,その他,50歳代,その他,施錠せず
窃盗,自転車盗,蒲田,蒲田駅東口交番,131113,東京都,大田区,蒲田５丁目,2020-02-13,17,道路上,その他,10歳代,その他,施錠せず
窃盗,自転車盗,蒲田,蒲田駅東口交番,131113,東京都,大田区,蒲田５丁目,2020-02-29,13,道路上,その他,65-69歳,その他,施錠せず
窃盗,自転車盗,蒲田,蒲田駅東口交番,131113,東京都,大田区,蒲田５丁目,2020-03-04,18,道路上,その他,50歳代,その他,施錠せず
窃盗,自転車盗,蒲田,蒲田駅東口交番,131113,東京都,大田区,蒲田５丁目,2020-03-04,20,道路上,その他,10歳代,高校生,施錠せず
窃盗,自転車盗,蒲田,蒲田駅東口交番,131113,東京都,大田区,蒲田５丁目,2020-03-05,08,駐車（輪）場,駐車（輪）場,10歳代,高校生,施錠せず
窃盗,自転車盗,蒲田,蒲田駅東口交番,131113,東京都,大田区,蒲田５丁目,2020-03-11,16,駐車（輪）場,駐車（輪）場,70歳以上,その他,施錠せず
窃盗,自転車盗,蒲田,蒲田駅東口交番,131113,東京都,大田区,蒲田５丁目,2020-03-12,14,４階建て以上共同住宅,その他,20歳代,その他,施錠せず
窃盗,自転車盗,蒲田,蒲田駅東口交番,131113,東京都,大田区,蒲田５丁目,2020-03-16,17,その他,駐車（輪）場,70歳以上,その他,施錠せず
窃盗,自転車盗,蒲田,蒲田駅東口交番,131113,東京都,大田区,蒲田５丁目,2020-03-26,18,道路上,その他,20歳代,その他,施錠せず
窃盗,自転車盗,蒲田,蒲田駅東口交番,131113,東京都,大田区,蒲田５丁目,2020-03-27,15,駐車（輪）場,駐車（輪）場,20歳代,その他,施錠せず
窃盗,自転車盗,蒲田,蒲田駅東口交番,131113,東京都,大田区,蒲田５丁目,2020-04-02,07,駐車（輪）場,駐車（輪）場,30歳代,その他,施錠せず
窃盗,自転車盗,蒲田,蒲田駅東口交番,131113,東京都,大田区,蒲田５丁目,2020-05-01,17,駐車（輪）場,駐車（輪）場,10歳代,高校生,施錠せず
窃盗,自転車盗,蒲田,蒲田駅東口交番,131113,東京都,大田区,蒲田５丁目,2020-05-10,15,道路上,その他,20歳代,その他,施錠せず
窃盗,自転車盗,蒲田,蒲田駅東口交番,131113,東京都,大田区,蒲田５丁目,2020-05-14,07,駐車（輪）場,駐車（輪）場,20歳代,その他,施錠せず
窃盗,自転車盗,蒲田,蒲田駅東口交番,131113,東京都,大田区,蒲田５丁目,2020-05-26,21,駐車（輪）場,駐車（輪）場,10歳代,大学生,施錠せず
窃盗,自転車盗,蒲田,蒲田駅東口交番,131113,東京都,大田区,蒲田５丁目,2020-06-02,19,駐車（輪）場,駐車（輪）場,40歳代,その他,施錠せず
窃盗,自転車盗,蒲田,蒲田駅東口交番,131113,東京都,大田区,蒲田５丁目,2020-06-23,21,道路上,その他,30歳代,その他,施錠せず
窃盗,自転車盗,蒲田,蒲田駅東口交番,131113,東京都,大田区,蒲田５丁目,2020-07-03,08,駐車（輪）場,駐車（輪）場,10歳代,その他,施錠せず
窃盗,自転車盗,蒲田,蒲田駅東口交番,131113,東京都,大田区,蒲田５丁目,2020-07-06,23,駐車（輪）場,駐車（輪）場,10歳代,その他,施錠せず
窃盗,自転車盗,蒲田,蒲田駅東口交番,131113,東京都,大田区,蒲田５丁目,2020-07-13,18,駐車（輪）場,駐車（輪）場,10歳代,中学生,施錠せず
窃盗,自転車盗,蒲田,蒲田駅東口交番,131113,東京都,大田区,蒲田５丁目,2020-07-23,17,駐車（輪）場,駐車（輪）場,20歳代,その他,施錠せず
窃盗,自転車盗,蒲田,蒲田駅東口交番,131113,東京都,大田区,蒲田５丁目,2020-07-25,19,駐車（輪）場,駐車（輪）場,20歳代,その他,施錠せず
窃盗,自転車盗,蒲田,蒲田駅東口交番,131113,東京都,大田区,蒲田５丁目,2020-07-27,17,駐車（輪）場,駐車（輪）場,10歳代,大学生,施錠せず
窃盗,自転車盗,蒲田,蒲田駅東口交番,131113,東京都,大田区,蒲田５丁目,2020-08-08,18,駐車（輪）場,駐車（輪）場,10歳代,高校生,施錠せず
窃盗,自転車盗,蒲田,蒲田駅東口交番,131113,東京都,大田区,蒲田５丁目,2020-08-08,18,道路上,その他,10歳代,中学生,施錠せず
窃盗,自転車盗,蒲田,蒲田駅東口交番,131113,東京都,大田区,蒲田５丁目,2020-08-24,10,駐車（輪）場,駐車（輪）場,40歳代,その他,施錠せず
窃盗,自転車盗,蒲田,蒲田駅東口交番,131113,東京都,大田区,蒲田５丁目,2020-09-10,09,道路上,その他,30歳代,その他,施錠せず
窃盗,自転車盗,蒲田,蒲田駅東口交番,131113,東京都,大田区,蒲田５丁目,2020-09-11,12,その他の住宅（３階建て以下共同住宅等）,その他,40歳代,その他,施錠せず
窃盗,自転車盗,蒲田,蒲田駅東口交番,131113,東京都,大田区,蒲田５丁目,2020-09-12,18,道路上,その他,10歳代,中学生,施錠せず
窃盗,自転車盗,蒲田,蒲田駅東口交番,131113,東京都,大田区,蒲田５丁目,2020-09-12,20,道路上,その他,30歳代,その他,施錠せず
窃盗,自転車盗,蒲田,蒲田駅東口交番,131113,東京都,大田区,蒲田５丁目,2020-09-13,19,その他,駐車（輪）場,20歳代,その他,施錠せず
窃盗,自転車盗,蒲田,蒲田駅東口交番,131113,東京都,大田区,蒲田５丁目,2020-10-21,21,駐車（輪）場,駐車（輪）場,20歳代,その他,施錠せず
窃盗,自転車盗,蒲田,蒲田駅東口交番,131113,東京都,大田区,蒲田５丁目,2020-10-24,10,その他,駐車（輪）場,30歳代,その他,施錠せず
窃盗,自転車盗,蒲田,蒲田駅東口交番,131113,東京都,大田区,蒲田５丁目,2020-10-25,01,道路上,その他,30歳代,その他,施錠せず
窃盗,自転車盗,蒲田,蒲田駅東口交番,131113,東京都,大田区,蒲田５丁目,2020-11-07,00,駐車（輪）場,駐車（輪）場,20歳代,大学生,施錠せず
窃盗,自転車盗,蒲田,蒲田駅東口交番,131113,東京都,大田区,蒲田５丁目,2020-11-18,18,その他,その他,10歳代,高校生,施錠せず
窃盗,自転車盗,蒲田,蒲田駅東口交番,131113,東京都,大田区,蒲田５丁目,2020-11-21,13,道路上,その他,20歳代,その他,施錠せず
窃盗,自転車盗,蒲田,蒲田駅東口交番,131113,東京都,大田区,蒲田５丁目,2020-11-22,11,駐車（輪）場,駐車（輪）場,20歳代,その他,施錠せず
窃盗,自転車盗,蒲田,蒲田駅東口交番,131113,東京都,大田区,蒲田５丁目,2020-11-29,16,道路上,その他,70歳以上,その他,施錠せず
窃盗,自転車盗,蒲田,蒲田駅東口交番,131113,東京都,大田区,蒲田５丁目,2020-12-12,07,駐車（輪）場,駐車（輪）場,10歳代,中学生,施錠せず
窃盗,自転車盗,蒲田,蒲田駅東口交番,131113,東京都,大田区,蒲田本町１丁目,2020-01-18,10,一戸建住宅,その他,30歳代,その他,施錠せず
窃盗,自転車盗,蒲田,蒲田駅東口交番,131113,東京都,大田区,蒲田本町１丁目,2020-08-09,10,道路上,その他,20歳代,その他,施錠せず
窃盗,自転車盗,蒲田,蒲田駅東口交番,131113,東京都,大田区,蒲田本町２丁目,2019-12-08,22,道路上,その他,65-69歳,その他,施錠せず
窃盗,自転車盗,蒲田,蒲田駅東口交番,131113,東京都,大田区,蒲田本町２丁目,2020-02-02,20,一戸建住宅,その他,10歳代,小学生,施錠せず
窃盗,自転車盗,蒲田,蒲田駅東口交番,131113,東京都,大田区,蒲田本町２丁目,2020-03-08,19,道路上,その他,50歳代,その他,施錠せず
窃盗,自転車盗,蒲田,蒲田駅西口交番,131113,東京都,大田区,蒲田５丁目,2020-11-22,04,駐車（輪）場,駐車（輪）場,20歳代,その他,施錠せず
窃盗,自転車盗,蒲田,蒲田駅西口交番,131113,東京都,大田区,新蒲田１丁目,2020-02-11,09,その他の住宅（３階建て以下共同住宅等）,駐車（輪）場,40歳代,その他,施錠せず
窃盗,自転車盗,蒲田,蒲田駅西口交番,131113,東京都,大田区,新蒲田１丁目,2020-10-23,17,駐車（輪）場,駐車（輪）場,20歳代,その他,施錠せず
窃盗,自転車盗,蒲田,蒲田駅西口交番,131113,東京都,大田区,新蒲田１丁目,2020-11-22,11,駐車（輪）場,駐車（輪）場,10歳代,高校生,施錠せず
窃盗,自転車盗,蒲田,蒲田駅西口交番,131113,東京都,大田区,西蒲田１丁目,2019-12-28,17,一戸建住宅,その他,70歳以上,その他,施錠せず
窃盗,自転車盗,蒲田,蒲田駅西口交番,131113,東京都,大田区,西蒲田５丁目,2019-12-05,22,道路上,その他,50歳代,その他,施錠せず
窃盗,自転車盗,蒲田,蒲田駅西口交番,131113,東京都,大田区,西蒲田５丁目,2019-12-14,21,道路上,その他,10歳代,中学生,施錠せず
窃盗,自転車盗,蒲田,蒲田駅西口交番,131113,東京都,大田区,西蒲田５丁目,2020-01-14,06,道路上,その他,10歳代,高校生,施錠せず
窃盗,自転車盗,蒲田,蒲田駅西口交番,131113,東京都,大田区,西蒲田５丁目,2020-03-31,06,道路上,その他,70歳以上,その他,施錠せず
窃盗,自転車盗,蒲田,蒲田駅西口交番,131113,東京都,大田区,西蒲田５丁目,2020-05-18,10,その他,駐車（輪）場,70歳以上,その他,施錠せず
窃盗,自転車盗,蒲田,蒲田駅西口交番,131113,東京都,大田区,西蒲田５丁目,2020-07-16,21,一戸建住宅,その他,10歳代,高校生,施錠せず
窃盗,自転車盗,蒲田,蒲田駅西口交番,131113,東京都,大田区,西蒲田５丁目,2020-07-31,19,道路上,その他,65-69歳,その他,施錠せず
窃盗,自転車盗,蒲田,蒲田駅西口交番,131113,東京都,大田区,西蒲田５丁目,2020-08-11,12,その他,駐車（輪）場,10歳代,中学生,施錠せず
窃盗,自転車盗,蒲田,蒲田駅西口交番,131113,東京都,大田区,西蒲田５丁目,2020-09-28,13,駐車（輪）場,駐車（輪）場,40歳代,その他,施錠せず
窃盗,自転車盗,蒲田,蒲田駅西口交番,131113,東京都,大田区,西蒲田５丁目,2020-12-04,08,その他,駐車（輪）場,10歳代,その他,施錠せず
窃盗,自転車盗,蒲田,蒲田駅西口交番,131113,東京都,大田区,西蒲田６丁目,2020-07-10,10,道路上,その他,30歳代,その他,施錠せず
窃盗,自転車盗,蒲田,蒲田駅西口交番,131113,東京都,大田区,西蒲田７丁目,2019-12-10,16,道路上,その他,20歳代,その他,施錠せず
窃盗,自転車盗,蒲田,蒲田駅西口交番,131113,東京都,大田区,西蒲田７丁目,2019-12-19,00,道路上,その他,10歳代,大学生,施錠せず
窃盗,自転車盗,蒲田,蒲田駅西口交番,131113,東京都,大田区,西蒲田７丁目,2019-12-22,18,道路上,その他,10歳代,その他,施錠せず
窃盗,自転車盗,蒲田,蒲田駅西口交番,131113,東京都,大田区,西蒲田７丁目,2020-01-04,14,道路上,その他,10歳代,高校生,施錠せず
窃盗,自転車盗,蒲田,蒲田駅西口交番,131113,東京都,大田区,西蒲田７丁目,2020-01-06,20,道路上,その他,20歳代,大学生,施錠せず
窃盗,自転車盗,蒲田,蒲田駅西口交番,131113,東京都,大田区,西蒲田７丁目,2020-01-10,23,駐車（輪）場,駐車（輪）場,10歳代,その他,施錠せず
窃盗,自転車盗,蒲田,蒲田駅西口交番,131113,東京都,大田区,西蒲田７丁目,2020-01-19,13,道路上,その他,10歳代,小学生,施錠せず
窃盗,自転車盗,蒲田,蒲田駅西口交番,131113,東京都,大田区,西蒲田７丁目,2020-01-20,09,道路上,その他,20歳代,その他,施錠せず
窃盗,自転車盗,蒲田,蒲田駅西口交番,131113,東京都,大田区,西蒲田７丁目,2020-01-22,22,道路上,その他,20歳代,その他,施錠せず
窃盗,自転車盗,蒲田,蒲田駅西口交番,131113,東京都,大田区,西蒲田７丁目,2020-01-28,17,その他,駐車（輪）場,50歳代,その他,施錠せず
窃盗,自転車盗,蒲田,蒲田駅西口交番,131113,東京都,大田区,西蒲田７丁目,2020-01-30,10,道路上,その他,20歳代,その他,施錠せず
窃盗,自転車盗,蒲田,蒲田駅西口交番,131113,東京都,大田区,西蒲田７丁目,2020-02-05,01,道路上,その他,30歳代,その他,施錠せず
窃盗,自転車盗,蒲田,蒲田駅西口交番,131113,東京都,大田区,西蒲田７丁目,2020-02-16,04,道路上,その他,40歳代,その他,施錠せず
窃盗,自転車盗,蒲田,蒲田駅西口交番,131113,東京都,大田区,西蒲田７丁目,2020-03-16,12,道路上,その他,40歳代,その他,施錠せず
窃盗,自転車盗,蒲田,蒲田駅西口交番,131113,東京都,大田区,西蒲田７丁目,2020-03-22,18,その他,その他,20歳代,その他,施錠せず
窃盗,自転車盗,蒲田,蒲田駅西口交番,131113,東京都,大田区,西蒲田７丁目,2020-03-29,10,道路上,その他,20歳代,その他,施錠せず
窃盗,自転車盗,蒲田,蒲田駅西口交番,131113,東京都,大田区,西蒲田７丁目,2020-03-29,21,駐車（輪）場,駐車（輪）場,10歳代,高校生,施錠せず
窃盗,自転車盗,蒲田,蒲田駅西口交番,131113,東京都,大田区,西蒲田７丁目,2020-05-25,01,道路上,その他,40歳代,その他,施錠せず
窃盗,自転車盗,蒲田,蒲田駅西口交番,131113,東京都,大田区,西蒲田７丁目,2020-06-17,22,道路上,その他,30歳代,その他,施錠せず
窃盗,自転車盗,蒲田,蒲田駅西口交番,131113,東京都,大田区,西蒲田７丁目,2020-06-22,01,道路上,その他,10歳代,大学生,施錠せず
窃盗,自転車盗,蒲田,蒲田駅西口交番,131113,東京都,大田区,西蒲田７丁目,2020-06-27,11,道路上,その他,40歳代,その他,施錠せず
窃盗,自転車盗,蒲田,蒲田駅西口交番,131113,東京都,大田区,西蒲田７丁目,2020-07-05,02,道路上,その他,40歳代,その他,施錠せず
窃盗,自転車盗,蒲田,蒲田駅西口交番,131113,東京都,大田区,西蒲田７丁目,2020-07-08,17,駐車（輪）場,駐車（輪）場,10歳代,高校生,施錠せず
窃盗,自転車盗,蒲田,蒲田駅西口交番,131113,東京都,大田区,西蒲田７丁目,2020-07-11,22,道路上,その他,50歳代,その他,施錠せず
窃盗,自転車盗,蒲田,蒲田駅西口交番,131113,東京都,大田区,西蒲田７丁目,2020-08-04,20,道路上,その他,20歳代,その他,施錠せず
窃盗,自転車盗,蒲田,蒲田駅西口交番,131113,東京都,大田区,西蒲田７丁目,2020-08-09,13,道路上,その他,40歳代,その他,施錠せず
窃盗,自転車盗,蒲田,蒲田駅西口交番,131113,東京都,大田区,西蒲田７丁目,2020-08-14,12,道路上,その他,30歳代,その他,施錠せず
窃盗,自転車盗,蒲田,蒲田駅西口交番,131113,東京都,大田区,西蒲田７丁目,2020-08-14,21,道路上,その他,30歳代,その他,施錠せず
窃盗,自転車盗,蒲田,蒲田駅西口交番,131113,東京都,大田区,西蒲田７丁目,2020-08-21,00,その他の住宅（３階建て以下共同住宅等）,その他,10歳代,その他,施錠せず
窃盗,自転車盗,蒲田,蒲田駅西口交番,131113,東京都,大田区,西蒲田７丁目,2020-08-29,21,道路上,その他,10歳代,高校生,施錠せず
窃盗,自転車盗,蒲田,蒲田駅西口交番,131113,東京都,大田区,西蒲田７丁目,2020-09-11,08,道路上,その他,50歳代,その他,施錠せず
窃盗,自転車盗,蒲田,蒲田駅西口交番,131113,東京都,大田区,西蒲田７丁目,2020-09-19,20,駐車（輪）場,駐車（輪）場,30歳代,その他,施錠せず
窃盗,自転車盗,蒲田,蒲田駅西口交番,131113,東京都,大田区,西蒲田７丁目,2020-09-21,21,道路上,その他,20歳代,その他,施錠せず
窃盗,自転車盗,蒲田,蒲田駅西口交番,131113,東京都,大田区,西蒲田７丁目,2020-09-23,10,その他,その他,65-69歳,その他,施錠せず
窃盗,自転車盗,蒲田,蒲田駅西口交番,131113,東京都,大田区,西蒲田７丁目,2020-10-12,19,道路上,その他,30歳代,その他,施錠せず
窃盗,自転車盗,蒲田,蒲田駅西口交番,131113,東京都,大田区,西蒲田７丁目,2020-11-05,22,駐車（輪）場,駐車（輪）場,40歳代,その他,施錠せず
窃盗,自転車盗,蒲田,蒲田駅西口交番,131113,東京都,大田区,西蒲田７丁目,2020-11-12,00,道路上,その他,70歳以上,その他,施錠せず
窃盗,自転車盗,蒲田,蒲田駅西口交番,131113,東京都,大田区,西蒲田７丁目,2020-11-17,15,駐車（輪）場,駐車（輪）場,10歳代,大学生,施錠せず
窃盗,自転車盗,蒲田,蒲田駅西口交番,131113,東京都,大田区,西蒲田８丁目,2019-12-17,19,道路上,その他,20歳代,大学生,施錠せず
窃盗,自転車盗,蒲田,蒲田駅西口交番,131113,東京都,大田区,西蒲田８丁目,2020-01-13,15,道路上,その他,30歳代,その他,施錠せず
窃盗,自転車盗,蒲田,蒲田駅西口交番,131113,東京都,大田区,西蒲田８丁目,2020-01-28,18,その他,その他,70歳以上,その他,施錠せず
窃盗,自転車盗,蒲田,蒲田駅西口交番,131113,東京都,大田区,西蒲田８丁目,2020-01-31,06,駐車（輪）場,駐車（輪）場,10歳代,中学生,施錠せず
窃盗,自転車盗,蒲田,蒲田駅西口交番,131113,東京都,大田区,西蒲田８丁目,2020-02-14,07,駐車（輪）場,駐車（輪）場,10歳代,高校生,施錠せず
窃盗,自転車盗,蒲田,蒲田駅西口交番,131113,東京都,大田区,西蒲田８丁目,2020-03-13,08,駐車（輪）場,駐車（輪）場,20歳代,その他,施錠せず
窃盗,自転車盗,蒲田,蒲田駅西口交番,131113,東京都,大田区,西蒲田８丁目,2020-03-29,16,駐車（輪）場,駐車（輪）場,50歳代,その他,施錠せず
窃盗,自転車盗,蒲田,蒲田駅西口交番,131113,東京都,大田区,西蒲田８丁目,2020-04-12,00,道路上,その他,60-64歳,その他,施錠せず
窃盗,自転車盗,蒲田,蒲田駅西口交番,131113,東京都,大田区,西蒲田８丁目,2020-07-05,00,道路上,その他,30歳代,その他,施錠せず
窃盗,自転車盗,蒲田,蒲田駅西口交番,131113,東京都,大田区,西蒲田８丁目,2020-09-20,20,道路上,その他,10歳代,その他,施錠せず
窃盗,自転車盗,蒲田,蒲田駅西口交番,131113,東京都,大田区,西蒲田８丁目,2020-10-04,18,道路上,その他,10歳代,大学生,施錠せず
窃盗,自転車盗,蒲田,蒲田駅西口交番,131113,東京都,大田区,西蒲田８丁目,2020-10-27,23,その他,その他,50歳代,その他,施錠せず
窃盗,自転車盗,蒲田,蒲田駅西口交番,131113,東京都,大田区,西蒲田８丁目,2020-10-31,21,道路上,その他,10歳代,高校生,施錠せず
窃盗,自転車盗,蒲田,西六郷交番,131113,東京都,大田区,新蒲田１丁目,2019-12-20,18,道路上,その他,10歳代,中学生,施錠せず
窃盗,自転車盗,蒲田,西六郷交番,131113,東京都,大田区,新蒲田２丁目,2020-01-20,16,４階建て以上共同住宅,駐車（輪）場,10歳代,その他,施錠せず
窃盗,自転車盗,蒲田,西六郷交番,131113,東京都,大田区,新蒲田３丁目,2019-12-21,05,道路上,その他,50歳代,その他,施錠せず
窃盗,自転車盗,蒲田,西六郷交番,131113,東京都,大田区,新蒲田３丁目,2020-03-28,04,道路上,その他,10歳代,高校生,施錠せず
窃盗,自転車盗,蒲田,西六郷交番,131113,東京都,大田区,新蒲田３丁目,2020-06-20,17,一戸建住宅,その他,40歳代,その他,施錠せず
窃盗,自転車盗,蒲田,西六郷交番,131113,東京都,大田区,新蒲田３丁目,2020-06-24,15,その他の住宅（３階建て以下共同住宅等）,駐車（輪）場,70歳以上,その他,施錠せず
窃盗,自転車盗,蒲田,西六郷交番,131113,東京都,大田区,新蒲田３丁目,2020-07-12,23,４階建て以上共同住宅,その他,30歳代,その他,施錠せず
窃盗,自転車盗,蒲田,西六郷交番,131113,東京都,大田区,新蒲田３丁目,2020-07-28,14,その他の住宅（３階建て以下共同住宅等）,駐車（輪）場,60-64歳,その他,施錠せず
窃盗,自転車盗,蒲田,西六郷交番,131113,東京都,大田区,新蒲田３丁目,2020-08-08,00,一戸建住宅,その他,40歳代,その他,施錠せず
窃盗,自転車盗,蒲田,西六郷交番,131113,東京都,大田区,新蒲田３丁目,2020-08-12,12,道路上,その他,40歳代,その他,施錠せず
窃盗,自転車盗,蒲田,西六郷交番,131113,東京都,大田区,新蒲田３丁目,2020-09-22,17,道路上,その他,70歳以上,その他,施錠せず
窃盗,自転車盗,蒲田,西六郷交番,131113,東京都,大田区,新蒲田３丁目,2020-11-09,11,一戸建住宅,駐車（輪）場,10歳代,大学生,施錠せず
窃盗,自転車盗,蒲田,西六郷交番,131113,東京都,大田区,新蒲田３丁目,2020-12-15,16,４階建て以上共同住宅,その他,50歳代,その他,施錠せず
窃盗,自転車盗,蒲田,西六郷交番,131113,東京都,大田区,西六郷１丁目,2020-01-15,17,４階建て以上共同住宅,駐車（輪）場,20歳代,その他,施錠せず
窃盗,自転車盗,蒲田,西六郷交番,131113,東京都,大田区,西六郷１丁目,2020-02-02,19,その他の住宅（３階建て以下共同住宅等）,その他,70歳以上,その他,施錠せず
窃盗,自転車盗,蒲田,西六郷交番,131113,東京都,大田区,西六郷１丁目,2020-02-17,13,４階建て以上共同住宅,その他,10歳代,中学生,施錠せず
窃盗,自転車盗,蒲田,西六郷交番,131113,東京都,大田区,西六郷１丁目,2020-04-23,18,４階建て以上共同住宅,駐車（輪）場,20歳代,その他,施錠せず
窃盗,自転車盗,蒲田,西六郷交番,131113,東京都,大田区,西六郷１丁目,2020-07-21,18,その他の住宅（３階建て以下共同住宅等）,駐車（輪）場,20歳代,その他,施錠せず
窃盗,自転車盗,蒲田,西六郷交番,131113,東京都,大田区,西六郷１丁目,2020-08-15,08,駐車（輪）場,駐車（輪）場,20歳代,その他,施錠せず
窃盗,自転車盗,蒲田,西六郷交番,131113,東京都,大田区,西六郷１丁目,2020-09-18,19,その他,駐車（輪）場,70歳以上,その他,施錠せず
窃盗,自転車盗,蒲田,西六郷交番,131113,東京都,大田区,西六郷１丁目,2020-10-20,11,一戸建住宅,その他,40歳代,その他,施錠せず
窃盗,自転車盗,蒲田,西六郷交番,131113,東京都,大田区,西六郷１丁目,2020-11-05,20,一戸建住宅,その他,40歳代,その他,施錠せず
窃盗,自転車盗,蒲田,西六郷交番,131113,東京都,大田区,西六郷２丁目,2019-12-23,21,一戸建住宅,駐車（輪）場,40歳代,その他,施錠せず
窃盗,自転車盗,蒲田,西六郷交番,131113,東京都,大田区,西六郷２丁目,2020-02-27,08,一戸建住宅,その他,30歳代,その他,施錠せず
窃盗,自転車盗,蒲田,西六郷交番,131113,東京都,大田区,西六郷２丁目,2020-03-05,13,その他,その他,30歳代,その他,施錠せず
窃盗,自転車盗,蒲田,西六郷交番,131113,東京都,大田区,西六郷２丁目,2020-06-14,01,その他の住宅（３階建て以下共同住宅等）,その他,30歳代,その他,施錠せず
窃盗,自転車盗,蒲田,西六郷交番,131113,東京都,大田区,西六郷２丁目,2020-06-18,17,その他の住宅（３階建て以下共同住宅等）,駐車（輪）場,10歳代,その他,施錠せず
窃盗,自転車盗,蒲田,西六郷交番,131113,東京都,大田区,西六郷２丁目,2020-07-13,13,一戸建住宅,その他,40歳代,その他,施錠せず
窃盗,自転車盗,蒲田,西六郷交番,131113,東京都,大田区,西六郷２丁目,2020-07-24,16,一戸建住宅,その他,65-69歳,その他,施錠せず
窃盗,自転車盗,蒲田,西六郷交番,131113,東京都,大田区,西六郷２丁目,2020-11-10,18,一戸建住宅,その他,10歳代,大学生,施錠せず
窃盗,自転車盗,蒲田,西六郷交番,131113,東京都,大田区,西六郷３丁目,2020-04-04,18,その他の住宅（３階建て以下共同住宅等）,その他,50歳代,その他,施錠せず
窃盗,自転車盗,蒲田,西六郷交番,131113,東京都,大田区,西六郷３丁目,2020-10-15,15,４階建て以上共同住宅,駐車（輪）場,40歳代,その他,施錠せず
窃盗,自転車盗,蒲田,西六郷交番,131113,東京都,大田区,西六郷３丁目,2020-10-15,18,４階建て以上共同住宅,駐車（輪）場,65-69歳,その他,施錠せず
窃盗,自転車盗,蒲田,西六郷交番,131113,東京都,大田区,西六郷３丁目,2020-12-01,19,一戸建住宅,その他,10歳代,高校生,施錠せず
窃盗,自転車盗,蒲田,西六郷交番,131113,東京都,大田区,西六郷４丁目,2020-02-04,17,４階建て以上共同住宅,駐車（輪）場,20歳代,その他,施錠せず
窃盗,自転車盗,蒲田,西六郷交番,131113,東京都,大田区,西六郷４丁目,2020-02-08,18,４階建て以上共同住宅,駐車（輪）場,40歳代,その他,施錠せず
窃盗,自転車盗,蒲田,西六郷交番,131113,東京都,大田区,西六郷４丁目,2020-06-03,06,その他,駐車（輪）場,50歳代,その他,施錠せず
窃盗,自転車盗,蒲田,西六郷交番,131113,東京都,大田区,西六郷４丁目,2020-08-08,12,一戸建住宅,その他,50歳代,その他,施錠せず
窃盗,自転車盗,蒲田,西六郷交番,131113,東京都,大田区,西六郷４丁目,2020-11-15,18,一戸建住宅,駐車（輪）場,20歳代,その他,施錠せず
窃盗,自転車盗,蒲田,東六郷交番,131113,東京都,大田区,仲六郷３丁目,2020-09-12,15,その他,その他,法人・団体、被害者なし,法人・団体、被害者なし,施錠せず
窃盗,自転車盗,蒲田,東六郷交番,131113,東京都,大田区,仲六郷４丁目,2020-02-03,08,４階建て以上共同住宅,駐車（輪）場,70歳以上,その他,施錠せず
窃盗,自転車盗,蒲田,東六郷交番,131113,東京都,大田区,仲六郷４丁目,2020-02-22,13,４階建て以上共同住宅,駐車（輪）場,10歳代,高校生,施錠せず
窃盗,自転車盗,蒲田,東六郷交番,131113,東京都,大田区,仲六郷４丁目,2020-09-12,07,駐車（輪）場,駐車（輪）場,10歳代,高校生,施錠せず
窃盗,自転車盗,蒲田,東六郷交番,131113,東京都,大田区,仲六郷４丁目,2020-11-27,11,道路上,その他,50歳代,その他,施錠せず
窃盗,自転車盗,蒲田,東六郷交番,131113,東京都,大田区,東六郷１丁目,2020-06-29,22,一戸建住宅,その他,20歳代,大学生,施錠せず
窃盗,自転車盗,蒲田,東六郷交番,131113,東京都,大田区,東六郷３丁目,2020-02-11,08,道路上,その他,70歳以上,その他,施錠せず
窃盗,自転車盗,蒲田,東六郷交番,131113,東京都,大田区,東六郷３丁目,2020-02-25,20,一戸建住宅,駐車（輪）場,50歳代,その他,施錠せず
窃盗,自転車盗,蒲田,東六郷交番,131113,東京都,大田区,東六郷３丁目,2020-03-30,02,駐車（輪）場,駐車（輪）場,50歳代,その他,施錠せず
窃盗,自転車盗,蒲田,東六郷交番,131113,東京都,大田区,東六郷３丁目,2020-05-17,17,その他,その他,20歳代,大学生,施錠せず
窃盗,自転車盗,蒲田,東六郷交番,131113,東京都,大田区,東六郷３丁目,2020-08-02,16,一戸建住宅,その他,50歳代,その他,施錠せず
窃盗,自転車盗,蒲田,東六郷交番,131113,東京都,大田区,東六郷３丁目,2020-10-22,10,駐車（輪）場,駐車（輪）場,70歳以上,その他,施錠せず
窃盗,自転車盗,蒲田,東六郷交番,131113,東京都,大田区,東六郷３丁目,2020-12-04,21,一戸建住宅,その他,20歳代,その他,施錠せず
窃盗,自転車盗,蒲田,東六郷交番,131113,東京都,大田区,南六郷１丁目,2020-02-03,17,４階建て以上共同住宅,駐車（輪）場,10歳代,中学生,施錠せず
窃盗,自転車盗,蒲田,東六郷交番,131113,東京都,大田区,南六郷１丁目,2020-02-10,14,４階建て以上共同住宅,駐車（輪）場,20歳代,大学生,施錠せず
窃盗,自転車盗,蒲田,東六郷交番,131113,東京都,大田区,南六郷１丁目,2020-03-18,15,４階建て以上共同住宅,駐車（輪）場,40歳代,その他,施錠せず
窃盗,自転車盗,蒲田,東六郷交番,131113,東京都,大田区,南六郷１丁目,2020-06-21,20,その他の住宅（３階建て以下共同住宅等）,その他,30歳代,その他,施錠せず
窃盗,自転車盗,蒲田,東六郷交番,131113,東京都,大田区,南六郷２丁目,2016-07-01,00,道路上,その他,30歳代,その他,施錠せず
窃盗,自転車盗,蒲田,東六郷交番,131113,東京都,大田区,南六郷２丁目,2020-01-04,09,道路上,その他,30歳代,その他,施錠せず
窃盗,自転車盗,蒲田,東六郷交番,131113,東京都,大田区,南六郷２丁目,2020-01-09,09,道路上,その他,70歳以上,その他,施錠せず
窃盗,自転車盗,蒲田,東六郷交番,131113,東京都,大田区,南六郷２丁目,2020-01-18,20,一戸建住宅,その他,20歳代,その他,施錠せず
窃盗,自転車盗,蒲田,東六郷交番,131113,東京都,大田区,南六郷２丁目,2020-02-26,07,一戸建住宅,その他,30歳代,その他,施錠せず
窃盗,自転車盗,蒲田,東六郷交番,131113,東京都,大田区,南六郷２丁目,2020-03-08,21,４階建て以上共同住宅,駐車（輪）場,30歳代,その他,施錠せず
窃盗,自転車盗,蒲田,東六郷交番,131113,東京都,大田区,南六郷２丁目,2020-03-18,16,その他の住宅（３階建て以下共同住宅等）,駐車（輪）場,20歳代,その他,施錠せず
窃盗,自転車盗,蒲田,東六郷交番,131113,東京都,大田区,南六郷２丁目,2020-08-07,16,４階建て以上共同住宅,その他,10歳代,小学生,施錠せず
窃盗,自転車盗,蒲田,東六郷交番,131113,東京都,大田区,南六郷２丁目,2020-08-07,19,４階建て以上共同住宅,駐車（輪）場,40歳代,その他,施錠せず
窃盗,自転車盗,蒲田,東六郷交番,131113,東京都,大田区,南六郷２丁目,2020-08-17,11,４階建て以上共同住宅,駐車（輪）場,40歳代,その他,施錠せず
窃盗,自転車盗,蒲田,東六郷交番,131113,東京都,大田区,南六郷２丁目,2020-11-10,22,４階建て以上共同住宅,駐車（輪）場,20歳代,その他,施錠せず
窃盗,自転車盗,蒲田,東六郷交番,131113,東京都,大田区,南六郷２丁目,2020-11-19,11,４階建て以上共同住宅,駐車（輪）場,30歳代,その他,施錠せず
窃盗,自転車盗,蒲田,東六郷交番,131113,東京都,大田区,南六郷３丁目,2020-02-25,17,一戸建住宅,駐車（輪）場,30歳代,その他,施錠せず
窃盗,自転車盗,蒲田,東六郷交番,131113,東京都,大田区,南六郷３丁目,2020-04-11,11,その他,駐車（輪）場,50歳代,その他,施錠せず
窃盗,自転車盗,蒲田,東六郷交番,131113,東京都,大田区,南六郷３丁目,2020-07-10,20,４階建て以上共同住宅,駐車（輪）場,20歳代,その他,施錠せず
窃盗,自転車盗,蒲田,東六郷交番,131113,東京都,大田区,南六郷３丁目,2020-11-14,08,その他,その他,20歳代,その他,施錠せず
窃盗,自転車盗,蒲田,雑色交番,131113,東京都,大田区,仲六郷３丁目,2020-02-11,15,道路上,その他,70歳以上,その他,施錠せず
窃盗,自転車盗,蒲田,雑色交番,131113,東京都,大田区,蒲田５丁目,2020-09-26,06,駐車（輪）場,駐車（輪）場,20歳代,その他,施錠せず
窃盗,自転車盗,蒲田,雑色交番,131113,東京都,大田区,仲六郷１丁目,2020-01-08,10,道路上,その他,10歳代,高校生,施錠せず
窃盗,自転車盗,蒲田,雑色交番,131113,東京都,大田区,仲六郷１丁目,2020-02-01,22,道路上,その他,20歳代,その他,施錠せず
窃盗,自転車盗,蒲田,雑色交番,131113,東京都,大田区,仲六郷１丁目,2020-03-09,14,一戸建住宅,その他,65-69歳,その他,施錠せず
窃盗,自転車盗,蒲田,雑色交番,131113,東京都,大田区,仲六郷１丁目,2020-04-20,19,その他の住宅（３階建て以下共同住宅等）,駐車（輪）場,65-69歳,その他,施錠せず
窃盗,自転車盗,蒲田,雑色交番,131113,東京都,大田区,仲六郷１丁目,2020-05-29,15,道路上,その他,10歳代,中学生,施錠せず
窃盗,自転車盗,蒲田,雑色交番,131113,東京都,大田区,仲六郷１丁目,2020-06-10,22,道路上,その他,70歳以上,その他,施錠せず
窃盗,自転車盗,蒲田,雑色交番,131113,東京都,大田区,仲六郷１丁目,2020-07-19,14,その他,駐車（輪）場,10歳代,高校生,施錠せず
窃盗,自転車盗,蒲田,雑色交番,131113,東京都,大田区,仲六郷１丁目,2020-09-18,15,４階建て以上共同住宅,駐車（輪）場,70歳以上,その他,施錠せず
窃盗,自転車盗,蒲田,雑色交番,131113,東京都,大田区,仲六郷１丁目,2020-12-05,06,４階建て以上共同住宅,駐車（輪）場,40歳代,その他,施錠せず
窃盗,自転車盗,蒲田,雑色交番,131113,東京都,大田区,仲六郷２丁目,2020-01-03,23,その他,駐車（輪）場,30歳代,その他,施錠せず
窃盗,自転車盗,蒲田,雑色交番,131113,東京都,大田区,仲六郷２丁目,2020-01-18,20,道路上,その他,20歳代,その他,施錠せず
窃盗,自転車盗,蒲田,雑色交番,131113,東京都,大田区,仲六郷２丁目,2020-02-23,10,道路上,その他,65-69歳,その他,施錠せず
窃盗,自転車盗,蒲田,雑色交番,131113,東京都,大田区,仲六郷２丁目,2020-04-22,07,駐車（輪）場,駐車（輪）場,30歳代,その他,施錠せず
窃盗,自転車盗,蒲田,雑色交番,131113,東京都,大田区,仲六郷２丁目,2020-06-12,22,道路上,その他,10歳代,その他,施錠せず
窃盗,自転車盗,蒲田,雑色交番,131113,東京都,大田区,仲六郷２丁目,2020-07-16,22,道路上,その他,20歳代,その他,施錠せず
窃盗,自転車盗,蒲田,雑色交番,131113,東京都,大田区,仲六郷２丁目,2020-07-24,15,道路上,その他,20歳代,その他,施錠せず
窃盗,自転車盗,蒲田,雑色交番,131113,東京都,大田区,仲六郷２丁目,2020-08-18,11,駐車（輪）場,駐車（輪）場,20歳代,その他,施錠せず
窃盗,自転車盗,蒲田,雑色交番,131113,東京都,大田区,仲六郷２丁目,2020-09-25,09,駐車（輪）場,駐車（輪）場,20歳代,その他,施錠せず
窃盗,自転車盗,蒲田,雑色交番,131113,東京都,大田区,仲六郷２丁目,2020-10-16,09,その他,駐車（輪）場,20歳代,その他,施錠せず
窃盗,自転車盗,蒲田,雑色交番,131113,東京都,大田区,仲六郷２丁目,2020-10-16,19,道路上,その他,40歳代,その他,施錠せず
窃盗,自転車盗,蒲田,雑色交番,131113,東京都,大田区,仲六郷２丁目,2020-10-25,17,４階建て以上共同住宅,駐車（輪）場,20歳代,その他,施錠せず
窃盗,自転車盗,蒲田,雑色交番,131113,東京都,大田区,仲六郷２丁目,2020-10-26,18,その他,駐車（輪）場,20歳代,その他,施錠せず
窃盗,自転車盗,蒲田,雑色交番,131113,東京都,大田区,仲六郷２丁目,2020-11-01,11,道路上,その他,60-64歳,その他,施錠せず
窃盗,自転車盗,蒲田,雑色交番,131113,東京都,大田区,仲六郷２丁目,2020-12-11,16,その他の住宅（３階建て以下共同住宅等）,駐車（輪）場,40歳代,その他,施錠せず
窃盗,自転車盗,蒲田,雑色交番,131113,東京都,大田区,仲六郷３丁目,2020-01-30,08,駐車（輪）場,駐車（輪）場,50歳代,その他,施錠せず
窃盗,自転車盗,蒲田,雑色交番,131113,東京都,大田区,仲六郷３丁目,2020-07-29,08,駐車（輪）場,駐車（輪）場,10歳代,高校生,施錠せず
窃盗,自転車盗,蒲田,雑色交番,131113,東京都,大田区,仲六郷３丁目,2020-10-25,15,その他,駐車（輪）場,50歳代,その他,施錠せず
窃盗,自転車盗,蒲田,雑色交番,131113,東京都,大田区,東六郷１丁目,2020-01-25,12,道路上,その他,30歳代,その他,施錠せず
窃盗,自転車盗,蒲田,雑色交番,131113,東京都,大田区,東六郷１丁目,2020-08-10,18,４階建て以上共同住宅,駐車（輪）場,30歳代,その他,施錠せず
窃盗,自転車盗,蒲田,雑色交番,131113,東京都,大田区,東六郷１丁目,2020-11-23,22,一戸建住宅,その他,50歳代,その他,施錠せず
窃盗,自転車盗,蒲田,雑色交番,131113,東京都,大田区,東六郷２丁目,2020-02-29,01,４階建て以上共同住宅,駐車（輪）場,40歳代,その他,施錠せず
窃盗,自転車盗,蒲田,雑色交番,131113,東京都,大田区,東六郷２丁目,2020-05-13,09,一戸建住宅,その他,10歳代,中学生,施錠せず
窃盗,自転車盗,蒲田,雑色交番,131113,東京都,大田区,東六郷２丁目,2020-06-22,00,道路上,その他,70歳以上,その他,施錠せず
窃盗,自転車盗,蒲田,雑色交番,131113,東京都,大田区,東六郷２丁目,2020-09-27,18,道路上,その他,70歳以上,その他,施錠せず
窃盗,自転車盗,蒲田,雑色交番,131113,東京都,大田区,東六郷２丁目,2020-12-13,18,その他,駐車（輪）場,65-69歳,その他,施錠せず
窃盗,自転車盗,蒲田,日の出通交番,131113,東京都,大田区,西糀谷１丁目,2020-01-26,19,道路上,その他,30歳代,その他,施錠せず
窃盗,自転車盗,蒲田,日の出通交番,131113,東京都,大田区,西糀谷１丁目,2020-04-25,22,一戸建住宅,その他,10歳代,大学生,施錠せず
窃盗,自転車盗,蒲田,日の出通交番,131113,東京都,大田区,西糀谷１丁目,2020-05-15,08,道路上,その他,40歳代,その他,施錠せず
窃盗,自転車盗,蒲田,日の出通交番,131113,東京都,大田区,西糀谷１丁目,2020-05-27,00,一戸建住宅,その他,20歳代,大学生,施錠せず
窃盗,自転車盗,蒲田,日の出通交番,131113,東京都,大田区,西糀谷１丁目,2020-06-02,18,道路上,その他,20歳代,その他,施錠せず
窃盗,自転車盗,蒲田,日の出通交番,131113,東京都,大田区,西糀谷１丁目,2020-06-27,02,道路上,その他,50歳代,その他,施錠せず
窃盗,自転車盗,蒲田,日の出通交番,131113,東京都,大田区,西糀谷１丁目,2020-12-11,17,４階建て以上共同住宅,駐車（輪）場,10歳代,高校生,施錠せず
窃盗,自転車盗,蒲田,日の出通交番,131113,東京都,大田区,西糀谷４丁目,2019-12-28,11,４階建て以上共同住宅,駐車（輪）場,70歳以上,その他,施錠せず
窃盗,自転車盗,蒲田,日の出通交番,131113,東京都,大田区,西糀谷４丁目,2019-12-29,11,その他,駐車（輪）場,10歳代,高校生,施錠せず
窃盗,自転車盗,蒲田,日の出通交番,131113,東京都,大田区,西糀谷４丁目,2020-01-17,16,道路上,その他,30歳代,その他,施錠せず
窃盗,自転車盗,蒲田,日の出通交番,131113,東京都,大田区,西糀谷４丁目,2020-01-28,18,その他の住宅（３階建て以下共同住宅等）,駐車（輪）場,20歳代,その他,施錠せず
窃盗,自転車盗,蒲田,日の出通交番,131113,東京都,大田区,西糀谷４丁目,2020-02-03,23,道路上,その他,20歳代,その他,施錠せず
窃盗,自転車盗,蒲田,日の出通交番,131113,東京都,大田区,西糀谷４丁目,2020-03-11,06,一戸建住宅,その他,40歳代,その他,施錠せず
窃盗,自転車盗,蒲田,日の出通交番,131113,東京都,大田区,西糀谷４丁目,2020-03-30,13,道路上,その他,50歳代,その他,施錠せず
窃盗,自転車盗,蒲田,日の出通交番,131113,東京都,大田区,西糀谷４丁目,2020-04-21,17,一戸建住宅,その他,50歳代,その他,施錠せず
窃盗,自転車盗,蒲田,日の出通交番,131113,東京都,大田区,西糀谷４丁目,2020-04-30,05,駐車（輪）場,駐車（輪）場,30歳代,その他,施錠せず
窃盗,自転車盗,蒲田,日の出通交番,131113,東京都,大田区,西糀谷４丁目,2020-07-26,15,道路上,その他,30歳代,その他,施錠せず
窃盗,自転車盗,蒲田,日の出通交番,131113,東京都,大田区,西糀谷４丁目,2020-09-18,23,道路上,その他,20歳代,その他,施錠せず
窃盗,自転車盗,蒲田,日の出通交番,131113,東京都,大田区,西糀谷４丁目,2020-10-30,13,道路上,その他,30歳代,その他,施錠せず
窃盗,自転車盗,蒲田,日の出通交番,131113,東京都,大田区,西糀谷４丁目,2020-11-06,21,道路上,その他,50歳代,その他,施錠せず
窃盗,自転車盗,蒲田,日の出通交番,131113,東京都,大田区,西糀谷４丁目,2020-11-25,22,４階建て以上共同住宅,駐車（輪）場,30歳代,その他,施錠せず
窃盗,自転車盗,蒲田,日の出通交番,131113,東京都,大田区,萩中２丁目,2020-07-23,21,道路上,その他,10歳代,大学生,施錠せず
窃盗,自転車盗,蒲田,日の出通交番,131113,東京都,大田区,南蒲田１丁目,2020-06-06,01,一戸建住宅,その他,30歳代,その他,施錠せず
窃盗,自転車盗,蒲田,日の出通交番,131113,東京都,大田区,南蒲田１丁目,2020-08-15,17,道路上,その他,10歳代,高校生,施錠せず
窃盗,自転車盗,蒲田,日の出通交番,131113,東京都,大田区,南蒲田２丁目,2020-02-20,19,４階建て以上共同住宅,駐車（輪）場,50歳代,その他,施錠せず
窃盗,自転車盗,蒲田,日の出通交番,131113,東京都,大田区,南蒲田２丁目,2020-04-04,14,その他,駐車（輪）場,20歳代,その他,施錠せず
窃盗,自転車盗,蒲田,日の出通交番,131113,東京都,大田区,南蒲田２丁目,2020-05-29,21,その他,駐車（輪）場,20歳代,その他,施錠せず
窃盗,自転車盗,蒲田,日の出通交番,131113,東京都,大田区,南蒲田２丁目,2020-06-24,18,４階建て以上共同住宅,駐車（輪）場,30歳代,その他,施錠せず
窃盗,自転車盗,蒲田,日の出通交番,131113,東京都,大田区,南蒲田２丁目,2020-08-24,07,その他,駐車（輪）場,70歳以上,その他,施錠せず
窃盗,自転車盗,蒲田,日の出通交番,131113,東京都,大田区,南蒲田３丁目,2020-10-01,19,一戸建住宅,駐車（輪）場,60-64歳,その他,施錠せず
窃盗,自転車盗,蒲田,本羽田交番,131113,東京都,大田区,萩中１丁目,2020-01-12,12,４階建て以上共同住宅,駐車（輪）場,20歳代,大学生,施錠せず
窃盗,自転車盗,蒲田,本羽田交番,131113,東京都,大田区,萩中１丁目,2020-02-12,23,その他の住宅（３階建て以下共同住宅等）,その他,40歳代,その他,施錠せず
窃盗,自転車盗,蒲田,本羽田交番,131113,東京都,大田区,萩中１丁目,2020-07-24,16,４階建て以上共同住宅,駐車（輪）場,40歳代,その他,施錠せず
窃盗,自転車盗,蒲田,本羽田交番,131113,東京都,大田区,萩中２丁目,2019-12-18,15,その他,駐車（輪）場,50歳代,その他,施錠せず
窃盗,自転車盗,蒲田,本羽田交番,131113,東京都,大田区,萩中２丁目,2020-03-18,21,その他,駐車（輪）場,40歳代,その他,施錠せず
窃盗,自転車盗,蒲田,本羽田交番,131113,東京都,大田区,萩中２丁目,2020-06-25,13,一戸建住宅,その他,10歳代,中学生,施錠せず
窃盗,自転車盗,蒲田,本羽田交番,131113,東京都,大田区,萩中２丁目,2020-07-01,15,その他,駐車（輪）場,50歳代,その他,施錠せず
窃盗,自転車盗,蒲田,本羽田交番,131113,東京都,大田区,萩中２丁目,2020-07-31,07,道路上,その他,40歳代,その他,施錠せず
窃盗,自転車盗,蒲田,本羽田交番,131113,東京都,大田区,本羽田１丁目,2020-01-11,16,４階建て以上共同住宅,駐車（輪）場,40歳代,その他,施錠せず
窃盗,自転車盗,蒲田,本羽田交番,131113,東京都,大田区,本羽田１丁目,2020-02-24,21,その他の住宅（３階建て以下共同住宅等）,駐車（輪）場,20歳代,その他,施錠せず
窃盗,自転車盗,蒲田,本羽田交番,131113,東京都,大田区,本羽田２丁目,2020-05-31,10,その他,駐車（輪）場,10歳代,高校生,施錠せず
窃盗,自転車盗,蒲田,本羽田交番,131113,東京都,大田区,本羽田２丁目,2020-08-12,18,４階建て以上共同住宅,駐車（輪）場,20歳代,その他,施錠せず
窃盗,自転車盗,蒲田,本羽田交番,131113,東京都,大田区,南六郷１丁目,2020-01-04,00,一戸建住宅,駐車（輪）場,10歳代,高校生,施錠せず
窃盗,自転車盗,蒲田,本羽田交番,131113,東京都,大田区,南六郷１丁目,2020-06-07,23,４階建て以上共同住宅,駐車（輪）場,60-64歳,その他,施錠せず
窃盗,自転車盗,蒲田,大鳥居交番,131113,東京都,大田区,蒲田２丁目,2020-03-17,15,４階建て以上共同住宅,その他,40歳代,その他,施錠せず
窃盗,自転車盗,蒲田,大鳥居交番,131113,東京都,大田区,西糀谷３丁目,2020-01-27,20,４階建て以上共同住宅,その他,40歳代,その他,施錠せず
窃盗,自転車盗,蒲田,大鳥居交番,131113,東京都,大田区,西糀谷３丁目,2020-03-19,19,一戸建住宅,その他,法人・団体、被害者なし,法人・団体、被害者なし,施錠せず
窃盗,自転車盗,蒲田,大鳥居交番,131113,東京都,大田区,西糀谷３丁目,2020-04-29,11,一戸建住宅,その他,40歳代,その他,施錠せず
窃盗,自転車盗,蒲田,大鳥居交番,131113,東京都,大田区,西糀谷３丁目,2020-10-31,20,道路上,その他,50歳代,その他,施錠せず
窃盗,自転車盗,蒲田,大鳥居交番,131113,東京都,大田区,萩中３丁目,2020-02-20,13,その他,駐車（輪）場,65-69歳,その他,施錠せず
窃盗,自転車盗,蒲田,大鳥居交番,131113,東京都,大田区,萩中３丁目,2020-02-23,19,その他,駐車（輪）場,40歳代,その他,施錠せず
窃盗,自転車盗,蒲田,大鳥居交番,131113,東京都,大田区,萩中３丁目,2020-11-02,23,４階建て以上共同住宅,駐車（輪）場,20歳代,その他,施錠せず
窃盗,自転車盗,蒲田,大鳥居交番,131113,東京都,大田区,萩中３丁目,2020-12-06,09,その他,その他,50歳代,その他,施錠せず
窃盗,自転車盗,蒲田,大鳥居交番,131113,東京都,大田区,羽田１丁目,2020-02-05,13,４階建て以上共同住宅,その他,10歳代,中学生,施錠せず
窃盗,自転車盗,蒲田,大鳥居交番,131113,東京都,大田区,羽田１丁目,2020-03-20,08,その他の住宅（３階建て以下共同住宅等）,駐車（輪）場,60-64歳,その他,施錠せず
窃盗,自転車盗,蒲田,大鳥居交番,131113,東京都,大田区,羽田１丁目,2020-04-30,19,一戸建住宅,その他,法人・団体、被害者なし,法人・団体、被害者なし,施錠せず
窃盗,自転車盗,蒲田,大鳥居交番,131113,東京都,大田区,羽田２丁目,2020-03-25,15,道路上,その他,10歳代,小学生,施錠せず
窃盗,自転車盗,蒲田,大鳥居交番,131113,東京都,大田区,羽田２丁目,2020-06-20,18,一戸建住宅,駐車（輪）場,50歳代,その他,施錠せず
窃盗,自転車盗,蒲田,大鳥居交番,131113,東京都,大田区,羽田２丁目,2020-10-17,07,一戸建住宅,その他,40歳代,その他,施錠せず
窃盗,自転車盗,蒲田,大鳥居交番,131113,東京都,大田区,羽田３丁目,2020-04-04,00,道路上,その他,30歳代,その他,施錠せず
窃盗,自転車盗,蒲田,大鳥居交番,131113,東京都,大田区,羽田３丁目,2020-10-12,01,その他の住宅（３階建て以下共同住宅等）,駐車（輪）場,20歳代,その他,施錠せず
窃盗,自転車盗,蒲田,大鳥居交番,131113,東京都,大田区,羽田４丁目,2020-01-21,23,道路上,その他,30歳代,その他,施錠せず
窃盗,自転車盗,蒲田,大鳥居交番,131113,東京都,大田区,羽田４丁目,2020-01-25,16,その他の住宅（３階建て以下共同住宅等）,駐車（輪）場,20歳代,その他,施錠せず
窃盗,自転車盗,蒲田,大鳥居交番,131113,東京都,大田区,羽田５丁目,2019-12-20,23,道路上,その他,10歳代,高校生,施錠せず
窃盗,自転車盗,蒲田,大鳥居交番,131113,東京都,大田区,羽田５丁目,2020-03-05,23,駐車（輪）場,駐車（輪）場,20歳代,その他,施錠せず
窃盗,自転車盗,蒲田,大鳥居交番,131113,東京都,大田区,羽田旭町,2020-06-01,00,道路上,その他,30歳代,その他,施錠せず
窃盗,自転車盗,蒲田,大鳥居交番,131113,東京都,大田区,羽田旭町,2020-07-17,18,その他,その他,40歳代,その他,施錠せず
窃盗,自転車盗,蒲田,大鳥居交番,131113,東京都,大田区,東糀谷２丁目,2020-10-17,06,一戸建住宅,その他,20歳代,大学生,施錠せず
窃盗,自転車盗,蒲田,大鳥居交番,131113,東京都,大田区,東糀谷３丁目,2020-02-02,23,その他,駐車（輪）場,10歳代,大学生,施錠せず
窃盗,自転車盗,蒲田,大鳥居交番,131113,東京都,大田区,東糀谷３丁目,2020-02-22,20,４階建て以上共同住宅,その他,10歳代,高校生,施錠せず
窃盗,自転車盗,蒲田,大鳥居交番,131113,東京都,大田区,東糀谷３丁目,2020-03-19,10,その他,その他,20歳代,その他,施錠せず
窃盗,自転車盗,蒲田,大鳥居交番,131113,東京都,大田区,東糀谷３丁目,2020-12-12,18,４階建て以上共同住宅,駐車（輪）場,30歳代,その他,施錠せず
窃盗,自転車盗,蒲田,大鳥居交番,131113,東京都,大田区,本羽田３丁目,2020-01-03,19,４階建て以上共同住宅,駐車（輪）場,30歳代,その他,施錠せず
窃盗,自転車盗,蒲田,大鳥居交番,131113,東京都,大田区,本羽田３丁目,2020-07-18,21,４階建て以上共同住宅,駐車（輪）場,10歳代,高校生,施錠せず
窃盗,自転車盗,蒲田,大鳥居交番,131113,東京都,大田区,本羽田３丁目,2020-08-01,19,４階建て以上共同住宅,駐車（輪）場,40歳代,その他,施錠せず
窃盗,自転車盗,蒲田,大鳥居交番,131113,東京都,大田区,本羽田３丁目,2020-08-06,19,その他,駐車（輪）場,20歳代,その他,施錠せず
窃盗,自転車盗,蒲田,北糀谷交番,131113,東京都,大田区,大森南１丁目,2020-01-31,06,４階建て以上共同住宅,駐車（輪）場,40歳代,その他,施錠せず
窃盗,自転車盗,蒲田,北糀谷交番,131113,東京都,大田区,大森南１丁目,2020-03-01,22,４階建て以上共同住宅,駐車（輪）場,60-64歳,その他,施錠せず
窃盗,自転車盗,蒲田,北糀谷交番,131113,東京都,大田区,大森南１丁目,2020-04-26,17,その他,駐車（輪）場,70歳以上,その他,施錠せず
窃盗,自転車盗,蒲田,北糀谷交番,131113,東京都,大田区,大森南１丁目,2020-06-07,18,４階建て以上共同住宅,駐車（輪）場,30歳代,その他,施錠せず
窃盗,自転車盗,蒲田,北糀谷交番,131113,東京都,大田区,大森南１丁目,2020-06-17,20,４階建て以上共同住宅,駐車（輪）場,20歳代,その他,施錠せず
窃盗,自転車盗,蒲田,北糀谷交番,131113,東京都,大田区,大森南１丁目,2020-10-05,17,一戸建住宅,その他,20歳代,その他,施錠せず
窃盗,自転車盗,蒲田,北糀谷交番,131113,東京都,大田区,北糀谷１丁目,2020-01-20,16,道路上,その他,40歳代,その他,施錠せず
窃盗,自転車盗,蒲田,北糀谷交番,131113,東京都,大田区,北糀谷１丁目,2020-03-09,11,４階建て以上共同住宅,その他,70歳以上,その他,施錠せず
窃盗,自転車盗,蒲田,北糀谷交番,131113,東京都,大田区,北糀谷１丁目,2020-07-16,21,４階建て以上共同住宅,その他,30歳代,その他,施錠せず
窃盗,自転車盗,蒲田,北糀谷交番,131113,東京都,大田区,北糀谷１丁目,2020-08-28,18,４階建て以上共同住宅,駐車（輪）場,70歳以上,その他,施錠せず
窃盗,自転車盗,蒲田,北糀谷交番,131113,東京都,大田区,北糀谷１丁目,2020-09-12,12,その他の住宅（３階建て以下共同住宅等）,駐車（輪）場,10歳代,高校生,施錠せず
窃盗,自転車盗,蒲田,北糀谷交番,131113,東京都,大田区,北糀谷１丁目,2020-10-20,18,その他の住宅（３階建て以下共同住宅等）,その他,70歳以上,その他,施錠せず
窃盗,自転車盗,蒲田,北糀谷交番,131113,東京都,大田区,北糀谷１丁目,2020-11-27,18,その他の住宅（３階建て以下共同住宅等）,その他,10歳代,高校生,施錠せず
窃盗,自転車盗,蒲田,北糀谷交番,131113,東京都,大田区,北糀谷１丁目,2020-12-16,22,その他の住宅（３階建て以下共同住宅等）,駐車（輪）場,20歳代,その他,施錠せず
窃盗,自転車盗,蒲田,北糀谷交番,131113,東京都,大田区,北糀谷２丁目,2020-03-24,21,道路上,その他,30歳代,その他,施錠せず
窃盗,自転車盗,蒲田,北糀谷交番,131113,東京都,大田区,北糀谷２丁目,2020-04-11,13,４階建て以上共同住宅,駐車（輪）場,20歳代,その他,施錠せず
窃盗,自転車盗,蒲田,北糀谷交番,131113,東京都,大田区,北糀谷２丁目,2020-06-09,18,その他の住宅（３階建て以下共同住宅等）,その他,40歳代,その他,施錠せず
窃盗,自転車盗,蒲田,北糀谷交番,131113,東京都,大田区,北糀谷２丁目,2020-11-19,19,４階建て以上共同住宅,駐車（輪）場,50歳代,その他,施錠せず
窃盗,自転車盗,蒲田,北糀谷交番,131113,東京都,大田区,西糀谷１丁目,2020-03-03,08,一戸建住宅,その他,40歳代,その他,施錠せず
窃盗,自転車盗,蒲田,北糀谷交番,131113,東京都,大田区,西糀谷１丁目,2020-11-11,22,４階建て以上共同住宅,駐車（輪）場,50歳代,その他,施錠せず
窃盗,自転車盗,蒲田,北糀谷交番,131113,東京都,大田区,西糀谷２丁目,2019-12-27,10,その他,駐車（輪）場,20歳代,大学生,施錠せず
窃盗,自転車盗,蒲田,北糀谷交番,131113,東京都,大田区,西糀谷２丁目,2020-02-20,00,その他の住宅（３階建て以下共同住宅等）,その他,20歳代,その他,施錠せず
窃盗,自転車盗,蒲田,北糀谷交番,131113,東京都,大田区,西糀谷２丁目,2020-04-19,20,４階建て以上共同住宅,駐車（輪）場,20歳代,その他,施錠せず
窃盗,自転車盗,蒲田,北糀谷交番,131113,東京都,大田区,西糀谷２丁目,2020-05-16,08,一戸建住宅,その他,40歳代,その他,施錠せず
窃盗,自転車盗,蒲田,北糀谷交番,131113,東京都,大田区,西糀谷２丁目,2020-10-13,22,その他の住宅（３階建て以下共同住宅等）,その他,10歳代,高校生,施錠せず
窃盗,自転車盗,蒲田,北糀谷交番,131113,東京都,大田区,西糀谷２丁目,2020-11-16,18,その他の住宅（３階建て以下共同住宅等）,駐車（輪）場,20歳代,その他,施錠せず
窃盗,自転車盗,蒲田,北糀谷交番,131113,東京都,大田区,西糀谷３丁目,2019-12-27,08,道路上,その他,50歳代,その他,施錠せず
窃盗,自転車盗,蒲田,北糀谷交番,131113,東京都,大田区,西糀谷３丁目,2020-04-05,12,その他の住宅（３階建て以下共同住宅等）,駐車（輪）場,20歳代,その他,施錠せず
窃盗,自転車盗,蒲田,北糀谷交番,131113,東京都,大田区,西糀谷３丁目,2020-09-17,18,４階建て以上共同住宅,駐車（輪）場,10歳代,高校生,施錠せず
窃盗,自転車盗,蒲田,北糀谷交番,131113,東京都,大田区,東糀谷４丁目,2020-01-26,08,その他の住宅（３階建て以下共同住宅等）,駐車（輪）場,30歳代,その他,施錠せず
窃盗,自転車盗,蒲田,北糀谷交番,131113,東京都,大田区,東糀谷４丁目,2020-03-19,12,道路上,その他,40歳代,その他,施錠せず
窃盗,自転車盗,蒲田,北糀谷交番,131113,東京都,大田区,東糀谷４丁目,2020-05-18,15,その他,駐車（輪）場,10歳代,中学生,施錠せず
窃盗,自転車盗,蒲田,北糀谷交番,131113,東京都,大田区,東糀谷４丁目,2020-06-05,17,道路上,その他,70歳以上,その他,施錠せず
窃盗,自転車盗,蒲田,北糀谷交番,131113,東京都,大田区,東糀谷６丁目,2020-05-18,00,４階建て以上共同住宅,駐車（輪）場,10歳代,その他,施錠せず
窃盗,自転車盗,池上,,,,,,2020-01-20,10,駐車（輪）場,駐車（輪）場,20歳代,その他,施錠せず
窃盗,自転車盗,池上,市野倉交番,131113,東京都,大田区,池上１丁目,2020-10-13,12,道路上,その他,40歳代,その他,施錠せず
窃盗,自転車盗,池上,市野倉交番,131113,東京都,大田区,中央５丁目,2020-02-09,14,一戸建住宅,その他,30歳代,その他,施錠せず
窃盗,自転車盗,池上,市野倉交番,131113,東京都,大田区,中央６丁目,2019-12-27,14,道路上,その他,30歳代,その他,施錠せず
窃盗,自転車盗,池上,市野倉交番,131113,東京都,大田区,中央６丁目,2020-10-15,15,道路上,その他,70歳以上,その他,施錠せず
窃盗,自転車盗,池上,市野倉交番,131113,東京都,大田区,中央６丁目,2020-10-24,22,その他の住宅（３階建て以下共同住宅等）,その他,10歳代,その他,施錠せず
窃盗,自転車盗,池上,市野倉交番,131113,東京都,大田区,中央７丁目,2020-05-10,21,その他の住宅（３階建て以下共同住宅等）,駐車（輪）場,10歳代,その他,施錠せず
窃盗,自転車盗,池上,市野倉交番,131113,東京都,大田区,中央７丁目,2020-07-23,06,道路上,その他,50歳代,その他,施錠せず
窃盗,自転車盗,池上,市野倉交番,131113,東京都,大田区,中央７丁目,2020-10-16,14,道路上,その他,50歳代,その他,施錠せず
窃盗,自転車盗,池上,市野倉交番,131113,東京都,大田区,中央８丁目,2020-01-24,13,一戸建住宅,駐車（輪）場,30歳代,その他,施錠せず
窃盗,自転車盗,池上,市野倉交番,131113,東京都,大田区,中央８丁目,2020-02-11,19,道路上,その他,10歳代,高校生,施錠せず
窃盗,自転車盗,池上,市野倉交番,131113,東京都,大田区,中央８丁目,2020-03-10,21,一戸建住宅,駐車（輪）場,10歳代,中学生,施錠せず
窃盗,自転車盗,池上,市野倉交番,131113,東京都,大田区,中央８丁目,2020-03-20,06,駐車（輪）場,駐車（輪）場,20歳代,その他,施錠せず
窃盗,自転車盗,池上,市野倉交番,131113,東京都,大田区,中央８丁目,2020-04-17,18,４階建て以上共同住宅,その他,20歳代,その他,施錠せず
窃盗,自転車盗,池上,市野倉交番,131113,東京都,大田区,中央８丁目,2020-05-12,12,４階建て以上共同住宅,その他,40歳代,その他,施錠せず
窃盗,自転車盗,池上,市野倉交番,131113,東京都,大田区,中央８丁目,2020-05-31,19,一戸建住宅,その他,30歳代,その他,施錠せず
窃盗,自転車盗,池上,市野倉交番,131113,東京都,大田区,中央８丁目,2020-06-02,22,一戸建住宅,駐車（輪）場,50歳代,その他,施錠せず
窃盗,自転車盗,池上,市野倉交番,131113,東京都,大田区,中央８丁目,2020-06-16,22,一戸建住宅,駐車（輪）場,50歳代,その他,施錠せず
窃盗,自転車盗,池上,市野倉交番,131113,東京都,大田区,中央８丁目,2020-06-28,18,一戸建住宅,その他,10歳代,中学生,施錠せず
窃盗,自転車盗,池上,市野倉交番,131113,東京都,大田区,中央８丁目,2020-07-11,17,一戸建住宅,その他,70歳以上,その他,施錠せず
窃盗,自転車盗,池上,市野倉交番,131113,東京都,大田区,中央８丁目,2020-07-20,19,４階建て以上共同住宅,その他,30歳代,その他,施錠せず
窃盗,自転車盗,池上,市野倉交番,131113,東京都,大田区,中央８丁目,2020-09-07,19,その他の住宅（３階建て以下共同住宅等）,駐車（輪）場,20歳代,その他,施錠せず
窃盗,自転車盗,池上,市野倉交番,131113,東京都,大田区,中央８丁目,2020-09-14,18,道路上,その他,70歳以上,その他,施錠せず
窃盗,自転車盗,池上,市野倉交番,131113,東京都,大田区,中央８丁目,2020-10-20,18,一戸建住宅,駐車（輪）場,10歳代,小学生,施錠せず
窃盗,自転車盗,池上,市野倉交番,131113,東京都,大田区,中央８丁目,2020-11-18,11,その他,駐車（輪）場,70歳以上,その他,施錠せず
窃盗,自転車盗,池上,南馬込交番,131113,東京都,大田区,山王４丁目,2020-06-19,03,４階建て以上共同住宅,駐車（輪）場,20歳代,その他,施錠せず
窃盗,自転車盗,池上,南馬込交番,131113,東京都,大田区,山王４丁目,2020-08-22,18,一戸建住宅,駐車（輪）場,30歳代,その他,施錠せず
窃盗,自転車盗,池上,南馬込交番,131113,東京都,大田区,南馬込２丁目,2020-07-10,11,４階建て以上共同住宅,駐車（輪）場,40歳代,その他,施錠せず
窃盗,自転車盗,池上,南馬込交番,131113,東京都,大田区,南馬込２丁目,2020-07-10,18,道路上,その他,30歳代,その他,施錠せず
窃盗,自転車盗,池上,南馬込交番,131113,東京都,大田区,南馬込４丁目,2020-07-22,20,４階建て以上共同住宅,駐車（輪）場,10歳代,大学生,施錠せず
窃盗,自転車盗,池上,南馬込交番,131113,東京都,大田区,南馬込４丁目,2020-09-28,10,４階建て以上共同住宅,その他,10歳代,高校生,施錠せず
窃盗,自転車盗,池上,三本松交番,131113,東京都,大田区,北馬込２丁目,2019-10-26,19,道路上,その他,40歳代,その他,施錠せず
窃盗,自転車盗,池上,三本松交番,131113,東京都,大田区,北馬込２丁目,2020-08-14,17,道路上,その他,50歳代,その他,施錠せず
窃盗,自転車盗,池上,三本松交番,131113,東京都,大田区,中馬込１丁目,2020-09-16,17,道路上,その他,30歳代,その他,施錠せず
窃盗,自転車盗,池上,三本松交番,131113,東京都,大田区,中馬込２丁目,2020-04-03,04,一戸建住宅,その他,30歳代,その他,施錠せず
窃盗,自転車盗,池上,久が原交番,131113,東京都,大田区,久が原３丁目,2020-07-16,17,その他の住宅（３階建て以下共同住宅等）,駐車（輪）場,20歳代,その他,施錠せず
窃盗,自転車盗,池上,久が原交番,131113,東京都,大田区,久が原４丁目,2020-04-23,18,一戸建住宅,その他,65-69歳,その他,施錠せず
窃盗,自転車盗,池上,久が原交番,131113,東京都,大田区,久が原４丁目,2020-06-12,18,４階建て以上共同住宅,駐車（輪）場,20歳代,その他,施錠せず
窃盗,自転車盗,池上,久が原交番,131113,東京都,大田区,久が原４丁目,2020-10-30,16,一戸建住宅,駐車（輪）場,70歳以上,その他,施錠せず
窃盗,自転車盗,池上,久が原交番,131113,東京都,大田区,久が原４丁目,2020-11-04,15,一戸建住宅,その他,60-64歳,その他,施錠せず
窃盗,自転車盗,池上,池上駅前交番,131113,東京都,大田区,池上１丁目,2020-11-23,00,一戸建住宅,駐車（輪）場,65-69歳,その他,施錠せず
窃盗,自転車盗,池上,池上駅前交番,131113,東京都,大田区,池上３丁目,2020-02-25,18,道路上,その他,10歳代,高校生,施錠せず
窃盗,自転車盗,池上,池上駅前交番,131113,東京都,大田区,池上３丁目,2020-05-26,19,道路上,その他,50歳代,その他,施錠せず
窃盗,自転車盗,池上,池上駅前交番,131113,東京都,大田区,池上３丁目,2020-08-25,11,道路上,その他,20歳代,その他,施錠せず
窃盗,自転車盗,池上,池上駅前交番,131113,東京都,大田区,池上３丁目,2020-12-04,19,４階建て以上共同住宅,駐車（輪）場,40歳代,その他,施錠せず
窃盗,自転車盗,池上,池上駅前交番,131113,東京都,大田区,池上４丁目,2020-01-12,22,道路上,その他,20歳代,大学生,施錠せず
窃盗,自転車盗,池上,池上駅前交番,131113,東京都,大田区,池上４丁目,2020-07-10,07,その他の住宅（３階建て以下共同住宅等）,駐車（輪）場,40歳代,その他,施錠せず
窃盗,自転車盗,池上,池上駅前交番,131113,東京都,大田区,池上４丁目,2020-07-23,17,その他の住宅（３階建て以下共同住宅等）,その他,30歳代,その他,施錠せず
窃盗,自転車盗,池上,池上駅前交番,131113,東京都,大田区,池上４丁目,2020-08-04,11,一戸建住宅,その他,70歳以上,その他,施錠せず
窃盗,自転車盗,池上,池上駅前交番,131113,東京都,大田区,池上４丁目,2020-08-05,14,その他の住宅（３階建て以下共同住宅等）,駐車（輪）場,20歳代,その他,施錠せず
窃盗,自転車盗,池上,池上駅前交番,131113,東京都,大田区,池上４丁目,2020-08-11,12,その他,その他,65-69歳,その他,施錠せず
窃盗,自転車盗,池上,池上駅前交番,131113,東京都,大田区,池上５丁目,2020-02-02,15,一戸建住宅,その他,10歳代,小学生,施錠せず
窃盗,自転車盗,池上,池上駅前交番,131113,東京都,大田区,池上６丁目,2020-02-13,16,その他,駐車（輪）場,10歳代,中学生,施錠せず
窃盗,自転車盗,池上,池上駅前交番,131113,東京都,大田区,池上６丁目,2020-03-06,23,その他の住宅（３階建て以下共同住宅等）,駐車（輪）場,20歳代,その他,施錠せず
窃盗,自転車盗,池上,池上駅前交番,131113,東京都,大田区,池上６丁目,2020-04-03,08,駐車（輪）場,駐車（輪）場,20歳代,その他,施錠せず
窃盗,自転車盗,池上,池上駅前交番,131113,東京都,大田区,池上６丁目,2020-04-23,23,その他,駐車（輪）場,30歳代,その他,施錠せず
窃盗,自転車盗,池上,池上駅前交番,131113,東京都,大田区,池上６丁目,2020-07-16,13,道路上,その他,70歳以上,その他,施錠せず
窃盗,自転車盗,池上,池上駅前交番,131113,東京都,大田区,池上７丁目,2019-12-09,12,道路上,その他,65-69歳,その他,施錠せず
窃盗,自転車盗,池上,池上駅前交番,131113,東京都,大田区,池上７丁目,2020-01-16,18,道路上,その他,10歳代,高校生,施錠せず
窃盗,自転車盗,池上,池上駅前交番,131113,東京都,大田区,池上７丁目,2020-04-25,13,駐車（輪）場,駐車（輪）場,20歳代,その他,施錠せず
窃盗,自転車盗,池上,池上駅前交番,131113,東京都,大田区,池上７丁目,2020-08-23,17,一戸建住宅,その他,30歳代,その他,施錠せず
窃盗,自転車盗,池上,池上駅前交番,131113,東京都,大田区,池上８丁目,2020-03-24,20,道路上,その他,50歳代,その他,施錠せず
窃盗,自転車盗,池上,池上駅前交番,131113,東京都,大田区,西蒲田２丁目,2020-07-17,15,一戸建住宅,駐車（輪）場,50歳代,その他,施錠せず
窃盗,自転車盗,池上,池上駅前交番,131113,東京都,大田区,東矢口１丁目,2019-12-31,16,４階建て以上共同住宅,その他,40歳代,その他,施錠せず
窃盗,自転車盗,池上,蓮沼交番,131113,東京都,大田区,池上６丁目,2020-08-06,00,４階建て以上共同住宅,駐車（輪）場,20歳代,その他,施錠せず
窃盗,自転車盗,池上,蓮沼交番,131113,東京都,大田区,新蒲田２丁目,2020-02-10,17,一戸建住宅,駐車（輪）場,50歳代,その他,施錠せず
窃盗,自転車盗,池上,蓮沼交番,131113,東京都,大田区,新蒲田２丁目,2020-12-05,23,一戸建住宅,その他,20歳代,大学生,施錠せず
窃盗,自転車盗,池上,蓮沼交番,131113,東京都,大田区,西蒲田３丁目,2020-02-01,16,一戸建住宅,その他,70歳以上,その他,施錠せず
窃盗,自転車盗,池上,蓮沼交番,131113,東京都,大田区,西蒲田６丁目,2019-12-20,19,道路上,その他,70歳以上,その他,施錠せず
窃盗,自転車盗,池上,蓮沼交番,131113,東京都,大田区,西蒲田６丁目,2020-02-29,20,道路上,その他,70歳以上,その他,施錠せず
窃盗,自転車盗,池上,蓮沼交番,131113,東京都,大田区,西蒲田６丁目,2020-03-01,21,４階建て以上共同住宅,駐車（輪）場,10歳代,大学生,施錠せず
窃盗,自転車盗,池上,蓮沼交番,131113,東京都,大田区,西蒲田６丁目,2020-07-22,23,一戸建住宅,その他,60-64歳,その他,施錠せず
窃盗,自転車盗,池上,蓮沼交番,131113,東京都,大田区,西蒲田６丁目,2020-07-24,17,その他の住宅（３階建て以下共同住宅等）,その他,30歳代,その他,施錠せず
窃盗,自転車盗,池上,蓮沼交番,131113,東京都,大田区,西蒲田６丁目,2020-09-10,07,一戸建住宅,その他,40歳代,その他,施錠せず
窃盗,自転車盗,池上,蓮沼交番,131113,東京都,大田区,東矢口１丁目,2020-01-19,17,道路上,その他,40歳代,その他,施錠せず
窃盗,自転車盗,池上,蓮沼交番,131113,東京都,大田区,東矢口１丁目,2020-07-17,05,その他,駐車（輪）場,50歳代,その他,施錠せず
窃盗,自転車盗,池上,蓮沼交番,131113,東京都,大田区,東矢口２丁目,2020-01-02,11,その他の住宅（３階建て以下共同住宅等）,駐車（輪）場,30歳代,その他,施錠せず
窃盗,自転車盗,池上,蓮沼交番,131113,東京都,大田区,東矢口３丁目,2020-01-21,22,一戸建住宅,その他,30歳代,その他,施錠せず
窃盗,自転車盗,池上,蓮沼交番,131113,東京都,大田区,東矢口３丁目,2020-04-15,04,駐車（輪）場,駐車（輪）場,30歳代,その他,施錠せず
窃盗,自転車盗,池上,多摩川大橋交番,131113,東京都,大田区,多摩川１丁目,2019-10-23,22,道路上,その他,40歳代,その他,施錠せず
窃盗,自転車盗,池上,多摩川大橋交番,131113,東京都,大田区,多摩川１丁目,2020-03-08,22,駐車（輪）場,駐車（輪）場,20歳代,その他,施錠せず
窃盗,自転車盗,池上,多摩川大橋交番,131113,東京都,大田区,多摩川１丁目,2020-04-18,19,駐車（輪）場,駐車（輪）場,20歳代,大学生,施錠せず
窃盗,自転車盗,池上,多摩川大橋交番,131113,東京都,大田区,多摩川１丁目,2020-07-30,09,駐車（輪）場,駐車（輪）場,30歳代,その他,施錠せず
窃盗,自転車盗,池上,多摩川大橋交番,131113,東京都,大田区,多摩川１丁目,2020-10-13,21,その他の住宅（３階建て以下共同住宅等）,駐車（輪）場,10歳代,中学生,施錠せず
窃盗,自転車盗,池上,多摩川大橋交番,131113,東京都,大田区,多摩川２丁目,2019-12-19,19,４階建て以上共同住宅,駐車（輪）場,40歳代,その他,施錠せず
窃盗,自転車盗,池上,多摩川大橋交番,131113,東京都,大田区,多摩川２丁目,2020-01-03,15,一戸建住宅,駐車（輪）場,65-69歳,その他,施錠せず
窃盗,自転車盗,池上,多摩川大橋交番,131113,東京都,大田区,多摩川２丁目,2020-06-27,07,その他の住宅（３階建て以下共同住宅等）,駐車（輪）場,65-69歳,その他,施錠せず
窃盗,自転車盗,池上,多摩川大橋交番,131113,東京都,大田区,多摩川２丁目,2020-07-21,17,４階建て以上共同住宅,駐車（輪）場,60-64歳,その他,施錠せず
窃盗,自転車盗,池上,多摩川大橋交番,131113,東京都,大田区,多摩川２丁目,2020-07-22,22,４階建て以上共同住宅,駐車（輪）場,10歳代,高校生,施錠せず
窃盗,自転車盗,池上,多摩川大橋交番,131113,東京都,大田区,多摩川２丁目,2020-07-27,09,４階建て以上共同住宅,駐車（輪）場,30歳代,その他,施錠せず
窃盗,自転車盗,池上,多摩川大橋交番,131113,東京都,大田区,多摩川２丁目,2020-08-31,21,４階建て以上共同住宅,駐車（輪）場,20歳代,その他,施錠せず
窃盗,自転車盗,池上,多摩川大橋交番,131113,東京都,大田区,多摩川２丁目,2020-09-01,22,その他の住宅（３階建て以下共同住宅等）,駐車（輪）場,50歳代,その他,施錠せず
窃盗,自転車盗,池上,多摩川大橋交番,131113,東京都,大田区,多摩川２丁目,2020-09-08,15,一戸建住宅,その他,40歳代,その他,施錠せず
窃盗,自転車盗,池上,多摩川大橋交番,131113,東京都,大田区,多摩川２丁目,2020-09-10,08,４階建て以上共同住宅,駐車（輪）場,20歳代,その他,施錠せず
窃盗,自転車盗,池上,多摩川大橋交番,131113,東京都,大田区,多摩川２丁目,2020-09-17,18,４階建て以上共同住宅,駐車（輪）場,40歳代,その他,施錠せず
窃盗,自転車盗,池上,多摩川大橋交番,131113,東京都,大田区,多摩川２丁目,2020-11-02,20,道路上,その他,40歳代,その他,施錠せず
窃盗,自転車盗,池上,多摩川大橋交番,131113,東京都,大田区,矢口２丁目,2020-02-01,23,一戸建住宅,その他,20歳代,大学生,施錠せず
窃盗,自転車盗,池上,多摩川大橋交番,131113,東京都,大田区,矢口２丁目,2020-03-22,19,４階建て以上共同住宅,駐車（輪）場,10歳代,中学生,施錠せず
窃盗,自転車盗,池上,多摩川大橋交番,131113,東京都,大田区,矢口３丁目,2020-05-17,08,一戸建住宅,その他,70歳以上,その他,施錠せず
窃盗,自転車盗,池上,多摩川大橋交番,131113,東京都,大田区,矢口３丁目,2020-08-17,22,一戸建住宅,その他,10歳代,中学生,施錠せず
窃盗,自転車盗,池上,西馬込交番,131113,東京都,大田区,池上２丁目,2020-06-17,20,その他,駐車（輪）場,30歳代,その他,施錠せず
窃盗,自転車盗,池上,西馬込交番,131113,東京都,大田区,中馬込３丁目,2020-06-24,19,４階建て以上共同住宅,駐車（輪）場,20歳代,その他,施錠せず
窃盗,自転車盗,池上,西馬込交番,131113,東京都,大田区,西馬込１丁目,2020-08-24,07,その他,駐車（輪）場,20歳代,その他,施錠せず
窃盗,自転車盗,池上,西馬込交番,131113,東京都,大田区,西馬込２丁目,2020-05-30,22,その他,駐車（輪）場,20歳代,その他,施錠せず
窃盗,自転車盗,池上,西馬込交番,131113,東京都,大田区,南馬込５丁目,2020-02-21,16,４階建て以上共同住宅,駐車（輪）場,40歳代,その他,施錠せず
窃盗,自転車盗,池上,西馬込交番,131113,東京都,大田区,南馬込５丁目,2020-02-21,16,４階建て以上共同住宅,駐車（輪）場,40歳代,その他,施錠せず
窃盗,自転車盗,池上,西馬込交番,131113,東京都,大田区,南馬込５丁目,2020-03-01,22,道路上,その他,40歳代,その他,施錠せず
窃盗,自転車盗,池上,西馬込交番,131113,東京都,大田区,南馬込５丁目,2020-03-12,14,道路上,その他,65-69歳,その他,施錠せず
窃盗,自転車盗,池上,西馬込交番,131113,東京都,大田区,南馬込５丁目,2020-11-21,18,道路上,その他,30歳代,その他,施錠せず
窃盗,自転車盗,池上,西馬込交番,131113,東京都,大田区,南馬込６丁目,2020-01-06,19,道路上,その他,50歳代,その他,施錠せず
窃盗,自転車盗,池上,千鳥交番,131113,東京都,大田区,池上３丁目,2020-03-18,08,その他,その他,40歳代,その他,施錠せず
窃盗,自転車盗,池上,千鳥交番,131113,東京都,大田区,下丸子１丁目,2020-03-06,19,その他の住宅（３階建て以下共同住宅等）,駐車（輪）場,20歳代,その他,施錠せず
窃盗,自転車盗,池上,千鳥交番,131113,東京都,大田区,下丸子２丁目,2020-01-01,07,４階建て以上共同住宅,駐車（輪）場,40歳代,その他,施錠せず
窃盗,自転車盗,池上,千鳥交番,131113,東京都,大田区,下丸子３丁目,2020-01-03,14,駐車（輪）場,駐車（輪）場,30歳代,その他,施錠せず
窃盗,自転車盗,池上,千鳥交番,131113,東京都,大田区,多摩川１丁目,2020-06-13,01,その他の住宅（３階建て以下共同住宅等）,駐車（輪）場,20歳代,その他,施錠せず
窃盗,自転車盗,池上,千鳥交番,131113,東京都,大田区,千鳥１丁目,2019-11-01,13,駐車（輪）場,駐車（輪）場,20歳代,その他,施錠せず
窃盗,自転車盗,池上,千鳥交番,131113,東京都,大田区,千鳥１丁目,2020-01-12,17,駐車（輪）場,駐車（輪）場,10歳代,高校生,施錠せず
窃盗,自転車盗,池上,千鳥交番,131113,東京都,大田区,千鳥１丁目,2020-01-14,20,その他の住宅（３階建て以下共同住宅等）,その他,20歳代,その他,施錠せず
窃盗,自転車盗,池上,千鳥交番,131113,東京都,大田区,千鳥１丁目,2020-01-16,21,一戸建住宅,駐車（輪）場,10歳代,中学生,施錠せず
窃盗,自転車盗,池上,千鳥交番,131113,東京都,大田区,千鳥１丁目,2020-02-11,08,その他,駐車（輪）場,50歳代,その他,施錠せず
窃盗,自転車盗,池上,千鳥交番,131113,東京都,大田区,千鳥１丁目,2020-10-29,18,４階建て以上共同住宅,駐車（輪）場,30歳代,その他,施錠せず
窃盗,自転車盗,池上,千鳥交番,131113,東京都,大田区,千鳥１丁目,2020-12-16,09,駐車（輪）場,駐車（輪）場,20歳代,その他,施錠せず
窃盗,自転車盗,池上,千鳥交番,131113,東京都,大田区,千鳥２丁目,2020-02-24,18,一戸建住宅,その他,60-64歳,その他,施錠せず
窃盗,自転車盗,池上,千鳥交番,131113,東京都,大田区,千鳥２丁目,2020-03-11,06,駐車（輪）場,駐車（輪）場,40歳代,その他,施錠せず
窃盗,自転車盗,池上,千鳥交番,131113,東京都,大田区,千鳥２丁目,2020-06-30,01,４階建て以上共同住宅,駐車（輪）場,30歳代,その他,施錠せず
窃盗,自転車盗,池上,千鳥交番,131113,東京都,大田区,千鳥２丁目,2020-08-27,13,一戸建住宅,その他,10歳代,高校生,施錠せず
窃盗,自転車盗,池上,千鳥交番,131113,東京都,大田区,千鳥２丁目,2020-11-26,11,その他,駐車（輪）場,10歳代,その他,施錠せず
窃盗,自転車盗,池上,千鳥交番,131113,東京都,大田区,東矢口２丁目,2019-12-04,18,４階建て以上共同住宅,その他,20歳代,その他,施錠せず
窃盗,自転車盗,池上,千鳥交番,131113,東京都,大田区,東矢口２丁目,2020-01-02,22,道路上,その他,40歳代,その他,施錠せず
窃盗,自転車盗,池上,千鳥交番,131113,東京都,大田区,東矢口２丁目,2020-08-15,08,一戸建住宅,その他,30歳代,その他,施錠せず
窃盗,自転車盗,池上,千鳥交番,131113,東京都,大田区,南久が原１丁目,2020-02-13,08,その他,駐車（輪）場,40歳代,その他,施錠せず
窃盗,自転車盗,池上,千鳥交番,131113,東京都,大田区,南久が原１丁目,2020-06-22,08,一戸建住宅,その他,30歳代,その他,施錠せず
窃盗,自転車盗,池上,千鳥交番,131113,東京都,大田区,南久が原１丁目,2020-06-25,12,その他の住宅（３階建て以下共同住宅等）,駐車（輪）場,10歳代,高校生,施錠せず
窃盗,自転車盗,池上,千鳥交番,131113,東京都,大田区,矢口１丁目,2020-10-13,10,一戸建住宅,駐車（輪）場,50歳代,その他,施錠せず
窃盗,自転車盗,池上,千鳥交番,131113,東京都,大田区,矢口１丁目,2020-11-17,16,駐車（輪）場,駐車（輪）場,65-69歳,その他,施錠せず
窃盗,自転車盗,池上,千鳥交番,131113,東京都,大田区,矢口２丁目,2020-01-31,16,その他の住宅（３階建て以下共同住宅等）,駐車（輪）場,60-64歳,その他,施錠せず
窃盗,自転車盗,池上,千鳥交番,131113,東京都,大田区,矢口２丁目,2020-10-04,10,一戸建住宅,その他,70歳以上,その他,施錠せず
窃盗,自転車盗,池上,ガス橋交番,131113,東京都,大田区,下丸子１丁目,2020-10-09,18,４階建て以上共同住宅,駐車（輪）場,50歳代,その他,施錠せず
窃盗,自転車盗,池上,ガス橋交番,131113,東京都,大田区,下丸子１丁目,2020-10-28,18,その他,駐車（輪）場,10歳代,中学生,施錠せず
窃盗,自転車盗,池上,ガス橋交番,131113,東京都,大田区,下丸子２丁目,2020-05-24,17,４階建て以上共同住宅,駐車（輪）場,20歳代,その他,施錠せず
窃盗,自転車盗,池上,ガス橋交番,131113,東京都,大田区,下丸子２丁目,2020-11-07,09,道路上,その他,50歳代,その他,施錠せず
窃盗,自転車盗,池上,ガス橋交番,131113,東京都,大田区,下丸子３丁目,2020-08-16,10,その他,その他,70歳以上,その他,施錠せず
窃盗,自転車盗,池上,ガス橋交番,131113,東京都,大田区,下丸子４丁目,2020-04-30,17,道路上,その他,70歳以上,その他,施錠せず
窃盗,自転車盗,池上,ガス橋交番,131113,東京都,大田区,矢口１丁目,2020-01-10,20,道路上,その他,20歳代,その他,施錠せず
窃盗,自転車盗,池上,ガス橋交番,131113,東京都,大田区,矢口２丁目,2020-09-26,15,その他の住宅（３階建て以下共同住宅等）,その他,70歳以上,その他,施錠せず
窃盗,自転車盗,世田谷,三軒茶屋交番,131121,東京都,世田谷区,池尻１丁目,2020-02-25,22,その他の住宅（３階建て以下共同住宅等）,駐車（輪）場,20歳代,その他,施錠せず
窃盗,自転車盗,世田谷,三軒茶屋交番,131121,東京都,世田谷区,池尻４丁目,2020-03-10,22,一戸建住宅,駐車（輪）場,50歳代,その他,施錠せず
窃盗,自転車盗,世田谷,三軒茶屋交番,131121,東京都,世田谷区,上馬５丁目,2019-12-02,08,その他の住宅（３階建て以下共同住宅等）,駐車（輪）場,30歳代,その他,施錠せず
窃盗,自転車盗,世田谷,三軒茶屋交番,131121,東京都,世田谷区,駒沢２丁目,2020-01-25,17,道路上,その他,10歳代,中学生,施錠せず
窃盗,自転車盗,世田谷,三軒茶屋交番,131121,東京都,世田谷区,三軒茶屋１丁目,2019-11-24,13,道路上,その他,40歳代,その他,施錠せず
窃盗,自転車盗,世田谷,三軒茶屋交番,131121,東京都,世田谷区,三軒茶屋１丁目,2019-11-29,18,道路上,その他,30歳代,その他,施錠せず
窃盗,自転車盗,世田谷,三軒茶屋交番,131121,東京都,世田谷区,三軒茶屋１丁目,2019-12-11,07,道路上,その他,50歳代,その他,施錠せず
窃盗,自転車盗,世田谷,三軒茶屋交番,131121,東京都,世田谷区,三軒茶屋１丁目,2019-12-27,21,道路上,その他,30歳代,その他,施錠せず
窃盗,自転車盗,世田谷,三軒茶屋交番,131121,東京都,世田谷区,三軒茶屋１丁目,2020-01-16,03,道路上,その他,20歳代,その他,施錠せず
窃盗,自転車盗,世田谷,三軒茶屋交番,131121,東京都,世田谷区,三軒茶屋１丁目,2020-01-18,13,一戸建住宅,その他,30歳代,その他,施錠せず
窃盗,自転車盗,世田谷,三軒茶屋交番,131121,東京都,世田谷区,三軒茶屋１丁目,2020-03-11,23,道路上,その他,10歳代,高校生,施錠せず
窃盗,自転車盗,世田谷,三軒茶屋交番,131121,東京都,世田谷区,三軒茶屋１丁目,2020-03-28,19,一戸建住宅,駐車（輪）場,10歳代,小学生,施錠せず
窃盗,自転車盗,世田谷,三軒茶屋交番,131121,東京都,世田谷区,三軒茶屋１丁目,2020-06-05,21,道路上,その他,30歳代,その他,施錠せず
窃盗,自転車盗,世田谷,三軒茶屋交番,131121,東京都,世田谷区,三軒茶屋１丁目,2020-06-09,23,道路上,その他,20歳代,大学生,施錠せず
窃盗,自転車盗,世田谷,三軒茶屋交番,131121,東京都,世田谷区,三軒茶屋１丁目,2020-06-30,02,その他,その他,30歳代,その他,施錠せず
窃盗,自転車盗,世田谷,三軒茶屋交番,131121,東京都,世田谷区,三軒茶屋１丁目,2020-08-08,05,その他の住宅（３階建て以下共同住宅等）,駐車（輪）場,30歳代,その他,施錠せず
窃盗,自転車盗,世田谷,三軒茶屋交番,131121,東京都,世田谷区,三軒茶屋１丁目,2020-08-23,13,４階建て以上共同住宅,駐車（輪）場,20歳代,その他,施錠せず
窃盗,自転車盗,世田谷,三軒茶屋交番,131121,東京都,世田谷区,三軒茶屋１丁目,2020-11-03,15,４階建て以上共同住宅,駐車（輪）場,20歳代,その他,施錠せず
窃盗,自転車盗,世田谷,三軒茶屋交番,131121,東京都,世田谷区,三軒茶屋１丁目,2020-11-09,18,その他の住宅（３階建て以下共同住宅等）,駐車（輪）場,50歳代,その他,施錠せず
窃盗,自転車盗,世田谷,三軒茶屋交番,131121,東京都,世田谷区,三軒茶屋２丁目,2019-11-02,23,４階建て以上共同住宅,駐車（輪）場,20歳代,その他,施錠せず
窃盗,自転車盗,世田谷,三軒茶屋交番,131121,東京都,世田谷区,三軒茶屋２丁目,2020-01-10,19,道路上,その他,40歳代,その他,施錠せず
窃盗,自転車盗,世田谷,三軒茶屋交番,131121,東京都,世田谷区,三軒茶屋２丁目,2020-02-10,03,駐車（輪）場,駐車（輪）場,20歳代,その他,施錠せず
窃盗,自転車盗,世田谷,三軒茶屋交番,131121,東京都,世田谷区,三軒茶屋２丁目,2020-03-08,21,駐車（輪）場,駐車（輪）場,20歳代,その他,施錠せず
窃盗,自転車盗,世田谷,三軒茶屋交番,131121,東京都,世田谷区,三軒茶屋２丁目,2020-03-20,03,道路上,その他,20歳代,その他,施錠せず
窃盗,自転車盗,世田谷,三軒茶屋交番,131121,東京都,世田谷区,三軒茶屋２丁目,2020-03-24,14,その他の住宅（３階建て以下共同住宅等）,駐車（輪）場,50歳代,その他,施錠せず
窃盗,自転車盗,世田谷,三軒茶屋交番,131121,東京都,世田谷区,三軒茶屋２丁目,2020-05-20,18,４階建て以上共同住宅,駐車（輪）場,40歳代,その他,施錠せず
窃盗,自転車盗,世田谷,三軒茶屋交番,131121,東京都,世田谷区,三軒茶屋２丁目,2020-06-09,18,道路上,その他,40歳代,その他,施錠せず
窃盗,自転車盗,世田谷,三軒茶屋交番,131121,東京都,世田谷区,三軒茶屋２丁目,2020-07-04,18,その他の住宅（３階建て以下共同住宅等）,駐車（輪）場,40歳代,その他,施錠せず
窃盗,自転車盗,世田谷,三軒茶屋交番,131121,東京都,世田谷区,三軒茶屋２丁目,2020-07-07,10,道路上,その他,65-69歳,その他,施錠せず
窃盗,自転車盗,世田谷,三軒茶屋交番,131121,東京都,世田谷区,三軒茶屋２丁目,2020-08-03,05,道路上,その他,30歳代,その他,施錠せず
窃盗,自転車盗,世田谷,三軒茶屋交番,131121,東京都,世田谷区,三軒茶屋２丁目,2020-08-16,23,４階建て以上共同住宅,駐車（輪）場,30歳代,その他,施錠せず
窃盗,自転車盗,世田谷,三軒茶屋交番,131121,東京都,世田谷区,三軒茶屋２丁目,2020-08-22,22,４階建て以上共同住宅,駐車（輪）場,20歳代,その他,施錠せず
窃盗,自転車盗,世田谷,三軒茶屋交番,131121,東京都,世田谷区,三軒茶屋２丁目,2020-09-12,22,道路上,その他,10歳代,高校生,施錠せず
窃盗,自転車盗,世田谷,三軒茶屋交番,131121,東京都,世田谷区,三軒茶屋２丁目,2020-10-03,19,駐車（輪）場,駐車（輪）場,30歳代,その他,施錠せず
窃盗,自転車盗,世田谷,三軒茶屋交番,131121,東京都,世田谷区,太子堂１丁目,2019-12-04,14,道路上,その他,20歳代,その他,施錠せず
窃盗,自転車盗,世田谷,三軒茶屋交番,131121,東京都,世田谷区,太子堂１丁目,2020-01-10,13,４階建て以上共同住宅,駐車（輪）場,60-64歳,その他,施錠せず
窃盗,自転車盗,世田谷,三軒茶屋交番,131121,東京都,世田谷区,太子堂１丁目,2020-01-21,17,一戸建住宅,その他,30歳代,その他,施錠せず
窃盗,自転車盗,世田谷,三軒茶屋交番,131121,東京都,世田谷区,太子堂１丁目,2020-02-22,00,道路上,その他,40歳代,その他,施錠せず
窃盗,自転車盗,世田谷,三軒茶屋交番,131121,東京都,世田谷区,太子堂１丁目,2020-03-19,02,その他の住宅（３階建て以下共同住宅等）,駐車（輪）場,40歳代,その他,施錠せず
窃盗,自転車盗,世田谷,三軒茶屋交番,131121,東京都,世田谷区,太子堂１丁目,2020-06-22,08,その他,駐車（輪）場,20歳代,その他,施錠せず
窃盗,自転車盗,世田谷,三軒茶屋交番,131121,東京都,世田谷区,太子堂２丁目,2019-11-30,00,道路上,その他,30歳代,その他,施錠せず
窃盗,自転車盗,世田谷,三軒茶屋交番,131121,東京都,世田谷区,太子堂２丁目,2019-12-10,13,道路上,その他,50歳代,その他,施錠せず
窃盗,自転車盗,世田谷,三軒茶屋交番,131121,東京都,世田谷区,太子堂２丁目,2019-12-13,15,道路上,その他,10歳代,中学生,施錠せず
窃盗,自転車盗,世田谷,三軒茶屋交番,131121,東京都,世田谷区,太子堂２丁目,2019-12-18,05,その他の住宅（３階建て以下共同住宅等）,駐車（輪）場,40歳代,その他,施錠せず
窃盗,自転車盗,世田谷,三軒茶屋交番,131121,東京都,世田谷区,太子堂２丁目,2019-12-18,14,道路上,その他,20歳代,大学生,施錠せず
窃盗,自転車盗,世田谷,三軒茶屋交番,131121,東京都,世田谷区,太子堂２丁目,2020-01-06,21,道路上,その他,40歳代,その他,施錠せず
窃盗,自転車盗,世田谷,三軒茶屋交番,131121,東京都,世田谷区,太子堂２丁目,2020-01-13,10,駐車（輪）場,駐車（輪）場,40歳代,その他,施錠せず
窃盗,自転車盗,世田谷,三軒茶屋交番,131121,東京都,世田谷区,太子堂２丁目,2020-01-20,15,道路上,その他,10歳代,大学生,施錠せず
窃盗,自転車盗,世田谷,三軒茶屋交番,131121,東京都,世田谷区,太子堂２丁目,2020-01-21,17,道路上,その他,20歳代,その他,施錠せず
窃盗,自転車盗,世田谷,三軒茶屋交番,131121,東京都,世田谷区,太子堂２丁目,2020-03-08,18,道路上,その他,30歳代,その他,施錠せず
窃盗,自転車盗,世田谷,三軒茶屋交番,131121,東京都,世田谷区,太子堂２丁目,2020-06-10,14,道路上,その他,10歳代,高校生,施錠せず
窃盗,自転車盗,世田谷,三軒茶屋交番,131121,東京都,世田谷区,太子堂２丁目,2020-08-31,22,一戸建住宅,その他,30歳代,その他,施錠せず
窃盗,自転車盗,世田谷,三軒茶屋交番,131121,東京都,世田谷区,太子堂３丁目,2019-03-01,00,その他の住宅（３階建て以下共同住宅等）,その他,30歳代,その他,施錠せず
窃盗,自転車盗,世田谷,三軒茶屋交番,131121,東京都,世田谷区,太子堂３丁目,2019-12-25,08,その他の住宅（３階建て以下共同住宅等）,駐車（輪）場,30歳代,その他,施錠せず
窃盗,自転車盗,世田谷,三軒茶屋交番,131121,東京都,世田谷区,太子堂３丁目,2019-12-25,08,その他の住宅（３階建て以下共同住宅等）,駐車（輪）場,30歳代,その他,施錠せず
窃盗,自転車盗,世田谷,三軒茶屋交番,131121,東京都,世田谷区,太子堂３丁目,2020-02-09,08,道路上,その他,20歳代,その他,施錠せず
窃盗,自転車盗,世田谷,三軒茶屋交番,131121,東京都,世田谷区,太子堂３丁目,2020-04-17,09,道路上,その他,30歳代,その他,施錠せず
窃盗,自転車盗,世田谷,三軒茶屋交番,131121,東京都,世田谷区,太子堂３丁目,2020-07-07,19,その他の住宅（３階建て以下共同住宅等）,その他,30歳代,その他,施錠せず
窃盗,自転車盗,世田谷,三軒茶屋交番,131121,東京都,世田谷区,太子堂３丁目,2020-07-16,13,その他の住宅（３階建て以下共同住宅等）,駐車（輪）場,20歳代,その他,施錠せず
窃盗,自転車盗,世田谷,三軒茶屋交番,131121,東京都,世田谷区,太子堂３丁目,2020-11-05,09,道路上,その他,10歳代,高校生,施錠せず
窃盗,自転車盗,世田谷,三軒茶屋交番,131121,東京都,世田谷区,太子堂３丁目,2020-11-24,22,道路上,その他,70歳以上,その他,施錠せず
窃盗,自転車盗,世田谷,三軒茶屋交番,131121,東京都,世田谷区,太子堂４丁目,2019-12-12,17,その他の住宅（３階建て以下共同住宅等）,駐車（輪）場,50歳代,その他,施錠せず
窃盗,自転車盗,世田谷,三軒茶屋交番,131121,東京都,世田谷区,太子堂４丁目,2020-01-16,05,道路上,その他,30歳代,その他,施錠せず
窃盗,自転車盗,世田谷,三軒茶屋交番,131121,東京都,世田谷区,太子堂４丁目,2020-03-01,08,その他の住宅（３階建て以下共同住宅等）,駐車（輪）場,20歳代,その他,施錠せず
窃盗,自転車盗,世田谷,三軒茶屋交番,131121,東京都,世田谷区,太子堂４丁目,2020-03-03,23,道路上,その他,30歳代,その他,施錠せず
窃盗,自転車盗,世田谷,三軒茶屋交番,131121,東京都,世田谷区,太子堂４丁目,2020-03-26,15,道路上,その他,法人・団体、被害者なし,法人・団体、被害者なし,施錠せず
窃盗,自転車盗,世田谷,三軒茶屋交番,131121,東京都,世田谷区,太子堂４丁目,2020-03-26,16,その他,駐車（輪）場,10歳代,小学生,施錠せず
窃盗,自転車盗,世田谷,三軒茶屋交番,131121,東京都,世田谷区,太子堂４丁目,2020-04-23,11,道路上,その他,60-64歳,その他,施錠せず
窃盗,自転車盗,世田谷,三軒茶屋交番,131121,東京都,世田谷区,太子堂４丁目,2020-04-27,10,その他,駐車（輪）場,70歳以上,その他,施錠せず
窃盗,自転車盗,世田谷,三軒茶屋交番,131121,東京都,世田谷区,太子堂４丁目,2020-04-27,14,その他,駐車（輪）場,50歳代,その他,施錠せず
窃盗,自転車盗,世田谷,三軒茶屋交番,131121,東京都,世田谷区,太子堂４丁目,2020-05-01,05,その他,駐車（輪）場,30歳代,その他,施錠せず
窃盗,自転車盗,世田谷,三軒茶屋交番,131121,東京都,世田谷区,太子堂４丁目,2020-06-14,22,一戸建住宅,駐車（輪）場,20歳代,その他,施錠せず
窃盗,自転車盗,世田谷,三軒茶屋交番,131121,東京都,世田谷区,太子堂４丁目,2020-07-06,20,その他の住宅（３階建て以下共同住宅等）,駐車（輪）場,50歳代,その他,施錠せず
窃盗,自転車盗,世田谷,三軒茶屋交番,131121,東京都,世田谷区,太子堂４丁目,2020-08-27,18,道路上,その他,40歳代,その他,施錠せず
窃盗,自転車盗,世田谷,三軒茶屋交番,131121,東京都,世田谷区,太子堂４丁目,2020-09-21,22,その他,駐車（輪）場,20歳代,大学生,施錠せず
窃盗,自転車盗,世田谷,三軒茶屋交番,131121,東京都,世田谷区,太子堂４丁目,2020-11-23,01,道路上,その他,20歳代,その他,施錠せず
窃盗,自転車盗,世田谷,三軒茶屋交番,131121,東京都,世田谷区,太子堂５丁目,2020-03-20,20,一戸建住宅,駐車（輪）場,20歳代,その他,施錠せず
窃盗,自転車盗,世田谷,三軒茶屋交番,131121,東京都,世田谷区,太子堂５丁目,2020-09-15,15,道路上,その他,20歳代,大学生,施錠せず
窃盗,自転車盗,世田谷,三軒茶屋交番,131121,東京都,世田谷区,三宿１丁目,2020-03-16,23,道路上,その他,30歳代,その他,施錠せず
窃盗,自転車盗,世田谷,三軒茶屋交番,131121,東京都,世田谷区,三宿２丁目,2020-07-22,13,一戸建住宅,駐車（輪）場,20歳代,その他,施錠せず
窃盗,自転車盗,世田谷,三宿交番,131121,東京都,世田谷区,池尻１丁目,2020-01-04,10,４階建て以上共同住宅,その他,50歳代,その他,施錠せず
窃盗,自転車盗,世田谷,三宿交番,131121,東京都,世田谷区,池尻１丁目,2020-02-08,12,道路上,その他,50歳代,その他,施錠せず
窃盗,自転車盗,世田谷,三宿交番,131121,東京都,世田谷区,池尻１丁目,2020-06-14,06,その他,駐車（輪）場,20歳代,その他,施錠せず
窃盗,自転車盗,世田谷,三宿交番,131121,東京都,世田谷区,池尻１丁目,2020-07-06,14,道路上,その他,30歳代,その他,施錠せず
窃盗,自転車盗,世田谷,三宿交番,131121,東京都,世田谷区,池尻１丁目,2020-09-08,06,道路上,その他,20歳代,大学生,施錠せず
窃盗,自転車盗,世田谷,三宿交番,131121,東京都,世田谷区,池尻２丁目,2019-12-17,08,一戸建住宅,駐車（輪）場,10歳代,中学生,施錠せず
窃盗,自転車盗,世田谷,三宿交番,131121,東京都,世田谷区,池尻２丁目,2020-01-06,13,その他の住宅（３階建て以下共同住宅等）,駐車（輪）場,20歳代,その他,施錠せず
窃盗,自転車盗,世田谷,三宿交番,131121,東京都,世田谷区,池尻２丁目,2020-01-14,14,その他の住宅（３階建て以下共同住宅等）,駐車（輪）場,30歳代,その他,施錠せず
窃盗,自転車盗,世田谷,三宿交番,131121,東京都,世田谷区,池尻２丁目,2020-03-22,00,道路上,その他,50歳代,その他,施錠せず
窃盗,自転車盗,世田谷,三宿交番,131121,東京都,世田谷区,池尻２丁目,2020-04-26,10,道路上,その他,20歳代,その他,施錠せず
窃盗,自転車盗,世田谷,三宿交番,131121,東京都,世田谷区,池尻２丁目,2020-05-30,22,４階建て以上共同住宅,駐車（輪）場,20歳代,その他,施錠せず
窃盗,自転車盗,世田谷,三宿交番,131121,東京都,世田谷区,池尻２丁目,2020-06-07,20,その他の住宅（３階建て以下共同住宅等）,駐車（輪）場,20歳代,その他,施錠せず
窃盗,自転車盗,世田谷,三宿交番,131121,東京都,世田谷区,池尻２丁目,2020-10-19,08,一戸建住宅,駐車（輪）場,10歳未満,小学生,施錠せず
窃盗,自転車盗,世田谷,三宿交番,131121,東京都,世田谷区,池尻３丁目,2019-12-06,19,道路上,その他,30歳代,その他,施錠せず
窃盗,自転車盗,世田谷,三宿交番,131121,東京都,世田谷区,池尻３丁目,2019-12-13,20,道路上,その他,30歳代,その他,施錠せず
窃盗,自転車盗,世田谷,三宿交番,131121,東京都,世田谷区,池尻３丁目,2020-01-14,12,道路上,その他,50歳代,その他,施錠せず
窃盗,自転車盗,世田谷,三宿交番,131121,東京都,世田谷区,池尻３丁目,2020-01-27,01,道路上,その他,30歳代,その他,施錠せず
窃盗,自転車盗,世田谷,三宿交番,131121,東京都,世田谷区,池尻３丁目,2020-01-30,23,４階建て以上共同住宅,駐車（輪）場,30歳代,その他,施錠せず
窃盗,自転車盗,世田谷,三宿交番,131121,東京都,世田谷区,池尻３丁目,2020-01-31,21,道路上,その他,20歳代,その他,施錠せず
窃盗,自転車盗,世田谷,三宿交番,131121,東京都,世田谷区,池尻３丁目,2020-02-08,12,道路上,その他,30歳代,その他,施錠せず
窃盗,自転車盗,世田谷,三宿交番,131121,東京都,世田谷区,池尻３丁目,2020-02-19,20,４階建て以上共同住宅,駐車（輪）場,20歳代,その他,施錠せず
窃盗,自転車盗,世田谷,三宿交番,131121,東京都,世田谷区,池尻３丁目,2020-03-01,16,道路上,その他,40歳代,その他,施錠せず
窃盗,自転車盗,世田谷,三宿交番,131121,東京都,世田谷区,池尻３丁目,2020-04-22,21,４階建て以上共同住宅,駐車（輪）場,30歳代,その他,施錠せず
窃盗,自転車盗,世田谷,三宿交番,131121,東京都,世田谷区,池尻３丁目,2020-04-29,16,その他,駐車（輪）場,50歳代,その他,施錠せず
窃盗,自転車盗,世田谷,三宿交番,131121,東京都,世田谷区,池尻３丁目,2020-05-17,00,その他の住宅（３階建て以下共同住宅等）,駐車（輪）場,20歳代,その他,施錠せず
窃盗,自転車盗,世田谷,三宿交番,131121,東京都,世田谷区,池尻３丁目,2020-06-06,11,道路上,その他,10歳代,高校生,施錠せず
窃盗,自転車盗,世田谷,三宿交番,131121,東京都,世田谷区,池尻３丁目,2020-08-22,01,道路上,その他,30歳代,その他,施錠せず
窃盗,自転車盗,世田谷,三宿交番,131121,東京都,世田谷区,池尻３丁目,2020-08-29,22,その他の住宅（３階建て以下共同住宅等）,駐車（輪）場,30歳代,その他,施錠せず
窃盗,自転車盗,世田谷,三宿交番,131121,東京都,世田谷区,池尻３丁目,2020-09-24,18,道路上,その他,40歳代,その他,施錠せず
窃盗,自転車盗,世田谷,三宿交番,131121,東京都,世田谷区,池尻４丁目,2020-01-20,20,その他の住宅（３階建て以下共同住宅等）,駐車（輪）場,30歳代,その他,施錠せず
窃盗,自転車盗,世田谷,三宿交番,131121,東京都,世田谷区,池尻４丁目,2020-02-19,06,その他,駐車（輪）場,20歳代,その他,施錠せず
窃盗,自転車盗,世田谷,三宿交番,131121,東京都,世田谷区,池尻４丁目,2020-02-23,17,一戸建住宅,その他,10歳代,小学生,施錠せず
窃盗,自転車盗,世田谷,三宿交番,131121,東京都,世田谷区,池尻４丁目,2020-06-06,00,その他の住宅（３階建て以下共同住宅等）,駐車（輪）場,50歳代,その他,施錠せず
窃盗,自転車盗,世田谷,三宿交番,131121,東京都,世田谷区,下馬２丁目,2019-12-15,08,その他,駐車（輪）場,70歳以上,その他,施錠せず
窃盗,自転車盗,世田谷,三宿交番,131121,東京都,世田谷区,下馬２丁目,2020-01-22,16,４階建て以上共同住宅,駐車（輪）場,70歳以上,その他,施錠せず
窃盗,自転車盗,世田谷,三宿交番,131121,東京都,世田谷区,下馬２丁目,2020-01-29,18,４階建て以上共同住宅,駐車（輪）場,60-64歳,その他,施錠せず
窃盗,自転車盗,世田谷,三宿交番,131121,東京都,世田谷区,下馬２丁目,2020-06-12,21,一戸建住宅,駐車（輪）場,40歳代,その他,施錠せず
窃盗,自転車盗,世田谷,三宿交番,131121,東京都,世田谷区,下馬２丁目,2020-09-04,16,その他,駐車（輪）場,10歳代,その他,施錠せず
窃盗,自転車盗,世田谷,三宿交番,131121,東京都,世田谷区,太子堂１丁目,2020-01-15,16,その他の住宅（３階建て以下共同住宅等）,駐車（輪）場,30歳代,その他,施錠せず
窃盗,自転車盗,世田谷,三宿交番,131121,東京都,世田谷区,太子堂１丁目,2020-07-02,03,その他の住宅（３階建て以下共同住宅等）,駐車（輪）場,20歳代,大学生,施錠せず
窃盗,自転車盗,世田谷,三宿交番,131121,東京都,世田谷区,三宿１丁目,2020-05-04,20,道路上,その他,30歳代,その他,施錠せず
窃盗,自転車盗,世田谷,三宿交番,131121,東京都,世田谷区,三宿１丁目,2020-06-29,01,４階建て以上共同住宅,駐車（輪）場,40歳代,その他,施錠せず
窃盗,自転車盗,世田谷,下馬四丁目交番,131121,東京都,世田谷区,下馬１丁目,2020-03-05,21,その他の住宅（３階建て以下共同住宅等）,駐車（輪）場,20歳代,その他,施錠せず
窃盗,自転車盗,世田谷,下馬四丁目交番,131121,東京都,世田谷区,下馬１丁目,2020-03-06,22,４階建て以上共同住宅,駐車（輪）場,50歳代,その他,施錠せず
窃盗,自転車盗,世田谷,下馬四丁目交番,131121,東京都,世田谷区,下馬１丁目,2020-03-25,09,一戸建住宅,駐車（輪）場,30歳代,その他,施錠せず
窃盗,自転車盗,世田谷,下馬四丁目交番,131121,東京都,世田谷区,下馬１丁目,2020-05-27,23,道路上,その他,20歳代,その他,施錠せず
窃盗,自転車盗,世田谷,下馬四丁目交番,131121,東京都,世田谷区,下馬２丁目,2020-07-13,18,その他の住宅（３階建て以下共同住宅等）,駐車（輪）場,20歳代,その他,施錠せず
窃盗,自転車盗,世田谷,下馬四丁目交番,131121,東京都,世田谷区,下馬３丁目,2020-08-27,19,一戸建住宅,駐車（輪）場,20歳代,大学生,施錠せず
窃盗,自転車盗,世田谷,下馬四丁目交番,131121,東京都,世田谷区,下馬４丁目,2020-01-12,23,その他の住宅（３階建て以下共同住宅等）,駐車（輪）場,40歳代,その他,施錠せず
窃盗,自転車盗,世田谷,下馬四丁目交番,131121,東京都,世田谷区,下馬４丁目,2020-03-20,00,一戸建住宅,その他,20歳代,その他,施錠せず
窃盗,自転車盗,世田谷,下馬四丁目交番,131121,東京都,世田谷区,下馬４丁目,2020-04-14,08,その他の住宅（３階建て以下共同住宅等）,駐車（輪）場,30歳代,その他,施錠せず
窃盗,自転車盗,世田谷,下馬四丁目交番,131121,東京都,世田谷区,下馬５丁目,2020-01-01,00,その他の住宅（３階建て以下共同住宅等）,駐車（輪）場,30歳代,その他,施錠せず
窃盗,自転車盗,世田谷,下馬四丁目交番,131121,東京都,世田谷区,下馬５丁目,2020-02-11,09,道路上,その他,30歳代,その他,施錠せず
窃盗,自転車盗,世田谷,下馬四丁目交番,131121,東京都,世田谷区,下馬５丁目,2020-10-11,22,４階建て以上共同住宅,駐車（輪）場,20歳代,その他,施錠せず
窃盗,自転車盗,世田谷,下馬四丁目交番,131121,東京都,世田谷区,下馬６丁目,2019-11-30,17,一戸建住宅,その他,40歳代,その他,施錠せず
窃盗,自転車盗,世田谷,上馬交番,131121,東京都,世田谷区,上馬１丁目,2019-12-24,19,一戸建住宅,駐車（輪）場,10歳代,高校生,施錠せず
窃盗,自転車盗,世田谷,上馬交番,131121,東京都,世田谷区,上馬１丁目,2020-01-07,23,その他の住宅（３階建て以下共同住宅等）,駐車（輪）場,30歳代,その他,施錠せず
窃盗,自転車盗,世田谷,上馬交番,131121,東京都,世田谷区,上馬１丁目,2020-02-28,17,その他の住宅（３階建て以下共同住宅等）,駐車（輪）場,30歳代,その他,施錠せず
窃盗,自転車盗,世田谷,上馬交番,131121,東京都,世田谷区,上馬１丁目,2020-03-31,23,４階建て以上共同住宅,駐車（輪）場,30歳代,その他,施錠せず
窃盗,自転車盗,世田谷,上馬交番,131121,東京都,世田谷区,上馬１丁目,2020-05-02,19,その他の住宅（３階建て以下共同住宅等）,駐車（輪）場,20歳代,その他,施錠せず
窃盗,自転車盗,世田谷,上馬交番,131121,東京都,世田谷区,上馬１丁目,2020-07-20,00,その他の住宅（３階建て以下共同住宅等）,その他,40歳代,その他,施錠せず
窃盗,自転車盗,世田谷,上馬交番,131121,東京都,世田谷区,上馬１丁目,2020-09-14,08,道路上,その他,70歳以上,その他,施錠せず
窃盗,自転車盗,世田谷,上馬交番,131121,東京都,世田谷区,上馬１丁目,2020-11-09,19,一戸建住宅,駐車（輪）場,10歳代,中学生,施錠せず
窃盗,自転車盗,世田谷,上馬交番,131121,東京都,世田谷区,上馬２丁目,2020-02-14,06,その他の住宅（３階建て以下共同住宅等）,駐車（輪）場,20歳代,その他,施錠せず
窃盗,自転車盗,世田谷,上馬交番,131121,東京都,世田谷区,上馬２丁目,2020-02-15,13,道路上,その他,50歳代,その他,施錠せず
窃盗,自転車盗,世田谷,上馬交番,131121,東京都,世田谷区,上馬２丁目,2020-04-16,16,その他,駐車（輪）場,70歳以上,その他,施錠せず
窃盗,自転車盗,世田谷,上馬交番,131121,東京都,世田谷区,上馬３丁目,2019-12-01,00,道路上,その他,40歳代,その他,施錠せず
窃盗,自転車盗,世田谷,上馬交番,131121,東京都,世田谷区,上馬３丁目,2020-01-11,12,道路上,その他,40歳代,その他,施錠せず
窃盗,自転車盗,世田谷,上馬交番,131121,東京都,世田谷区,上馬３丁目,2020-01-23,23,道路上,その他,20歳代,その他,施錠せず
窃盗,自転車盗,世田谷,上馬交番,131121,東京都,世田谷区,上馬３丁目,2020-03-10,23,道路上,その他,20歳代,その他,施錠せず
窃盗,自転車盗,世田谷,上馬交番,131121,東京都,世田谷区,上馬３丁目,2020-03-19,13,４階建て以上共同住宅,駐車（輪）場,20歳代,その他,施錠せず
窃盗,自転車盗,世田谷,上馬交番,131121,東京都,世田谷区,上馬３丁目,2020-04-06,16,道路上,その他,60-64歳,その他,施錠せず
窃盗,自転車盗,世田谷,上馬交番,131121,東京都,世田谷区,上馬３丁目,2020-08-16,12,その他,駐車（輪）場,20歳代,その他,施錠せず
窃盗,自転車盗,世田谷,上馬交番,131121,東京都,世田谷区,上馬４丁目,2019-11-23,15,その他,駐車（輪）場,20歳代,その他,施錠せず
窃盗,自転車盗,世田谷,上馬交番,131121,東京都,世田谷区,上馬４丁目,2019-12-03,23,その他の住宅（３階建て以下共同住宅等）,駐車（輪）場,40歳代,その他,施錠せず
窃盗,自転車盗,世田谷,上馬交番,131121,東京都,世田谷区,上馬４丁目,2019-12-23,17,その他の住宅（３階建て以下共同住宅等）,駐車（輪）場,40歳代,その他,施錠せず
窃盗,自転車盗,世田谷,上馬交番,131121,東京都,世田谷区,上馬４丁目,2020-01-13,21,４階建て以上共同住宅,駐車（輪）場,40歳代,その他,施錠せず
窃盗,自転車盗,世田谷,上馬交番,131121,東京都,世田谷区,上馬４丁目,2020-02-04,18,駐車（輪）場,駐車（輪）場,30歳代,その他,施錠せず
窃盗,自転車盗,世田谷,上馬交番,131121,東京都,世田谷区,上馬４丁目,2020-05-28,12,その他,駐車（輪）場,20歳代,その他,施錠せず
窃盗,自転車盗,世田谷,上馬交番,131121,東京都,世田谷区,上馬４丁目,2020-08-01,14,その他の住宅（３階建て以下共同住宅等）,駐車（輪）場,20歳代,大学生,施錠せず
窃盗,自転車盗,世田谷,上馬交番,131121,東京都,世田谷区,上馬４丁目,2020-08-08,20,その他の住宅（３階建て以下共同住宅等）,駐車（輪）場,20歳代,その他,施錠せず
窃盗,自転車盗,世田谷,上馬交番,131121,東京都,世田谷区,上馬４丁目,2020-10-10,06,４階建て以上共同住宅,駐車（輪）場,40歳代,その他,施錠せず
窃盗,自転車盗,世田谷,上馬交番,131121,東京都,世田谷区,上馬５丁目,2020-03-08,18,道路上,その他,30歳代,その他,施錠せず
窃盗,自転車盗,世田谷,上馬交番,131121,東京都,世田谷区,駒沢１丁目,2020-02-28,14,道路上,その他,10歳代,大学生,施錠せず
窃盗,自転車盗,世田谷,上馬交番,131121,東京都,世田谷区,駒沢１丁目,2020-06-13,03,一戸建住宅,その他,20歳代,その他,施錠せず
窃盗,自転車盗,世田谷,上馬交番,131121,東京都,世田谷区,駒沢２丁目,2019-12-11,19,道路上,その他,10歳代,中学生,施錠せず
窃盗,自転車盗,世田谷,上馬交番,131121,東京都,世田谷区,駒沢２丁目,2020-01-31,00,その他の住宅（３階建て以下共同住宅等）,駐車（輪）場,20歳代,その他,施錠せず
窃盗,自転車盗,世田谷,上馬交番,131121,東京都,世田谷区,駒沢２丁目,2020-02-17,17,道路上,その他,10歳代,中学生,施錠せず
窃盗,自転車盗,世田谷,上馬交番,131121,東京都,世田谷区,駒沢２丁目,2020-03-09,22,道路上,その他,10歳代,高校生,施錠せず
窃盗,自転車盗,世田谷,上馬交番,131121,東京都,世田谷区,駒沢２丁目,2020-03-11,00,その他の住宅（３階建て以下共同住宅等）,駐車（輪）場,50歳代,その他,施錠せず
窃盗,自転車盗,世田谷,上馬交番,131121,東京都,世田谷区,駒沢２丁目,2020-04-04,14,その他,駐車（輪）場,30歳代,その他,施錠せず
窃盗,自転車盗,世田谷,上馬交番,131121,東京都,世田谷区,駒沢２丁目,2020-07-15,09,駐車（輪）場,駐車（輪）場,40歳代,その他,施錠せず
窃盗,自転車盗,世田谷,上馬交番,131121,東京都,世田谷区,駒沢２丁目,2020-08-25,11,道路上,その他,10歳未満,小学生,施錠せず
窃盗,自転車盗,世田谷,上馬交番,131121,東京都,世田谷区,駒沢２丁目,2020-10-22,06,その他の住宅（３階建て以下共同住宅等）,駐車（輪）場,50歳代,その他,施錠せず
窃盗,自転車盗,世田谷,上馬交番,131121,東京都,世田谷区,下馬３丁目,2020-04-25,14,その他の住宅（３階建て以下共同住宅等）,駐車（輪）場,30歳代,その他,施錠せず
窃盗,自転車盗,世田谷,上馬交番,131121,東京都,世田谷区,下馬３丁目,2020-06-12,23,道路上,その他,50歳代,その他,施錠せず
窃盗,自転車盗,世田谷,上馬交番,131121,東京都,世田谷区,弦巻２丁目,2019-12-01,08,４階建て以上共同住宅,駐車（輪）場,30歳代,その他,施錠せず
窃盗,自転車盗,世田谷,上馬交番,131121,東京都,世田谷区,弦巻２丁目,2020-01-04,12,一戸建住宅,駐車（輪）場,40歳代,その他,施錠せず
窃盗,自転車盗,世田谷,上馬交番,131121,東京都,世田谷区,野沢１丁目,2019-12-16,21,その他の住宅（３階建て以下共同住宅等）,駐車（輪）場,50歳代,その他,施錠せず
窃盗,自転車盗,世田谷,上馬交番,131121,東京都,世田谷区,野沢１丁目,2020-02-08,18,一戸建住宅,駐車（輪）場,10歳代,小学生,施錠せず
窃盗,自転車盗,世田谷,上馬交番,131121,東京都,世田谷区,野沢１丁目,2020-02-10,17,一戸建住宅,駐車（輪）場,50歳代,その他,施錠せず
窃盗,自転車盗,世田谷,上馬交番,131121,東京都,世田谷区,野沢１丁目,2020-02-23,23,一戸建住宅,駐車（輪）場,20歳代,その他,施錠せず
窃盗,自転車盗,世田谷,上馬交番,131121,東京都,世田谷区,野沢１丁目,2020-03-16,21,道路上,その他,30歳代,その他,施錠せず
窃盗,自転車盗,世田谷,上馬交番,131121,東京都,世田谷区,野沢１丁目,2020-03-26,07,一戸建住宅,駐車（輪）場,10歳代,大学生,施錠せず
窃盗,自転車盗,世田谷,上馬交番,131121,東京都,世田谷区,野沢１丁目,2020-10-24,13,道路上,その他,20歳代,その他,施錠せず
窃盗,自転車盗,世田谷,上馬交番,131121,東京都,世田谷区,野沢１丁目,2020-11-08,18,その他の住宅（３階建て以下共同住宅等）,駐車（輪）場,40歳代,その他,施錠せず
窃盗,自転車盗,世田谷,上馬交番,131121,東京都,世田谷区,野沢１丁目,2020-11-14,23,一戸建住宅,駐車（輪）場,20歳代,その他,施錠せず
窃盗,自転車盗,世田谷,上馬交番,131121,東京都,世田谷区,野沢１丁目,2020-11-15,17,その他の住宅（３階建て以下共同住宅等）,駐車（輪）場,20歳代,その他,施錠せず
窃盗,自転車盗,世田谷,上馬交番,131121,東京都,世田谷区,野沢１丁目,2020-11-26,08,道路上,その他,50歳代,その他,施錠せず
窃盗,自転車盗,世田谷,上馬交番,131121,東京都,世田谷区,野沢２丁目,2019-12-19,18,駐車（輪）場,駐車（輪）場,40歳代,その他,施錠せず
窃盗,自転車盗,世田谷,上馬交番,131121,東京都,世田谷区,野沢２丁目,2020-03-06,08,４階建て以上共同住宅,駐車（輪）場,40歳代,その他,施錠せず
窃盗,自転車盗,世田谷,上馬交番,131121,東京都,世田谷区,野沢２丁目,2020-08-31,18,その他の住宅（３階建て以下共同住宅等）,駐車（輪）場,65-69歳,その他,施錠せず
窃盗,自転車盗,世田谷,上馬交番,131121,東京都,世田谷区,野沢４丁目,2020-02-12,20,その他の住宅（３階建て以下共同住宅等）,駐車（輪）場,30歳代,その他,施錠せず
窃盗,自転車盗,世田谷,上馬交番,131121,東京都,世田谷区,野沢４丁目,2020-06-05,21,その他の住宅（３階建て以下共同住宅等）,駐車（輪）場,20歳代,その他,施錠せず
窃盗,自転車盗,世田谷,上馬交番,131121,東京都,世田谷区,野沢４丁目,2020-11-10,10,その他,駐車（輪）場,50歳代,その他,施錠せず
窃盗,自転車盗,世田谷,世田谷交番,131121,東京都,世田谷区,世田谷１丁目,2020-02-01,17,道路上,その他,30歳代,その他,施錠せず
窃盗,自転車盗,世田谷,世田谷交番,131121,東京都,世田谷区,世田谷１丁目,2020-03-20,14,一戸建住宅,その他,50歳代,その他,施錠せず
窃盗,自転車盗,世田谷,世田谷交番,131121,東京都,世田谷区,世田谷１丁目,2020-06-17,22,その他の住宅（３階建て以下共同住宅等）,駐車（輪）場,20歳代,その他,施錠せず
窃盗,自転車盗,世田谷,世田谷交番,131121,東京都,世田谷区,世田谷１丁目,2020-09-19,00,一戸建住宅,駐車（輪）場,40歳代,その他,施錠せず
窃盗,自転車盗,世田谷,世田谷交番,131121,東京都,世田谷区,世田谷１丁目,2020-11-09,21,その他,駐車（輪）場,20歳代,その他,施錠せず
窃盗,自転車盗,世田谷,世田谷交番,131121,東京都,世田谷区,世田谷２丁目,2020-10-19,19,道路上,その他,40歳代,その他,施錠せず
窃盗,自転車盗,世田谷,世田谷交番,131121,東京都,世田谷区,世田谷３丁目,2019-11-30,20,一戸建住宅,駐車（輪）場,20歳代,大学生,施錠せず
窃盗,自転車盗,世田谷,世田谷交番,131121,東京都,世田谷区,世田谷３丁目,2019-12-08,20,４階建て以上共同住宅,駐車（輪）場,20歳代,大学生,施錠せず
窃盗,自転車盗,世田谷,世田谷交番,131121,東京都,世田谷区,世田谷３丁目,2020-01-09,00,その他の住宅（３階建て以下共同住宅等）,駐車（輪）場,20歳代,大学生,施錠せず
窃盗,自転車盗,世田谷,世田谷交番,131121,東京都,世田谷区,世田谷３丁目,2020-02-20,01,その他の住宅（３階建て以下共同住宅等）,駐車（輪）場,30歳代,その他,施錠せず
窃盗,自転車盗,世田谷,世田谷交番,131121,東京都,世田谷区,世田谷３丁目,2020-02-20,10,駐車（輪）場,駐車（輪）場,50歳代,その他,施錠せず
窃盗,自転車盗,世田谷,世田谷交番,131121,東京都,世田谷区,世田谷３丁目,2020-06-17,12,４階建て以上共同住宅,駐車（輪）場,50歳代,その他,施錠せず
窃盗,自転車盗,世田谷,世田谷交番,131121,東京都,世田谷区,世田谷３丁目,2020-07-16,13,一戸建住宅,駐車（輪）場,30歳代,その他,施錠せず
窃盗,自転車盗,世田谷,世田谷交番,131121,東京都,世田谷区,世田谷３丁目,2020-09-05,16,一戸建住宅,駐車（輪）場,30歳代,その他,施錠せず
窃盗,自転車盗,世田谷,世田谷交番,131121,東京都,世田谷区,世田谷４丁目,2019-12-22,10,駐車（輪）場,駐車（輪）場,60-64歳,その他,施錠せず
窃盗,自転車盗,世田谷,世田谷交番,131121,東京都,世田谷区,世田谷４丁目,2020-01-06,20,道路上,その他,70歳以上,その他,施錠せず
窃盗,自転車盗,世田谷,世田谷交番,131121,東京都,世田谷区,世田谷４丁目,2020-01-07,12,その他の住宅（３階建て以下共同住宅等）,駐車（輪）場,10歳代,小学生,施錠せず
窃盗,自転車盗,世田谷,世田谷交番,131121,東京都,世田谷区,世田谷４丁目,2020-02-12,08,その他,駐車（輪）場,20歳代,その他,施錠せず
窃盗,自転車盗,世田谷,世田谷交番,131121,東京都,世田谷区,世田谷４丁目,2020-02-20,09,その他,駐車（輪）場,50歳代,その他,施錠せず
窃盗,自転車盗,世田谷,世田谷交番,131121,東京都,世田谷区,世田谷４丁目,2020-07-12,18,その他の住宅（３階建て以下共同住宅等）,駐車（輪）場,30歳代,その他,施錠せず
窃盗,自転車盗,世田谷,世田谷交番,131121,東京都,世田谷区,世田谷４丁目,2020-08-13,08,その他,駐車（輪）場,40歳代,その他,施錠せず
窃盗,自転車盗,世田谷,世田谷交番,131121,東京都,世田谷区,世田谷４丁目,2020-10-13,17,その他,駐車（輪）場,40歳代,その他,施錠せず
窃盗,自転車盗,世田谷,世田谷交番,131121,東京都,世田谷区,弦巻１丁目,2020-03-05,09,道路上,その他,40歳代,その他,施錠せず
窃盗,自転車盗,世田谷,世田谷交番,131121,東京都,世田谷区,若林４丁目,2020-05-25,08,その他,駐車（輪）場,20歳代,その他,施錠せず
窃盗,自転車盗,世田谷,世田谷交番,131121,東京都,世田谷区,若林４丁目,2020-07-02,07,その他,駐車（輪）場,20歳代,大学生,施錠せず
窃盗,自転車盗,世田谷,若林交番,131121,東京都,世田谷区,上馬５丁目,2020-06-18,03,道路上,その他,30歳代,その他,施錠せず
窃盗,自転車盗,世田谷,若林交番,131121,東京都,世田谷区,上馬５丁目,2020-06-29,12,一戸建住宅,駐車（輪）場,70歳以上,その他,施錠せず
窃盗,自転車盗,世田谷,若林交番,131121,東京都,世田谷区,三軒茶屋２丁目,2019-11-16,14,道路上,その他,10歳代,中学生,施錠せず
窃盗,自転車盗,世田谷,若林交番,131121,東京都,世田谷区,三軒茶屋２丁目,2019-12-11,09,道路上,その他,30歳代,その他,施錠せず
窃盗,自転車盗,世田谷,若林交番,131121,東京都,世田谷区,三軒茶屋２丁目,2020-02-28,21,その他,駐車（輪）場,10歳代,高校生,施錠せず
窃盗,自転車盗,世田谷,若林交番,131121,東京都,世田谷区,三軒茶屋２丁目,2020-04-07,14,４階建て以上共同住宅,駐車（輪）場,30歳代,その他,施錠せず
窃盗,自転車盗,世田谷,若林交番,131121,東京都,世田谷区,三軒茶屋２丁目,2020-08-28,18,駐車（輪）場,駐車（輪）場,20歳代,その他,施錠せず
窃盗,自転車盗,世田谷,若林交番,131121,東京都,世田谷区,三軒茶屋２丁目,2020-11-05,08,道路上,その他,10歳代,中学生,施錠せず
窃盗,自転車盗,世田谷,若林交番,131121,東京都,世田谷区,世田谷４丁目,2020-05-05,16,道路上,その他,10歳代,小学生,施錠せず
窃盗,自転車盗,世田谷,若林交番,131121,東京都,世田谷区,若林１丁目,2020-01-07,07,一戸建住宅,駐車（輪）場,40歳代,その他,施錠せず
窃盗,自転車盗,世田谷,若林交番,131121,東京都,世田谷区,若林１丁目,2020-06-04,13,一戸建住宅,駐車（輪）場,40歳代,その他,施錠せず
窃盗,自転車盗,世田谷,若林交番,131121,東京都,世田谷区,若林１丁目,2020-07-18,19,４階建て以上共同住宅,その他,10歳代,大学生,施錠せず
窃盗,自転車盗,世田谷,若林交番,131121,東京都,世田谷区,若林１丁目,2020-08-08,07,その他の住宅（３階建て以下共同住宅等）,駐車（輪）場,30歳代,その他,施錠せず
窃盗,自転車盗,世田谷,若林交番,131121,東京都,世田谷区,若林１丁目,2020-09-18,21,４階建て以上共同住宅,駐車（輪）場,40歳代,その他,施錠せず
窃盗,自転車盗,世田谷,若林交番,131121,東京都,世田谷区,若林３丁目,2020-02-10,21,道路上,その他,40歳代,その他,施錠せず
窃盗,自転車盗,世田谷,若林交番,131121,東京都,世田谷区,若林３丁目,2020-02-15,23,その他の住宅（３階建て以下共同住宅等）,駐車（輪）場,30歳代,その他,施錠せず
窃盗,自転車盗,世田谷,若林交番,131121,東京都,世田谷区,若林３丁目,2020-04-07,11,一戸建住宅,駐車（輪）場,30歳代,その他,施錠せず
窃盗,自転車盗,世田谷,若林交番,131121,東京都,世田谷区,若林３丁目,2020-08-31,21,道路上,その他,20歳代,大学生,施錠せず
窃盗,自転車盗,世田谷,若林交番,131121,東京都,世田谷区,若林３丁目,2020-09-19,16,その他の住宅（３階建て以下共同住宅等）,駐車（輪）場,40歳代,その他,施錠せず
窃盗,自転車盗,世田谷,若林交番,131121,東京都,世田谷区,若林４丁目,2020-06-11,03,道路上,その他,20歳代,その他,施錠せず
窃盗,自転車盗,世田谷,若林交番,131121,東京都,世田谷区,若林４丁目,2020-09-01,17,その他の住宅（３階建て以下共同住宅等）,駐車（輪）場,20歳代,その他,施錠せず
窃盗,自転車盗,世田谷,若林交番,131121,東京都,世田谷区,若林４丁目,2020-10-02,08,その他,その他,65-69歳,その他,施錠せず
窃盗,自転車盗,世田谷,若林交番,131121,東京都,世田谷区,若林５丁目,2020-03-17,15,その他,その他,30歳代,その他,施錠せず
窃盗,自転車盗,世田谷,若林交番,131121,東京都,世田谷区,若林５丁目,2020-05-08,18,一戸建住宅,駐車（輪）場,10歳代,中学生,施錠せず
窃盗,自転車盗,世田谷,若林交番,131121,東京都,世田谷区,若林５丁目,2020-06-25,18,道路上,その他,40歳代,その他,施錠せず
窃盗,自転車盗,世田谷,若林交番,131121,東京都,世田谷区,若林５丁目,2020-08-14,19,一戸建住宅,駐車（輪）場,50歳代,その他,施錠せず
窃盗,自転車盗,世田谷,若林交番,131121,東京都,世田谷区,若林５丁目,2020-10-06,23,その他の住宅（３階建て以下共同住宅等）,駐車（輪）場,20歳代,その他,施錠せず
窃盗,自転車盗,世田谷,松ケ丘交番,131121,東京都,世田谷区,桜３丁目,2020-01-13,14,その他,駐車（輪）場,10歳代,高校生,施錠せず
窃盗,自転車盗,世田谷,松ケ丘交番,131121,東京都,世田谷区,桜３丁目,2020-02-02,07,４階建て以上共同住宅,駐車（輪）場,40歳代,その他,施錠せず
窃盗,自転車盗,世田谷,松ケ丘交番,131121,東京都,世田谷区,桜３丁目,2020-03-28,09,その他,駐車（輪）場,40歳代,その他,施錠せず
窃盗,自転車盗,世田谷,松ケ丘交番,131121,東京都,世田谷区,桜３丁目,2020-07-10,18,４階建て以上共同住宅,駐車（輪）場,30歳代,その他,施錠せず
窃盗,自転車盗,世田谷,松ケ丘交番,131121,東京都,世田谷区,桜３丁目,2020-07-23,11,その他,駐車（輪）場,20歳代,大学生,施錠せず
窃盗,自転車盗,世田谷,松ケ丘交番,131121,東京都,世田谷区,桜丘３丁目,2020-04-09,14,４階建て以上共同住宅,その他,20歳代,大学生,施錠せず
窃盗,自転車盗,世田谷,松ケ丘交番,131121,東京都,世田谷区,世田谷１丁目,2019-11-29,03,その他の住宅（３階建て以下共同住宅等）,駐車（輪）場,30歳代,その他,施錠せず
窃盗,自転車盗,世田谷,松ケ丘交番,131121,東京都,世田谷区,世田谷２丁目,2019-11-12,01,その他の住宅（３階建て以下共同住宅等）,駐車（輪）場,60-64歳,その他,施錠せず
窃盗,自転車盗,世田谷,松ケ丘交番,131121,東京都,世田谷区,世田谷２丁目,2019-12-28,13,道路上,その他,10歳代,高校生,施錠せず
窃盗,自転車盗,世田谷,松ケ丘交番,131121,東京都,世田谷区,世田谷２丁目,2020-02-29,19,道路上,その他,70歳以上,その他,施錠せず
窃盗,自転車盗,世田谷,松ケ丘交番,131121,東京都,世田谷区,世田谷２丁目,2020-06-27,22,道路上,その他,50歳代,その他,施錠せず
窃盗,自転車盗,世田谷,松ケ丘交番,131121,東京都,世田谷区,弦巻２丁目,2020-01-26,12,４階建て以上共同住宅,駐車（輪）場,40歳代,その他,施錠せず
窃盗,自転車盗,世田谷,松ケ丘交番,131121,東京都,世田谷区,弦巻２丁目,2020-06-26,08,一戸建住宅,駐車（輪）場,40歳代,その他,施錠せず
窃盗,自転車盗,世田谷,松ケ丘交番,131121,東京都,世田谷区,弦巻３丁目,2019-12-07,16,４階建て以上共同住宅,駐車（輪）場,20歳代,その他,施錠せず
窃盗,自転車盗,世田谷,松ケ丘交番,131121,東京都,世田谷区,弦巻３丁目,2019-12-09,12,一戸建住宅,その他,40歳代,その他,施錠せず
窃盗,自転車盗,世田谷,松ケ丘交番,131121,東京都,世田谷区,弦巻３丁目,2020-01-29,19,４階建て以上共同住宅,駐車（輪）場,30歳代,その他,施錠せず
窃盗,自転車盗,世田谷,松ケ丘交番,131121,東京都,世田谷区,弦巻３丁目,2020-04-16,21,その他の住宅（３階建て以下共同住宅等）,駐車（輪）場,10歳代,大学生,施錠せず
窃盗,自転車盗,世田谷,松ケ丘交番,131121,東京都,世田谷区,弦巻３丁目,2020-06-13,13,その他の住宅（３階建て以下共同住宅等）,駐車（輪）場,50歳代,その他,施錠せず
窃盗,自転車盗,世田谷,松ケ丘交番,131121,東京都,世田谷区,弦巻４丁目,2019-12-22,00,一戸建住宅,駐車（輪）場,10歳代,中学生,施錠せず
窃盗,自転車盗,世田谷,松ケ丘交番,131121,東京都,世田谷区,弦巻４丁目,2020-02-01,18,道路上,その他,20歳代,大学生,施錠せず
窃盗,自転車盗,世田谷,松ケ丘交番,131121,東京都,世田谷区,弦巻４丁目,2020-03-22,09,その他,駐車（輪）場,30歳代,その他,施錠せず
窃盗,自転車盗,世田谷,松ケ丘交番,131121,東京都,世田谷区,弦巻４丁目,2020-07-29,18,一戸建住宅,駐車（輪）場,50歳代,その他,施錠せず
窃盗,自転車盗,世田谷,松ケ丘交番,131121,東京都,世田谷区,弦巻４丁目,2020-08-13,17,その他の住宅（３階建て以下共同住宅等）,駐車（輪）場,65-69歳,その他,施錠せず
窃盗,自転車盗,世田谷,松ケ丘交番,131121,東京都,世田谷区,弦巻５丁目,2020-01-07,18,その他の住宅（３階建て以下共同住宅等）,駐車（輪）場,20歳代,大学生,施錠せず
窃盗,自転車盗,世田谷,松ケ丘交番,131121,東京都,世田谷区,弦巻５丁目,2020-05-06,15,その他,駐車（輪）場,10歳未満,小学生,施錠せず
窃盗,自転車盗,世田谷,松ケ丘交番,131121,東京都,世田谷区,弦巻５丁目,2020-05-23,14,道路上,その他,10歳代,高校生,施錠せず
窃盗,自転車盗,世田谷,松ケ丘交番,131121,東京都,世田谷区,弦巻５丁目,2020-10-08,20,４階建て以上共同住宅,駐車（輪）場,50歳代,その他,施錠せず
窃盗,自転車盗,世田谷,桜丘交番,131121,東京都,世田谷区,桜２丁目,2020-07-25,12,その他の住宅（３階建て以下共同住宅等）,駐車（輪）場,20歳代,大学生,施錠せず
窃盗,自転車盗,世田谷,桜丘交番,131121,東京都,世田谷区,桜２丁目,2020-09-01,23,道路上,その他,20歳代,大学生,施錠せず
窃盗,自転車盗,世田谷,桜丘交番,131121,東京都,世田谷区,桜丘１丁目,2020-01-20,10,その他の住宅（３階建て以下共同住宅等）,駐車（輪）場,20歳代,大学生,施錠せず
窃盗,自転車盗,世田谷,桜丘交番,131121,東京都,世田谷区,桜丘１丁目,2020-10-19,07,一戸建住宅,駐車（輪）場,30歳代,その他,施錠せず
窃盗,自転車盗,世田谷,桜丘交番,131121,東京都,世田谷区,桜丘２丁目,2020-01-15,21,その他の住宅（３階建て以下共同住宅等）,駐車（輪）場,30歳代,その他,施錠せず
窃盗,自転車盗,世田谷,桜丘交番,131121,東京都,世田谷区,桜丘２丁目,2020-01-22,13,道路上,その他,10歳代,高校生,施錠せず
窃盗,自転車盗,世田谷,桜丘交番,131121,東京都,世田谷区,桜丘２丁目,2020-02-20,16,４階建て以上共同住宅,駐車（輪）場,30歳代,その他,施錠せず
窃盗,自転車盗,世田谷,桜丘交番,131121,東京都,世田谷区,桜丘２丁目,2020-03-24,13,その他,駐車（輪）場,30歳代,その他,施錠せず
窃盗,自転車盗,世田谷,桜丘交番,131121,東京都,世田谷区,桜丘２丁目,2020-07-07,00,道路上,その他,20歳代,その他,施錠せず
窃盗,自転車盗,世田谷,桜丘交番,131121,東京都,世田谷区,桜丘２丁目,2020-08-07,11,道路上,その他,50歳代,その他,施錠せず
窃盗,自転車盗,世田谷,桜丘交番,131121,東京都,世田谷区,桜丘２丁目,2020-08-10,23,道路上,その他,30歳代,その他,施錠せず
窃盗,自転車盗,世田谷,桜丘交番,131121,東京都,世田谷区,桜丘２丁目,2020-09-17,16,一戸建住宅,駐車（輪）場,30歳代,その他,施錠せず
窃盗,自転車盗,世田谷,桜丘交番,131121,東京都,世田谷区,桜丘２丁目,2020-10-17,11,一戸建住宅,駐車（輪）場,40歳代,その他,施錠せず
窃盗,自転車盗,世田谷,桜丘交番,131121,東京都,世田谷区,桜丘３丁目,2019-12-05,00,その他,駐車（輪）場,20歳代,その他,施錠せず
窃盗,自転車盗,世田谷,桜丘交番,131121,東京都,世田谷区,桜丘３丁目,2019-12-10,20,道路上,その他,40歳代,その他,施錠せず
窃盗,自転車盗,世田谷,桜丘交番,131121,東京都,世田谷区,桜丘３丁目,2020-02-14,23,４階建て以上共同住宅,駐車（輪）場,30歳代,その他,施錠せず
窃盗,自転車盗,世田谷,桜丘交番,131121,東京都,世田谷区,桜丘３丁目,2020-09-18,18,その他の住宅（３階建て以下共同住宅等）,駐車（輪）場,30歳代,その他,施錠せず
窃盗,自転車盗,世田谷,桜丘交番,131121,東京都,世田谷区,桜丘５丁目,2019-12-25,10,その他,駐車（輪）場,30歳代,その他,施錠せず
窃盗,自転車盗,世田谷,桜丘交番,131121,東京都,世田谷区,桜丘５丁目,2020-01-03,13,その他の住宅（３階建て以下共同住宅等）,駐車（輪）場,10歳代,高校生,施錠せず
窃盗,自転車盗,世田谷,桜丘交番,131121,東京都,世田谷区,桜丘５丁目,2020-02-15,15,その他の住宅（３階建て以下共同住宅等）,駐車（輪）場,40歳代,その他,施錠せず
窃盗,自転車盗,世田谷,桜丘交番,131121,東京都,世田谷区,桜丘５丁目,2020-08-17,20,その他の住宅（３階建て以下共同住宅等）,駐車（輪）場,30歳代,その他,施錠せず
窃盗,自転車盗,世田谷,桜丘交番,131121,東京都,世田谷区,桜丘５丁目,2020-10-11,09,駐車（輪）場,駐車（輪）場,30歳代,その他,施錠せず
窃盗,自転車盗,世田谷,桜木駐在所,131121,東京都,世田谷区,桜１丁目,2019-12-14,15,その他の住宅（３階建て以下共同住宅等）,駐車（輪）場,40歳代,その他,施錠せず
窃盗,自転車盗,世田谷,桜木駐在所,131121,東京都,世田谷区,桜１丁目,2020-09-20,23,その他の住宅（３階建て以下共同住宅等）,駐車（輪）場,50歳代,その他,施錠せず
窃盗,自転車盗,世田谷,桜木駐在所,131121,東京都,世田谷区,桜１丁目,2020-11-07,21,４階建て以上共同住宅,駐車（輪）場,40歳代,その他,施錠せず
窃盗,自転車盗,世田谷,桜木駐在所,131121,東京都,世田谷区,桜２丁目,2019-12-06,20,その他の住宅（３階建て以下共同住宅等）,駐車（輪）場,30歳代,その他,施錠せず
窃盗,自転車盗,世田谷,桜木駐在所,131121,東京都,世田谷区,桜２丁目,2020-02-17,11,その他の住宅（３階建て以下共同住宅等）,駐車（輪）場,20歳代,大学生,施錠せず
窃盗,自転車盗,世田谷,桜木駐在所,131121,東京都,世田谷区,桜２丁目,2020-10-24,11,一戸建住宅,駐車（輪）場,60-64歳,その他,施錠せず
窃盗,自転車盗,世田谷,桜木駐在所,131121,東京都,世田谷区,桜２丁目,2020-11-12,19,その他の住宅（３階建て以下共同住宅等）,その他,30歳代,その他,施錠せず
窃盗,自転車盗,北沢,経堂駅前交番,131121,東京都,世田谷区,赤堤１丁目,2020-03-21,23,一戸建住宅,その他,10歳代,高校生,施錠せず
窃盗,自転車盗,北沢,経堂駅前交番,131121,東京都,世田谷区,梅丘１丁目,2020-05-27,13,一戸建住宅,駐車（輪）場,30歳代,その他,施錠せず
窃盗,自転車盗,北沢,経堂駅前交番,131121,東京都,世田谷区,経堂１丁目,2020-03-23,13,道路上,その他,10歳代,大学生,施錠せず
窃盗,自転車盗,北沢,経堂駅前交番,131121,東京都,世田谷区,経堂１丁目,2020-03-25,07,その他,駐車（輪）場,20歳代,その他,施錠せず
窃盗,自転車盗,北沢,経堂駅前交番,131121,東京都,世田谷区,経堂１丁目,2020-04-17,12,一戸建住宅,駐車（輪）場,70歳以上,その他,施錠せず
窃盗,自転車盗,北沢,経堂駅前交番,131121,東京都,世田谷区,経堂１丁目,2020-06-24,01,その他,駐車（輪）場,20歳代,大学生,施錠せず
窃盗,自転車盗,北沢,経堂駅前交番,131121,東京都,世田谷区,経堂１丁目,2020-06-27,19,道路上,その他,20歳代,大学生,施錠せず
窃盗,自転車盗,北沢,経堂駅前交番,131121,東京都,世田谷区,経堂１丁目,2020-09-07,07,駐車（輪）場,駐車（輪）場,30歳代,その他,施錠せず
窃盗,自転車盗,北沢,経堂駅前交番,131121,東京都,世田谷区,経堂１丁目,2020-10-15,09,駐車（輪）場,駐車（輪）場,20歳代,その他,施錠せず
窃盗,自転車盗,北沢,経堂駅前交番,131121,東京都,世田谷区,経堂１丁目,2020-10-18,01,駐車（輪）場,駐車（輪）場,20歳代,その他,施錠せず
窃盗,自転車盗,北沢,経堂駅前交番,131121,東京都,世田谷区,経堂１丁目,2020-11-29,18,一戸建住宅,駐車（輪）場,50歳代,その他,施錠せず
窃盗,自転車盗,北沢,経堂駅前交番,131121,東京都,世田谷区,経堂２丁目,2019-12-28,17,一戸建住宅,駐車（輪）場,10歳代,高校生,施錠せず
窃盗,自転車盗,北沢,経堂駅前交番,131121,東京都,世田谷区,経堂２丁目,2019-12-28,21,その他,駐車（輪）場,10歳代,その他,施錠せず
窃盗,自転車盗,北沢,経堂駅前交番,131121,東京都,世田谷区,経堂２丁目,2019-12-31,06,その他,駐車（輪）場,30歳代,その他,施錠せず
窃盗,自転車盗,北沢,経堂駅前交番,131121,東京都,世田谷区,経堂２丁目,2020-01-18,15,その他,駐車（輪）場,10歳代,中学生,施錠せず
窃盗,自転車盗,北沢,経堂駅前交番,131121,東京都,世田谷区,経堂２丁目,2020-02-22,11,その他,駐車（輪）場,70歳以上,その他,施錠せず
窃盗,自転車盗,北沢,経堂駅前交番,131121,東京都,世田谷区,経堂２丁目,2020-03-18,13,その他,駐車（輪）場,法人・団体、被害者なし,法人・団体、被害者なし,施錠せず
窃盗,自転車盗,北沢,経堂駅前交番,131121,東京都,世田谷区,経堂２丁目,2020-04-04,22,４階建て以上共同住宅,駐車（輪）場,30歳代,その他,施錠せず
窃盗,自転車盗,北沢,経堂駅前交番,131121,東京都,世田谷区,経堂２丁目,2020-04-21,01,道路上,その他,50歳代,その他,施錠せず
窃盗,自転車盗,北沢,経堂駅前交番,131121,東京都,世田谷区,経堂２丁目,2020-05-10,17,４階建て以上共同住宅,駐車（輪）場,30歳代,その他,施錠せず
窃盗,自転車盗,北沢,経堂駅前交番,131121,東京都,世田谷区,経堂２丁目,2020-06-26,15,その他の住宅（３階建て以下共同住宅等）,駐車（輪）場,20歳代,大学生,施錠せず
窃盗,自転車盗,北沢,経堂駅前交番,131121,東京都,世田谷区,経堂２丁目,2020-07-14,18,その他,駐車（輪）場,10歳代,高校生,施錠せず
窃盗,自転車盗,北沢,経堂駅前交番,131121,東京都,世田谷区,経堂２丁目,2020-10-15,08,その他,駐車（輪）場,40歳代,その他,施錠せず
窃盗,自転車盗,北沢,経堂駅前交番,131121,東京都,世田谷区,経堂２丁目,2020-10-20,21,道路上,その他,40歳代,その他,施錠せず
窃盗,自転車盗,北沢,経堂駅前交番,131121,東京都,世田谷区,経堂２丁目,2020-11-18,12,駐車（輪）場,駐車（輪）場,20歳代,その他,施錠せず
窃盗,自転車盗,北沢,経堂駅前交番,131121,東京都,世田谷区,経堂３丁目,2020-08-13,13,その他,駐車（輪）場,40歳代,その他,施錠せず
窃盗,自転車盗,北沢,経堂駅前交番,131121,東京都,世田谷区,経堂３丁目,2020-09-06,22,４階建て以上共同住宅,駐車（輪）場,40歳代,その他,施錠せず
窃盗,自転車盗,北沢,経堂駅前交番,131121,東京都,世田谷区,経堂３丁目,2020-10-15,18,一戸建住宅,その他,50歳代,その他,施錠せず
窃盗,自転車盗,北沢,経堂駅前交番,131121,東京都,世田谷区,経堂３丁目,2020-10-18,09,駐車（輪）場,駐車（輪）場,30歳代,その他,施錠せず
窃盗,自転車盗,北沢,経堂駅前交番,131121,東京都,世田谷区,経堂４丁目,2020-01-07,08,その他,駐車（輪）場,20歳代,その他,施錠せず
窃盗,自転車盗,北沢,経堂駅前交番,131121,東京都,世田谷区,経堂４丁目,2020-07-13,18,その他の住宅（３階建て以下共同住宅等）,駐車（輪）場,30歳代,その他,施錠せず
窃盗,自転車盗,北沢,経堂駅前交番,131121,東京都,世田谷区,経堂４丁目,2020-09-04,21,その他の住宅（３階建て以下共同住宅等）,駐車（輪）場,40歳代,その他,施錠せず
窃盗,自転車盗,北沢,経堂駅前交番,131121,東京都,世田谷区,経堂４丁目,2020-12-03,08,その他,駐車（輪）場,50歳代,その他,施錠せず
窃盗,自転車盗,北沢,経堂駅前交番,131121,東京都,世田谷区,経堂５丁目,2020-01-05,17,一戸建住宅,駐車（輪）場,50歳代,その他,施錠せず
窃盗,自転車盗,北沢,経堂駅前交番,131121,東京都,世田谷区,経堂５丁目,2020-10-31,22,その他の住宅（３階建て以下共同住宅等）,駐車（輪）場,30歳代,その他,施錠せず
窃盗,自転車盗,北沢,経堂駅前交番,131121,東京都,世田谷区,経堂５丁目,2020-12-06,20,一戸建住宅,その他,10歳代,中学生,施錠せず
窃盗,自転車盗,北沢,経堂駅前交番,131121,東京都,世田谷区,豪徳寺１丁目,2020-03-20,03,道路上,その他,50歳代,その他,施錠せず
窃盗,自転車盗,北沢,経堂駅前交番,131121,東京都,世田谷区,豪徳寺２丁目,2020-07-28,02,その他,その他,40歳代,その他,施錠せず
窃盗,自転車盗,北沢,経堂駅前交番,131121,東京都,世田谷区,宮坂１丁目,2020-03-11,09,道路上,その他,30歳代,その他,施錠せず
窃盗,自転車盗,北沢,経堂駅前交番,131121,東京都,世田谷区,宮坂１丁目,2020-05-25,18,一戸建住宅,駐車（輪）場,40歳代,その他,施錠せず
窃盗,自転車盗,北沢,経堂駅前交番,131121,東京都,世田谷区,宮坂２丁目,2020-06-04,07,その他の住宅（３階建て以下共同住宅等）,駐車（輪）場,10歳代,小学生,施錠せず
窃盗,自転車盗,北沢,経堂駅前交番,131121,東京都,世田谷区,宮坂２丁目,2020-07-07,15,その他,駐車（輪）場,20歳代,大学生,施錠せず
窃盗,自転車盗,北沢,経堂駅前交番,131121,東京都,世田谷区,宮坂２丁目,2020-08-19,18,その他,駐車（輪）場,10歳代,その他,施錠せず
窃盗,自転車盗,北沢,経堂駅前交番,131121,東京都,世田谷区,宮坂２丁目,2020-11-04,17,一戸建住宅,駐車（輪）場,50歳代,その他,施錠せず
窃盗,自転車盗,北沢,経堂駅前交番,131121,東京都,世田谷区,宮坂３丁目,2020-02-05,19,その他の住宅（３階建て以下共同住宅等）,駐車（輪）場,20歳代,大学生,施錠せず
窃盗,自転車盗,北沢,経堂駅前交番,131121,東京都,世田谷区,宮坂３丁目,2020-03-15,21,その他の住宅（３階建て以下共同住宅等）,駐車（輪）場,20歳代,大学生,施錠せず
窃盗,自転車盗,北沢,経堂駅前交番,131121,東京都,世田谷区,宮坂３丁目,2020-07-13,11,その他,駐車（輪）場,20歳代,その他,施錠せず
窃盗,自転車盗,北沢,経堂駅前交番,131121,東京都,世田谷区,宮坂３丁目,2020-08-05,10,４階建て以上共同住宅,駐車（輪）場,30歳代,大学生,施錠せず
窃盗,自転車盗,北沢,経堂駅前交番,131121,東京都,世田谷区,宮坂３丁目,2020-09-09,23,その他,その他,20歳代,大学生,施錠せず
窃盗,自転車盗,北沢,経堂駅前交番,131121,東京都,世田谷区,宮坂３丁目,2020-09-11,11,その他,駐車（輪）場,20歳代,その他,施錠せず
窃盗,自転車盗,北沢,宮前橋交番,131121,東京都,世田谷区,梅丘１丁目,2019-12-16,09,その他,駐車（輪）場,50歳代,その他,施錠せず
窃盗,自転車盗,北沢,宮前橋交番,131121,東京都,世田谷区,梅丘１丁目,2020-02-05,11,道路上,その他,40歳代,その他,施錠せず
窃盗,自転車盗,北沢,宮前橋交番,131121,東京都,世田谷区,梅丘１丁目,2020-04-26,12,道路上,その他,50歳代,その他,施錠せず
窃盗,自転車盗,北沢,宮前橋交番,131121,東京都,世田谷区,梅丘１丁目,2020-07-27,18,道路上,その他,10歳代,中学生,施錠せず
窃盗,自転車盗,北沢,宮前橋交番,131121,東京都,世田谷区,梅丘１丁目,2020-08-30,21,道路上,その他,30歳代,その他,施錠せず
窃盗,自転車盗,北沢,宮前橋交番,131121,東京都,世田谷区,梅丘１丁目,2020-11-05,22,その他の住宅（３階建て以下共同住宅等）,駐車（輪）場,20歳代,大学生,施錠せず
窃盗,自転車盗,北沢,宮前橋交番,131121,東京都,世田谷区,梅丘１丁目,2020-12-11,15,その他,その他,10歳代,中学生,施錠せず
窃盗,自転車盗,北沢,宮前橋交番,131121,東京都,世田谷区,梅丘３丁目,2020-01-08,17,その他の住宅（３階建て以下共同住宅等）,駐車（輪）場,20歳代,大学生,施錠せず
窃盗,自転車盗,北沢,宮前橋交番,131121,東京都,世田谷区,梅丘３丁目,2020-02-17,22,その他の住宅（３階建て以下共同住宅等）,駐車（輪）場,20歳代,その他,施錠せず
窃盗,自転車盗,北沢,宮前橋交番,131121,東京都,世田谷区,代田１丁目,2019-12-31,03,その他の住宅（３階建て以下共同住宅等）,駐車（輪）場,40歳代,その他,施錠せず
窃盗,自転車盗,北沢,宮前橋交番,131121,東京都,世田谷区,代田１丁目,2020-03-21,11,道路上,その他,40歳代,その他,施錠せず
窃盗,自転車盗,北沢,宮前橋交番,131121,東京都,世田谷区,代田１丁目,2020-12-05,19,その他の住宅（３階建て以下共同住宅等）,その他,20歳代,その他,施錠せず
窃盗,自転車盗,北沢,宮前橋交番,131121,東京都,世田谷区,代田２丁目,2020-03-28,02,一戸建住宅,その他,40歳代,その他,施錠せず
窃盗,自転車盗,北沢,宮前橋交番,131121,東京都,世田谷区,代田３丁目,2020-01-09,11,その他の住宅（３階建て以下共同住宅等）,駐車（輪）場,20歳代,その他,施錠せず
窃盗,自転車盗,北沢,宮前橋交番,131121,東京都,世田谷区,代田３丁目,2020-02-09,10,その他の住宅（３階建て以下共同住宅等）,駐車（輪）場,20歳代,その他,施錠せず
窃盗,自転車盗,北沢,宮前橋交番,131121,東京都,世田谷区,代田３丁目,2020-04-23,18,その他の住宅（３階建て以下共同住宅等）,その他,20歳代,その他,施錠せず
窃盗,自転車盗,北沢,宮前橋交番,131121,東京都,世田谷区,代田３丁目,2020-07-05,06,その他の住宅（３階建て以下共同住宅等）,その他,30歳代,その他,施錠せず
窃盗,自転車盗,北沢,宮前橋交番,131121,東京都,世田谷区,代田３丁目,2020-11-10,19,４階建て以上共同住宅,駐車（輪）場,10歳代,高校生,施錠せず
窃盗,自転車盗,北沢,宮前橋交番,131121,東京都,世田谷区,代田３丁目,2020-12-06,05,その他,その他,50歳代,その他,施錠せず
窃盗,自転車盗,北沢,宮前橋交番,131121,東京都,世田谷区,代田４丁目,2020-04-10,18,４階建て以上共同住宅,駐車（輪）場,20歳代,その他,施錠せず
窃盗,自転車盗,北沢,宮前橋交番,131121,東京都,世田谷区,代田４丁目,2020-06-02,02,その他,駐車（輪）場,40歳代,その他,施錠せず
窃盗,自転車盗,北沢,宮前橋交番,131121,東京都,世田谷区,代田４丁目,2020-11-20,19,その他,駐車（輪）場,30歳代,その他,施錠せず
窃盗,自転車盗,北沢,宮前橋交番,131121,東京都,世田谷区,松原６丁目,2020-01-15,10,駐車（輪）場,駐車（輪）場,30歳代,その他,施錠せず
窃盗,自転車盗,北沢,宮前橋交番,131121,東京都,世田谷区,松原６丁目,2020-08-14,08,４階建て以上共同住宅,駐車（輪）場,20歳代,その他,施錠せず
窃盗,自転車盗,北沢,宮前橋交番,131121,東京都,世田谷区,松原６丁目,2020-08-29,13,道路上,その他,10歳代,中学生,施錠せず
窃盗,自転車盗,北沢,淡島通交番,131121,東京都,世田谷区,梅丘１丁目,2020-12-04,20,その他の住宅（３階建て以下共同住宅等）,駐車（輪）場,20歳代,その他,施錠せず
窃盗,自転車盗,北沢,淡島通交番,131121,東京都,世田谷区,代沢１丁目,2020-08-12,02,４階建て以上共同住宅,駐車（輪）場,20歳代,大学生,施錠せず
窃盗,自転車盗,北沢,淡島通交番,131121,東京都,世田谷区,代沢２丁目,2020-07-30,01,４階建て以上共同住宅,駐車（輪）場,30歳代,その他,施錠せず
窃盗,自転車盗,北沢,淡島通交番,131121,東京都,世田谷区,代沢２丁目,2020-08-21,01,４階建て以上共同住宅,駐車（輪）場,20歳代,その他,施錠せず
窃盗,自転車盗,北沢,淡島通交番,131121,東京都,世田谷区,代沢２丁目,2020-11-07,19,駐車（輪）場,駐車（輪）場,30歳代,その他,施錠せず
窃盗,自転車盗,北沢,淡島通交番,131121,東京都,世田谷区,代沢２丁目,2020-11-08,13,一戸建住宅,駐車（輪）場,70歳以上,その他,施錠せず
窃盗,自転車盗,北沢,淡島通交番,131121,東京都,世田谷区,代沢３丁目,2020-03-21,01,道路上,その他,20歳代,その他,施錠せず
窃盗,自転車盗,北沢,淡島通交番,131121,東京都,世田谷区,代沢３丁目,2020-09-19,03,４階建て以上共同住宅,駐車（輪）場,20歳代,その他,施錠せず
窃盗,自転車盗,北沢,淡島通交番,131121,東京都,世田谷区,代沢４丁目,2020-03-07,12,４階建て以上共同住宅,駐車（輪）場,20歳代,その他,施錠せず
窃盗,自転車盗,北沢,淡島通交番,131121,東京都,世田谷区,代沢４丁目,2020-03-24,10,道路上,その他,30歳代,その他,施錠せず
窃盗,自転車盗,北沢,淡島通交番,131121,東京都,世田谷区,代沢４丁目,2020-05-24,12,一戸建住宅,その他,40歳代,その他,施錠せず
窃盗,自転車盗,北沢,淡島通交番,131121,東京都,世田谷区,代沢４丁目,2020-10-31,19,道路上,その他,20歳代,その他,施錠せず
窃盗,自転車盗,北沢,淡島通交番,131121,東京都,世田谷区,代沢５丁目,2020-12-18,18,その他,その他,20歳代,その他,施錠せず
窃盗,自転車盗,北沢,下北沢交番,131121,東京都,世田谷区,北沢１丁目,2020-02-07,22,４階建て以上共同住宅,駐車（輪）場,40歳代,その他,施錠せず
窃盗,自転車盗,北沢,下北沢交番,131121,東京都,世田谷区,北沢１丁目,2020-03-01,19,道路上,その他,50歳代,その他,施錠せず
窃盗,自転車盗,北沢,下北沢交番,131121,東京都,世田谷区,北沢１丁目,2020-08-22,02,道路上,その他,20歳代,その他,施錠せず
窃盗,自転車盗,北沢,下北沢交番,131121,東京都,世田谷区,北沢１丁目,2020-09-28,10,駐車（輪）場,駐車（輪）場,20歳代,その他,施錠せず
窃盗,自転車盗,北沢,下北沢交番,131121,東京都,世田谷区,北沢２丁目,2020-01-25,10,４階建て以上共同住宅,駐車（輪）場,30歳代,その他,施錠せず
窃盗,自転車盗,北沢,下北沢交番,131121,東京都,世田谷区,北沢２丁目,2020-02-03,14,道路上,その他,10歳代,高校生,施錠せず
窃盗,自転車盗,北沢,下北沢交番,131121,東京都,世田谷区,北沢２丁目,2020-02-08,03,道路上,その他,30歳代,その他,施錠せず
窃盗,自転車盗,北沢,下北沢交番,131121,東京都,世田谷区,北沢２丁目,2020-02-09,21,駐車（輪）場,駐車（輪）場,20歳代,その他,施錠せず
窃盗,自転車盗,北沢,下北沢交番,131121,東京都,世田谷区,北沢２丁目,2020-03-11,20,４階建て以上共同住宅,駐車（輪）場,40歳代,その他,施錠せず
窃盗,自転車盗,北沢,下北沢交番,131121,東京都,世田谷区,北沢２丁目,2020-03-12,15,道路上,その他,10歳代,中学生,施錠せず
窃盗,自転車盗,北沢,下北沢交番,131121,東京都,世田谷区,北沢２丁目,2020-03-16,20,道路上,その他,20歳代,大学生,施錠せず
窃盗,自転車盗,北沢,下北沢交番,131121,東京都,世田谷区,北沢２丁目,2020-03-21,07,その他の住宅（３階建て以下共同住宅等）,駐車（輪）場,20歳代,その他,施錠せず
窃盗,自転車盗,北沢,下北沢交番,131121,東京都,世田谷区,北沢２丁目,2020-04-17,14,道路上,その他,50歳代,その他,施錠せず
窃盗,自転車盗,北沢,下北沢交番,131121,東京都,世田谷区,北沢２丁目,2020-04-29,20,道路上,その他,60-64歳,その他,施錠せず
窃盗,自転車盗,北沢,下北沢交番,131121,東京都,世田谷区,北沢２丁目,2020-06-14,16,４階建て以上共同住宅,駐車（輪）場,50歳代,その他,施錠せず
窃盗,自転車盗,北沢,下北沢交番,131121,東京都,世田谷区,北沢２丁目,2020-07-11,12,その他,駐車（輪）場,20歳代,その他,施錠せず
窃盗,自転車盗,北沢,下北沢交番,131121,東京都,世田谷区,北沢２丁目,2020-07-31,19,道路上,その他,40歳代,その他,施錠せず
窃盗,自転車盗,北沢,下北沢交番,131121,東京都,世田谷区,北沢２丁目,2020-08-06,15,道路上,その他,20歳代,大学生,施錠せず
窃盗,自転車盗,北沢,下北沢交番,131121,東京都,世田谷区,北沢２丁目,2020-08-19,07,駐車（輪）場,駐車（輪）場,20歳代,その他,施錠せず
窃盗,自転車盗,北沢,下北沢交番,131121,東京都,世田谷区,北沢２丁目,2020-10-18,17,道路上,その他,20歳代,大学生,施錠せず
窃盗,自転車盗,北沢,下北沢交番,131121,東京都,世田谷区,北沢２丁目,2020-11-11,19,道路上,その他,30歳代,大学生,施錠せず
窃盗,自転車盗,北沢,下北沢交番,131121,東京都,世田谷区,北沢２丁目,2020-11-14,17,その他,その他,50歳代,その他,施錠せず
窃盗,自転車盗,北沢,下北沢交番,131121,東京都,世田谷区,北沢２丁目,2020-11-18,23,駐車（輪）場,駐車（輪）場,20歳代,その他,施錠せず
窃盗,自転車盗,北沢,下北沢交番,131121,東京都,世田谷区,北沢２丁目,2020-12-12,11,道路上,その他,20歳代,その他,施錠せず
窃盗,自転車盗,北沢,下北沢交番,131121,東京都,世田谷区,北沢３丁目,2020-05-18,01,その他,駐車（輪）場,20歳代,その他,施錠せず
窃盗,自転車盗,北沢,下北沢交番,131121,東京都,世田谷区,北沢３丁目,2020-08-29,13,その他の住宅（３階建て以下共同住宅等）,駐車（輪）場,30歳代,その他,施錠せず
窃盗,自転車盗,北沢,下北沢交番,131121,東京都,世田谷区,北沢３丁目,2020-12-20,17,４階建て以上共同住宅,駐車（輪）場,10歳代,中学生,施錠せず
窃盗,自転車盗,北沢,下北沢交番,131121,東京都,世田谷区,北沢３丁目,2020-12-22,21,その他の住宅（３階建て以下共同住宅等）,駐車（輪）場,40歳代,その他,施錠せず
窃盗,自転車盗,北沢,下北沢交番,131121,東京都,世田谷区,北沢４丁目,2020-09-19,23,その他の住宅（３階建て以下共同住宅等）,その他,30歳代,その他,施錠せず
窃盗,自転車盗,北沢,下北沢交番,131121,東京都,世田谷区,北沢５丁目,2019-12-31,10,その他の住宅（３階建て以下共同住宅等）,駐車（輪）場,30歳代,その他,施錠せず
窃盗,自転車盗,北沢,下北沢交番,131121,東京都,世田谷区,北沢５丁目,2020-08-19,06,その他の住宅（３階建て以下共同住宅等）,駐車（輪）場,20歳代,その他,施錠せず
窃盗,自転車盗,北沢,下北沢交番,131121,東京都,世田谷区,北沢５丁目,2020-08-25,19,その他の住宅（３階建て以下共同住宅等）,駐車（輪）場,30歳代,その他,施錠せず
窃盗,自転車盗,北沢,下北沢交番,131121,東京都,世田谷区,代沢４丁目,2020-05-11,08,その他の住宅（３階建て以下共同住宅等）,駐車（輪）場,30歳代,その他,施錠せず
窃盗,自転車盗,北沢,下北沢交番,131121,東京都,世田谷区,代沢５丁目,2020-10-12,22,道路上,その他,30歳代,その他,施錠せず
窃盗,自転車盗,北沢,下北沢交番,131121,東京都,世田谷区,代田２丁目,2020-09-10,01,４階建て以上共同住宅,駐車（輪）場,20歳代,その他,施錠せず
窃盗,自転車盗,北沢,下北沢交番,131121,東京都,世田谷区,代田５丁目,2020-10-23,19,一戸建住宅,その他,10歳代,小学生,施錠せず
窃盗,自転車盗,北沢,下北沢交番,131121,東京都,世田谷区,代田６丁目,2020-01-25,16,道路上,その他,65-69歳,その他,施錠せず
窃盗,自転車盗,北沢,下北沢交番,131121,東京都,世田谷区,代田６丁目,2020-11-25,08,駐車（輪）場,駐車（輪）場,20歳代,その他,施錠せず
窃盗,自転車盗,北沢,羽根木交番,131121,東京都,世田谷区,梅丘１丁目,2020-03-25,18,駐車（輪）場,駐車（輪）場,50歳代,その他,施錠せず
窃盗,自転車盗,北沢,羽根木交番,131121,東京都,世田谷区,大原１丁目,2020-01-10,20,一戸建住宅,駐車（輪）場,40歳代,その他,施錠せず
窃盗,自転車盗,北沢,羽根木交番,131121,東京都,世田谷区,大原１丁目,2020-07-27,04,道路上,その他,40歳代,その他,施錠せず
窃盗,自転車盗,北沢,羽根木交番,131121,東京都,世田谷区,大原１丁目,2020-08-31,06,一戸建住宅,駐車（輪）場,60-64歳,その他,施錠せず
窃盗,自転車盗,北沢,羽根木交番,131121,東京都,世田谷区,大原１丁目,2020-09-15,01,道路上,その他,20歳代,その他,施錠せず
窃盗,自転車盗,北沢,羽根木交番,131121,東京都,世田谷区,大原１丁目,2020-09-15,13,４階建て以上共同住宅,駐車（輪）場,40歳代,その他,施錠せず
窃盗,自転車盗,北沢,羽根木交番,131121,東京都,世田谷区,大原１丁目,2020-10-02,11,その他の住宅（３階建て以下共同住宅等）,駐車（輪）場,30歳代,その他,施錠せず
窃盗,自転車盗,北沢,羽根木交番,131121,東京都,世田谷区,大原１丁目,2020-11-10,03,その他の住宅（３階建て以下共同住宅等）,駐車（輪）場,30歳代,その他,施錠せず
窃盗,自転車盗,北沢,羽根木交番,131121,東京都,世田谷区,大原１丁目,2020-11-21,17,駐車（輪）場,駐車（輪）場,40歳代,その他,施錠せず
窃盗,自転車盗,北沢,羽根木交番,131121,東京都,世田谷区,大原２丁目,2020-02-16,00,道路上,その他,30歳代,その他,施錠せず
窃盗,自転車盗,北沢,羽根木交番,131121,東京都,世田谷区,大原２丁目,2020-04-15,00,駐車（輪）場,駐車（輪）場,20歳代,その他,施錠せず
窃盗,自転車盗,北沢,羽根木交番,131121,東京都,世田谷区,大原２丁目,2020-05-01,19,その他の住宅（３階建て以下共同住宅等）,駐車（輪）場,20歳代,その他,施錠せず
窃盗,自転車盗,北沢,羽根木交番,131121,東京都,世田谷区,大原２丁目,2020-08-30,20,４階建て以上共同住宅,駐車（輪）場,30歳代,その他,施錠せず
窃盗,自転車盗,北沢,羽根木交番,131121,東京都,世田谷区,大原２丁目,2020-09-08,20,一戸建住宅,その他,10歳代,中学生,施錠せず
窃盗,自転車盗,北沢,羽根木交番,131121,東京都,世田谷区,羽根木１丁目,2020-02-26,17,一戸建住宅,駐車（輪）場,40歳代,その他,施錠せず
窃盗,自転車盗,北沢,羽根木交番,131121,東京都,世田谷区,羽根木１丁目,2020-05-30,19,一戸建住宅,駐車（輪）場,40歳代,その他,施錠せず
窃盗,自転車盗,北沢,羽根木交番,131121,東京都,世田谷区,羽根木１丁目,2020-08-04,17,道路上,その他,10歳代,小学生,施錠せず
窃盗,自転車盗,北沢,羽根木交番,131121,東京都,世田谷区,羽根木１丁目,2020-11-14,03,その他の住宅（３階建て以下共同住宅等）,駐車（輪）場,20歳代,その他,施錠せず
窃盗,自転車盗,北沢,羽根木交番,131121,東京都,世田谷区,羽根木１丁目,2020-12-06,17,その他の住宅（３階建て以下共同住宅等）,駐車（輪）場,40歳代,その他,施錠せず
窃盗,自転車盗,北沢,羽根木交番,131121,東京都,世田谷区,羽根木２丁目,2020-06-05,14,一戸建住宅,駐車（輪）場,40歳代,その他,施錠せず
窃盗,自転車盗,北沢,羽根木交番,131121,東京都,世田谷区,羽根木２丁目,2020-06-27,01,４階建て以上共同住宅,駐車（輪）場,30歳代,その他,施錠せず
窃盗,自転車盗,北沢,羽根木交番,131121,東京都,世田谷区,羽根木２丁目,2020-07-22,13,一戸建住宅,駐車（輪）場,40歳代,その他,施錠せず
窃盗,自転車盗,北沢,赤松交番,131121,東京都,世田谷区,赤堤４丁目,2019-10-21,20,その他の住宅（３階建て以下共同住宅等）,その他,10歳代,大学生,施錠せず
窃盗,自転車盗,北沢,赤松交番,131121,東京都,世田谷区,赤堤４丁目,2020-01-13,00,道路上,その他,20歳代,大学生,施錠せず
窃盗,自転車盗,北沢,赤松交番,131121,東京都,世田谷区,赤堤４丁目,2020-02-14,13,駐車（輪）場,駐車（輪）場,70歳以上,その他,施錠せず
窃盗,自転車盗,北沢,赤松交番,131121,東京都,世田谷区,赤堤５丁目,2020-02-26,20,その他の住宅（３階建て以下共同住宅等）,駐車（輪）場,20歳代,その他,施錠せず
窃盗,自転車盗,北沢,赤松交番,131121,東京都,世田谷区,赤堤５丁目,2020-05-13,14,道路上,その他,70歳以上,その他,施錠せず
窃盗,自転車盗,北沢,赤松交番,131121,東京都,世田谷区,赤堤５丁目,2020-05-15,17,一戸建住宅,駐車（輪）場,40歳代,その他,施錠せず
窃盗,自転車盗,北沢,赤松交番,131121,東京都,世田谷区,赤堤５丁目,2020-10-01,19,その他の住宅（３階建て以下共同住宅等）,駐車（輪）場,70歳以上,その他,施錠せず
窃盗,自転車盗,北沢,赤松交番,131121,東京都,世田谷区,赤堤５丁目,2020-10-14,19,４階建て以上共同住宅,駐車（輪）場,30歳代,その他,施錠せず
窃盗,自転車盗,北沢,赤松交番,131121,東京都,世田谷区,松原３丁目,2019-12-07,13,その他,駐車（輪）場,40歳代,その他,施錠せず
窃盗,自転車盗,北沢,赤松交番,131121,東京都,世田谷区,松原３丁目,2020-09-17,17,道路上,その他,30歳代,その他,施錠せず
窃盗,自転車盗,北沢,赤松交番,131121,東京都,世田谷区,松原６丁目,2020-07-24,18,その他の住宅（３階建て以下共同住宅等）,駐車（輪）場,50歳代,その他,施錠せず
窃盗,自転車盗,北沢,赤堤交番,131121,東京都,世田谷区,赤堤１丁目,2020-05-14,08,一戸建住宅,その他,40歳代,その他,施錠せず
窃盗,自転車盗,北沢,赤堤交番,131121,東京都,世田谷区,赤堤１丁目,2020-11-06,08,一戸建住宅,駐車（輪）場,30歳代,その他,施錠せず
窃盗,自転車盗,北沢,赤堤交番,131121,東京都,世田谷区,赤堤２丁目,2020-10-14,16,一戸建住宅,その他,70歳以上,その他,施錠せず
窃盗,自転車盗,北沢,赤堤交番,131121,東京都,世田谷区,赤堤２丁目,2020-12-13,19,一戸建住宅,その他,40歳代,その他,施錠せず
窃盗,自転車盗,北沢,赤堤交番,131121,東京都,世田谷区,赤堤３丁目,2020-02-29,19,４階建て以上共同住宅,駐車（輪）場,50歳代,その他,施錠せず
窃盗,自転車盗,北沢,赤堤交番,131121,東京都,世田谷区,赤堤３丁目,2020-10-09,19,４階建て以上共同住宅,駐車（輪）場,50歳代,その他,施錠せず
窃盗,自転車盗,北沢,赤堤交番,131121,東京都,世田谷区,赤堤４丁目,2020-01-09,13,道路上,その他,70歳以上,その他,施錠せず
窃盗,自転車盗,北沢,赤堤交番,131121,東京都,世田谷区,赤堤５丁目,2019-12-24,09,その他の住宅（３階建て以下共同住宅等）,駐車（輪）場,20歳代,大学生,施錠せず
窃盗,自転車盗,北沢,赤堤交番,131121,東京都,世田谷区,梅丘１丁目,2020-05-01,19,一戸建住宅,駐車（輪）場,50歳代,その他,施錠せず
窃盗,自転車盗,北沢,赤堤交番,131121,東京都,世田谷区,梅丘１丁目,2020-06-18,18,その他,駐車（輪）場,10歳代,中学生,施錠せず
窃盗,自転車盗,北沢,赤堤交番,131121,東京都,世田谷区,梅丘２丁目,2020-02-09,00,その他の住宅（３階建て以下共同住宅等）,駐車（輪）場,10歳代,大学生,施錠せず
窃盗,自転車盗,北沢,赤堤交番,131121,東京都,世田谷区,豪徳寺１丁目,2020-03-16,13,その他,その他,法人・団体、被害者なし,法人・団体、被害者なし,施錠せず
窃盗,自転車盗,北沢,赤堤交番,131121,東京都,世田谷区,豪徳寺１丁目,2020-04-07,18,４階建て以上共同住宅,駐車（輪）場,30歳代,その他,施錠せず
窃盗,自転車盗,北沢,赤堤交番,131121,東京都,世田谷区,豪徳寺１丁目,2020-10-30,02,その他の住宅（３階建て以下共同住宅等）,駐車（輪）場,40歳代,その他,施錠せず
窃盗,自転車盗,北沢,赤堤交番,131121,東京都,世田谷区,豪徳寺２丁目,2020-04-28,19,道路上,その他,50歳代,その他,施錠せず
窃盗,自転車盗,北沢,赤堤交番,131121,東京都,世田谷区,松原３丁目,2020-08-08,11,その他の住宅（３階建て以下共同住宅等）,駐車（輪）場,20歳代,その他,施錠せず
窃盗,自転車盗,北沢,赤堤交番,131121,東京都,世田谷区,松原４丁目,2020-10-30,18,その他の住宅（３階建て以下共同住宅等）,駐車（輪）場,10歳代,中学生,施錠せず
窃盗,自転車盗,北沢,赤堤交番,131121,東京都,世田谷区,松原６丁目,2020-06-01,23,その他の住宅（３階建て以下共同住宅等）,駐車（輪）場,30歳代,その他,施錠せず
窃盗,自転車盗,北沢,赤堤交番,131121,東京都,世田谷区,松原６丁目,2020-06-10,00,４階建て以上共同住宅,駐車（輪）場,50歳代,その他,施錠せず
窃盗,自転車盗,北沢,赤堤交番,131121,東京都,世田谷区,松原６丁目,2020-09-27,18,４階建て以上共同住宅,駐車（輪）場,20歳代,大学生,施錠せず
窃盗,自転車盗,北沢,赤堤交番,131121,東京都,世田谷区,松原６丁目,2020-10-19,22,その他の住宅（３階建て以下共同住宅等）,駐車（輪）場,30歳代,その他,施錠せず
窃盗,自転車盗,北沢,明大前駅前交番,131121,東京都,世田谷区,松原１丁目,2020-02-04,00,道路上,その他,30歳代,その他,施錠せず
窃盗,自転車盗,北沢,明大前駅前交番,131121,東京都,世田谷区,松原１丁目,2020-03-19,14,道路上,その他,40歳代,その他,施錠せず
窃盗,自転車盗,北沢,明大前駅前交番,131121,東京都,世田谷区,松原１丁目,2020-04-24,22,その他の住宅（３階建て以下共同住宅等）,その他,20歳代,その他,施錠せず
窃盗,自転車盗,北沢,明大前駅前交番,131121,東京都,世田谷区,松原１丁目,2020-05-10,18,駐車（輪）場,駐車（輪）場,10歳代,高校生,施錠せず
窃盗,自転車盗,北沢,明大前駅前交番,131121,東京都,世田谷区,松原１丁目,2020-06-11,23,その他の住宅（３階建て以下共同住宅等）,駐車（輪）場,20歳代,その他,施錠せず
窃盗,自転車盗,北沢,明大前駅前交番,131121,東京都,世田谷区,松原１丁目,2020-06-26,18,その他の住宅（３階建て以下共同住宅等）,駐車（輪）場,70歳以上,その他,施錠せず
窃盗,自転車盗,北沢,明大前駅前交番,131121,東京都,世田谷区,松原１丁目,2020-08-02,17,一戸建住宅,駐車（輪）場,10歳代,中学生,施錠せず
窃盗,自転車盗,北沢,明大前駅前交番,131121,東京都,世田谷区,松原１丁目,2020-08-19,10,駐車（輪）場,駐車（輪）場,50歳代,その他,施錠せず
窃盗,自転車盗,北沢,明大前駅前交番,131121,東京都,世田谷区,松原１丁目,2020-08-23,15,４階建て以上共同住宅,駐車（輪）場,30歳代,その他,施錠せず
窃盗,自転車盗,北沢,明大前駅前交番,131121,東京都,世田谷区,松原１丁目,2020-10-10,12,４階建て以上共同住宅,駐車（輪）場,40歳代,その他,施錠せず
窃盗,自転車盗,北沢,明大前駅前交番,131121,東京都,世田谷区,松原１丁目,2020-12-21,18,一戸建住宅,その他,60-64歳,その他,施錠せず
窃盗,自転車盗,北沢,明大前駅前交番,131121,東京都,世田谷区,松原２丁目,2020-02-22,07,駐車（輪）場,駐車（輪）場,10歳代,高校生,施錠せず
窃盗,自転車盗,北沢,明大前駅前交番,131121,東京都,世田谷区,松原２丁目,2020-03-11,20,４階建て以上共同住宅,駐車（輪）場,20歳代,その他,施錠せず
窃盗,自転車盗,北沢,明大前駅前交番,131121,東京都,世田谷区,松原２丁目,2020-04-01,22,その他,駐車（輪）場,65-69歳,その他,施錠せず
窃盗,自転車盗,北沢,明大前駅前交番,131121,東京都,世田谷区,松原２丁目,2020-05-13,14,道路上,その他,30歳代,その他,施錠せず
窃盗,自転車盗,北沢,明大前駅前交番,131121,東京都,世田谷区,松原２丁目,2020-09-28,15,道路上,その他,30歳代,その他,施錠せず
窃盗,自転車盗,北沢,明大前駅前交番,131121,東京都,世田谷区,松原５丁目,2020-06-14,12,一戸建住宅,その他,20歳代,大学生,施錠せず
窃盗,自転車盗,北沢,明大前駅前交番,131121,東京都,世田谷区,松原５丁目,2020-09-08,15,一戸建住宅,その他,40歳代,その他,施錠せず
窃盗,自転車盗,玉川,東玉川交番,131121,東京都,世田谷区,奥沢１丁目,2020-08-18,21,一戸建住宅,その他,10歳代,小学生,施錠せず
窃盗,自転車盗,玉川,東玉川交番,131121,東京都,世田谷区,玉川１丁目,2020-09-03,07,駐車（輪）場,駐車（輪）場,10歳代,高校生,施錠せず
窃盗,自転車盗,玉川,東玉川交番,131121,東京都,世田谷区,東玉川２丁目,2020-06-26,17,４階建て以上共同住宅,その他,40歳代,その他,施錠せず
窃盗,自転車盗,玉川,東玉川交番,131121,東京都,世田谷区,東玉川２丁目,2020-08-18,22,その他の住宅（３階建て以下共同住宅等）,駐車（輪）場,10歳代,小学生,施錠せず
窃盗,自転車盗,玉川,奥沢駅前交番,131121,東京都,世田谷区,奥沢１丁目,2020-03-07,18,その他の住宅（３階建て以下共同住宅等）,駐車（輪）場,50歳代,その他,施錠せず
窃盗,自転車盗,玉川,奥沢駅前交番,131121,東京都,世田谷区,奥沢２丁目,2020-04-19,20,一戸建住宅,その他,40歳代,その他,施錠せず
窃盗,自転車盗,玉川,奥沢駅前交番,131121,東京都,世田谷区,奥沢２丁目,2020-07-29,20,一戸建住宅,その他,50歳代,その他,施錠せず
窃盗,自転車盗,玉川,奥沢駅前交番,131121,東京都,世田谷区,奥沢２丁目,2020-10-16,03,道路上,その他,70歳以上,その他,施錠せず
窃盗,自転車盗,玉川,奥沢駅前交番,131121,東京都,世田谷区,奥沢３丁目,2019-12-23,17,一戸建住宅,その他,70歳以上,その他,施錠せず
窃盗,自転車盗,玉川,奥沢駅前交番,131121,東京都,世田谷区,奥沢３丁目,2020-05-14,17,４階建て以上共同住宅,その他,65-69歳,その他,施錠せず
窃盗,自転車盗,玉川,奥沢駅前交番,131121,東京都,世田谷区,奥沢３丁目,2020-09-19,18,その他の住宅（３階建て以下共同住宅等）,その他,40歳代,その他,施錠せず
窃盗,自転車盗,玉川,奥沢駅前交番,131121,東京都,世田谷区,奥沢３丁目,2020-10-04,21,一戸建住宅,その他,40歳代,その他,施錠せず
窃盗,自転車盗,玉川,奥沢駅前交番,131121,東京都,世田谷区,奥沢４丁目,2020-10-13,01,その他の住宅（３階建て以下共同住宅等）,駐車（輪）場,70歳以上,その他,施錠せず
窃盗,自転車盗,玉川,奥沢駅前交番,131121,東京都,世田谷区,奥沢５丁目,2020-03-15,20,道路上,その他,10歳代,高校生,施錠せず
窃盗,自転車盗,玉川,奥沢駅前交番,131121,東京都,世田谷区,奥沢５丁目,2020-05-08,08,その他の住宅（３階建て以下共同住宅等）,駐車（輪）場,30歳代,その他,施錠せず
窃盗,自転車盗,玉川,奥沢駅前交番,131121,東京都,世田谷区,奥沢５丁目,2020-08-10,15,道路上,その他,10歳代,小学生,施錠せず
窃盗,自転車盗,玉川,九品仏交番,131121,東京都,世田谷区,奥沢８丁目,2020-08-02,19,その他の住宅（３階建て以下共同住宅等）,その他,30歳代,その他,施錠せず
窃盗,自転車盗,玉川,九品仏交番,131121,東京都,世田谷区,尾山台１丁目,2020-01-09,13,４階建て以上共同住宅,駐車（輪）場,30歳代,その他,施錠せず
窃盗,自転車盗,玉川,九品仏交番,131121,東京都,世田谷区,等々力６丁目,2019-12-30,22,４階建て以上共同住宅,駐車（輪）場,70歳以上,その他,施錠せず
窃盗,自転車盗,玉川,九品仏交番,131121,東京都,世田谷区,等々力６丁目,2020-11-11,22,一戸建住宅,その他,60-64歳,その他,施錠せず
窃盗,自転車盗,玉川,尾山台駅前交番,131121,東京都,世田谷区,尾山台３丁目,2020-02-07,19,道路上,その他,10歳代,中学生,施錠せず
窃盗,自転車盗,玉川,尾山台駅前交番,131121,東京都,世田谷区,尾山台３丁目,2020-03-21,09,駐車（輪）場,駐車（輪）場,40歳代,その他,施錠せず
窃盗,自転車盗,玉川,尾山台駅前交番,131121,東京都,世田谷区,尾山台３丁目,2020-03-23,06,駐車（輪）場,駐車（輪）場,40歳代,その他,施錠せず
窃盗,自転車盗,玉川,尾山台駅前交番,131121,東京都,世田谷区,尾山台３丁目,2020-03-24,10,駐車（輪）場,駐車（輪）場,10歳代,中学生,施錠せず
窃盗,自転車盗,玉川,尾山台駅前交番,131121,東京都,世田谷区,尾山台３丁目,2020-07-10,15,駐車（輪）場,駐車（輪）場,10歳代,中学生,施錠せず
窃盗,自転車盗,玉川,尾山台駅前交番,131121,東京都,世田谷区,尾山台３丁目,2020-08-02,09,道路上,その他,40歳代,その他,施錠せず
窃盗,自転車盗,玉川,尾山台駅前交番,131121,東京都,世田谷区,尾山台３丁目,2020-11-02,06,駐車（輪）場,駐車（輪）場,10歳代,高校生,施錠せず
窃盗,自転車盗,玉川,尾山台駅前交番,131121,東京都,世田谷区,等々力１丁目,2020-08-08,16,４階建て以上共同住宅,駐車（輪）場,10歳未満,小学生,施錠せず
窃盗,自転車盗,玉川,尾山台駅前交番,131121,東京都,世田谷区,等々力２丁目,2020-04-05,23,道路上,その他,20歳代,その他,施錠せず
窃盗,自転車盗,玉川,尾山台駅前交番,131121,東京都,世田谷区,等々力３丁目,2020-03-16,16,駐車（輪）場,駐車（輪）場,10歳代,高校生,施錠せず
窃盗,自転車盗,玉川,尾山台駅前交番,131121,東京都,世田谷区,等々力３丁目,2020-04-26,21,その他の住宅（３階建て以下共同住宅等）,駐車（輪）場,20歳代,その他,施錠せず
窃盗,自転車盗,玉川,尾山台駅前交番,131121,東京都,世田谷区,等々力３丁目,2020-11-05,16,道路上,その他,10歳代,高校生,施錠せず
窃盗,自転車盗,玉川,尾山台駅前交番,131121,東京都,世田谷区,等々力５丁目,2020-11-17,17,一戸建住宅,その他,40歳代,その他,施錠せず
窃盗,自転車盗,玉川,尾山台駅前交番,131121,東京都,世田谷区,等々力６丁目,2020-03-23,23,その他の住宅（３階建て以下共同住宅等）,駐車（輪）場,30歳代,その他,施錠せず
窃盗,自転車盗,玉川,尾山台駅前交番,131121,東京都,世田谷区,等々力７丁目,2020-02-14,10,その他,駐車（輪）場,65-69歳,その他,施錠せず
窃盗,自転車盗,玉川,尾山台駅前交番,131121,東京都,世田谷区,等々力７丁目,2020-02-25,22,一戸建住宅,その他,10歳代,中学生,施錠せず
窃盗,自転車盗,玉川,尾山台駅前交番,131121,東京都,世田谷区,等々力７丁目,2020-07-25,02,４階建て以上共同住宅,駐車（輪）場,40歳代,その他,施錠せず
窃盗,自転車盗,玉川,尾山台駅前交番,131121,東京都,世田谷区,等々力８丁目,2020-09-01,08,その他,その他,10歳代,高校生,施錠せず
窃盗,自転車盗,玉川,上野毛交番,131121,東京都,世田谷区,上野毛１丁目,2020-03-20,19,駐車（輪）場,駐車（輪）場,20歳代,その他,施錠せず
窃盗,自転車盗,玉川,上野毛交番,131121,東京都,世田谷区,上野毛１丁目,2020-06-28,14,一戸建住宅,その他,10歳代,高校生,施錠せず
窃盗,自転車盗,玉川,上野毛交番,131121,東京都,世田谷区,上野毛３丁目,2020-06-17,21,その他の住宅（３階建て以下共同住宅等）,駐車（輪）場,40歳代,その他,施錠せず
窃盗,自転車盗,玉川,上野毛交番,131121,東京都,世田谷区,中町３丁目,2020-03-06,11,その他,駐車（輪）場,20歳代,大学生,施錠せず
窃盗,自転車盗,玉川,上野毛交番,131121,東京都,世田谷区,中町４丁目,2020-03-08,19,一戸建住宅,その他,40歳代,その他,施錠せず
窃盗,自転車盗,玉川,二子玉川交番,131121,東京都,世田谷区,玉川１丁目,2019-06-20,10,４階建て以上共同住宅,駐車（輪）場,10歳代,小学生,施錠せず
窃盗,自転車盗,玉川,二子玉川交番,131121,東京都,世田谷区,玉川１丁目,2020-03-04,11,駐車（輪）場,駐車（輪）場,20歳代,大学生,施錠せず
窃盗,自転車盗,玉川,二子玉川交番,131121,東京都,世田谷区,玉川２丁目,2020-02-04,09,駐車（輪）場,駐車（輪）場,10歳代,大学生,施錠せず
窃盗,自転車盗,玉川,二子玉川交番,131121,東京都,世田谷区,玉川２丁目,2020-02-12,06,道路上,その他,40歳代,その他,施錠せず
窃盗,自転車盗,玉川,二子玉川交番,131121,東京都,世田谷区,玉川２丁目,2020-02-27,01,道路上,その他,20歳代,大学生,施錠せず
窃盗,自転車盗,玉川,二子玉川交番,131121,東京都,世田谷区,玉川２丁目,2020-03-15,04,駐車（輪）場,駐車（輪）場,20歳代,その他,施錠せず
窃盗,自転車盗,玉川,二子玉川交番,131121,東京都,世田谷区,玉川２丁目,2020-06-10,14,その他,駐車（輪）場,20歳代,その他,施錠せず
窃盗,自転車盗,玉川,二子玉川交番,131121,東京都,世田谷区,玉川２丁目,2020-07-06,05,駐車（輪）場,駐車（輪）場,40歳代,その他,施錠せず
窃盗,自転車盗,玉川,二子玉川交番,131121,東京都,世田谷区,玉川２丁目,2020-08-05,08,駐車（輪）場,駐車（輪）場,30歳代,その他,施錠せず
窃盗,自転車盗,玉川,二子玉川交番,131121,東京都,世田谷区,玉川２丁目,2020-10-31,11,その他,駐車（輪）場,40歳代,その他,施錠せず
窃盗,自転車盗,玉川,二子玉川交番,131121,東京都,世田谷区,玉川２丁目,2020-11-17,12,駐車（輪）場,駐車（輪）場,20歳代,その他,施錠せず
窃盗,自転車盗,玉川,二子玉川交番,131121,東京都,世田谷区,玉川３丁目,2019-11-14,17,４階建て以上共同住宅,駐車（輪）場,40歳代,その他,施錠せず
窃盗,自転車盗,玉川,二子玉川交番,131121,東京都,世田谷区,玉川３丁目,2019-12-15,18,駐車（輪）場,駐車（輪）場,20歳代,大学生,施錠せず
窃盗,自転車盗,玉川,二子玉川交番,131121,東京都,世田谷区,玉川３丁目,2019-12-17,08,駐車（輪）場,駐車（輪）場,30歳代,その他,施錠せず
窃盗,自転車盗,玉川,二子玉川交番,131121,東京都,世田谷区,玉川３丁目,2020-01-23,18,道路上,その他,20歳代,大学生,施錠せず
窃盗,自転車盗,玉川,二子玉川交番,131121,東京都,世田谷区,玉川３丁目,2020-02-11,15,その他,駐車（輪）場,10歳代,高校生,施錠せず
窃盗,自転車盗,玉川,二子玉川交番,131121,東京都,世田谷区,玉川３丁目,2020-03-13,01,道路上,その他,20歳代,大学生,施錠せず
窃盗,自転車盗,玉川,二子玉川交番,131121,東京都,世田谷区,玉川３丁目,2020-03-22,23,その他,駐車（輪）場,20歳代,その他,施錠せず
窃盗,自転車盗,玉川,二子玉川交番,131121,東京都,世田谷区,玉川３丁目,2020-05-23,20,その他の住宅（３階建て以下共同住宅等）,その他,20歳代,大学生,施錠せず
窃盗,自転車盗,玉川,二子玉川交番,131121,東京都,世田谷区,玉川３丁目,2020-07-01,22,４階建て以上共同住宅,駐車（輪）場,10歳代,中学生,施錠せず
窃盗,自転車盗,玉川,二子玉川交番,131121,東京都,世田谷区,玉川３丁目,2020-07-24,12,道路上,その他,30歳代,その他,施錠せず
窃盗,自転車盗,玉川,二子玉川交番,131121,東京都,世田谷区,玉川３丁目,2020-08-27,16,その他,その他,10歳代,高校生,施錠せず
窃盗,自転車盗,玉川,二子玉川交番,131121,東京都,世田谷区,玉川３丁目,2020-09-19,03,その他の住宅（３階建て以下共同住宅等）,駐車（輪）場,40歳代,その他,施錠せず
窃盗,自転車盗,玉川,二子玉川交番,131121,東京都,世田谷区,玉川３丁目,2020-11-29,14,駐車（輪）場,駐車（輪）場,20歳代,大学生,施錠せず
窃盗,自転車盗,玉川,瀬田交番,131121,東京都,世田谷区,瀬田１丁目,2020-06-15,12,４階建て以上共同住宅,駐車（輪）場,50歳代,その他,施錠せず
窃盗,自転車盗,玉川,瀬田交番,131121,東京都,世田谷区,瀬田１丁目,2020-07-10,19,４階建て以上共同住宅,駐車（輪）場,20歳代,その他,施錠せず
窃盗,自転車盗,玉川,瀬田交番,131121,東京都,世田谷区,瀬田２丁目,2020-07-19,13,その他,駐車（輪）場,20歳代,大学生,施錠せず
窃盗,自転車盗,玉川,瀬田交番,131121,東京都,世田谷区,瀬田５丁目,2020-07-22,17,一戸建住宅,その他,70歳以上,その他,施錠せず
窃盗,自転車盗,玉川,瀬田交番,131121,東京都,世田谷区,玉川台２丁目,2020-06-05,19,道路上,その他,50歳代,その他,施錠せず
窃盗,自転車盗,玉川,瀬田交番,131121,東京都,世田谷区,玉川台２丁目,2020-07-05,04,その他の住宅（３階建て以下共同住宅等）,その他,20歳代,大学生,施錠せず
窃盗,自転車盗,玉川,瀬田交番,131121,東京都,世田谷区,玉川台２丁目,2020-08-09,13,道路上,その他,65-69歳,その他,施錠せず
窃盗,自転車盗,玉川,瀬田交番,131121,東京都,世田谷区,玉川台２丁目,2020-12-13,15,４階建て以上共同住宅,駐車（輪）場,30歳代,その他,施錠せず
窃盗,自転車盗,玉川,瀬田交番,131121,東京都,世田谷区,用賀１丁目,2020-02-15,15,４階建て以上共同住宅,駐車（輪）場,30歳代,その他,施錠せず
窃盗,自転車盗,玉川,用賀交番,131121,東京都,世田谷区,上用賀１丁目,2020-05-30,10,一戸建住宅,その他,70歳以上,その他,施錠せず
窃盗,自転車盗,玉川,用賀交番,131121,東京都,世田谷区,上用賀３丁目,2020-08-11,20,その他の住宅（３階建て以下共同住宅等）,駐車（輪）場,20歳代,その他,施錠せず
窃盗,自転車盗,玉川,用賀交番,131121,東京都,世田谷区,上用賀３丁目,2020-09-10,18,４階建て以上共同住宅,駐車（輪）場,40歳代,その他,施錠せず
窃盗,自転車盗,玉川,用賀交番,131121,東京都,世田谷区,上用賀４丁目,2020-07-16,20,その他の住宅（３階建て以下共同住宅等）,その他,65-69歳,その他,施錠せず
窃盗,自転車盗,玉川,用賀交番,131121,東京都,世田谷区,上用賀５丁目,2020-06-20,12,一戸建住宅,駐車（輪）場,20歳代,大学生,施錠せず
窃盗,自転車盗,玉川,用賀交番,131121,東京都,世田谷区,上用賀５丁目,2020-11-01,20,４階建て以上共同住宅,駐車（輪）場,10歳代,中学生,施錠せず
窃盗,自転車盗,玉川,用賀交番,131121,東京都,世田谷区,上用賀６丁目,2020-09-18,19,その他の住宅（３階建て以下共同住宅等）,その他,40歳代,その他,施錠せず
窃盗,自転車盗,玉川,用賀交番,131121,東京都,世田谷区,中町４丁目,2019-12-16,08,駐車（輪）場,駐車（輪）場,40歳代,その他,施錠せず
窃盗,自転車盗,玉川,用賀交番,131121,東京都,世田谷区,用賀２丁目,2020-02-21,17,その他の住宅（３階建て以下共同住宅等）,その他,30歳代,その他,施錠せず
窃盗,自転車盗,玉川,用賀交番,131121,東京都,世田谷区,用賀２丁目,2020-03-08,07,駐車（輪）場,駐車（輪）場,20歳代,その他,施錠せず
窃盗,自転車盗,玉川,用賀交番,131121,東京都,世田谷区,用賀２丁目,2020-03-16,14,その他,その他,10歳代,小学生,施錠せず
窃盗,自転車盗,玉川,用賀交番,131121,東京都,世田谷区,用賀２丁目,2020-08-04,13,４階建て以上共同住宅,駐車（輪）場,10歳代,中学生,施錠せず
窃盗,自転車盗,玉川,用賀交番,131121,東京都,世田谷区,用賀２丁目,2020-09-04,13,その他,駐車（輪）場,65-69歳,その他,施錠せず
窃盗,自転車盗,玉川,用賀交番,131121,東京都,世田谷区,用賀２丁目,2020-10-08,17,道路上,その他,10歳代,高校生,施錠せず
窃盗,自転車盗,玉川,用賀交番,131121,東京都,世田谷区,用賀３丁目,2020-11-09,12,道路上,その他,50歳代,その他,施錠せず
窃盗,自転車盗,玉川,用賀交番,131121,東京都,世田谷区,用賀４丁目,2019-11-26,15,駐車（輪）場,駐車（輪）場,40歳代,その他,施錠せず
窃盗,自転車盗,玉川,用賀交番,131121,東京都,世田谷区,用賀４丁目,2019-12-29,16,駐車（輪）場,駐車（輪）場,10歳代,大学生,施錠せず
窃盗,自転車盗,玉川,用賀交番,131121,東京都,世田谷区,用賀４丁目,2019-12-30,11,駐車（輪）場,駐車（輪）場,20歳代,大学生,施錠せず
窃盗,自転車盗,玉川,用賀交番,131121,東京都,世田谷区,用賀４丁目,2020-01-08,13,４階建て以上共同住宅,駐車（輪）場,40歳代,その他,施錠せず
窃盗,自転車盗,玉川,用賀交番,131121,東京都,世田谷区,用賀４丁目,2020-01-08,13,その他,駐車（輪）場,10歳代,中学生,施錠せず
窃盗,自転車盗,玉川,用賀交番,131121,東京都,世田谷区,用賀４丁目,2020-01-30,12,４階建て以上共同住宅,その他,70歳以上,その他,施錠せず
窃盗,自転車盗,玉川,用賀交番,131121,東京都,世田谷区,用賀４丁目,2020-02-06,19,駐車（輪）場,駐車（輪）場,20歳代,その他,施錠せず
窃盗,自転車盗,玉川,用賀交番,131121,東京都,世田谷区,用賀４丁目,2020-03-01,17,一戸建住宅,その他,70歳以上,その他,施錠せず
窃盗,自転車盗,玉川,用賀交番,131121,東京都,世田谷区,用賀４丁目,2020-03-23,19,駐車（輪）場,駐車（輪）場,40歳代,その他,施錠せず
窃盗,自転車盗,玉川,用賀交番,131121,東京都,世田谷区,用賀４丁目,2020-04-02,18,駐車（輪）場,駐車（輪）場,10歳代,高校生,施錠せず
窃盗,自転車盗,玉川,用賀交番,131121,東京都,世田谷区,用賀４丁目,2020-06-07,18,４階建て以上共同住宅,駐車（輪）場,50歳代,その他,施錠せず
窃盗,自転車盗,玉川,用賀交番,131121,東京都,世田谷区,用賀４丁目,2020-06-16,20,その他,駐車（輪）場,50歳代,その他,施錠せず
窃盗,自転車盗,玉川,用賀交番,131121,東京都,世田谷区,用賀４丁目,2020-07-14,19,その他,駐車（輪）場,10歳代,中学生,施錠せず
窃盗,自転車盗,玉川,用賀交番,131121,東京都,世田谷区,用賀４丁目,2020-07-21,21,その他,駐車（輪）場,60-64歳,その他,施錠せず
窃盗,自転車盗,玉川,用賀交番,131121,東京都,世田谷区,用賀４丁目,2020-10-11,10,その他,駐車（輪）場,70歳以上,その他,施錠せず
窃盗,自転車盗,玉川,用賀交番,131121,東京都,世田谷区,用賀４丁目,2020-11-19,07,駐車（輪）場,駐車（輪）場,30歳代,その他,施錠せず
窃盗,自転車盗,玉川,深沢交番,131121,東京都,世田谷区,駒沢１丁目,2020-01-22,14,その他,駐車（輪）場,10歳代,大学生,施錠せず
窃盗,自転車盗,玉川,深沢交番,131121,東京都,世田谷区,駒沢５丁目,2019-12-03,04,道路上,その他,40歳代,その他,施錠せず
窃盗,自転車盗,玉川,深沢交番,131121,東京都,世田谷区,駒沢５丁目,2020-01-08,01,その他の住宅（３階建て以下共同住宅等）,駐車（輪）場,30歳代,その他,施錠せず
窃盗,自転車盗,玉川,深沢交番,131121,東京都,世田谷区,駒沢５丁目,2020-02-13,20,道路上,その他,10歳代,大学生,施錠せず
窃盗,自転車盗,玉川,深沢交番,131121,東京都,世田谷区,駒沢公園,2019-08-01,13,その他,その他,10歳未満,小学生,施錠せず
窃盗,自転車盗,玉川,深沢交番,131121,東京都,世田谷区,駒沢公園,2020-02-01,14,その他,駐車（輪）場,10歳代,中学生,施錠せず
窃盗,自転車盗,玉川,深沢交番,131121,東京都,世田谷区,駒沢公園,2020-03-01,16,道路上,その他,10歳代,中学生,施錠せず
窃盗,自転車盗,玉川,深沢交番,131121,東京都,世田谷区,駒沢公園,2020-03-12,22,その他,駐車（輪）場,10歳代,高校生,施錠せず
窃盗,自転車盗,玉川,深沢交番,131121,東京都,世田谷区,駒沢公園,2020-08-28,18,その他,その他,30歳代,その他,施錠せず
窃盗,自転車盗,玉川,深沢交番,131121,東京都,世田谷区,深沢１丁目,2020-04-23,13,道路上,その他,20歳代,その他,施錠せず
窃盗,自転車盗,玉川,深沢交番,131121,東京都,世田谷区,深沢３丁目,2020-07-20,15,道路上,その他,40歳代,その他,施錠せず
窃盗,自転車盗,玉川,深沢交番,131121,東京都,世田谷区,深沢４丁目,2020-03-06,17,その他,駐車（輪）場,10歳代,大学生,施錠せず
窃盗,自転車盗,玉川,深沢交番,131121,東京都,世田谷区,深沢４丁目,2020-07-26,17,その他,駐車（輪）場,10歳代,小学生,施錠せず
窃盗,自転車盗,玉川,深沢交番,131121,東京都,世田谷区,深沢４丁目,2020-09-04,13,その他,駐車（輪）場,50歳代,その他,施錠せず
窃盗,自転車盗,玉川,深沢交番,131121,東京都,世田谷区,深沢５丁目,2020-06-05,17,一戸建住宅,その他,30歳代,その他,施錠せず
窃盗,自転車盗,玉川,深沢交番,131121,東京都,世田谷区,深沢６丁目,2020-02-28,23,その他,その他,30歳代,その他,施錠せず
窃盗,自転車盗,玉川,深沢交番,131121,東京都,世田谷区,深沢６丁目,2020-10-28,18,その他の住宅（３階建て以下共同住宅等）,駐車（輪）場,20歳代,大学生,施錠せず
窃盗,自転車盗,玉川,深沢交番,131121,東京都,世田谷区,深沢７丁目,2019-07-16,12,その他の住宅（３階建て以下共同住宅等）,駐車（輪）場,10歳代,高校生,施錠せず
窃盗,自転車盗,玉川,深沢交番,131121,東京都,世田谷区,深沢７丁目,2019-11-22,10,その他,駐車（輪）場,20歳代,大学生,施錠せず
窃盗,自転車盗,玉川,深沢交番,131121,東京都,世田谷区,深沢７丁目,2019-12-04,18,その他,駐車（輪）場,10歳代,大学生,施錠せず
窃盗,自転車盗,玉川,深沢交番,131121,東京都,世田谷区,深沢７丁目,2019-12-24,16,その他,駐車（輪）場,20歳代,大学生,施錠せず
窃盗,自転車盗,玉川,深沢交番,131121,東京都,世田谷区,深沢７丁目,2020-10-26,20,４階建て以上共同住宅,駐車（輪）場,30歳代,その他,施錠せず
窃盗,自転車盗,玉川,馬事公苑前駐在所,131121,東京都,世田谷区,上用賀４丁目,2020-09-28,21,その他の住宅（３階建て以下共同住宅等）,その他,30歳代,その他,施錠せず
窃盗,自転車盗,玉川,馬事公苑前駐在所,131121,東京都,世田谷区,上用賀６丁目,2020-02-24,07,一戸建住宅,その他,50歳代,その他,施錠せず
窃盗,自転車盗,玉川,尾山台駐在所,131121,東京都,世田谷区,尾山台２丁目,2020-02-21,21,その他,駐車（輪）場,10歳代,大学生,施錠せず
窃盗,自転車盗,玉川,尾山台駐在所,131121,東京都,世田谷区,玉堤１丁目,2019-12-31,18,その他の住宅（３階建て以下共同住宅等）,駐車（輪）場,20歳代,その他,施錠せず
窃盗,自転車盗,玉川,等々力不動前駐在所,131121,東京都,世田谷区,等々力１丁目,2020-02-02,00,４階建て以上共同住宅,その他,40歳代,その他,施錠せず
窃盗,自転車盗,玉川,等々力不動前駐在所,131121,東京都,世田谷区,等々力１丁目,2020-08-17,18,４階建て以上共同住宅,駐車（輪）場,40歳代,その他,施錠せず
窃盗,自転車盗,玉川,桜新町交番,131121,東京都,世田谷区,駒沢１丁目,2019-12-25,10,その他,駐車（輪）場,20歳代,大学生,施錠せず
窃盗,自転車盗,玉川,桜新町交番,131121,東京都,世田谷区,駒沢３丁目,2019-12-25,17,その他,駐車（輪）場,10歳代,小学生,施錠せず
窃盗,自転車盗,玉川,桜新町交番,131121,東京都,世田谷区,駒沢３丁目,2020-02-05,04,その他の住宅（３階建て以下共同住宅等）,駐車（輪）場,50歳代,その他,施錠せず
窃盗,自転車盗,玉川,桜新町交番,131121,東京都,世田谷区,駒沢３丁目,2020-04-25,23,道路上,その他,70歳以上,その他,施錠せず
窃盗,自転車盗,玉川,桜新町交番,131121,東京都,世田谷区,駒沢３丁目,2020-08-29,13,その他,その他,10歳未満,小学生,施錠せず
窃盗,自転車盗,玉川,桜新町交番,131121,東京都,世田谷区,駒沢３丁目,2020-10-03,17,駐車（輪）場,駐車（輪）場,10歳代,高校生,施錠せず
窃盗,自転車盗,玉川,桜新町交番,131121,東京都,世田谷区,駒沢４丁目,2020-07-01,21,一戸建住宅,その他,50歳代,その他,施錠せず
窃盗,自転車盗,玉川,桜新町交番,131121,東京都,世田谷区,駒沢４丁目,2020-10-14,03,４階建て以上共同住宅,その他,30歳代,その他,施錠せず
窃盗,自転車盗,玉川,桜新町交番,131121,東京都,世田谷区,駒沢４丁目,2020-11-17,17,道路上,その他,20歳代,大学生,施錠せず
窃盗,自転車盗,玉川,桜新町交番,131121,東京都,世田谷区,桜新町２丁目,2019-12-10,14,駐車（輪）場,駐車（輪）場,30歳代,その他,施錠せず
窃盗,自転車盗,玉川,桜新町交番,131121,東京都,世田谷区,桜新町２丁目,2019-12-16,10,駐車（輪）場,駐車（輪）場,20歳代,大学生,施錠せず
窃盗,自転車盗,玉川,桜新町交番,131121,東京都,世田谷区,桜新町２丁目,2019-12-18,12,道路上,その他,20歳代,その他,施錠せず
窃盗,自転車盗,玉川,桜新町交番,131121,東京都,世田谷区,桜新町２丁目,2020-01-07,08,駐車（輪）場,駐車（輪）場,40歳代,その他,施錠せず
窃盗,自転車盗,玉川,桜新町交番,131121,東京都,世田谷区,桜新町２丁目,2020-01-23,10,駐車（輪）場,駐車（輪）場,30歳代,その他,施錠せず
窃盗,自転車盗,玉川,桜新町交番,131121,東京都,世田谷区,桜新町２丁目,2020-01-26,22,その他の住宅（３階建て以下共同住宅等）,駐車（輪）場,10歳代,大学生,施錠せず
窃盗,自転車盗,玉川,桜新町交番,131121,東京都,世田谷区,桜新町２丁目,2020-05-02,22,道路上,その他,70歳以上,その他,施錠せず
窃盗,自転車盗,玉川,桜新町交番,131121,東京都,世田谷区,桜新町２丁目,2020-08-22,18,その他,その他,10歳未満,小学生,施錠せず
窃盗,自転車盗,玉川,桜新町交番,131121,東京都,世田谷区,桜新町２丁目,2020-09-03,22,その他,駐車（輪）場,20歳代,大学生,施錠せず
窃盗,自転車盗,玉川,桜新町交番,131121,東京都,世田谷区,桜新町２丁目,2020-10-05,08,駐車（輪）場,駐車（輪）場,40歳代,その他,施錠せず
窃盗,自転車盗,玉川,桜新町交番,131121,東京都,世田谷区,桜新町２丁目,2020-10-26,08,駐車（輪）場,駐車（輪）場,20歳代,その他,施錠せず
窃盗,自転車盗,玉川,桜新町交番,131121,東京都,世田谷区,桜新町２丁目,2020-10-27,07,駐車（輪）場,駐車（輪）場,10歳代,高校生,施錠せず
窃盗,自転車盗,玉川,桜新町交番,131121,東京都,世田谷区,桜新町２丁目,2020-11-27,09,その他,その他,20歳代,その他,施錠せず
窃盗,自転車盗,玉川,桜新町交番,131121,東京都,世田谷区,桜新町２丁目,2020-12-01,17,駐車（輪）場,駐車（輪）場,30歳代,その他,施錠せず
窃盗,自転車盗,玉川,桜新町交番,131121,東京都,世田谷区,桜新町２丁目,2020-12-08,15,その他,駐車（輪）場,20歳代,その他,施錠せず
窃盗,自転車盗,玉川,桜新町交番,131121,東京都,世田谷区,新町１丁目,2020-03-17,12,４階建て以上共同住宅,駐車（輪）場,65-69歳,その他,施錠せず
窃盗,自転車盗,玉川,桜新町交番,131121,東京都,世田谷区,新町１丁目,2020-03-20,18,一戸建住宅,その他,50歳代,その他,施錠せず
窃盗,自転車盗,玉川,桜新町交番,131121,東京都,世田谷区,新町１丁目,2020-06-21,23,その他の住宅（３階建て以下共同住宅等）,その他,20歳代,大学生,施錠せず
窃盗,自転車盗,玉川,桜新町交番,131121,東京都,世田谷区,新町２丁目,2020-04-27,20,一戸建住宅,その他,50歳代,その他,施錠せず
窃盗,自転車盗,成城,祖師谷大蔵交番,131121,東京都,世田谷区,砧６丁目,2020-02-20,14,その他,その他,70歳以上,その他,施錠せず
窃盗,自転車盗,成城,祖師谷大蔵交番,131121,東京都,世田谷区,砧６丁目,2020-03-21,23,その他の住宅（３階建て以下共同住宅等）,駐車（輪）場,10歳代,小学生,施錠せず
窃盗,自転車盗,成城,祖師谷大蔵交番,131121,東京都,世田谷区,砧６丁目,2020-08-28,20,４階建て以上共同住宅,その他,20歳代,その他,施錠せず
窃盗,自転車盗,成城,祖師谷大蔵交番,131121,東京都,世田谷区,砧７丁目,2020-01-05,21,一戸建住宅,駐車（輪）場,10歳代,中学生,施錠せず
窃盗,自転車盗,成城,祖師谷大蔵交番,131121,東京都,世田谷区,砧８丁目,2019-12-29,23,その他の住宅（３階建て以下共同住宅等）,駐車（輪）場,30歳代,その他,施錠せず
窃盗,自転車盗,成城,祖師谷大蔵交番,131121,東京都,世田谷区,砧８丁目,2020-01-02,21,道路上,その他,20歳代,その他,施錠せず
窃盗,自転車盗,成城,祖師谷大蔵交番,131121,東京都,世田谷区,砧８丁目,2020-01-07,12,道路上,その他,60-64歳,その他,施錠せず
窃盗,自転車盗,成城,祖師谷大蔵交番,131121,東京都,世田谷区,砧８丁目,2020-02-24,12,その他,その他,30歳代,その他,施錠せず
窃盗,自転車盗,成城,祖師谷大蔵交番,131121,東京都,世田谷区,砧８丁目,2020-03-18,15,駐車（輪）場,駐車（輪）場,40歳代,その他,施錠せず
窃盗,自転車盗,成城,祖師谷大蔵交番,131121,東京都,世田谷区,砧８丁目,2020-06-26,16,その他の住宅（３階建て以下共同住宅等）,駐車（輪）場,20歳代,その他,施錠せず
窃盗,自転車盗,成城,祖師谷大蔵交番,131121,東京都,世田谷区,砧８丁目,2020-09-13,11,道路上,その他,65-69歳,その他,施錠せず
窃盗,自転車盗,成城,祖師谷大蔵交番,131121,東京都,世田谷区,砧８丁目,2020-10-16,18,その他の住宅（３階建て以下共同住宅等）,その他,30歳代,その他,施錠せず
窃盗,自転車盗,成城,祖師谷大蔵交番,131121,東京都,世田谷区,砧８丁目,2020-10-18,21,道路上,その他,10歳代,その他,施錠せず
窃盗,自転車盗,成城,祖師谷大蔵交番,131121,東京都,世田谷区,祖師谷１丁目,2020-09-26,03,道路上,その他,20歳代,大学生,施錠せず
窃盗,自転車盗,成城,祖師谷大蔵交番,131121,東京都,世田谷区,祖師谷２丁目,2020-03-17,19,４階建て以上共同住宅,駐車（輪）場,40歳代,その他,施錠せず
窃盗,自転車盗,成城,祖師谷大蔵交番,131121,東京都,世田谷区,祖師谷２丁目,2020-05-22,17,４階建て以上共同住宅,駐車（輪）場,40歳代,その他,施錠せず
窃盗,自転車盗,成城,祖師谷大蔵交番,131121,東京都,世田谷区,祖師谷２丁目,2020-05-28,21,４階建て以上共同住宅,駐車（輪）場,30歳代,その他,施錠せず
窃盗,自転車盗,成城,祖師谷大蔵交番,131121,東京都,世田谷区,祖師谷３丁目,2020-01-15,10,駐車（輪）場,駐車（輪）場,20歳代,その他,施錠せず
窃盗,自転車盗,成城,祖師谷大蔵交番,131121,東京都,世田谷区,祖師谷３丁目,2020-01-22,09,４階建て以上共同住宅,その他,40歳代,その他,施錠せず
窃盗,自転車盗,成城,祖師谷大蔵交番,131121,東京都,世田谷区,祖師谷３丁目,2020-01-29,21,道路上,その他,40歳代,その他,施錠せず
窃盗,自転車盗,成城,祖師谷大蔵交番,131121,東京都,世田谷区,祖師谷３丁目,2020-03-26,16,道路上,その他,65-69歳,その他,施錠せず
窃盗,自転車盗,成城,祖師谷大蔵交番,131121,東京都,世田谷区,祖師谷３丁目,2020-05-20,17,道路上,その他,40歳代,その他,施錠せず
窃盗,自転車盗,成城,祖師谷大蔵交番,131121,東京都,世田谷区,祖師谷３丁目,2020-09-19,14,４階建て以上共同住宅,駐車（輪）場,40歳代,その他,施錠せず
窃盗,自転車盗,成城,祖師谷大蔵交番,131121,東京都,世田谷区,祖師谷３丁目,2020-10-13,14,道路上,その他,50歳代,その他,施錠せず
窃盗,自転車盗,成城,祖師谷大蔵交番,131121,東京都,世田谷区,祖師谷３丁目,2020-10-30,16,その他,駐車（輪）場,30歳代,その他,施錠せず
窃盗,自転車盗,成城,祖師谷大蔵交番,131121,東京都,世田谷区,祖師谷４丁目,2019-12-22,20,道路上,その他,40歳代,その他,施錠せず
窃盗,自転車盗,成城,祖師谷大蔵交番,131121,東京都,世田谷区,祖師谷４丁目,2020-07-10,19,その他の住宅（３階建て以下共同住宅等）,駐車（輪）場,40歳代,その他,施錠せず
窃盗,自転車盗,成城,祖師谷大蔵交番,131121,東京都,世田谷区,祖師谷４丁目,2020-08-01,10,道路上,その他,60-64歳,その他,施錠せず
窃盗,自転車盗,成城,祖師谷大蔵交番,131121,東京都,世田谷区,祖師谷４丁目,2020-08-06,22,４階建て以上共同住宅,駐車（輪）場,20歳代,その他,施錠せず
窃盗,自転車盗,成城,祖師谷大蔵交番,131121,東京都,世田谷区,祖師谷４丁目,2020-10-28,19,４階建て以上共同住宅,駐車（輪）場,50歳代,その他,施錠せず
窃盗,自転車盗,成城,祖師谷大蔵交番,131121,東京都,世田谷区,祖師谷４丁目,2020-12-23,12,その他の住宅（３階建て以下共同住宅等）,駐車（輪）場,10歳代,高校生,施錠せず
窃盗,自転車盗,成城,祖師谷大蔵交番,131121,東京都,世田谷区,祖師谷５丁目,2020-02-20,20,一戸建住宅,その他,10歳代,小学生,施錠せず
窃盗,自転車盗,成城,祖師谷大蔵交番,131121,東京都,世田谷区,千歳台２丁目,2020-02-26,17,その他,駐車（輪）場,40歳代,その他,施錠せず
窃盗,自転車盗,成城,祖師谷大蔵交番,131121,東京都,世田谷区,千歳台２丁目,2020-10-23,18,その他,駐車（輪）場,10歳代,中学生,施錠せず
窃盗,自転車盗,成城,成城交番,131121,東京都,世田谷区,成城２丁目,2020-02-06,18,一戸建住宅,その他,60-64歳,その他,施錠せず
窃盗,自転車盗,成城,成城交番,131121,東京都,世田谷区,成城３丁目,2020-02-21,00,その他の住宅（３階建て以下共同住宅等）,駐車（輪）場,10歳代,高校生,施錠せず
窃盗,自転車盗,成城,成城交番,131121,東京都,世田谷区,成城５丁目,2020-03-13,03,一戸建住宅,その他,10歳代,高校生,施錠せず
窃盗,自転車盗,成城,成城交番,131121,東京都,世田谷区,成城５丁目,2020-04-10,18,一戸建住宅,その他,70歳以上,その他,施錠せず
窃盗,自転車盗,成城,成城交番,131121,東京都,世田谷区,成城６丁目,2019-10-09,12,駐車（輪）場,駐車（輪）場,20歳代,大学生,施錠せず
窃盗,自転車盗,成城,成城交番,131121,東京都,世田谷区,成城６丁目,2020-01-24,18,道路上,その他,20歳代,大学生,施錠せず
窃盗,自転車盗,成城,成城交番,131121,東京都,世田谷区,成城６丁目,2020-07-04,20,その他,駐車（輪）場,20歳代,大学生,施錠せず
窃盗,自転車盗,成城,成城交番,131121,東京都,世田谷区,成城６丁目,2020-09-12,19,その他,駐車（輪）場,20歳代,その他,施錠せず
窃盗,自転車盗,成城,成城交番,131121,東京都,世田谷区,成城６丁目,2020-12-04,15,その他,その他,20歳代,大学生,施錠せず
窃盗,自転車盗,成城,成城交番,131121,東京都,世田谷区,成城８丁目,2020-04-05,17,４階建て以上共同住宅,駐車（輪）場,50歳代,その他,施錠せず
窃盗,自転車盗,成城,成城交番,131121,東京都,世田谷区,成城８丁目,2020-07-06,20,４階建て以上共同住宅,駐車（輪）場,20歳代,大学生,施錠せず
窃盗,自転車盗,成城,成城交番,131121,東京都,世田谷区,成城９丁目,2020-06-10,20,一戸建住宅,駐車（輪）場,40歳代,その他,施錠せず
窃盗,自転車盗,成城,千歳台交番,131121,東京都,世田谷区,粕谷２丁目,2019-12-30,22,その他の住宅（３階建て以下共同住宅等）,駐車（輪）場,40歳代,その他,施錠せず
窃盗,自転車盗,成城,千歳台交番,131121,東京都,世田谷区,粕谷２丁目,2020-03-18,18,４階建て以上共同住宅,駐車（輪）場,40歳代,その他,施錠せず
窃盗,自転車盗,成城,千歳台交番,131121,東京都,世田谷区,粕谷３丁目,2020-01-07,18,道路上,その他,50歳代,その他,施錠せず
窃盗,自転車盗,成城,千歳台交番,131121,東京都,世田谷区,粕谷３丁目,2020-02-01,22,その他の住宅（３階建て以下共同住宅等）,駐車（輪）場,10歳代,高校生,施錠せず
窃盗,自転車盗,成城,千歳台交番,131121,東京都,世田谷区,粕谷３丁目,2020-02-24,20,一戸建住宅,その他,20歳代,大学生,施錠せず
窃盗,自転車盗,成城,千歳台交番,131121,東京都,世田谷区,粕谷３丁目,2020-10-30,07,その他,駐車（輪）場,20歳代,その他,施錠せず
窃盗,自転車盗,成城,千歳台交番,131121,東京都,世田谷区,上祖師谷２丁目,2020-09-04,13,その他の住宅（３階建て以下共同住宅等）,駐車（輪）場,30歳代,その他,施錠せず
窃盗,自転車盗,成城,千歳台交番,131121,東京都,世田谷区,上祖師谷２丁目,2020-09-30,08,その他,駐車（輪）場,50歳代,その他,施錠せず
窃盗,自転車盗,成城,千歳台交番,131121,東京都,世田谷区,上祖師谷３丁目,2020-10-16,15,その他,その他,10歳未満,小学生,施錠せず
窃盗,自転車盗,成城,千歳台交番,131121,東京都,世田谷区,祖師谷５丁目,2020-01-11,15,一戸建住宅,その他,20歳代,その他,施錠せず
窃盗,自転車盗,成城,千歳台交番,131121,東京都,世田谷区,祖師谷５丁目,2020-07-22,19,道路上,その他,40歳代,その他,施錠せず
窃盗,自転車盗,成城,千歳台交番,131121,東京都,世田谷区,祖師谷６丁目,2020-10-23,20,一戸建住宅,その他,40歳代,その他,施錠せず
窃盗,自転車盗,成城,千歳台交番,131121,東京都,世田谷区,千歳台３丁目,2020-05-30,17,一戸建住宅,駐車（輪）場,10歳代,高校生,施錠せず
窃盗,自転車盗,成城,千歳台交番,131121,東京都,世田谷区,千歳台３丁目,2020-11-23,15,その他,駐車（輪）場,20歳代,その他,施錠せず
窃盗,自転車盗,成城,千歳台交番,131121,東京都,世田谷区,千歳台３丁目,2020-12-10,18,４階建て以上共同住宅,駐車（輪）場,40歳代,その他,施錠せず
窃盗,自転車盗,成城,千歳台交番,131121,東京都,世田谷区,千歳台４丁目,2020-01-10,14,その他の住宅（３階建て以下共同住宅等）,駐車（輪）場,20歳代,その他,施錠せず
窃盗,自転車盗,成城,千歳台交番,131121,東京都,世田谷区,千歳台４丁目,2020-07-08,19,４階建て以上共同住宅,その他,20歳代,その他,施錠せず
窃盗,自転車盗,成城,千歳台交番,131121,東京都,世田谷区,千歳台５丁目,2020-04-06,19,一戸建住宅,その他,10歳代,高校生,施錠せず
窃盗,自転車盗,成城,千歳台交番,131121,東京都,世田谷区,千歳台５丁目,2020-08-20,11,４階建て以上共同住宅,駐車（輪）場,20歳代,その他,施錠せず
窃盗,自転車盗,成城,千歳台交番,131121,東京都,世田谷区,千歳台５丁目,2020-11-29,23,その他の住宅（３階建て以下共同住宅等）,駐車（輪）場,20歳代,その他,施錠せず
窃盗,自転車盗,成城,千歳台交番,131121,東京都,世田谷区,千歳台６丁目,2020-05-01,00,一戸建住宅,駐車（輪）場,40歳代,その他,施錠せず
窃盗,自転車盗,成城,千歳台交番,131121,東京都,世田谷区,千歳台６丁目,2020-06-07,22,４階建て以上共同住宅,駐車（輪）場,10歳代,大学生,施錠せず
窃盗,自転車盗,成城,千歳台交番,131121,東京都,世田谷区,船橋４丁目,2020-06-07,07,その他,駐車（輪）場,20歳代,大学生,施錠せず
窃盗,自転車盗,成城,烏山交番,131121,東京都,世田谷区,北烏山１丁目,2020-06-06,01,その他の住宅（３階建て以下共同住宅等）,駐車（輪）場,20歳代,その他,施錠せず
窃盗,自転車盗,成城,烏山交番,131121,東京都,世田谷区,北烏山１丁目,2020-06-26,20,一戸建住宅,駐車（輪）場,60-64歳,その他,施錠せず
窃盗,自転車盗,成城,烏山交番,131121,東京都,世田谷区,北烏山１丁目,2020-10-18,20,一戸建住宅,駐車（輪）場,10歳代,小学生,施錠せず
窃盗,自転車盗,成城,烏山交番,131121,東京都,世田谷区,北烏山３丁目,2020-01-30,01,その他の住宅（３階建て以下共同住宅等）,その他,20歳代,その他,施錠せず
窃盗,自転車盗,成城,烏山交番,131121,東京都,世田谷区,北烏山３丁目,2020-03-15,17,駐車（輪）場,駐車（輪）場,20歳代,大学生,施錠せず
窃盗,自転車盗,成城,烏山交番,131121,東京都,世田谷区,北烏山３丁目,2020-03-24,18,４階建て以上共同住宅,駐車（輪）場,40歳代,その他,施錠せず
窃盗,自転車盗,成城,烏山交番,131121,東京都,世田谷区,北烏山３丁目,2020-12-22,15,その他,駐車（輪）場,10歳代,その他,施錠せず
窃盗,自転車盗,成城,烏山交番,131121,東京都,世田谷区,北烏山６丁目,2020-04-06,19,４階建て以上共同住宅,その他,20歳代,その他,施錠せず
窃盗,自転車盗,成城,烏山交番,131121,東京都,世田谷区,北烏山６丁目,2020-10-05,09,その他の住宅（３階建て以下共同住宅等）,駐車（輪）場,20歳代,その他,施錠せず
窃盗,自転車盗,成城,烏山交番,131121,東京都,世田谷区,北烏山９丁目,2020-08-17,05,その他の住宅（３階建て以下共同住宅等）,駐車（輪）場,30歳代,その他,施錠せず
窃盗,自転車盗,成城,烏山交番,131121,東京都,世田谷区,千歳台６丁目,2020-08-31,00,４階建て以上共同住宅,駐車（輪）場,20歳代,その他,施錠せず
窃盗,自転車盗,成城,烏山交番,131121,東京都,世田谷区,南烏山１丁目,2020-01-26,21,４階建て以上共同住宅,駐車（輪）場,10歳代,高校生,施錠せず
窃盗,自転車盗,成城,烏山交番,131121,東京都,世田谷区,南烏山２丁目,2020-03-06,17,駐車（輪）場,駐車（輪）場,60-64歳,その他,施錠せず
窃盗,自転車盗,成城,烏山交番,131121,東京都,世田谷区,南烏山２丁目,2020-09-07,20,４階建て以上共同住宅,駐車（輪）場,40歳代,その他,施錠せず
窃盗,自転車盗,成城,烏山交番,131121,東京都,世田谷区,南烏山３丁目,2020-07-06,18,一戸建住宅,その他,60-64歳,その他,施錠せず
窃盗,自転車盗,成城,烏山交番,131121,東京都,世田谷区,南烏山３丁目,2020-08-30,10,４階建て以上共同住宅,その他,10歳代,小学生,施錠せず
窃盗,自転車盗,成城,烏山交番,131121,東京都,世田谷区,南烏山３丁目,2020-10-30,07,４階建て以上共同住宅,駐車（輪）場,20歳代,大学生,施錠せず
窃盗,自転車盗,成城,烏山交番,131121,東京都,世田谷区,南烏山３丁目,2020-10-30,21,その他の住宅（３階建て以下共同住宅等）,駐車（輪）場,30歳代,その他,施錠せず
窃盗,自転車盗,成城,烏山交番,131121,東京都,世田谷区,南烏山４丁目,2020-01-04,17,道路上,その他,20歳代,その他,施錠せず
窃盗,自転車盗,成城,烏山交番,131121,東京都,世田谷区,南烏山４丁目,2020-01-24,21,道路上,その他,20歳代,その他,施錠せず
窃盗,自転車盗,成城,烏山交番,131121,東京都,世田谷区,南烏山４丁目,2020-02-03,07,道路上,その他,10歳代,高校生,施錠せず
窃盗,自転車盗,成城,烏山交番,131121,東京都,世田谷区,南烏山４丁目,2020-02-16,18,４階建て以上共同住宅,駐車（輪）場,50歳代,その他,施錠せず
窃盗,自転車盗,成城,烏山交番,131121,東京都,世田谷区,南烏山４丁目,2020-03-20,18,その他,駐車（輪）場,20歳代,その他,施錠せず
窃盗,自転車盗,成城,烏山交番,131121,東京都,世田谷区,南烏山４丁目,2020-04-17,09,道路上,その他,50歳代,その他,施錠せず
窃盗,自転車盗,成城,烏山交番,131121,東京都,世田谷区,南烏山４丁目,2020-07-04,21,その他,その他,30歳代,その他,施錠せず
窃盗,自転車盗,成城,烏山交番,131121,東京都,世田谷区,南烏山４丁目,2020-08-27,15,道路上,その他,30歳代,その他,施錠せず
窃盗,自転車盗,成城,烏山交番,131121,東京都,世田谷区,南烏山４丁目,2020-09-06,04,道路上,その他,30歳代,その他,施錠せず
窃盗,自転車盗,成城,烏山交番,131121,東京都,世田谷区,南烏山４丁目,2020-09-18,13,道路上,その他,20歳代,その他,施錠せず
窃盗,自転車盗,成城,烏山交番,131121,東京都,世田谷区,南烏山４丁目,2020-10-24,00,道路上,その他,20歳代,大学生,施錠せず
窃盗,自転車盗,成城,烏山交番,131121,東京都,世田谷区,南烏山４丁目,2020-11-05,07,駐車（輪）場,駐車（輪）場,10歳代,中学生,施錠せず
窃盗,自転車盗,成城,烏山交番,131121,東京都,世田谷区,南烏山５丁目,2019-12-25,01,４階建て以上共同住宅,駐車（輪）場,20歳代,大学生,施錠せず
窃盗,自転車盗,成城,烏山交番,131121,東京都,世田谷区,南烏山５丁目,2020-01-16,20,道路上,その他,20歳代,大学生,施錠せず
窃盗,自転車盗,成城,烏山交番,131121,東京都,世田谷区,南烏山５丁目,2020-09-29,19,道路上,その他,20歳代,その他,施錠せず
窃盗,自転車盗,成城,烏山交番,131121,東京都,世田谷区,南烏山５丁目,2020-10-04,00,道路上,その他,40歳代,その他,施錠せず
窃盗,自転車盗,成城,烏山交番,131121,東京都,世田谷区,南烏山５丁目,2020-11-03,14,その他の住宅（３階建て以下共同住宅等）,その他,70歳以上,その他,施錠せず
窃盗,自転車盗,成城,烏山交番,131121,東京都,世田谷区,南烏山５丁目,2020-11-14,16,その他,その他,60-64歳,その他,施錠せず
窃盗,自転車盗,成城,烏山交番,131121,東京都,世田谷区,南烏山６丁目,2020-01-16,01,駐車（輪）場,駐車（輪）場,50歳代,その他,施錠せず
窃盗,自転車盗,成城,烏山交番,131121,東京都,世田谷区,南烏山６丁目,2020-02-04,16,道路上,その他,10歳代,小学生,施錠せず
窃盗,自転車盗,成城,烏山交番,131121,東京都,世田谷区,南烏山６丁目,2020-02-08,21,駐車（輪）場,駐車（輪）場,20歳代,その他,施錠せず
窃盗,自転車盗,成城,烏山交番,131121,東京都,世田谷区,南烏山６丁目,2020-02-29,01,道路上,その他,20歳代,大学生,施錠せず
窃盗,自転車盗,成城,烏山交番,131121,東京都,世田谷区,南烏山６丁目,2020-03-11,18,道路上,その他,20歳代,その他,施錠せず
窃盗,自転車盗,成城,烏山交番,131121,東京都,世田谷区,南烏山６丁目,2020-03-12,20,道路上,その他,40歳代,その他,施錠せず
窃盗,自転車盗,成城,烏山交番,131121,東京都,世田谷区,南烏山６丁目,2020-03-14,20,駐車（輪）場,駐車（輪）場,50歳代,その他,施錠せず
窃盗,自転車盗,成城,烏山交番,131121,東京都,世田谷区,南烏山６丁目,2020-06-04,19,駐車（輪）場,駐車（輪）場,60-64歳,その他,施錠せず
窃盗,自転車盗,成城,烏山交番,131121,東京都,世田谷区,南烏山６丁目,2020-06-30,21,駐車（輪）場,駐車（輪）場,20歳代,大学生,施錠せず
窃盗,自転車盗,成城,烏山交番,131121,東京都,世田谷区,南烏山６丁目,2020-07-06,14,その他,駐車（輪）場,60-64歳,その他,施錠せず
窃盗,自転車盗,成城,烏山交番,131121,東京都,世田谷区,南烏山６丁目,2020-09-07,19,道路上,その他,10歳代,中学生,施錠せず
窃盗,自転車盗,成城,烏山交番,131121,東京都,世田谷区,南烏山６丁目,2020-09-15,16,４階建て以上共同住宅,駐車（輪）場,20歳代,その他,施錠せず
窃盗,自転車盗,成城,烏山交番,131121,東京都,世田谷区,南烏山６丁目,2020-09-19,11,４階建て以上共同住宅,その他,40歳代,その他,施錠せず
窃盗,自転車盗,成城,烏山交番,131121,東京都,世田谷区,南烏山６丁目,2020-10-04,10,道路上,その他,40歳代,その他,施錠せず
窃盗,自転車盗,成城,烏山交番,131121,東京都,世田谷区,南烏山６丁目,2020-10-20,00,一戸建住宅,その他,50歳代,その他,施錠せず
窃盗,自転車盗,成城,烏山交番,131121,東京都,世田谷区,南烏山６丁目,2020-11-03,10,道路上,その他,20歳代,その他,施錠せず
窃盗,自転車盗,成城,烏山交番,131121,東京都,世田谷区,南烏山６丁目,2020-11-05,13,駐車（輪）場,駐車（輪）場,50歳代,その他,施錠せず
窃盗,自転車盗,成城,烏山交番,131121,東京都,世田谷区,南烏山６丁目,2020-11-15,00,道路上,その他,50歳代,その他,施錠せず
窃盗,自転車盗,成城,上北沢駅前交番,131121,東京都,世田谷区,上北沢１丁目,2020-06-25,15,４階建て以上共同住宅,その他,40歳代,その他,施錠せず
窃盗,自転車盗,成城,上北沢駅前交番,131121,東京都,世田谷区,上北沢１丁目,2020-09-11,18,その他の住宅（３階建て以下共同住宅等）,駐車（輪）場,20歳代,その他,施錠せず
窃盗,自転車盗,成城,上北沢駅前交番,131121,東京都,世田谷区,上北沢３丁目,2020-01-01,17,その他の住宅（３階建て以下共同住宅等）,駐車（輪）場,30歳代,その他,施錠せず
窃盗,自転車盗,成城,上北沢駅前交番,131121,東京都,世田谷区,上北沢３丁目,2020-04-30,05,その他の住宅（３階建て以下共同住宅等）,その他,20歳代,その他,施錠せず
窃盗,自転車盗,成城,上北沢駅前交番,131121,東京都,世田谷区,上北沢４丁目,2019-12-23,01,４階建て以上共同住宅,その他,30歳代,その他,施錠せず
窃盗,自転車盗,成城,上北沢駅前交番,131121,東京都,世田谷区,上北沢４丁目,2020-01-14,21,４階建て以上共同住宅,駐車（輪）場,60-64歳,その他,施錠せず
窃盗,自転車盗,成城,上北沢駅前交番,131121,東京都,世田谷区,上北沢４丁目,2020-03-02,01,道路上,その他,30歳代,その他,施錠せず
窃盗,自転車盗,成城,上北沢駅前交番,131121,東京都,世田谷区,上北沢４丁目,2020-04-08,22,駐車（輪）場,駐車（輪）場,50歳代,その他,施錠せず
窃盗,自転車盗,成城,上北沢駅前交番,131121,東京都,世田谷区,上北沢４丁目,2020-05-25,13,駐車（輪）場,駐車（輪）場,20歳代,大学生,施錠せず
窃盗,自転車盗,成城,上北沢駅前交番,131121,東京都,世田谷区,上北沢４丁目,2020-05-25,17,４階建て以上共同住宅,駐車（輪）場,60-64歳,その他,施錠せず
窃盗,自転車盗,成城,上北沢駅前交番,131121,東京都,世田谷区,上北沢４丁目,2020-07-02,09,一戸建住宅,その他,50歳代,その他,施錠せず
窃盗,自転車盗,成城,上北沢駅前交番,131121,東京都,世田谷区,上北沢４丁目,2020-09-21,14,道路上,その他,40歳代,その他,施錠せず
窃盗,自転車盗,成城,上北沢駅前交番,131121,東京都,世田谷区,上北沢４丁目,2020-10-17,00,駐車（輪）場,駐車（輪）場,20歳代,その他,施錠せず
窃盗,自転車盗,成城,上北沢駅前交番,131121,東京都,世田谷区,上北沢４丁目,2020-11-27,17,その他,駐車（輪）場,70歳以上,その他,施錠せず
窃盗,自転車盗,成城,上北沢駅前交番,131121,東京都,世田谷区,上北沢５丁目,2020-04-30,15,その他の住宅（３階建て以下共同住宅等）,駐車（輪）場,10歳代,その他,施錠せず
窃盗,自転車盗,成城,上北沢駅前交番,131121,東京都,世田谷区,上北沢５丁目,2020-05-22,21,その他の住宅（３階建て以下共同住宅等）,駐車（輪）場,20歳代,その他,施錠せず
窃盗,自転車盗,成城,上北沢駅前交番,131121,東京都,世田谷区,桜上水５丁目,2020-01-12,12,駐車（輪）場,駐車（輪）場,30歳代,その他,施錠せず
窃盗,自転車盗,成城,上北沢駅前交番,131121,東京都,世田谷区,桜上水５丁目,2020-02-01,06,駐車（輪）場,駐車（輪）場,10歳代,高校生,施錠せず
窃盗,自転車盗,成城,上北沢駅前交番,131121,東京都,世田谷区,桜上水５丁目,2020-03-14,13,駐車（輪）場,駐車（輪）場,30歳代,その他,施錠せず
窃盗,自転車盗,成城,上北沢駅前交番,131121,東京都,世田谷区,桜上水５丁目,2020-07-11,08,駐車（輪）場,駐車（輪）場,10歳代,高校生,施錠せず
窃盗,自転車盗,成城,上北沢駅前交番,131121,東京都,世田谷区,桜上水５丁目,2020-07-17,18,その他の住宅（３階建て以下共同住宅等）,駐車（輪）場,50歳代,その他,施錠せず
窃盗,自転車盗,成城,上北沢駅前交番,131121,東京都,世田谷区,桜上水５丁目,2020-11-03,21,道路上,その他,30歳代,その他,施錠せず
窃盗,自転車盗,成城,上北沢駅前交番,131121,東京都,世田谷区,桜上水５丁目,2020-11-20,17,駐車（輪）場,駐車（輪）場,50歳代,その他,施錠せず
窃盗,自転車盗,成城,千歳船橋駅前交番,131121,東京都,世田谷区,砧２丁目,2020-05-22,23,道路上,その他,30歳代,その他,施錠せず
窃盗,自転車盗,成城,千歳船橋駅前交番,131121,東京都,世田谷区,千歳台１丁目,2020-06-27,11,一戸建住宅,その他,20歳代,大学生,施錠せず
窃盗,自転車盗,成城,千歳船橋駅前交番,131121,東京都,世田谷区,千歳台１丁目,2020-08-21,00,一戸建住宅,駐車（輪）場,40歳代,その他,施錠せず
窃盗,自転車盗,成城,千歳船橋駅前交番,131121,東京都,世田谷区,千歳台１丁目,2020-09-30,18,その他の住宅（３階建て以下共同住宅等）,駐車（輪）場,65-69歳,その他,施錠せず
窃盗,自転車盗,成城,千歳船橋駅前交番,131121,東京都,世田谷区,千歳台１丁目,2020-10-14,08,一戸建住宅,その他,40歳代,その他,施錠せず
窃盗,自転車盗,成城,千歳船橋駅前交番,131121,東京都,世田谷区,船橋１丁目,2020-01-10,18,駐車（輪）場,駐車（輪）場,20歳代,大学生,施錠せず
窃盗,自転車盗,成城,千歳船橋駅前交番,131121,東京都,世田谷区,船橋１丁目,2020-01-26,15,４階建て以上共同住宅,駐車（輪）場,30歳代,その他,施錠せず
窃盗,自転車盗,成城,千歳船橋駅前交番,131121,東京都,世田谷区,船橋１丁目,2020-02-04,13,その他の住宅（３階建て以下共同住宅等）,その他,20歳代,大学生,施錠せず
窃盗,自転車盗,成城,千歳船橋駅前交番,131121,東京都,世田谷区,船橋１丁目,2020-04-04,17,その他の住宅（３階建て以下共同住宅等）,駐車（輪）場,20歳代,その他,施錠せず
窃盗,自転車盗,成城,千歳船橋駅前交番,131121,東京都,世田谷区,船橋１丁目,2020-08-19,16,その他,その他,20歳代,大学生,施錠せず
窃盗,自転車盗,成城,千歳船橋駅前交番,131121,東京都,世田谷区,船橋１丁目,2020-10-22,06,駐車（輪）場,駐車（輪）場,20歳代,その他,施錠せず
窃盗,自転車盗,成城,千歳船橋駅前交番,131121,東京都,世田谷区,船橋１丁目,2020-10-28,19,道路上,その他,20歳代,その他,施錠せず
窃盗,自転車盗,成城,千歳船橋駅前交番,131121,東京都,世田谷区,船橋１丁目,2020-11-05,22,一戸建住宅,その他,70歳以上,その他,施錠せず
窃盗,自転車盗,成城,千歳船橋駅前交番,131121,東京都,世田谷区,船橋５丁目,2020-03-24,16,その他の住宅（３階建て以下共同住宅等）,駐車（輪）場,40歳代,その他,施錠せず
窃盗,自転車盗,成城,千歳船橋駅前交番,131121,東京都,世田谷区,船橋５丁目,2020-09-23,19,その他の住宅（３階建て以下共同住宅等）,駐車（輪）場,30歳代,その他,施錠せず
窃盗,自転車盗,成城,千歳船橋駅前交番,131121,東京都,世田谷区,船橋５丁目,2020-10-15,20,４階建て以上共同住宅,駐車（輪）場,20歳代,その他,施錠せず
窃盗,自転車盗,成城,大蔵二丁目交番,131121,東京都,世田谷区,大蔵１丁目,2020-05-22,17,一戸建住宅,駐車（輪）場,60-64歳,その他,施錠せず
窃盗,自転車盗,成城,大蔵二丁目交番,131121,東京都,世田谷区,大蔵４丁目,2020-03-17,13,駐車（輪）場,駐車（輪）場,10歳代,高校生,施錠せず
窃盗,自転車盗,成城,大蔵二丁目交番,131121,東京都,世田谷区,砧１丁目,2019-07-06,00,４階建て以上共同住宅,駐車（輪）場,20歳代,大学生,施錠せず
窃盗,自転車盗,成城,大蔵二丁目交番,131121,東京都,世田谷区,砧１丁目,2020-08-14,15,その他,駐車（輪）場,70歳以上,その他,施錠せず
窃盗,自転車盗,成城,大蔵二丁目交番,131121,東京都,世田谷区,砧１丁目,2020-12-13,22,道路上,その他,50歳代,その他,施錠せず
窃盗,自転車盗,成城,大蔵二丁目交番,131121,東京都,世田谷区,砧３丁目,2020-01-21,13,４階建て以上共同住宅,駐車（輪）場,50歳代,その他,施錠せず
窃盗,自転車盗,成城,大蔵二丁目交番,131121,東京都,世田谷区,砧３丁目,2020-08-08,17,４階建て以上共同住宅,駐車（輪）場,10歳代,小学生,施錠せず
窃盗,自転車盗,成城,大蔵二丁目交番,131121,東京都,世田谷区,砧４丁目,2020-02-27,22,その他の住宅（３階建て以下共同住宅等）,駐車（輪）場,20歳代,その他,施錠せず
窃盗,自転車盗,成城,大蔵二丁目交番,131121,東京都,世田谷区,砧４丁目,2020-03-17,19,その他の住宅（３階建て以下共同住宅等）,駐車（輪）場,10歳代,中学生,施錠せず
窃盗,自転車盗,成城,大蔵二丁目交番,131121,東京都,世田谷区,砧４丁目,2020-08-15,13,一戸建住宅,駐車（輪）場,50歳代,その他,施錠せず
窃盗,自転車盗,成城,大蔵二丁目交番,131121,東京都,世田谷区,砧４丁目,2020-11-16,16,４階建て以上共同住宅,駐車（輪）場,10歳代,高校生,施錠せず
窃盗,自転車盗,成城,大蔵二丁目交番,131121,東京都,世田谷区,砧４丁目,2020-12-03,14,その他,駐車（輪）場,10歳代,小学生,施錠せず
窃盗,自転車盗,成城,大蔵二丁目交番,131121,東京都,世田谷区,砧５丁目,2020-10-25,16,４階建て以上共同住宅,駐車（輪）場,10歳未満,小学生,施錠せず
窃盗,自転車盗,成城,大蔵二丁目交番,131121,東京都,世田谷区,砧５丁目,2020-12-22,17,道路上,その他,20歳代,大学生,施錠せず
窃盗,自転車盗,成城,東宝前交番,131121,東京都,世田谷区,喜多見６丁目,2020-05-25,16,その他の住宅（３階建て以下共同住宅等）,駐車（輪）場,20歳代,大学生,施錠せず
窃盗,自転車盗,成城,東宝前交番,131121,東京都,世田谷区,喜多見６丁目,2020-11-01,09,４階建て以上共同住宅,その他,50歳代,その他,施錠せず
窃盗,自転車盗,成城,岡本駐在所,131121,東京都,世田谷区,岡本１丁目,2020-08-01,20,一戸建住宅,その他,20歳代,その他,施錠せず
窃盗,自転車盗,成城,岡本駐在所,131121,東京都,世田谷区,岡本２丁目,2020-03-25,11,４階建て以上共同住宅,駐車（輪）場,20歳代,その他,施錠せず
窃盗,自転車盗,成城,岡本駐在所,131121,東京都,世田谷区,砧公園,2020-10-22,06,その他,駐車（輪）場,20歳代,その他,施錠せず
窃盗,自転車盗,成城,鎌田駐在所,131121,東京都,世田谷区,鎌田１丁目,2020-10-22,17,４階建て以上共同住宅,駐車（輪）場,20歳代,大学生,施錠せず
窃盗,自転車盗,成城,鎌田駐在所,131121,東京都,世田谷区,鎌田２丁目,2020-07-22,15,その他,駐車（輪）場,40歳代,その他,施錠せず
窃盗,自転車盗,成城,鎌田駐在所,131121,東京都,世田谷区,鎌田３丁目,2020-03-10,07,４階建て以上共同住宅,駐車（輪）場,30歳代,その他,施錠せず
窃盗,自転車盗,成城,鎌田駐在所,131121,東京都,世田谷区,鎌田３丁目,2020-03-30,20,４階建て以上共同住宅,その他,50歳代,その他,施錠せず
窃盗,自転車盗,成城,喜多見駐在所,131121,東京都,世田谷区,宇奈根２丁目,2020-09-29,16,一戸建住宅,駐車（輪）場,10歳代,中学生,施錠せず
窃盗,自転車盗,成城,喜多見駐在所,131121,東京都,世田谷区,喜多見３丁目,2020-08-07,14,その他,その他,30歳代,その他,施錠せず
窃盗,自転車盗,成城,喜多見駅前交番,131121,東京都,世田谷区,喜多見７丁目,2020-02-01,10,その他の住宅（３階建て以下共同住宅等）,駐車（輪）場,20歳代,その他,施錠せず
窃盗,自転車盗,成城,喜多見駅前交番,131121,東京都,世田谷区,喜多見８丁目,2020-03-12,20,道路上,その他,40歳代,その他,施錠せず
窃盗,自転車盗,成城,喜多見駅前交番,131121,東京都,世田谷区,喜多見８丁目,2020-05-03,21,駐車（輪）場,駐車（輪）場,40歳代,その他,施錠せず
窃盗,自転車盗,成城,喜多見駅前交番,131121,東京都,世田谷区,喜多見８丁目,2020-06-27,21,道路上,その他,40歳代,その他,施錠せず
窃盗,自転車盗,成城,喜多見駅前交番,131121,東京都,世田谷区,喜多見８丁目,2020-09-04,16,４階建て以上共同住宅,駐車（輪）場,10歳代,小学生,施錠せず
窃盗,自転車盗,成城,喜多見駅前交番,131121,東京都,世田谷区,喜多見９丁目,2020-02-02,09,駐車（輪）場,駐車（輪）場,50歳代,その他,施錠せず
窃盗,自転車盗,成城,喜多見駅前交番,131121,東京都,世田谷区,喜多見９丁目,2020-06-24,06,駐車（輪）場,駐車（輪）場,50歳代,その他,施錠せず
窃盗,自転車盗,成城,喜多見駅前交番,131121,東京都,世田谷区,喜多見９丁目,2020-09-12,22,駐車（輪）場,駐車（輪）場,10歳代,大学生,施錠せず
窃盗,自転車盗,成城,喜多見駅前交番,131121,東京都,世田谷区,喜多見９丁目,2020-11-28,11,道路上,その他,10歳代,小学生,施錠せず
窃盗,自転車盗,成城,喜多見駅前交番,131121,東京都,世田谷区,成城３丁目,2020-09-16,03,その他の住宅（３階建て以下共同住宅等）,駐車（輪）場,10歳代,大学生,施錠せず
窃盗,自転車盗,成城,喜多見駅前交番,131121,東京都,世田谷区,成城４丁目,2020-01-05,19,一戸建住宅,駐車（輪）場,20歳代,大学生,施錠せず
窃盗,自転車盗,成城,上祖師谷駐在所,131121,東京都,世田谷区,上祖師谷４丁目,2019-11-26,00,４階建て以上共同住宅,駐車（輪）場,10歳代,大学生,施錠せず
窃盗,自転車盗,成城,上祖師谷駐在所,131121,東京都,世田谷区,上祖師谷５丁目,2020-06-25,18,その他の住宅（３階建て以下共同住宅等）,駐車（輪）場,10歳代,小学生,施錠せず
窃盗,自転車盗,成城,上祖師谷駐在所,131121,東京都,世田谷区,上祖師谷６丁目,2019-12-09,22,その他の住宅（３階建て以下共同住宅等）,駐車（輪）場,10歳代,大学生,施錠せず
窃盗,自転車盗,成城,上祖師谷駐在所,131121,東京都,世田谷区,上祖師谷６丁目,2020-01-20,21,４階建て以上共同住宅,駐車（輪）場,20歳代,大学生,施錠せず
窃盗,自転車盗,成城,上祖師谷駐在所,131121,東京都,世田谷区,上祖師谷６丁目,2020-02-13,00,４階建て以上共同住宅,駐車（輪）場,40歳代,その他,施錠せず
窃盗,自転車盗,成城,給田交番,131121,東京都,世田谷区,北烏山９丁目,2020-05-30,14,道路上,その他,10歳代,高校生,施錠せず
窃盗,自転車盗,成城,給田交番,131121,東京都,世田谷区,北烏山９丁目,2020-08-06,20,４階建て以上共同住宅,駐車（輪）場,20歳代,その他,施錠せず
窃盗,自転車盗,成城,給田交番,131121,東京都,世田谷区,給田３丁目,2020-01-17,19,４階建て以上共同住宅,駐車（輪）場,20歳代,その他,施錠せず
窃盗,自転車盗,成城,給田交番,131121,東京都,世田谷区,給田３丁目,2020-04-21,23,その他の住宅（３階建て以下共同住宅等）,駐車（輪）場,30歳代,その他,施錠せず
窃盗,自転車盗,成城,給田交番,131121,東京都,世田谷区,給田３丁目,2020-09-11,17,４階建て以上共同住宅,駐車（輪）場,10歳未満,小学生,施錠せず
窃盗,自転車盗,成城,給田交番,131121,東京都,世田谷区,給田３丁目,2020-09-26,13,その他の住宅（３階建て以下共同住宅等）,駐車（輪）場,10歳代,大学生,施錠せず
窃盗,自転車盗,成城,給田交番,131121,東京都,世田谷区,給田４丁目,2020-10-27,18,その他の住宅（３階建て以下共同住宅等）,その他,30歳代,その他,施錠せず
窃盗,自転車盗,成城,給田交番,131121,東京都,世田谷区,給田５丁目,2020-04-26,18,一戸建住宅,駐車（輪）場,50歳代,その他,施錠せず
窃盗,自転車盗,成城,給田交番,131121,東京都,世田谷区,給田５丁目,2020-10-04,23,その他の住宅（３階建て以下共同住宅等）,駐車（輪）場,20歳代,その他,施錠せず
窃盗,自転車盗,成城,給田交番,131121,東京都,世田谷区,給田５丁目,2020-10-31,23,４階建て以上共同住宅,駐車（輪）場,10歳代,大学生,施錠せず
窃盗,自転車盗,成城,給田交番,131121,東京都,世田谷区,南烏山６丁目,2020-08-13,12,道路上,その他,40歳代,その他,施錠せず
窃盗,自転車盗,成城,北烏山駐在所,131121,東京都,世田谷区,北烏山５丁目,2020-01-23,19,道路上,その他,40歳代,その他,施錠せず
窃盗,自転車盗,成城,北烏山駐在所,131121,東京都,世田谷区,北烏山５丁目,2020-01-30,05,その他,駐車（輪）場,65-69歳,その他,施錠せず
窃盗,自転車盗,成城,北烏山駐在所,131121,東京都,世田谷区,北烏山５丁目,2020-04-01,08,一戸建住宅,その他,10歳代,その他,施錠せず
窃盗,自転車盗,成城,北烏山駐在所,131121,東京都,世田谷区,北烏山７丁目,2020-01-10,21,一戸建住宅,その他,40歳代,その他,施錠せず
窃盗,自転車盗,成城,北烏山駐在所,131121,東京都,世田谷区,北烏山７丁目,2020-09-02,17,その他の住宅（３階建て以下共同住宅等）,駐車（輪）場,10歳代,中学生,施錠せず
窃盗,自転車盗,成城,北烏山駐在所,131121,東京都,世田谷区,北烏山７丁目,2020-11-13,21,一戸建住宅,その他,50歳代,その他,施錠せず
窃盗,自転車盗,成城,北烏山駐在所,131121,東京都,世田谷区,北烏山８丁目,2020-09-11,19,その他の住宅（３階建て以下共同住宅等）,駐車（輪）場,20歳代,その他,施錠せず
窃盗,自転車盗,成城,北烏山駐在所,131121,東京都,世田谷区,北烏山８丁目,2020-12-15,19,４階建て以上共同住宅,駐車（輪）場,50歳代,その他,施錠せず
窃盗,自転車盗,成城,松葉通駐在所,131121,東京都,世田谷区,北烏山１丁目,2020-09-30,17,その他の住宅（３階建て以下共同住宅等）,駐車（輪）場,60-64歳,その他,施錠せず
窃盗,自転車盗,成城,松葉通駐在所,131121,東京都,世田谷区,北烏山２丁目,2020-04-02,16,４階建て以上共同住宅,その他,40歳代,その他,施錠せず
窃盗,自転車盗,成城,松葉通駐在所,131121,東京都,世田谷区,北烏山３丁目,2020-04-24,18,一戸建住宅,その他,20歳代,その他,施錠せず
窃盗,自転車盗,成城,八幡山駐在所,131121,東京都,世田谷区,上北沢２丁目,2020-05-23,18,４階建て以上共同住宅,駐車（輪）場,30歳代,その他,施錠せず
窃盗,自転車盗,成城,八幡山駐在所,131121,東京都,世田谷区,上北沢２丁目,2020-08-31,07,その他,駐車（輪）場,70歳以上,その他,施錠せず
窃盗,自転車盗,成城,八幡山駐在所,131121,東京都,世田谷区,八幡山３丁目,2019-11-25,07,一戸建住宅,その他,20歳代,その他,施錠せず
窃盗,自転車盗,成城,八幡山駐在所,131121,東京都,世田谷区,八幡山３丁目,2020-02-24,00,その他の住宅（３階建て以下共同住宅等）,その他,20歳代,大学生,施錠せず
窃盗,自転車盗,成城,八幡山駐在所,131121,東京都,世田谷区,八幡山３丁目,2020-02-27,12,その他,駐車（輪）場,10歳代,大学生,施錠せず
窃盗,自転車盗,成城,八幡山駐在所,131121,東京都,世田谷区,八幡山３丁目,2020-04-28,09,駐車（輪）場,駐車（輪）場,20歳代,大学生,施錠せず
窃盗,自転車盗,成城,八幡山駐在所,131121,東京都,世田谷区,八幡山３丁目,2020-06-29,17,その他,駐車（輪）場,20歳代,その他,施錠せず
窃盗,自転車盗,成城,桜上水交番,131121,東京都,世田谷区,上北沢１丁目,2020-04-23,16,一戸建住宅,駐車（輪）場,40歳代,その他,施錠せず
窃盗,自転車盗,成城,桜上水交番,131121,東京都,世田谷区,桜上水１丁目,2020-06-25,20,４階建て以上共同住宅,駐車（輪）場,20歳代,大学生,施錠せず
窃盗,自転車盗,成城,桜上水交番,131121,東京都,世田谷区,桜上水１丁目,2020-12-20,20,その他の住宅（３階建て以下共同住宅等）,その他,20歳代,その他,施錠せず
窃盗,自転車盗,成城,桜上水交番,131121,東京都,世田谷区,桜上水２丁目,2020-03-06,15,道路上,その他,50歳代,その他,施錠せず
窃盗,自転車盗,成城,桜上水交番,131121,東京都,世田谷区,桜上水２丁目,2020-10-23,19,その他の住宅（３階建て以下共同住宅等）,駐車（輪）場,10歳代,中学生,施錠せず
窃盗,自転車盗,成城,桜上水交番,131121,東京都,世田谷区,桜上水２丁目,2020-11-22,15,一戸建住宅,その他,10歳代,小学生,施錠せず
窃盗,自転車盗,成城,桜上水交番,131121,東京都,世田谷区,桜上水４丁目,2020-02-20,不明,その他の住宅（３階建て以下共同住宅等）,駐車（輪）場,20歳代,その他,施錠せず
窃盗,自転車盗,成城,船橋交番,131121,東京都,世田谷区,八幡山１丁目,2020-08-03,22,その他,駐車（輪）場,40歳代,その他,施錠せず
窃盗,自転車盗,成城,船橋交番,131121,東京都,世田谷区,八幡山２丁目,2020-01-07,18,道路上,その他,50歳代,その他,施錠せず
窃盗,自転車盗,成城,船橋交番,131121,東京都,世田谷区,八幡山２丁目,2020-08-05,06,４階建て以上共同住宅,駐車（輪）場,20歳代,その他,施錠せず
窃盗,自転車盗,成城,船橋交番,131121,東京都,世田谷区,八幡山２丁目,2020-08-29,08,その他,駐車（輪）場,60-64歳,その他,施錠せず
窃盗,自転車盗,成城,船橋交番,131121,東京都,世田谷区,八幡山２丁目,2020-09-01,不明,その他の住宅（３階建て以下共同住宅等）,駐車（輪）場,20歳代,大学生,施錠せず
窃盗,自転車盗,成城,船橋交番,131121,東京都,世田谷区,八幡山２丁目,2020-11-21,02,その他の住宅（３階建て以下共同住宅等）,駐車（輪）場,20歳代,大学生,施錠せず
窃盗,自転車盗,成城,船橋交番,131121,東京都,世田谷区,船橋４丁目,2020-08-21,20,４階建て以上共同住宅,駐車（輪）場,10歳代,高校生,施錠せず
窃盗,自転車盗,成城,船橋交番,131121,東京都,世田谷区,船橋４丁目,2020-10-12,21,道路上,その他,20歳代,その他,施錠せず
窃盗,自転車盗,成城,船橋交番,131121,東京都,世田谷区,船橋６丁目,2020-01-07,09,駐車（輪）場,駐車（輪）場,10歳代,中学生,施錠せず
窃盗,自転車盗,成城,船橋交番,131121,東京都,世田谷区,船橋６丁目,2020-03-27,07,駐車（輪）場,駐車（輪）場,30歳代,その他,施錠せず
窃盗,自転車盗,成城,船橋交番,131121,東京都,世田谷区,船橋６丁目,2020-06-29,05,４階建て以上共同住宅,その他,10歳代,その他,施錠せず
窃盗,自転車盗,成城,船橋交番,131121,東京都,世田谷区,船橋６丁目,2020-06-29,05,４階建て以上共同住宅,その他,10歳代,その他,施錠せず
窃盗,自転車盗,成城,船橋交番,131121,東京都,世田谷区,船橋６丁目,2020-09-28,15,その他の住宅（３階建て以下共同住宅等）,駐車（輪）場,20歳代,その他,施錠せず
窃盗,自転車盗,成城,船橋交番,131121,東京都,世田谷区,船橋６丁目,2020-10-02,09,道路上,その他,20歳代,その他,施錠せず
窃盗,自転車盗,成城,船橋交番,131121,東京都,世田谷区,船橋６丁目,2020-10-10,09,その他,駐車（輪）場,40歳代,その他,施錠せず
窃盗,自転車盗,成城,船橋交番,131121,東京都,世田谷区,船橋７丁目,2020-01-24,20,その他の住宅（３階建て以下共同住宅等）,その他,40歳代,その他,施錠せず
窃盗,自転車盗,成城,船橋交番,131121,東京都,世田谷区,船橋７丁目,2020-04-01,不明,その他の住宅（３階建て以下共同住宅等）,駐車（輪）場,20歳代,その他,施錠せず
窃盗,自転車盗,成城,船橋交番,131121,東京都,世田谷区,船橋７丁目,2020-04-26,12,４階建て以上共同住宅,駐車（輪）場,70歳以上,その他,施錠せず
窃盗,自転車盗,成城,船橋交番,131121,東京都,世田谷区,船橋７丁目,2020-04-26,15,４階建て以上共同住宅,駐車（輪）場,30歳代,その他,施錠せず
窃盗,自転車盗,成城,船橋交番,131121,東京都,世田谷区,船橋７丁目,2020-06-14,16,その他の住宅（３階建て以下共同住宅等）,駐車（輪）場,20歳代,その他,施錠せず
窃盗,自転車盗,成城,船橋交番,131121,東京都,世田谷区,船橋７丁目,2020-07-05,08,その他,駐車（輪）場,10歳代,大学生,施錠せず
窃盗,自転車盗,成城,船橋交番,131121,東京都,世田谷区,船橋７丁目,2020-10-02,13,その他の住宅（３階建て以下共同住宅等）,駐車（輪）場,40歳代,その他,施錠せず
窃盗,自転車盗,目黒,三田交番,131105,東京都,目黒区,三田１丁目,2020-04-15,00,一戸建住宅,その他,30歳代,その他,施錠せず
窃盗,自転車盗,目黒,三田交番,131105,東京都,目黒区,三田２丁目,2020-05-31,00,道路上,その他,40歳代,その他,施錠せず
窃盗,自転車盗,目黒,三田交番,131105,東京都,目黒区,三田２丁目,2020-11-27,08,一戸建住宅,その他,30歳代,その他,施錠せず
窃盗,自転車盗,目黒,下目黒交番,131105,東京都,目黒区,下目黒１丁目,2020-09-10,15,４階建て以上共同住宅,その他,30歳代,その他,施錠せず
窃盗,自転車盗,目黒,下目黒交番,131105,東京都,目黒区,下目黒２丁目,2020-01-31,20,４階建て以上共同住宅,駐車（輪）場,10歳代,中学生,施錠せず
窃盗,自転車盗,目黒,下目黒交番,131105,東京都,目黒区,下目黒６丁目,2020-08-26,21,４階建て以上共同住宅,駐車（輪）場,30歳代,その他,施錠せず
窃盗,自転車盗,目黒,油面交番,131105,東京都,目黒区,下目黒５丁目,2020-02-04,00,その他の住宅（３階建て以下共同住宅等）,駐車（輪）場,20歳代,その他,施錠せず
窃盗,自転車盗,目黒,油面交番,131105,東京都,目黒区,中町１丁目,2020-03-22,19,道路上,その他,30歳代,その他,施錠せず
窃盗,自転車盗,目黒,油面交番,131105,東京都,目黒区,中町２丁目,2020-02-16,21,その他の住宅（３階建て以下共同住宅等）,駐車（輪）場,50歳代,その他,施錠せず
窃盗,自転車盗,目黒,油面交番,131105,東京都,目黒区,中目黒４丁目,2020-05-08,00,道路上,その他,20歳代,その他,施錠せず
窃盗,自転車盗,目黒,油面交番,131105,東京都,目黒区,中目黒５丁目,2020-03-19,22,道路上,その他,60-64歳,その他,施錠せず
窃盗,自転車盗,目黒,油面交番,131105,東京都,目黒区,中目黒５丁目,2020-10-27,21,その他の住宅（３階建て以下共同住宅等）,その他,30歳代,その他,施錠せず
窃盗,自転車盗,目黒,油面交番,131105,東京都,目黒区,目黒４丁目,2020-06-17,10,道路上,その他,20歳代,その他,施錠せず
窃盗,自転車盗,目黒,油面交番,131105,東京都,目黒区,目黒４丁目,2020-12-29,01,一戸建住宅,その他,10歳代,中学生,施錠せず
窃盗,自転車盗,目黒,祐天寺駅前交番,131105,東京都,目黒区,五本木１丁目,2019-12-01,11,４階建て以上共同住宅,駐車（輪）場,50歳代,その他,施錠せず
窃盗,自転車盗,目黒,祐天寺駅前交番,131105,東京都,目黒区,五本木１丁目,2020-01-21,09,駐車（輪）場,駐車（輪）場,30歳代,その他,施錠せず
窃盗,自転車盗,目黒,祐天寺駅前交番,131105,東京都,目黒区,五本木１丁目,2020-05-13,10,その他の住宅（３階建て以下共同住宅等）,駐車（輪）場,20歳代,その他,施錠せず
窃盗,自転車盗,目黒,祐天寺駅前交番,131105,東京都,目黒区,五本木１丁目,2020-08-12,23,駐車（輪）場,駐車（輪）場,20歳代,その他,施錠せず
窃盗,自転車盗,目黒,祐天寺駅前交番,131105,東京都,目黒区,五本木２丁目,2020-06-01,22,一戸建住宅,駐車（輪）場,10歳代,高校生,施錠せず
窃盗,自転車盗,目黒,祐天寺駅前交番,131105,東京都,目黒区,五本木２丁目,2020-06-10,23,その他の住宅（３階建て以下共同住宅等）,駐車（輪）場,20歳代,その他,施錠せず
窃盗,自転車盗,目黒,祐天寺駅前交番,131105,東京都,目黒区,五本木２丁目,2020-07-04,00,その他の住宅（３階建て以下共同住宅等）,駐車（輪）場,20歳代,その他,施錠せず
窃盗,自転車盗,目黒,祐天寺駅前交番,131105,東京都,目黒区,五本木２丁目,2020-10-02,00,その他の住宅（３階建て以下共同住宅等）,その他,30歳代,その他,施錠せず
窃盗,自転車盗,目黒,祐天寺駅前交番,131105,東京都,目黒区,五本木３丁目,2020-03-06,18,その他の住宅（３階建て以下共同住宅等）,その他,20歳代,その他,施錠せず
窃盗,自転車盗,目黒,祐天寺駅前交番,131105,東京都,目黒区,中町２丁目,2020-02-08,15,その他の住宅（３階建て以下共同住宅等）,駐車（輪）場,60-64歳,その他,施錠せず
窃盗,自転車盗,目黒,祐天寺駅前交番,131105,東京都,目黒区,中町２丁目,2020-03-12,15,その他の住宅（３階建て以下共同住宅等）,駐車（輪）場,40歳代,その他,施錠せず
窃盗,自転車盗,目黒,祐天寺駅前交番,131105,東京都,目黒区,中町２丁目,2020-07-24,08,道路上,その他,50歳代,その他,施錠せず
窃盗,自転車盗,目黒,祐天寺駅前交番,131105,東京都,目黒区,中町２丁目,2020-10-31,01,４階建て以上共同住宅,駐車（輪）場,20歳代,その他,施錠せず
窃盗,自転車盗,目黒,祐天寺駅前交番,131105,東京都,目黒区,中目黒５丁目,2020-03-30,18,その他の住宅（３階建て以下共同住宅等）,駐車（輪）場,50歳代,その他,施錠せず
窃盗,自転車盗,目黒,祐天寺駅前交番,131105,東京都,目黒区,中目黒５丁目,2020-11-10,15,道路上,その他,70歳以上,その他,施錠せず
窃盗,自転車盗,目黒,祐天寺駅前交番,131105,東京都,目黒区,祐天寺１丁目,2020-04-04,19,駐車（輪）場,駐車（輪）場,50歳代,その他,施錠せず
窃盗,自転車盗,目黒,祐天寺駅前交番,131105,東京都,目黒区,祐天寺２丁目,2020-01-24,22,道路上,その他,20歳代,その他,施錠せず
窃盗,自転車盗,目黒,祐天寺駅前交番,131105,東京都,目黒区,祐天寺２丁目,2020-01-27,17,道路上,その他,10歳代,高校生,施錠せず
窃盗,自転車盗,目黒,祐天寺駅前交番,131105,東京都,目黒区,祐天寺２丁目,2020-02-03,16,道路上,その他,70歳以上,その他,施錠せず
窃盗,自転車盗,目黒,祐天寺駅前交番,131105,東京都,目黒区,祐天寺２丁目,2020-09-04,18,一戸建住宅,その他,70歳以上,その他,施錠せず
窃盗,自転車盗,目黒,中目黒駅前交番,131105,東京都,目黒区,青葉台１丁目,2020-02-22,15,その他の住宅（３階建て以下共同住宅等）,駐車（輪）場,10歳代,小学生,施錠せず
窃盗,自転車盗,目黒,中目黒駅前交番,131105,東京都,目黒区,上目黒１丁目,2020-02-10,17,道路上,その他,10歳代,小学生,施錠せず
窃盗,自転車盗,目黒,中目黒駅前交番,131105,東京都,目黒区,上目黒１丁目,2020-02-22,09,その他の住宅（３階建て以下共同住宅等）,駐車（輪）場,30歳代,その他,施錠せず
窃盗,自転車盗,目黒,中目黒駅前交番,131105,東京都,目黒区,上目黒１丁目,2020-03-16,18,道路上,その他,30歳代,その他,施錠せず
窃盗,自転車盗,目黒,中目黒駅前交番,131105,東京都,目黒区,上目黒２丁目,2020-01-02,01,道路上,その他,20歳代,その他,施錠せず
窃盗,自転車盗,目黒,中目黒駅前交番,131105,東京都,目黒区,上目黒２丁目,2020-01-12,12,駐車（輪）場,駐車（輪）場,40歳代,その他,施錠せず
窃盗,自転車盗,目黒,中目黒駅前交番,131105,東京都,目黒区,上目黒２丁目,2020-01-25,07,一戸建住宅,駐車（輪）場,10歳代,大学生,施錠せず
窃盗,自転車盗,目黒,中目黒駅前交番,131105,東京都,目黒区,上目黒２丁目,2020-02-04,23,その他の住宅（３階建て以下共同住宅等）,駐車（輪）場,20歳代,その他,施錠せず
窃盗,自転車盗,目黒,中目黒駅前交番,131105,東京都,目黒区,上目黒２丁目,2020-03-08,00,道路上,その他,50歳代,その他,施錠せず
窃盗,自転車盗,目黒,中目黒駅前交番,131105,東京都,目黒区,上目黒２丁目,2020-04-11,20,４階建て以上共同住宅,その他,20歳代,その他,施錠せず
窃盗,自転車盗,目黒,中目黒駅前交番,131105,東京都,目黒区,上目黒２丁目,2020-11-17,19,道路上,その他,50歳代,その他,施錠せず
窃盗,自転車盗,目黒,中目黒駅前交番,131105,東京都,目黒区,上目黒３丁目,2020-02-24,22,道路上,その他,30歳代,その他,施錠せず
窃盗,自転車盗,目黒,中目黒駅前交番,131105,東京都,目黒区,上目黒４丁目,2020-02-03,16,その他の住宅（３階建て以下共同住宅等）,駐車（輪）場,65-69歳,その他,施錠せず
窃盗,自転車盗,目黒,中目黒駅前交番,131105,東京都,目黒区,中目黒１丁目,2020-02-05,09,４階建て以上共同住宅,駐車（輪）場,20歳代,その他,施錠せず
窃盗,自転車盗,目黒,中目黒駅前交番,131105,東京都,目黒区,中目黒３丁目,2020-01-06,12,一戸建住宅,駐車（輪）場,70歳以上,その他,施錠せず
窃盗,自転車盗,目黒,中目黒駅前交番,131105,東京都,目黒区,中目黒３丁目,2020-10-22,17,４階建て以上共同住宅,駐車（輪）場,30歳代,その他,施錠せず
窃盗,自転車盗,目黒,中目黒駅前交番,131105,東京都,目黒区,中目黒４丁目,2020-08-27,21,道路上,その他,40歳代,その他,施錠せず
窃盗,自転車盗,目黒,宿山交番,131105,東京都,目黒区,上目黒３丁目,2020-07-01,14,一戸建住宅,駐車（輪）場,70歳以上,その他,施錠せず
窃盗,自転車盗,目黒,宿山交番,131105,東京都,目黒区,上目黒４丁目,2020-09-03,21,その他の住宅（３階建て以下共同住宅等）,その他,20歳代,その他,施錠せず
窃盗,自転車盗,目黒,宿山交番,131105,東京都,目黒区,上目黒５丁目,2020-07-10,20,その他の住宅（３階建て以下共同住宅等）,駐車（輪）場,20歳代,その他,施錠せず
窃盗,自転車盗,目黒,宿山交番,131105,東京都,目黒区,上目黒５丁目,2020-08-10,20,４階建て以上共同住宅,駐車（輪）場,40歳代,その他,施錠せず
窃盗,自転車盗,目黒,宿山交番,131105,東京都,目黒区,上目黒５丁目,2020-10-17,14,一戸建住宅,その他,10歳代,高校生,施錠せず
窃盗,自転車盗,目黒,宿山交番,131105,東京都,目黒区,東山１丁目,2020-04-27,15,道路上,その他,20歳代,その他,施錠せず
窃盗,自転車盗,目黒,宿山交番,131105,東京都,目黒区,東山１丁目,2020-10-23,23,その他の住宅（３階建て以下共同住宅等）,その他,法人・団体、被害者なし,法人・団体、被害者なし,施錠せず
窃盗,自転車盗,目黒,宿山交番,131105,東京都,目黒区,東山２丁目,2020-03-11,19,その他の住宅（３階建て以下共同住宅等）,駐車（輪）場,40歳代,その他,施錠せず
窃盗,自転車盗,目黒,宿山交番,131105,東京都,目黒区,東山２丁目,2020-08-17,18,４階建て以上共同住宅,駐車（輪）場,20歳代,大学生,施錠せず
窃盗,自転車盗,目黒,宿山交番,131105,東京都,目黒区,東山３丁目,2020-11-28,07,道路上,その他,20歳代,大学生,施錠せず
窃盗,自転車盗,目黒,大橋交番,131105,東京都,目黒区,青葉台３丁目,2020-01-10,21,その他,駐車（輪）場,30歳代,その他,施錠せず
窃盗,自転車盗,目黒,大橋交番,131105,東京都,目黒区,青葉台３丁目,2020-07-07,15,４階建て以上共同住宅,駐車（輪）場,20歳代,大学生,施錠せず
窃盗,自転車盗,目黒,大橋交番,131105,東京都,目黒区,青葉台３丁目,2020-07-22,00,道路上,その他,30歳代,その他,施錠せず
窃盗,自転車盗,目黒,大橋交番,131105,東京都,目黒区,青葉台３丁目,2020-11-10,15,その他の住宅（３階建て以下共同住宅等）,その他,40歳代,その他,施錠せず
窃盗,自転車盗,目黒,大橋交番,131105,東京都,目黒区,青葉台３丁目,2020-11-20,23,その他,その他,10歳代,高校生,施錠せず
窃盗,自転車盗,目黒,大橋交番,131105,東京都,目黒区,青葉台４丁目,2020-03-25,21,４階建て以上共同住宅,駐車（輪）場,20歳代,その他,施錠せず
窃盗,自転車盗,目黒,大橋交番,131105,東京都,目黒区,青葉台４丁目,2020-10-28,19,駐車（輪）場,駐車（輪）場,10歳代,高校生,施錠せず
窃盗,自転車盗,目黒,大橋交番,131105,東京都,目黒区,大橋１丁目,2020-07-12,18,その他の住宅（３階建て以下共同住宅等）,その他,30歳代,その他,施錠せず
窃盗,自転車盗,目黒,大橋交番,131105,東京都,目黒区,大橋１丁目,2020-11-12,19,道路上,その他,40歳代,その他,施錠せず
窃盗,自転車盗,目黒,大橋交番,131105,東京都,目黒区,大橋２丁目,2020-01-06,22,道路上,その他,30歳代,その他,施錠せず
窃盗,自転車盗,目黒,大橋交番,131105,東京都,目黒区,大橋２丁目,2020-06-25,21,４階建て以上共同住宅,駐車（輪）場,20歳代,その他,施錠せず
窃盗,自転車盗,目黒,大橋交番,131105,東京都,目黒区,大橋２丁目,2020-10-27,12,一戸建住宅,その他,20歳代,大学生,施錠せず
窃盗,自転車盗,目黒,大橋交番,131105,東京都,目黒区,上目黒５丁目,2020-09-21,20,その他の住宅（３階建て以下共同住宅等）,駐車（輪）場,30歳代,その他,施錠せず
窃盗,自転車盗,目黒,大橋交番,131105,東京都,目黒区,駒場１丁目,2020-06-16,02,４階建て以上共同住宅,駐車（輪）場,30歳代,その他,施錠せず
窃盗,自転車盗,目黒,大橋交番,131105,東京都,目黒区,駒場１丁目,2020-07-11,18,その他の住宅（３階建て以下共同住宅等）,その他,20歳代,その他,施錠せず
窃盗,自転車盗,目黒,大橋交番,131105,東京都,目黒区,駒場４丁目,2020-02-12,20,その他の住宅（３階建て以下共同住宅等）,駐車（輪）場,50歳代,その他,施錠せず
窃盗,自転車盗,目黒,大橋交番,131105,東京都,目黒区,東山１丁目,2020-03-21,23,道路上,その他,30歳代,その他,施錠せず
窃盗,自転車盗,目黒,大橋交番,131105,東京都,目黒区,東山２丁目,2019-12-01,17,その他の住宅（３階建て以下共同住宅等）,駐車（輪）場,10歳未満,小学生,施錠せず
窃盗,自転車盗,目黒,大橋交番,131105,東京都,目黒区,東山２丁目,2019-12-06,07,４階建て以上共同住宅,駐車（輪）場,10歳代,小学生,施錠せず
窃盗,自転車盗,目黒,大橋交番,131105,東京都,目黒区,東山３丁目,2020-09-30,12,その他の住宅（３階建て以下共同住宅等）,駐車（輪）場,30歳代,その他,施錠せず
窃盗,自転車盗,目黒,大橋交番,131105,東京都,目黒区,東山３丁目,2020-11-18,14,一戸建住宅,その他,10歳代,中学生,施錠せず
窃盗,自転車盗,目黒,大橋交番,131105,東京都,目黒区,東山３丁目,2020-11-25,17,その他の住宅（３階建て以下共同住宅等）,その他,40歳代,その他,施錠せず
窃盗,自転車盗,目黒,大橋交番,131105,東京都,目黒区,東山３丁目,2020-12-04,22,道路上,その他,20歳代,その他,施錠せず
窃盗,自転車盗,目黒,駒場一丁目駐在所,131105,東京都,目黒区,駒場１丁目,2020-11-17,10,道路上,その他,30歳代,その他,施錠せず
窃盗,自転車盗,目黒,駒場一丁目駐在所,131105,東京都,目黒区,駒場４丁目,2020-07-22,13,その他の住宅（３階建て以下共同住宅等）,駐車（輪）場,50歳代,その他,施錠せず
窃盗,自転車盗,碑文谷,柿の木坂交番,131105,東京都,目黒区,柿の木坂１丁目,2020-07-01,16,駐車（輪）場,駐車（輪）場,10歳代,高校生,施錠せず
窃盗,自転車盗,碑文谷,柿の木坂交番,131105,東京都,目黒区,柿の木坂２丁目,2020-05-30,00,その他の住宅（３階建て以下共同住宅等）,駐車（輪）場,30歳代,その他,施錠せず
窃盗,自転車盗,碑文谷,柿の木坂交番,131105,東京都,目黒区,柿の木坂２丁目,2020-08-28,20,その他の住宅（３階建て以下共同住宅等）,駐車（輪）場,40歳代,その他,施錠せず
窃盗,自転車盗,碑文谷,柿の木坂交番,131105,東京都,目黒区,柿の木坂２丁目,2020-11-20,20,４階建て以上共同住宅,駐車（輪）場,40歳代,その他,施錠せず
窃盗,自転車盗,碑文谷,柿の木坂交番,131105,東京都,目黒区,柿の木坂２丁目,2020-11-27,18,その他の住宅（３階建て以下共同住宅等）,駐車（輪）場,30歳代,その他,施錠せず
窃盗,自転車盗,碑文谷,柿の木坂交番,131105,東京都,目黒区,柿の木坂３丁目,2020-07-06,20,その他の住宅（３階建て以下共同住宅等）,駐車（輪）場,20歳代,その他,施錠せず
窃盗,自転車盗,碑文谷,柿の木坂交番,131105,東京都,目黒区,柿の木坂３丁目,2020-09-20,15,一戸建住宅,その他,65-69歳,その他,施錠せず
窃盗,自転車盗,碑文谷,柿の木坂交番,131105,東京都,目黒区,柿の木坂３丁目,2020-10-18,12,４階建て以上共同住宅,駐車（輪）場,20歳代,その他,施錠せず
窃盗,自転車盗,碑文谷,柿の木坂交番,131105,東京都,目黒区,東が丘１丁目,2020-03-20,07,その他の住宅（３階建て以下共同住宅等）,駐車（輪）場,20歳代,その他,施錠せず
窃盗,自転車盗,碑文谷,柿の木坂交番,131105,東京都,目黒区,碑文谷６丁目,2020-10-06,00,その他の住宅（３階建て以下共同住宅等）,その他,50歳代,その他,施錠せず
窃盗,自転車盗,碑文谷,柿の木坂交番,131105,東京都,目黒区,八雲１丁目,2020-01-22,07,駐車（輪）場,駐車（輪）場,10歳代,高校生,施錠せず
窃盗,自転車盗,碑文谷,柿の木坂交番,131105,東京都,目黒区,八雲１丁目,2020-02-26,15,その他,駐車（輪）場,30歳代,その他,施錠せず
窃盗,自転車盗,碑文谷,柿の木坂交番,131105,東京都,目黒区,八雲１丁目,2020-03-28,23,４階建て以上共同住宅,その他,40歳代,その他,施錠せず
窃盗,自転車盗,碑文谷,柿の木坂交番,131105,東京都,目黒区,八雲３丁目,2020-02-27,17,一戸建住宅,駐車（輪）場,30歳代,その他,施錠せず
窃盗,自転車盗,碑文谷,柿の木坂交番,131105,東京都,目黒区,八雲３丁目,2020-07-16,19,４階建て以上共同住宅,駐車（輪）場,40歳代,その他,施錠せず
窃盗,自転車盗,碑文谷,柿の木坂交番,131105,東京都,目黒区,八雲４丁目,2020-01-25,08,その他,駐車（輪）場,20歳代,その他,施錠せず
窃盗,自転車盗,碑文谷,柿の木坂交番,131105,東京都,目黒区,八雲４丁目,2020-03-08,19,その他の住宅（３階建て以下共同住宅等）,その他,70歳以上,その他,施錠せず
窃盗,自転車盗,碑文谷,柿の木坂交番,131105,東京都,目黒区,八雲５丁目,2020-01-13,00,駐車（輪）場,駐車（輪）場,40歳代,その他,施錠せず
窃盗,自転車盗,碑文谷,柿の木坂交番,131105,東京都,目黒区,八雲５丁目,2020-02-25,10,その他の住宅（３階建て以下共同住宅等）,駐車（輪）場,50歳代,その他,施錠せず
窃盗,自転車盗,碑文谷,柿の木坂交番,131105,東京都,目黒区,八雲５丁目,2020-02-26,07,一戸建住宅,駐車（輪）場,40歳代,その他,施錠せず
窃盗,自転車盗,碑文谷,柿の木坂交番,131105,東京都,目黒区,八雲５丁目,2020-09-06,16,４階建て以上共同住宅,駐車（輪）場,30歳代,その他,施錠せず
窃盗,自転車盗,碑文谷,都立大学駅前交番,131105,東京都,目黒区,平町１丁目,2019-12-08,15,道路上,その他,10歳代,その他,施錠せず
窃盗,自転車盗,碑文谷,都立大学駅前交番,131105,東京都,目黒区,平町１丁目,2020-08-22,14,４階建て以上共同住宅,駐車（輪）場,20歳代,その他,施錠せず
窃盗,自転車盗,碑文谷,都立大学駅前交番,131105,東京都,目黒区,中根１丁目,2020-01-02,19,駐車（輪）場,駐車（輪）場,40歳代,その他,施錠せず
窃盗,自転車盗,碑文谷,都立大学駅前交番,131105,東京都,目黒区,中根１丁目,2020-03-30,12,駐車（輪）場,駐車（輪）場,30歳代,その他,施錠せず
窃盗,自転車盗,碑文谷,都立大学駅前交番,131105,東京都,目黒区,中根１丁目,2020-04-03,16,駐車（輪）場,駐車（輪）場,30歳代,その他,施錠せず
窃盗,自転車盗,碑文谷,都立大学駅前交番,131105,東京都,目黒区,中根１丁目,2020-07-16,16,駐車（輪）場,駐車（輪）場,10歳代,高校生,施錠せず
窃盗,自転車盗,碑文谷,都立大学駅前交番,131105,東京都,目黒区,中根１丁目,2020-10-06,16,駐車（輪）場,駐車（輪）場,10歳代,中学生,施錠せず
窃盗,自転車盗,碑文谷,都立大学駅前交番,131105,東京都,目黒区,中根２丁目,2020-08-25,22,駐車（輪）場,駐車（輪）場,30歳代,その他,施錠せず
窃盗,自転車盗,碑文谷,都立大学駅前交番,131105,東京都,目黒区,中根２丁目,2020-09-21,23,道路上,その他,30歳代,その他,施錠せず
窃盗,自転車盗,碑文谷,都立大学駅前交番,131105,東京都,目黒区,中根２丁目,2020-10-12,10,駐車（輪）場,駐車（輪）場,20歳代,大学生,施錠せず
窃盗,自転車盗,碑文谷,都立大学駅前交番,131105,東京都,目黒区,八雲１丁目,2020-09-07,12,駐車（輪）場,駐車（輪）場,50歳代,その他,施錠せず
窃盗,自転車盗,碑文谷,都立大学駅前交番,131105,東京都,目黒区,八雲１丁目,2020-09-24,15,駐車（輪）場,駐車（輪）場,10歳代,小学生,施錠せず
窃盗,自転車盗,碑文谷,自由が丘交番,131105,東京都,目黒区,自由が丘１丁目,2019-12-12,13,道路上,その他,20歳代,その他,施錠せず
窃盗,自転車盗,碑文谷,自由が丘交番,131105,東京都,目黒区,自由が丘１丁目,2020-02-21,10,駐車（輪）場,駐車（輪）場,50歳代,その他,施錠せず
窃盗,自転車盗,碑文谷,自由が丘交番,131105,東京都,目黒区,自由が丘１丁目,2020-03-18,10,４階建て以上共同住宅,その他,50歳代,その他,施錠せず
窃盗,自転車盗,碑文谷,自由が丘交番,131105,東京都,目黒区,自由が丘１丁目,2020-09-07,22,その他,駐車（輪）場,30歳代,その他,施錠せず
窃盗,自転車盗,碑文谷,自由が丘交番,131105,東京都,目黒区,自由が丘２丁目,2020-01-12,20,駐車（輪）場,駐車（輪）場,20歳代,大学生,施錠せず
窃盗,自転車盗,碑文谷,自由が丘交番,131105,東京都,目黒区,自由が丘２丁目,2020-03-07,10,駐車（輪）場,駐車（輪）場,20歳代,その他,施錠せず
窃盗,自転車盗,碑文谷,自由が丘交番,131105,東京都,目黒区,自由が丘２丁目,2020-07-03,16,道路上,その他,30歳代,その他,施錠せず
窃盗,自転車盗,碑文谷,自由が丘交番,131105,東京都,目黒区,自由が丘２丁目,2020-08-13,01,その他,駐車（輪）場,20歳代,大学生,施錠せず
窃盗,自転車盗,碑文谷,自由が丘交番,131105,東京都,目黒区,自由が丘２丁目,2020-11-08,00,道路上,その他,10歳代,高校生,施錠せず
窃盗,自転車盗,碑文谷,自由が丘交番,131105,東京都,目黒区,自由が丘３丁目,2020-09-30,19,４階建て以上共同住宅,駐車（輪）場,10歳代,中学生,施錠せず
窃盗,自転車盗,碑文谷,緑が丘交番,131105,東京都,目黒区,大岡山１丁目,2020-01-15,16,４階建て以上共同住宅,駐車（輪）場,20歳代,大学生,施錠せず
窃盗,自転車盗,碑文谷,緑が丘交番,131105,東京都,目黒区,大岡山１丁目,2020-09-22,00,その他の住宅（３階建て以下共同住宅等）,駐車（輪）場,20歳代,その他,施錠せず
窃盗,自転車盗,碑文谷,緑が丘交番,131105,東京都,目黒区,緑が丘１丁目,2020-02-01,01,一戸建住宅,駐車（輪）場,70歳以上,その他,施錠せず
窃盗,自転車盗,碑文谷,緑が丘交番,131105,東京都,目黒区,緑が丘１丁目,2020-05-31,19,４階建て以上共同住宅,駐車（輪）場,10歳代,中学生,施錠せず
窃盗,自転車盗,碑文谷,緑が丘交番,131105,東京都,目黒区,緑が丘３丁目,2020-12-17,20,その他の住宅（３階建て以下共同住宅等）,駐車（輪）場,10歳代,高校生,施錠せず
窃盗,自転車盗,碑文谷,原町交番,131105,東京都,目黒区,洗足２丁目,2020-04-06,00,一戸建住宅,駐車（輪）場,10歳代,その他,施錠せず
窃盗,自転車盗,碑文谷,原町交番,131105,東京都,目黒区,洗足２丁目,2020-06-06,11,道路上,その他,70歳以上,その他,施錠せず
窃盗,自転車盗,碑文谷,原町交番,131105,東京都,目黒区,洗足２丁目,2020-07-17,20,４階建て以上共同住宅,駐車（輪）場,40歳代,その他,施錠せず
窃盗,自転車盗,碑文谷,原町交番,131105,東京都,目黒区,洗足２丁目,2020-08-02,22,４階建て以上共同住宅,駐車（輪）場,20歳代,その他,施錠せず
窃盗,自転車盗,碑文谷,原町交番,131105,東京都,目黒区,洗足２丁目,2020-08-20,22,４階建て以上共同住宅,駐車（輪）場,30歳代,その他,施錠せず
窃盗,自転車盗,碑文谷,原町交番,131105,東京都,目黒区,原町１丁目,2020-04-24,11,一戸建住宅,駐車（輪）場,40歳代,その他,施錠せず
窃盗,自転車盗,碑文谷,原町交番,131105,東京都,目黒区,原町１丁目,2020-08-14,16,道路上,その他,20歳代,大学生,施錠せず
窃盗,自転車盗,碑文谷,原町交番,131105,東京都,目黒区,原町２丁目,2020-03-24,00,４階建て以上共同住宅,その他,50歳代,その他,施錠せず
窃盗,自転車盗,碑文谷,原町交番,131105,東京都,目黒区,原町２丁目,2020-04-21,13,一戸建住宅,駐車（輪）場,70歳以上,その他,施錠せず
窃盗,自転車盗,碑文谷,原町交番,131105,東京都,目黒区,原町２丁目,2020-10-08,08,一戸建住宅,駐車（輪）場,10歳代,中学生,施錠せず
窃盗,自転車盗,碑文谷,原町交番,131105,東京都,目黒区,原町２丁目,2020-11-26,23,４階建て以上共同住宅,駐車（輪）場,40歳代,その他,施錠せず
窃盗,自転車盗,碑文谷,原町交番,131105,東京都,目黒区,碑文谷３丁目,2020-10-30,18,４階建て以上共同住宅,駐車（輪）場,50歳代,その他,施錠せず
窃盗,自転車盗,碑文谷,原町交番,131105,東京都,目黒区,南１丁目,2020-03-21,19,その他の住宅（３階建て以下共同住宅等）,その他,20歳代,その他,施錠せず
窃盗,自転車盗,碑文谷,原町交番,131105,東京都,目黒区,南２丁目,2020-10-24,00,一戸建住宅,その他,20歳代,その他,施錠せず
窃盗,自転車盗,碑文谷,本町六丁目交番,131105,東京都,目黒区,碑文谷１丁目,2020-01-16,17,その他の住宅（３階建て以下共同住宅等）,駐車（輪）場,70歳以上,その他,施錠せず
窃盗,自転車盗,碑文谷,本町六丁目交番,131105,東京都,目黒区,碑文谷１丁目,2020-02-10,07,その他の住宅（３階建て以下共同住宅等）,駐車（輪）場,60-64歳,その他,施錠せず
窃盗,自転車盗,碑文谷,本町六丁目交番,131105,東京都,目黒区,碑文谷１丁目,2020-09-25,18,その他の住宅（３階建て以下共同住宅等）,駐車（輪）場,10歳代,中学生,施錠せず
窃盗,自転車盗,碑文谷,本町六丁目交番,131105,東京都,目黒区,目黒本町６丁目,2020-01-09,19,一戸建住宅,その他,65-69歳,その他,施錠せず
窃盗,自転車盗,碑文谷,本町六丁目交番,131105,東京都,目黒区,目黒本町６丁目,2020-05-28,20,その他の住宅（３階建て以下共同住宅等）,駐車（輪）場,30歳代,その他,施錠せず
窃盗,自転車盗,碑文谷,本町二丁目交番,131105,東京都,目黒区,碑文谷２丁目,2019-07-15,08,４階建て以上共同住宅,駐車（輪）場,20歳代,その他,施錠せず
窃盗,自転車盗,碑文谷,本町二丁目交番,131105,東京都,目黒区,目黒本町１丁目,2020-08-05,00,４階建て以上共同住宅,駐車（輪）場,30歳代,その他,施錠せず
窃盗,自転車盗,碑文谷,本町二丁目交番,131105,東京都,目黒区,目黒本町１丁目,2020-10-01,21,４階建て以上共同住宅,駐車（輪）場,10歳代,中学生,施錠せず
窃盗,自転車盗,碑文谷,本町二丁目交番,131105,東京都,目黒区,目黒本町２丁目,2020-08-05,18,４階建て以上共同住宅,駐車（輪）場,40歳代,その他,施錠せず
窃盗,自転車盗,碑文谷,本町二丁目交番,131105,東京都,目黒区,目黒本町２丁目,2020-10-28,16,４階建て以上共同住宅,駐車（輪）場,50歳代,その他,施錠せず
窃盗,自転車盗,碑文谷,本町二丁目交番,131105,東京都,目黒区,目黒本町３丁目,2020-03-14,21,４階建て以上共同住宅,駐車（輪）場,20歳代,大学生,施錠せず
窃盗,自転車盗,碑文谷,本町二丁目交番,131105,東京都,目黒区,目黒本町３丁目,2020-11-11,13,４階建て以上共同住宅,駐車（輪）場,40歳代,その他,施錠せず
窃盗,自転車盗,碑文谷,本町二丁目交番,131105,東京都,目黒区,目黒本町４丁目,2020-01-21,16,４階建て以上共同住宅,駐車（輪）場,20歳代,その他,施錠せず
窃盗,自転車盗,碑文谷,本町二丁目交番,131105,東京都,目黒区,目黒本町４丁目,2020-03-21,23,道路上,その他,10歳代,その他,施錠せず
窃盗,自転車盗,碑文谷,本町二丁目交番,131105,東京都,目黒区,目黒本町４丁目,2020-04-26,16,その他,駐車（輪）場,30歳代,その他,施錠せず
窃盗,自転車盗,碑文谷,本町二丁目交番,131105,東京都,目黒区,目黒本町４丁目,2020-05-04,22,道路上,その他,30歳代,その他,施錠せず
窃盗,自転車盗,碑文谷,本町二丁目交番,131105,東京都,目黒区,目黒本町４丁目,2020-10-06,10,その他の住宅（３階建て以下共同住宅等）,駐車（輪）場,40歳代,その他,施錠せず
窃盗,自転車盗,碑文谷,本町二丁目交番,131105,東京都,目黒区,目黒本町５丁目,2020-05-03,18,一戸建住宅,駐車（輪）場,40歳代,その他,施錠せず
窃盗,自転車盗,碑文谷,学芸大学駅前交番,131105,東京都,目黒区,柿の木坂３丁目,2020-03-05,05,駐車（輪）場,駐車（輪）場,20歳代,その他,施錠せず
窃盗,自転車盗,碑文谷,学芸大学駅前交番,131105,東京都,目黒区,五本木３丁目,2019-12-16,17,道路上,その他,20歳代,その他,施錠せず
窃盗,自転車盗,碑文谷,学芸大学駅前交番,131105,東京都,目黒区,平町１丁目,2020-02-21,22,道路上,その他,20歳代,大学生,施錠せず
窃盗,自転車盗,碑文谷,学芸大学駅前交番,131105,東京都,目黒区,鷹番１丁目,2020-02-08,18,４階建て以上共同住宅,駐車（輪）場,40歳代,その他,施錠せず
窃盗,自転車盗,碑文谷,学芸大学駅前交番,131105,東京都,目黒区,鷹番１丁目,2020-07-23,23,４階建て以上共同住宅,駐車（輪）場,20歳代,その他,施錠せず
窃盗,自転車盗,碑文谷,学芸大学駅前交番,131105,東京都,目黒区,鷹番２丁目,2019-11-17,15,その他の住宅（３階建て以下共同住宅等）,駐車（輪）場,30歳代,その他,施錠せず
窃盗,自転車盗,碑文谷,学芸大学駅前交番,131105,東京都,目黒区,鷹番２丁目,2020-03-07,14,４階建て以上共同住宅,その他,30歳代,その他,施錠せず
窃盗,自転車盗,碑文谷,学芸大学駅前交番,131105,東京都,目黒区,鷹番２丁目,2020-03-10,11,道路上,その他,50歳代,その他,施錠せず
窃盗,自転車盗,碑文谷,学芸大学駅前交番,131105,東京都,目黒区,鷹番２丁目,2020-03-26,03,道路上,その他,40歳代,その他,施錠せず
窃盗,自転車盗,碑文谷,学芸大学駅前交番,131105,東京都,目黒区,鷹番２丁目,2020-04-24,19,４階建て以上共同住宅,駐車（輪）場,20歳代,その他,施錠せず
窃盗,自転車盗,碑文谷,学芸大学駅前交番,131105,東京都,目黒区,鷹番２丁目,2020-06-20,21,道路上,その他,30歳代,その他,施錠せず
窃盗,自転車盗,碑文谷,学芸大学駅前交番,131105,東京都,目黒区,鷹番３丁目,2020-01-07,20,その他の住宅（３階建て以下共同住宅等）,その他,20歳代,その他,施錠せず
窃盗,自転車盗,碑文谷,学芸大学駅前交番,131105,東京都,目黒区,鷹番３丁目,2020-02-02,14,道路上,その他,30歳代,その他,施錠せず
窃盗,自転車盗,碑文谷,学芸大学駅前交番,131105,東京都,目黒区,鷹番３丁目,2020-02-22,13,その他,駐車（輪）場,10歳代,中学生,施錠せず
窃盗,自転車盗,碑文谷,学芸大学駅前交番,131105,東京都,目黒区,鷹番３丁目,2020-03-02,18,道路上,その他,30歳代,その他,施錠せず
窃盗,自転車盗,碑文谷,学芸大学駅前交番,131105,東京都,目黒区,鷹番３丁目,2020-03-19,16,駐車（輪）場,駐車（輪）場,30歳代,その他,施錠せず
窃盗,自転車盗,碑文谷,学芸大学駅前交番,131105,東京都,目黒区,鷹番３丁目,2020-06-29,15,道路上,その他,30歳代,その他,施錠せず
窃盗,自転車盗,碑文谷,学芸大学駅前交番,131105,東京都,目黒区,鷹番３丁目,2020-06-30,11,一戸建住宅,駐車（輪）場,65-69歳,その他,施錠せず
窃盗,自転車盗,碑文谷,学芸大学駅前交番,131105,東京都,目黒区,鷹番３丁目,2020-07-26,11,道路上,その他,40歳代,その他,施錠せず
窃盗,自転車盗,碑文谷,学芸大学駅前交番,131105,東京都,目黒区,鷹番３丁目,2020-08-13,12,駐車（輪）場,駐車（輪）場,20歳代,その他,施錠せず
窃盗,自転車盗,碑文谷,学芸大学駅前交番,131105,東京都,目黒区,鷹番３丁目,2020-08-30,10,道路上,その他,20歳代,その他,施錠せず
窃盗,自転車盗,碑文谷,学芸大学駅前交番,131105,東京都,目黒区,鷹番３丁目,2020-08-30,22,道路上,その他,20歳代,大学生,施錠せず
窃盗,自転車盗,碑文谷,学芸大学駅前交番,131105,東京都,目黒区,鷹番３丁目,2020-08-31,15,駐車（輪）場,駐車（輪）場,10歳代,高校生,施錠せず
窃盗,自転車盗,碑文谷,学芸大学駅前交番,131105,東京都,目黒区,鷹番３丁目,2020-11-03,11,道路上,その他,10歳代,その他,施錠せず
窃盗,自転車盗,碑文谷,学芸大学駅前交番,131105,東京都,目黒区,鷹番３丁目,2020-11-08,17,道路上,その他,30歳代,その他,施錠せず
窃盗,自転車盗,碑文谷,学芸大学駅前交番,131105,東京都,目黒区,鷹番３丁目,2020-11-19,15,道路上,その他,20歳代,その他,施錠せず
窃盗,自転車盗,碑文谷,学芸大学駅前交番,131105,東京都,目黒区,中央町１丁目,2020-01-20,01,４階建て以上共同住宅,駐車（輪）場,20歳代,その他,施錠せず
窃盗,自転車盗,碑文谷,学芸大学駅前交番,131105,東京都,目黒区,中央町１丁目,2020-08-25,22,４階建て以上共同住宅,駐車（輪）場,20歳代,その他,施錠せず
窃盗,自転車盗,碑文谷,学芸大学駅前交番,131105,東京都,目黒区,中央町１丁目,2020-09-14,21,その他の住宅（３階建て以下共同住宅等）,駐車（輪）場,10歳代,中学生,施錠せず
窃盗,自転車盗,碑文谷,学芸大学駅前交番,131105,東京都,目黒区,碑文谷２丁目,2020-06-12,12,４階建て以上共同住宅,駐車（輪）場,30歳代,その他,施錠せず
窃盗,自転車盗,碑文谷,学芸大学駅前交番,131105,東京都,目黒区,碑文谷４丁目,2020-01-31,19,その他,駐車（輪）場,40歳代,その他,施錠せず
窃盗,自転車盗,碑文谷,学芸大学駅前交番,131105,東京都,目黒区,碑文谷４丁目,2020-02-13,08,その他,駐車（輪）場,50歳代,その他,施錠せず
窃盗,自転車盗,碑文谷,学芸大学駅前交番,131105,東京都,目黒区,碑文谷４丁目,2020-02-14,09,４階建て以上共同住宅,駐車（輪）場,70歳以上,その他,施錠せず
窃盗,自転車盗,碑文谷,学芸大学駅前交番,131105,東京都,目黒区,碑文谷４丁目,2020-03-15,10,その他,駐車（輪）場,50歳代,その他,施錠せず
窃盗,自転車盗,碑文谷,学芸大学駅前交番,131105,東京都,目黒区,碑文谷４丁目,2020-09-02,18,その他,駐車（輪）場,50歳代,その他,施錠せず
窃盗,自転車盗,碑文谷,学芸大学駅前交番,131105,東京都,目黒区,碑文谷４丁目,2020-10-22,09,その他,駐車（輪）場,20歳代,その他,施錠せず
窃盗,自転車盗,碑文谷,学芸大学駅前交番,131105,東京都,目黒区,碑文谷５丁目,2020-01-16,02,道路上,その他,40歳代,その他,施錠せず
窃盗,自転車盗,碑文谷,学芸大学駅前交番,131105,東京都,目黒区,碑文谷５丁目,2020-06-07,20,道路上,その他,20歳代,その他,施錠せず
窃盗,自転車盗,碑文谷,学芸大学駅前交番,131105,東京都,目黒区,碑文谷５丁目,2020-12-25,20,道路上,その他,40歳代,その他,施錠せず
窃盗,自転車盗,碑文谷,学芸大学駅前交番,131105,東京都,目黒区,碑文谷６丁目,2020-01-12,23,４階建て以上共同住宅,駐車（輪）場,30歳代,その他,施錠せず
窃盗,自転車盗,碑文谷,学芸大学駅前交番,131105,東京都,目黒区,碑文谷６丁目,2020-09-03,19,一戸建住宅,その他,30歳代,その他,施錠せず
窃盗,自転車盗,碑文谷,学芸大学駅前交番,131105,東京都,目黒区,碑文谷６丁目,2020-09-09,17,その他の住宅（３階建て以下共同住宅等）,駐車（輪）場,50歳代,その他,施錠せず
窃盗,自転車盗,碑文谷,東が丘駐在所,131105,東京都,目黒区,東が丘１丁目,2020-07-24,17,一戸建住宅,駐車（輪）場,10歳代,高校生,施錠せず
窃盗,自転車盗,碑文谷,東が丘駐在所,131105,東京都,目黒区,東が丘２丁目,2020-01-24,20,駐車（輪）場,駐車（輪）場,10歳代,大学生,施錠せず
窃盗,自転車盗,碑文谷,東が丘駐在所,131105,東京都,目黒区,東が丘２丁目,2020-03-23,23,駐車（輪）場,駐車（輪）場,20歳代,大学生,施錠せず
窃盗,自転車盗,碑文谷,東が丘駐在所,131105,東京都,目黒区,東が丘２丁目,2020-10-16,11,一戸建住宅,その他,20歳代,大学生,施錠せず
窃盗,自転車盗,渋谷,渋谷駅前交番,131130,東京都,渋谷区,桜丘町,2020-07-06,19,４階建て以上共同住宅,その他,20歳代,その他,施錠せず
窃盗,自転車盗,渋谷,渋谷駅前交番,131130,東京都,渋谷区,渋谷１丁目,2019-11-26,20,駐車（輪）場,駐車（輪）場,20歳代,その他,施錠せず
窃盗,自転車盗,渋谷,渋谷駅前交番,131130,東京都,渋谷区,渋谷１丁目,2020-01-13,10,駐車（輪）場,駐車（輪）場,40歳代,その他,施錠せず
窃盗,自転車盗,渋谷,渋谷駅前交番,131130,東京都,渋谷区,渋谷１丁目,2020-08-28,00,道路上,その他,20歳代,その他,施錠せず
窃盗,自転車盗,渋谷,渋谷駅前交番,131130,東京都,渋谷区,渋谷２丁目,2020-11-30,13,駐車（輪）場,駐車（輪）場,20歳代,その他,施錠せず
窃盗,自転車盗,渋谷,渋谷駅前交番,131130,東京都,渋谷区,渋谷３丁目,2020-11-22,21,道路上,その他,30歳代,その他,施錠せず
窃盗,自転車盗,渋谷,渋谷駅前交番,131130,東京都,渋谷区,神南１丁目,2019-12-29,23,道路上,その他,20歳代,その他,施錠せず
窃盗,自転車盗,渋谷,渋谷駅前交番,131130,東京都,渋谷区,神南１丁目,2020-01-16,11,その他,駐車（輪）場,70歳以上,その他,施錠せず
窃盗,自転車盗,渋谷,渋谷駅前交番,131130,東京都,渋谷区,神南１丁目,2020-02-22,00,駐車（輪）場,駐車（輪）場,30歳代,その他,施錠せず
窃盗,自転車盗,渋谷,渋谷駅前交番,131130,東京都,渋谷区,神南１丁目,2020-05-18,13,道路上,その他,20歳代,その他,施錠せず
窃盗,自転車盗,渋谷,渋谷駅前交番,131130,東京都,渋谷区,神南１丁目,2020-08-01,22,駐車（輪）場,駐車（輪）場,20歳代,大学生,施錠せず
窃盗,自転車盗,渋谷,渋谷駅前交番,131130,東京都,渋谷区,道玄坂１丁目,2020-09-20,12,道路上,その他,30歳代,その他,施錠せず
窃盗,自転車盗,渋谷,宇田川交番,131130,東京都,渋谷区,宇田川町,2019-12-29,17,道路上,その他,30歳代,その他,施錠せず
窃盗,自転車盗,渋谷,宇田川交番,131130,東京都,渋谷区,宇田川町,2020-07-12,06,道路上,その他,20歳代,その他,施錠せず
窃盗,自転車盗,渋谷,宇田川交番,131130,東京都,渋谷区,宇田川町,2020-08-13,12,道路上,その他,30歳代,その他,施錠せず
窃盗,自転車盗,渋谷,宇田川交番,131130,東京都,渋谷区,宇田川町,2020-10-05,08,道路上,その他,20歳代,大学生,施錠せず
窃盗,自転車盗,渋谷,宇田川交番,131130,東京都,渋谷区,宇田川町,2020-10-11,10,道路上,その他,40歳代,その他,施錠せず
窃盗,自転車盗,渋谷,宇田川交番,131130,東京都,渋谷区,神山町,2019-12-07,18,その他の住宅（３階建て以下共同住宅等）,その他,40歳代,その他,施錠せず
窃盗,自転車盗,渋谷,宇田川交番,131130,東京都,渋谷区,神山町,2020-01-26,21,４階建て以上共同住宅,その他,30歳代,その他,施錠せず
窃盗,自転車盗,渋谷,宇田川交番,131130,東京都,渋谷区,神山町,2020-02-17,00,４階建て以上共同住宅,その他,30歳代,その他,施錠せず
窃盗,自転車盗,渋谷,宇田川交番,131130,東京都,渋谷区,神山町,2020-02-17,11,道路上,その他,40歳代,その他,施錠せず
窃盗,自転車盗,渋谷,宇田川交番,131130,東京都,渋谷区,神山町,2020-03-28,00,４階建て以上共同住宅,駐車（輪）場,40歳代,その他,施錠せず
窃盗,自転車盗,渋谷,宇田川交番,131130,東京都,渋谷区,神山町,2020-03-28,09,道路上,その他,法人・団体、被害者なし,法人・団体、被害者なし,施錠せず
窃盗,自転車盗,渋谷,宇田川交番,131130,東京都,渋谷区,神山町,2020-05-30,09,駐車（輪）場,駐車（輪）場,20歳代,その他,施錠せず
窃盗,自転車盗,渋谷,宇田川交番,131130,東京都,渋谷区,神山町,2020-06-23,13,その他の住宅（３階建て以下共同住宅等）,駐車（輪）場,40歳代,その他,施錠せず
窃盗,自転車盗,渋谷,宇田川交番,131130,東京都,渋谷区,神山町,2020-09-15,18,駐車（輪）場,駐車（輪）場,20歳代,その他,施錠せず
窃盗,自転車盗,渋谷,宇田川交番,131130,東京都,渋谷区,神南１丁目,2019-12-29,22,道路上,その他,30歳代,その他,施錠せず
窃盗,自転車盗,渋谷,宇田川交番,131130,東京都,渋谷区,道玄坂２丁目,2020-03-18,18,道路上,その他,20歳代,その他,施錠せず
窃盗,自転車盗,渋谷,道玄坂上交番,131130,東京都,渋谷区,桜丘町,2020-06-15,14,道路上,その他,50歳代,その他,施錠せず
窃盗,自転車盗,渋谷,道玄坂上交番,131130,東京都,渋谷区,道玄坂１丁目,2020-08-06,23,４階建て以上共同住宅,その他,30歳代,その他,施錠せず
窃盗,自転車盗,渋谷,道玄坂上交番,131130,東京都,渋谷区,道玄坂２丁目,2019-12-19,09,その他,その他,30歳代,その他,施錠せず
窃盗,自転車盗,渋谷,道玄坂上交番,131130,東京都,渋谷区,道玄坂２丁目,2020-06-05,03,道路上,その他,20歳代,その他,施錠せず
窃盗,自転車盗,渋谷,道玄坂上交番,131130,東京都,渋谷区,道玄坂２丁目,2020-10-20,01,道路上,その他,20歳代,その他,施錠せず
窃盗,自転車盗,渋谷,道玄坂上交番,131130,東京都,渋谷区,南平台町,2020-04-24,21,４階建て以上共同住宅,駐車（輪）場,30歳代,その他,施錠せず
窃盗,自転車盗,渋谷,道玄坂上交番,131130,東京都,渋谷区,円山町,2019-12-22,03,その他,その他,40歳代,その他,施錠せず
窃盗,自転車盗,渋谷,道玄坂上交番,131130,東京都,渋谷区,円山町,2020-09-15,21,その他,その他,40歳代,その他,施錠せず
窃盗,自転車盗,渋谷,代官山交番,131130,東京都,渋谷区,南平台町,2020-05-15,20,一戸建住宅,その他,40歳代,その他,施錠せず
窃盗,自転車盗,渋谷,恵比寿駅前交番,131130,東京都,渋谷区,恵比寿１丁目,2020-06-11,13,道路上,その他,30歳代,その他,施錠せず
窃盗,自転車盗,渋谷,恵比寿駅前交番,131130,東京都,渋谷区,恵比寿２丁目,2020-08-31,22,道路上,その他,20歳代,その他,施錠せず
窃盗,自転車盗,渋谷,恵比寿駅前交番,131130,東京都,渋谷区,恵比寿４丁目,2020-04-21,17,駐車（輪）場,駐車（輪）場,30歳代,その他,施錠せず
窃盗,自転車盗,渋谷,恵比寿駅前交番,131130,東京都,渋谷区,恵比寿西１丁目,2020-02-10,18,駐車（輪）場,駐車（輪）場,20歳代,その他,施錠せず
窃盗,自転車盗,渋谷,恵比寿駅前交番,131130,東京都,渋谷区,恵比寿西１丁目,2020-02-25,23,道路上,その他,20歳代,その他,施錠せず
窃盗,自転車盗,渋谷,恵比寿駅前交番,131130,東京都,渋谷区,恵比寿西１丁目,2020-03-15,13,道路上,その他,20歳代,その他,施錠せず
窃盗,自転車盗,渋谷,恵比寿駅前交番,131130,東京都,渋谷区,恵比寿西１丁目,2020-03-15,21,道路上,その他,40歳代,その他,施錠せず
窃盗,自転車盗,渋谷,恵比寿駅前交番,131130,東京都,渋谷区,恵比寿西１丁目,2020-06-19,16,道路上,その他,30歳代,その他,施錠せず
窃盗,自転車盗,渋谷,恵比寿駅前交番,131130,東京都,渋谷区,恵比寿西１丁目,2020-10-27,21,その他,その他,40歳代,その他,施錠せず
窃盗,自転車盗,渋谷,恵比寿駅前交番,131130,東京都,渋谷区,恵比寿西２丁目,2020-01-23,02,道路上,その他,50歳代,その他,施錠せず
窃盗,自転車盗,渋谷,恵比寿駅前交番,131130,東京都,渋谷区,恵比寿南１丁目,2020-03-05,15,道路上,その他,10歳代,中学生,施錠せず
窃盗,自転車盗,渋谷,恵比寿駅前交番,131130,東京都,渋谷区,恵比寿南３丁目,2020-02-18,18,４階建て以上共同住宅,駐車（輪）場,10歳代,中学生,施錠せず
窃盗,自転車盗,渋谷,恵比寿駅前交番,131130,東京都,渋谷区,東３丁目,2020-01-01,05,道路上,その他,30歳代,その他,施錠せず
窃盗,自転車盗,渋谷,恵比寿駅前交番,131130,東京都,渋谷区,東３丁目,2020-05-04,16,その他の住宅（３階建て以下共同住宅等）,駐車（輪）場,20歳代,その他,施錠せず
窃盗,自転車盗,渋谷,恵比寿駅前交番,131130,東京都,渋谷区,東３丁目,2020-08-11,02,道路上,その他,30歳代,その他,施錠せず
窃盗,自転車盗,渋谷,恵比寿駅前交番,131130,東京都,渋谷区,広尾１丁目,2020-06-05,13,道路上,その他,50歳代,その他,施錠せず
窃盗,自転車盗,渋谷,広尾五丁目交番,131130,東京都,渋谷区,広尾１丁目,2020-04-08,17,一戸建住宅,駐車（輪）場,50歳代,その他,施錠せず
窃盗,自転車盗,渋谷,広尾五丁目交番,131130,東京都,渋谷区,広尾２丁目,2020-02-20,23,一戸建住宅,その他,30歳代,その他,施錠せず
窃盗,自転車盗,渋谷,広尾五丁目交番,131130,東京都,渋谷区,広尾５丁目,2020-03-01,10,その他,その他,10歳代,中学生,施錠せず
窃盗,自転車盗,渋谷,日赤病院前交番,131130,東京都,渋谷区,広尾２丁目,2020-09-01,17,道路上,その他,10歳未満,小学生,施錠せず
窃盗,自転車盗,渋谷,日赤病院前交番,131130,東京都,渋谷区,広尾３丁目,2019-12-30,07,駐車（輪）場,駐車（輪）場,40歳代,その他,施錠せず
窃盗,自転車盗,渋谷,東交番,131130,東京都,渋谷区,東１丁目,2020-05-26,13,駐車（輪）場,駐車（輪）場,20歳代,その他,施錠せず
窃盗,自転車盗,渋谷,鉢山交番,131130,東京都,渋谷区,鶯谷町,2020-11-13,00,道路上,その他,40歳代,その他,施錠せず
窃盗,自転車盗,渋谷,鉢山交番,131130,東京都,渋谷区,桜丘町,2020-01-24,16,道路上,その他,30歳代,その他,施錠せず
窃盗,自転車盗,渋谷,鉢山交番,131130,東京都,渋谷区,道玄坂１丁目,2020-03-14,23,道路上,その他,30歳代,その他,施錠せず
窃盗,自転車盗,渋谷,常磐松交番,131130,東京都,渋谷区,渋谷２丁目,2019-12-13,23,道路上,その他,50歳代,その他,施錠せず
窃盗,自転車盗,渋谷,恵比寿四丁目交番,131130,東京都,渋谷区,恵比寿１丁目,2020-03-20,22,道路上,その他,40歳代,その他,施錠せず
窃盗,自転車盗,渋谷,恵比寿四丁目交番,131130,東京都,渋谷区,恵比寿３丁目,2020-10-31,17,一戸建住宅,その他,10歳代,小学生,施錠せず
窃盗,自転車盗,渋谷,恵比寿四丁目交番,131130,東京都,渋谷区,恵比寿３丁目,2020-11-01,22,道路上,その他,30歳代,その他,施錠せず
窃盗,自転車盗,渋谷,美竹交番,131130,東京都,渋谷区,渋谷１丁目,2020-01-09,00,道路上,その他,30歳代,その他,施錠せず
窃盗,自転車盗,渋谷,美竹交番,131130,東京都,渋谷区,渋谷１丁目,2020-03-31,12,道路上,その他,50歳代,その他,施錠せず
窃盗,自転車盗,渋谷,美竹交番,131130,東京都,渋谷区,渋谷１丁目,2020-08-28,14,道路上,その他,30歳代,その他,施錠せず
窃盗,自転車盗,渋谷,美竹交番,131130,東京都,渋谷区,渋谷１丁目,2020-11-16,01,道路上,その他,20歳代,その他,施錠せず
窃盗,自転車盗,渋谷,美竹交番,131130,東京都,渋谷区,神宮前５丁目,2020-06-28,14,その他の住宅（３階建て以下共同住宅等）,その他,20歳代,その他,施錠せず
窃盗,自転車盗,渋谷,美竹交番,131130,東京都,渋谷区,神宮前６丁目,2020-08-22,18,道路上,その他,30歳代,その他,施錠せず
窃盗,自転車盗,原宿,代々木駅前交番,131130,東京都,渋谷区,千駄ヶ谷１丁目,2020-10-17,02,道路上,その他,30歳代,その他,施錠せず
窃盗,自転車盗,原宿,代々木駅前交番,131130,東京都,渋谷区,千駄ヶ谷３丁目,2020-03-13,19,その他,駐車（輪）場,法人・団体、被害者なし,法人・団体、被害者なし,施錠せず
窃盗,自転車盗,原宿,代々木駅前交番,131130,東京都,渋谷区,千駄ヶ谷３丁目,2020-06-05,16,４階建て以上共同住宅,駐車（輪）場,40歳代,その他,施錠せず
窃盗,自転車盗,原宿,代々木駅前交番,131130,東京都,渋谷区,千駄ヶ谷３丁目,2020-06-16,17,４階建て以上共同住宅,駐車（輪）場,30歳代,その他,施錠せず
窃盗,自転車盗,原宿,代々木駅前交番,131130,東京都,渋谷区,千駄ヶ谷５丁目,2020-03-25,02,道路上,その他,40歳代,その他,施錠せず
窃盗,自転車盗,原宿,代々木駅前交番,131130,東京都,渋谷区,代々木１丁目,2019-02-01,不明,道路上,その他,40歳代,その他,施錠せず
窃盗,自転車盗,原宿,代々木駅前交番,131130,東京都,渋谷区,代々木１丁目,2019-12-24,23,道路上,その他,20歳代,その他,施錠せず
窃盗,自転車盗,原宿,代々木駅前交番,131130,東京都,渋谷区,代々木１丁目,2020-01-02,12,４階建て以上共同住宅,駐車（輪）場,30歳代,その他,施錠せず
窃盗,自転車盗,原宿,代々木駅前交番,131130,東京都,渋谷区,代々木１丁目,2020-01-29,22,道路上,その他,40歳代,その他,施錠せず
窃盗,自転車盗,原宿,代々木駅前交番,131130,東京都,渋谷区,代々木１丁目,2020-11-10,19,道路上,その他,10歳代,中学生,施錠せず
窃盗,自転車盗,原宿,代々木駅前交番,131130,東京都,渋谷区,代々木１丁目,2020-12-10,17,道路上,その他,20歳代,大学生,施錠せず
窃盗,自転車盗,原宿,代々木駅前交番,131130,東京都,渋谷区,代々木２丁目,2019-12-05,10,駐車（輪）場,駐車（輪）場,20歳代,その他,施錠せず
窃盗,自転車盗,原宿,代々木二丁目交番,131130,東京都,渋谷区,代々木２丁目,2020-03-12,11,駐車（輪）場,駐車（輪）場,20歳代,その他,施錠せず
窃盗,自転車盗,原宿,代々木二丁目交番,131130,東京都,渋谷区,代々木２丁目,2020-05-30,01,４階建て以上共同住宅,その他,50歳代,その他,施錠せず
窃盗,自転車盗,原宿,代々木二丁目交番,131130,東京都,渋谷区,代々木２丁目,2020-10-24,02,道路上,その他,30歳代,その他,施錠せず
窃盗,自転車盗,原宿,千駄ケ谷五丁目交番,131130,東京都,渋谷区,千駄ヶ谷３丁目,2020-02-26,02,道路上,その他,30歳代,その他,施錠せず
窃盗,自転車盗,原宿,千駄ケ谷五丁目交番,131130,東京都,渋谷区,千駄ヶ谷３丁目,2020-07-05,07,道路上,その他,40歳代,その他,施錠せず
窃盗,自転車盗,原宿,千駄ケ谷五丁目交番,131130,東京都,渋谷区,千駄ヶ谷３丁目,2020-11-22,17,道路上,その他,30歳代,その他,施錠せず
窃盗,自転車盗,原宿,千駄ケ谷五丁目交番,131130,東京都,渋谷区,千駄ヶ谷４丁目,2020-10-20,14,４階建て以上共同住宅,駐車（輪）場,30歳代,その他,施錠せず
窃盗,自転車盗,原宿,千駄ケ谷五丁目交番,131130,東京都,渋谷区,千駄ヶ谷５丁目,2019-12-31,23,道路上,その他,40歳代,その他,施錠せず
窃盗,自転車盗,原宿,千駄ケ谷五丁目交番,131130,東京都,渋谷区,千駄ヶ谷５丁目,2020-02-28,16,その他の住宅（３階建て以下共同住宅等）,駐車（輪）場,50歳代,その他,施錠せず
窃盗,自転車盗,原宿,千駄ケ谷五丁目交番,131130,東京都,渋谷区,千駄ヶ谷５丁目,2020-03-05,09,４階建て以上共同住宅,駐車（輪）場,50歳代,その他,施錠せず
窃盗,自転車盗,原宿,千駄ケ谷五丁目交番,131130,東京都,渋谷区,千駄ヶ谷５丁目,2020-03-11,02,道路上,その他,20歳代,その他,施錠せず
窃盗,自転車盗,原宿,千駄ケ谷五丁目交番,131130,東京都,渋谷区,千駄ヶ谷５丁目,2020-03-30,23,道路上,その他,50歳代,その他,施錠せず
窃盗,自転車盗,原宿,千駄ケ谷五丁目交番,131130,東京都,渋谷区,千駄ヶ谷５丁目,2020-06-07,13,一戸建住宅,駐車（輪）場,40歳代,その他,施錠せず
窃盗,自転車盗,原宿,千駄ケ谷五丁目交番,131130,東京都,渋谷区,千駄ヶ谷５丁目,2020-06-11,18,その他の住宅（３階建て以下共同住宅等）,駐車（輪）場,50歳代,その他,施錠せず
窃盗,自転車盗,原宿,千駄ケ谷五丁目交番,131130,東京都,渋谷区,千駄ヶ谷５丁目,2020-08-02,14,道路上,その他,20歳代,その他,施錠せず
窃盗,自転車盗,原宿,千駄ケ谷駅前交番,131130,東京都,渋谷区,神宮前２丁目,2020-02-28,11,道路上,その他,40歳代,その他,施錠せず
窃盗,自転車盗,原宿,千駄ケ谷駅前交番,131130,東京都,渋谷区,神宮前２丁目,2020-10-22,19,道路上,その他,10歳代,小学生,施錠せず
窃盗,自転車盗,原宿,千駄ケ谷駅前交番,131130,東京都,渋谷区,千駄ヶ谷２丁目,2020-08-05,12,４階建て以上共同住宅,駐車（輪）場,50歳代,その他,施錠せず
窃盗,自転車盗,原宿,千駄ケ谷駅前交番,131130,東京都,渋谷区,千駄ヶ谷２丁目,2020-08-07,00,道路上,その他,40歳代,その他,施錠せず
窃盗,自転車盗,原宿,神宮前交番,131130,東京都,渋谷区,神宮前３丁目,2020-01-20,11,道路上,その他,40歳代,その他,施錠せず
窃盗,自転車盗,原宿,神宮前交番,131130,東京都,渋谷区,神宮前１丁目,2020-03-20,21,道路上,その他,40歳代,その他,施錠せず
窃盗,自転車盗,原宿,神宮前交番,131130,東京都,渋谷区,神宮前１丁目,2020-07-30,15,道路上,その他,20歳代,その他,施錠せず
窃盗,自転車盗,原宿,神宮前交番,131130,東京都,渋谷区,神宮前１丁目,2020-11-01,02,道路上,その他,20歳代,その他,施錠せず
窃盗,自転車盗,原宿,神宮前交番,131130,東京都,渋谷区,神宮前３丁目,2020-01-30,10,道路上,その他,30歳代,その他,施錠せず
窃盗,自転車盗,原宿,神宮前交番,131130,東京都,渋谷区,神宮前３丁目,2020-02-08,22,４階建て以上共同住宅,駐車（輪）場,20歳代,その他,施錠せず
窃盗,自転車盗,原宿,神宮前交番,131130,東京都,渋谷区,神宮前３丁目,2020-02-12,12,その他の住宅（３階建て以下共同住宅等）,駐車（輪）場,20歳代,その他,施錠せず
窃盗,自転車盗,原宿,神宮前交番,131130,東京都,渋谷区,神宮前３丁目,2020-03-07,16,道路上,その他,10歳代,小学生,施錠せず
窃盗,自転車盗,原宿,神宮前交番,131130,東京都,渋谷区,神宮前３丁目,2020-06-15,13,その他,駐車（輪）場,40歳代,その他,施錠せず
窃盗,自転車盗,原宿,神宮前交番,131130,東京都,渋谷区,神宮前４丁目,2020-04-06,08,道路上,その他,40歳代,その他,施錠せず
窃盗,自転車盗,原宿,神宮前交番,131130,東京都,渋谷区,神宮前４丁目,2020-04-29,16,道路上,その他,20歳代,その他,施錠せず
窃盗,自転車盗,代々木,初台駅前交番,131130,東京都,渋谷区,初台１丁目,2020-01-30,23,４階建て以上共同住宅,駐車（輪）場,40歳代,その他,施錠せず
窃盗,自転車盗,代々木,初台駅前交番,131130,東京都,渋谷区,初台１丁目,2020-03-01,00,道路上,その他,20歳代,その他,施錠せず
窃盗,自転車盗,代々木,初台駅前交番,131130,東京都,渋谷区,初台１丁目,2020-04-19,21,道路上,その他,20歳代,その他,施錠せず
窃盗,自転車盗,代々木,初台駅前交番,131130,東京都,渋谷区,初台１丁目,2020-08-10,03,道路上,その他,20歳代,その他,施錠せず
窃盗,自転車盗,代々木,初台駅前交番,131130,東京都,渋谷区,本町１丁目,2019-11-15,00,４階建て以上共同住宅,駐車（輪）場,20歳代,その他,施錠せず
窃盗,自転車盗,代々木,初台駅前交番,131130,東京都,渋谷区,本町１丁目,2019-11-28,18,道路上,その他,10歳代,その他,施錠せず
窃盗,自転車盗,代々木,初台駅前交番,131130,東京都,渋谷区,本町１丁目,2019-12-08,19,道路上,その他,50歳代,その他,施錠せず
窃盗,自転車盗,代々木,初台駅前交番,131130,東京都,渋谷区,本町１丁目,2020-01-19,03,道路上,その他,50歳代,その他,施錠せず
窃盗,自転車盗,代々木,初台駅前交番,131130,東京都,渋谷区,本町１丁目,2020-02-01,17,その他の住宅（３階建て以下共同住宅等）,駐車（輪）場,10歳代,小学生,施錠せず
窃盗,自転車盗,代々木,初台駅前交番,131130,東京都,渋谷区,本町１丁目,2020-02-21,20,道路上,その他,20歳代,その他,施錠せず
窃盗,自転車盗,代々木,初台駅前交番,131130,東京都,渋谷区,本町１丁目,2020-04-13,17,その他の住宅（３階建て以下共同住宅等）,その他,50歳代,その他,施錠せず
窃盗,自転車盗,代々木,初台駅前交番,131130,東京都,渋谷区,本町１丁目,2020-05-18,22,道路上,その他,30歳代,その他,施錠せず
窃盗,自転車盗,代々木,初台駅前交番,131130,東京都,渋谷区,本町１丁目,2020-06-30,10,その他の住宅（３階建て以下共同住宅等）,駐車（輪）場,10歳代,小学生,施錠せず
窃盗,自転車盗,代々木,初台駅前交番,131130,東京都,渋谷区,本町１丁目,2020-07-17,22,その他の住宅（３階建て以下共同住宅等）,駐車（輪）場,50歳代,その他,施錠せず
窃盗,自転車盗,代々木,初台駅前交番,131130,東京都,渋谷区,本町１丁目,2020-10-28,01,その他の住宅（３階建て以下共同住宅等）,駐車（輪）場,20歳代,その他,施錠せず
窃盗,自転車盗,代々木,初台駅前交番,131130,東京都,渋谷区,本町２丁目,2020-02-22,22,その他の住宅（３階建て以下共同住宅等）,その他,30歳代,その他,施錠せず
窃盗,自転車盗,代々木,初台駅前交番,131130,東京都,渋谷区,本町２丁目,2020-04-17,18,一戸建住宅,駐車（輪）場,50歳代,その他,施錠せず
窃盗,自転車盗,代々木,初台駅前交番,131130,東京都,渋谷区,本町２丁目,2020-09-07,08,一戸建住宅,駐車（輪）場,10歳代,中学生,施錠せず
窃盗,自転車盗,代々木,初台駅前交番,131130,東京都,渋谷区,代々木３丁目,2020-08-10,23,その他の住宅（３階建て以下共同住宅等）,駐車（輪）場,20歳代,その他,施錠せず
窃盗,自転車盗,代々木,初台駅前交番,131130,東京都,渋谷区,代々木３丁目,2020-09-06,23,その他の住宅（３階建て以下共同住宅等）,駐車（輪）場,40歳代,その他,施錠せず
窃盗,自転車盗,代々木,初台駅前交番,131130,東京都,渋谷区,代々木４丁目,2020-08-23,11,一戸建住宅,駐車（輪）場,40歳代,その他,施錠せず
窃盗,自転車盗,代々木,初台駅前交番,131130,東京都,渋谷区,代々木４丁目,2020-08-30,13,駐車（輪）場,駐車（輪）場,10歳代,中学生,施錠せず
窃盗,自転車盗,代々木,初台駅前交番,131130,東京都,渋谷区,代々木４丁目,2020-09-12,00,道路上,その他,20歳代,その他,施錠せず
窃盗,自転車盗,代々木,清水橋交番,131130,東京都,渋谷区,笹塚２丁目,2020-09-28,19,４階建て以上共同住宅,駐車（輪）場,40歳代,その他,施錠せず
窃盗,自転車盗,代々木,清水橋交番,131130,東京都,渋谷区,本町２丁目,2020-07-06,21,一戸建住宅,駐車（輪）場,20歳代,その他,施錠せず
窃盗,自転車盗,代々木,清水橋交番,131130,東京都,渋谷区,本町３丁目,2020-03-13,16,４階建て以上共同住宅,駐車（輪）場,10歳代,小学生,施錠せず
窃盗,自転車盗,代々木,清水橋交番,131130,東京都,渋谷区,本町３丁目,2020-03-15,16,４階建て以上共同住宅,駐車（輪）場,30歳代,その他,施錠せず
窃盗,自転車盗,代々木,清水橋交番,131130,東京都,渋谷区,本町３丁目,2020-10-26,21,４階建て以上共同住宅,駐車（輪）場,20歳代,その他,施錠せず
窃盗,自転車盗,代々木,清水橋交番,131130,東京都,渋谷区,本町４丁目,2019-09-16,03,４階建て以上共同住宅,その他,20歳代,その他,施錠せず
窃盗,自転車盗,代々木,清水橋交番,131130,東京都,渋谷区,本町４丁目,2020-02-21,22,４階建て以上共同住宅,駐車（輪）場,30歳代,その他,施錠せず
窃盗,自転車盗,代々木,清水橋交番,131130,東京都,渋谷区,本町４丁目,2020-06-30,22,その他の住宅（３階建て以下共同住宅等）,駐車（輪）場,20歳代,その他,施錠せず
窃盗,自転車盗,代々木,清水橋交番,131130,東京都,渋谷区,本町４丁目,2020-11-11,17,道路上,その他,30歳代,その他,施錠せず
窃盗,自転車盗,代々木,不動前交番,131130,東京都,渋谷区,本町２丁目,2020-08-23,19,道路上,その他,70歳以上,その他,施錠せず
窃盗,自転車盗,代々木,不動前交番,131130,東京都,渋谷区,本町５丁目,2019-12-14,22,道路上,その他,40歳代,その他,施錠せず
窃盗,自転車盗,代々木,不動前交番,131130,東京都,渋谷区,本町５丁目,2020-04-10,00,その他の住宅（３階建て以下共同住宅等）,その他,30歳代,その他,施錠せず
窃盗,自転車盗,代々木,不動前交番,131130,東京都,渋谷区,本町６丁目,2020-06-09,16,その他,駐車（輪）場,40歳代,その他,施錠せず
窃盗,自転車盗,代々木,不動前交番,131130,東京都,渋谷区,本町６丁目,2020-08-14,22,一戸建住宅,駐車（輪）場,40歳代,その他,施錠せず
窃盗,自転車盗,代々木,不動前交番,131130,東京都,渋谷区,本町６丁目,2020-08-20,15,道路上,その他,30歳代,その他,施錠せず
窃盗,自転車盗,代々木,不動前交番,131130,東京都,渋谷区,本町６丁目,2020-12-19,22,４階建て以上共同住宅,駐車（輪）場,20歳代,その他,施錠せず
窃盗,自転車盗,代々木,幡ケ谷駅前交番,131130,東京都,渋谷区,幡ヶ谷１丁目,2020-01-22,02,駐車（輪）場,駐車（輪）場,30歳代,その他,施錠せず
窃盗,自転車盗,代々木,幡ケ谷駅前交番,131130,東京都,渋谷区,幡ヶ谷１丁目,2020-05-30,01,道路上,その他,30歳代,その他,施錠せず
窃盗,自転車盗,代々木,幡ケ谷駅前交番,131130,東京都,渋谷区,幡ヶ谷１丁目,2020-11-21,06,駐車（輪）場,駐車（輪）場,20歳代,その他,施錠せず
窃盗,自転車盗,代々木,幡ケ谷駅前交番,131130,東京都,渋谷区,幡ヶ谷２丁目,2020-02-03,19,その他,駐車（輪）場,70歳以上,その他,施錠せず
窃盗,自転車盗,代々木,幡ケ谷駅前交番,131130,東京都,渋谷区,幡ヶ谷２丁目,2020-03-14,01,４階建て以上共同住宅,駐車（輪）場,10歳代,小学生,施錠せず
窃盗,自転車盗,代々木,幡ケ谷駅前交番,131130,東京都,渋谷区,幡ヶ谷２丁目,2020-03-15,01,その他,その他,40歳代,その他,施錠せず
窃盗,自転車盗,代々木,幡ケ谷駅前交番,131130,東京都,渋谷区,幡ヶ谷２丁目,2020-03-25,22,その他,その他,20歳代,その他,施錠せず
窃盗,自転車盗,代々木,幡ケ谷駅前交番,131130,東京都,渋谷区,幡ヶ谷２丁目,2020-07-08,23,道路上,その他,30歳代,その他,施錠せず
窃盗,自転車盗,代々木,幡ケ谷駅前交番,131130,東京都,渋谷区,幡ヶ谷２丁目,2020-08-31,15,道路上,その他,50歳代,その他,施錠せず
窃盗,自転車盗,代々木,幡ケ谷駅前交番,131130,東京都,渋谷区,幡ヶ谷２丁目,2020-10-14,19,４階建て以上共同住宅,駐車（輪）場,20歳代,大学生,施錠せず
窃盗,自転車盗,代々木,幡ケ谷駅前交番,131130,東京都,渋谷区,幡ヶ谷３丁目,2020-01-15,23,４階建て以上共同住宅,駐車（輪）場,40歳代,その他,施錠せず
窃盗,自転車盗,代々木,幡ケ谷駅前交番,131130,東京都,渋谷区,幡ヶ谷３丁目,2020-01-25,08,駐車（輪）場,駐車（輪）場,10歳代,小学生,施錠せず
窃盗,自転車盗,代々木,幡ケ谷駅前交番,131130,東京都,渋谷区,幡ヶ谷３丁目,2020-02-06,21,一戸建住宅,その他,50歳代,その他,施錠せず
窃盗,自転車盗,代々木,幡ケ谷駅前交番,131130,東京都,渋谷区,幡ヶ谷３丁目,2020-11-02,18,４階建て以上共同住宅,駐車（輪）場,10歳代,大学生,施錠せず
窃盗,自転車盗,代々木,笹塚交番,131130,東京都,渋谷区,笹塚１丁目,2013-12-21,不明,道路上,その他,20歳代,その他,施錠せず
窃盗,自転車盗,代々木,笹塚交番,131130,東京都,渋谷区,笹塚１丁目,2020-01-01,08,道路上,その他,10歳代,中学生,施錠せず
窃盗,自転車盗,代々木,笹塚交番,131130,東京都,渋谷区,笹塚１丁目,2020-02-03,20,道路上,その他,10歳代,高校生,施錠せず
窃盗,自転車盗,代々木,笹塚交番,131130,東京都,渋谷区,笹塚１丁目,2020-03-01,14,一戸建住宅,駐車（輪）場,70歳以上,その他,施錠せず
窃盗,自転車盗,代々木,笹塚交番,131130,東京都,渋谷区,笹塚１丁目,2020-03-27,22,道路上,その他,30歳代,その他,施錠せず
窃盗,自転車盗,代々木,笹塚交番,131130,東京都,渋谷区,笹塚１丁目,2020-05-18,08,駐車（輪）場,駐車（輪）場,40歳代,その他,施錠せず
窃盗,自転車盗,代々木,笹塚交番,131130,東京都,渋谷区,笹塚１丁目,2020-07-29,16,駐車（輪）場,駐車（輪）場,10歳代,大学生,施錠せず
窃盗,自転車盗,代々木,笹塚交番,131130,東京都,渋谷区,笹塚１丁目,2020-08-13,14,その他,駐車（輪）場,70歳以上,その他,施錠せず
窃盗,自転車盗,代々木,笹塚交番,131130,東京都,渋谷区,笹塚１丁目,2020-08-18,14,駐車（輪）場,駐車（輪）場,60-64歳,その他,施錠せず
窃盗,自転車盗,代々木,笹塚交番,131130,東京都,渋谷区,笹塚１丁目,2020-08-21,08,駐車（輪）場,駐車（輪）場,20歳代,その他,施錠せず
窃盗,自転車盗,代々木,笹塚交番,131130,東京都,渋谷区,笹塚１丁目,2020-08-27,08,駐車（輪）場,駐車（輪）場,20歳代,その他,施錠せず
窃盗,自転車盗,代々木,笹塚交番,131130,東京都,渋谷区,笹塚１丁目,2020-08-31,07,駐車（輪）場,駐車（輪）場,10歳代,高校生,施錠せず
窃盗,自転車盗,代々木,笹塚交番,131130,東京都,渋谷区,笹塚１丁目,2020-09-10,11,４階建て以上共同住宅,駐車（輪）場,30歳代,その他,施錠せず
窃盗,自転車盗,代々木,笹塚交番,131130,東京都,渋谷区,笹塚１丁目,2020-09-18,18,一戸建住宅,駐車（輪）場,50歳代,その他,施錠せず
窃盗,自転車盗,代々木,笹塚交番,131130,東京都,渋谷区,笹塚１丁目,2020-09-27,21,４階建て以上共同住宅,駐車（輪）場,20歳代,その他,施錠せず
窃盗,自転車盗,代々木,笹塚交番,131130,東京都,渋谷区,笹塚１丁目,2020-10-01,19,その他,駐車（輪）場,10歳代,中学生,施錠せず
窃盗,自転車盗,代々木,笹塚交番,131130,東京都,渋谷区,笹塚１丁目,2020-11-01,22,道路上,その他,20歳代,その他,施錠せず
窃盗,自転車盗,代々木,笹塚交番,131130,東京都,渋谷区,笹塚１丁目,2020-12-05,12,その他,駐車（輪）場,10歳代,中学生,施錠せず
窃盗,自転車盗,代々木,笹塚交番,131130,東京都,渋谷区,笹塚１丁目,2020-12-14,21,駐車（輪）場,駐車（輪）場,20歳代,その他,施錠せず
窃盗,自転車盗,代々木,笹塚交番,131130,東京都,渋谷区,笹塚１丁目,2020-12-27,15,駐車（輪）場,駐車（輪）場,40歳代,その他,施錠せず
窃盗,自転車盗,代々木,笹塚交番,131130,東京都,渋谷区,笹塚２丁目,2020-04-11,18,道路上,その他,30歳代,その他,施錠せず
窃盗,自転車盗,代々木,笹塚交番,131130,東京都,渋谷区,笹塚２丁目,2020-06-17,15,道路上,その他,70歳以上,その他,施錠せず
窃盗,自転車盗,代々木,笹塚交番,131130,東京都,渋谷区,笹塚２丁目,2020-07-28,07,その他の住宅（３階建て以下共同住宅等）,駐車（輪）場,20歳代,その他,施錠せず
窃盗,自転車盗,代々木,笹塚交番,131130,東京都,渋谷区,笹塚２丁目,2020-07-30,16,その他の住宅（３階建て以下共同住宅等）,駐車（輪）場,10歳代,その他,施錠せず
窃盗,自転車盗,代々木,笹塚交番,131130,東京都,渋谷区,笹塚２丁目,2020-10-04,12,道路上,その他,40歳代,その他,施錠せず
窃盗,自転車盗,代々木,笹塚交番,131130,東京都,渋谷区,笹塚２丁目,2020-10-14,17,駐車（輪）場,駐車（輪）場,10歳代,小学生,施錠せず
窃盗,自転車盗,代々木,笹塚交番,131130,東京都,渋谷区,笹塚２丁目,2020-11-27,21,その他,駐車（輪）場,30歳代,その他,施錠せず
窃盗,自転車盗,代々木,笹塚交番,131130,東京都,渋谷区,笹塚３丁目,2020-02-28,03,道路上,その他,30歳代,その他,施錠せず
窃盗,自転車盗,代々木,代々木上原駅前交番,131130,東京都,渋谷区,上原１丁目,2020-03-25,15,その他の住宅（３階建て以下共同住宅等）,駐車（輪）場,50歳代,その他,施錠せず
窃盗,自転車盗,代々木,代々木上原駅前交番,131130,東京都,渋谷区,上原３丁目,2020-01-22,03,道路上,その他,30歳代,その他,施錠せず
窃盗,自転車盗,代々木,代々木上原駅前交番,131130,東京都,渋谷区,上原３丁目,2020-03-13,22,道路上,その他,30歳代,その他,施錠せず
窃盗,自転車盗,代々木,代々木上原駅前交番,131130,東京都,渋谷区,上原３丁目,2020-05-21,18,駐車（輪）場,駐車（輪）場,40歳代,その他,施錠せず
窃盗,自転車盗,代々木,代々木上原駅前交番,131130,東京都,渋谷区,上原３丁目,2020-11-30,20,一戸建住宅,その他,20歳代,その他,施錠せず
窃盗,自転車盗,代々木,代々木上原駅前交番,131130,東京都,渋谷区,大山町,2020-05-01,18,その他,駐車（輪）場,30歳代,その他,施錠せず
窃盗,自転車盗,代々木,代々木上原駅前交番,131130,東京都,渋谷区,大山町,2020-06-29,12,その他の住宅（３階建て以下共同住宅等）,駐車（輪）場,40歳代,その他,施錠せず
窃盗,自転車盗,代々木,代々木上原駅前交番,131130,東京都,渋谷区,西原１丁目,2019-12-15,00,駐車（輪）場,駐車（輪）場,50歳代,その他,施錠せず
窃盗,自転車盗,代々木,代々木上原駅前交番,131130,東京都,渋谷区,西原１丁目,2020-02-12,14,その他,駐車（輪）場,10歳代,高校生,施錠せず
窃盗,自転車盗,代々木,代々木上原駅前交番,131130,東京都,渋谷区,西原２丁目,2020-04-10,09,駐車（輪）場,駐車（輪）場,40歳代,その他,施錠せず
窃盗,自転車盗,代々木,代々木上原駅前交番,131130,東京都,渋谷区,西原３丁目,2020-01-08,23,駐車（輪）場,駐車（輪）場,20歳代,その他,施錠せず
窃盗,自転車盗,代々木,代々木上原駅前交番,131130,東京都,渋谷区,西原３丁目,2020-10-07,22,４階建て以上共同住宅,駐車（輪）場,20歳代,その他,施錠せず
窃盗,自転車盗,代々木,初台二丁目交番,131130,東京都,渋谷区,元代々木町,2020-05-14,17,４階建て以上共同住宅,駐車（輪）場,20歳代,その他,施錠せず
窃盗,自転車盗,代々木,初台二丁目交番,131130,東京都,渋谷区,元代々木町,2020-06-25,22,４階建て以上共同住宅,駐車（輪）場,40歳代,その他,施錠せず
窃盗,自転車盗,代々木,初台二丁目交番,131130,東京都,渋谷区,元代々木町,2020-09-21,01,道路上,その他,40歳代,その他,施錠せず
窃盗,自転車盗,代々木,初台二丁目交番,131130,東京都,渋谷区,代々木４丁目,2020-09-23,13,４階建て以上共同住宅,駐車（輪）場,40歳代,その他,施錠せず
窃盗,自転車盗,代々木,初台二丁目交番,131130,東京都,渋谷区,代々木５丁目,2020-03-24,15,その他,駐車（輪）場,10歳代,高校生,施錠せず
窃盗,自転車盗,代々木,初台二丁目交番,131130,東京都,渋谷区,代々木５丁目,2020-06-15,23,４階建て以上共同住宅,駐車（輪）場,40歳代,その他,施錠せず
窃盗,自転車盗,代々木,初台二丁目交番,131130,東京都,渋谷区,代々木５丁目,2020-09-24,10,その他,駐車（輪）場,30歳代,その他,施錠せず
窃盗,自転車盗,代々木,初台二丁目交番,131130,東京都,渋谷区,代々木５丁目,2020-10-25,01,道路上,その他,30歳代,その他,施錠せず
窃盗,自転車盗,代々木,代々木公園交番,131130,東京都,渋谷区,上原１丁目,2020-03-04,01,一戸建住宅,駐車（輪）場,30歳代,その他,施錠せず
窃盗,自転車盗,代々木,代々木公園交番,131130,東京都,渋谷区,上原２丁目,2020-05-18,14,その他の住宅（３階建て以下共同住宅等）,駐車（輪）場,50歳代,その他,施錠せず
窃盗,自転車盗,代々木,代々木公園交番,131130,東京都,渋谷区,上原２丁目,2020-07-02,07,その他の住宅（３階建て以下共同住宅等）,駐車（輪）場,50歳代,その他,施錠せず
窃盗,自転車盗,代々木,代々木公園交番,131130,東京都,渋谷区,富ヶ谷１丁目,2020-03-07,17,４階建て以上共同住宅,駐車（輪）場,40歳代,その他,施錠せず
窃盗,自転車盗,代々木,代々木公園交番,131130,東京都,渋谷区,富ヶ谷１丁目,2020-07-01,08,道路上,その他,30歳代,その他,施錠せず
窃盗,自転車盗,代々木,代々木公園交番,131130,東京都,渋谷区,富ヶ谷１丁目,2020-11-03,21,４階建て以上共同住宅,その他,40歳代,その他,施錠せず
窃盗,自転車盗,代々木,代々木公園交番,131130,東京都,渋谷区,富ヶ谷２丁目,2019-12-20,17,４階建て以上共同住宅,駐車（輪）場,20歳代,その他,施錠せず
窃盗,自転車盗,代々木,代々木公園交番,131130,東京都,渋谷区,富ヶ谷２丁目,2020-06-10,02,道路上,その他,40歳代,その他,施錠せず
窃盗,自転車盗,代々木,代々木公園交番,131130,東京都,渋谷区,富ヶ谷２丁目,2020-08-22,22,その他の住宅（３階建て以下共同住宅等）,駐車（輪）場,20歳代,その他,施錠せず
窃盗,自転車盗,代々木,代々木公園交番,131130,東京都,渋谷区,代々木神園町,2020-10-27,12,駐車（輪）場,駐車（輪）場,50歳代,その他,施錠せず
窃盗,自転車盗,代々木,代々木公園交番,131130,東京都,渋谷区,代々木神園町,2020-12-16,18,その他,その他,10歳代,中学生,施錠せず
窃盗,自転車盗,牛込,柳町交番,131041,東京都,新宿区,市谷加賀町２丁目,2020-02-07,19,４階建て以上共同住宅,駐車（輪）場,20歳代,その他,施錠せず
窃盗,自転車盗,牛込,柳町交番,131041,東京都,新宿区,細工町,2020-02-24,01,道路上,その他,30歳代,その他,施錠せず
窃盗,自転車盗,牛込,柳町交番,131041,東京都,新宿区,原町３丁目,2020-01-12,23,道路上,その他,20歳代,その他,施錠せず
窃盗,自転車盗,牛込,柳町交番,131041,東京都,新宿区,原町３丁目,2020-05-19,14,４階建て以上共同住宅,駐車（輪）場,20歳代,大学生,施錠せず
窃盗,自転車盗,牛込,柳町交番,131041,東京都,新宿区,原町３丁目,2020-09-24,01,道路上,その他,40歳代,その他,施錠せず
窃盗,自転車盗,牛込,柳町交番,131041,東京都,新宿区,弁天町,2020-10-17,21,４階建て以上共同住宅,駐車（輪）場,30歳代,その他,施錠せず
窃盗,自転車盗,牛込,富久町交番,131041,東京都,新宿区,市谷台町,2019-10-14,21,４階建て以上共同住宅,駐車（輪）場,10歳代,小学生,施錠せず
窃盗,自転車盗,牛込,富久町交番,131041,東京都,新宿区,住吉町,2019-08-05,07,４階建て以上共同住宅,駐車（輪）場,40歳代,その他,施錠せず
窃盗,自転車盗,牛込,富久町交番,131041,東京都,新宿区,住吉町,2019-10-14,02,４階建て以上共同住宅,駐車（輪）場,40歳代,その他,施錠せず
窃盗,自転車盗,牛込,富久町交番,131041,東京都,新宿区,住吉町,2020-03-27,07,道路上,その他,30歳代,その他,施錠せず
窃盗,自転車盗,牛込,富久町交番,131041,東京都,新宿区,富久町,2019-12-10,19,４階建て以上共同住宅,駐車（輪）場,30歳代,その他,施錠せず
窃盗,自転車盗,牛込,富久町交番,131041,東京都,新宿区,富久町,2020-01-21,20,４階建て以上共同住宅,駐車（輪）場,30歳代,その他,施錠せず
窃盗,自転車盗,牛込,富久町交番,131041,東京都,新宿区,富久町,2020-03-19,08,４階建て以上共同住宅,駐車（輪）場,20歳代,その他,施錠せず
窃盗,自転車盗,牛込,富久町交番,131041,東京都,新宿区,富久町,2020-05-27,20,道路上,その他,20歳代,その他,施錠せず
窃盗,自転車盗,牛込,富久町交番,131041,東京都,新宿区,富久町,2020-07-19,00,４階建て以上共同住宅,駐車（輪）場,20歳代,その他,施錠せず
窃盗,自転車盗,牛込,富久町交番,131041,東京都,新宿区,富久町,2020-10-31,21,一戸建住宅,その他,65-69歳,その他,施錠せず
窃盗,自転車盗,牛込,河田町交番,131041,東京都,新宿区,余丁町,2020-01-20,16,道路上,その他,70歳以上,その他,施錠せず
窃盗,自転車盗,牛込,河田町交番,131041,東京都,新宿区,余丁町,2020-04-15,19,その他の住宅（３階建て以下共同住宅等）,駐車（輪）場,30歳代,その他,施錠せず
窃盗,自転車盗,牛込,河田町交番,131041,東京都,新宿区,余丁町,2020-05-30,21,４階建て以上共同住宅,駐車（輪）場,20歳代,その他,施錠せず
窃盗,自転車盗,牛込,河田町交番,131041,東京都,新宿区,余丁町,2020-10-23,17,道路上,その他,20歳代,大学生,施錠せず
窃盗,自転車盗,牛込,河田町交番,131041,東京都,新宿区,若松町,2019-10-02,00,４階建て以上共同住宅,その他,20歳代,その他,施錠せず
窃盗,自転車盗,牛込,河田町交番,131041,東京都,新宿区,若松町,2020-04-10,18,一戸建住宅,その他,30歳代,その他,施錠せず
窃盗,自転車盗,牛込,河田町交番,131041,東京都,新宿区,若松町,2020-05-27,02,その他,その他,40歳代,その他,施錠せず
窃盗,自転車盗,牛込,河田町交番,131041,東京都,新宿区,若松町,2020-08-08,02,道路上,その他,20歳代,大学生,施錠せず
窃盗,自転車盗,牛込,河田町交番,131041,東京都,新宿区,若松町,2020-08-13,03,道路上,その他,30歳代,その他,施錠せず
窃盗,自転車盗,牛込,河田町交番,131041,東京都,新宿区,戸山２丁目,2019-09-22,23,４階建て以上共同住宅,駐車（輪）場,65-69歳,その他,施錠せず
窃盗,自転車盗,牛込,河田町交番,131041,東京都,新宿区,戸山２丁目,2019-10-11,17,その他,駐車（輪）場,50歳代,その他,施錠せず
窃盗,自転車盗,牛込,河田町交番,131041,東京都,新宿区,戸山２丁目,2020-04-29,18,４階建て以上共同住宅,駐車（輪）場,40歳代,その他,施錠せず
窃盗,自転車盗,牛込,河田町交番,131041,東京都,新宿区,戸山２丁目,2020-05-06,14,４階建て以上共同住宅,駐車（輪）場,30歳代,その他,施錠せず
窃盗,自転車盗,牛込,河田町交番,131041,東京都,新宿区,戸山２丁目,2020-05-21,12,４階建て以上共同住宅,駐車（輪）場,10歳代,高校生,施錠せず
窃盗,自転車盗,牛込,河田町交番,131041,東京都,新宿区,戸山２丁目,2020-07-02,08,その他,駐車（輪）場,法人・団体、被害者なし,法人・団体、被害者なし,施錠せず
窃盗,自転車盗,牛込,河田町交番,131041,東京都,新宿区,戸山２丁目,2020-08-01,07,４階建て以上共同住宅,駐車（輪）場,20歳代,その他,施錠せず
窃盗,自転車盗,牛込,河田町交番,131041,東京都,新宿区,戸山２丁目,2020-09-15,19,その他,その他,20歳代,その他,施錠せず
窃盗,自転車盗,牛込,河田町交番,131041,東京都,新宿区,戸山３丁目,2020-06-16,14,その他,駐車（輪）場,10歳代,その他,施錠せず
窃盗,自転車盗,牛込,河田町交番,131041,東京都,新宿区,河田町,2018-01-01,不明,４階建て以上共同住宅,駐車（輪）場,40歳代,その他,施錠せず
窃盗,自転車盗,牛込,馬場下交番,131041,東京都,新宿区,馬場下町,2019-06-20,不明,駐車（輪）場,駐車（輪）場,10歳代,大学生,施錠せず
窃盗,自転車盗,牛込,馬場下交番,131041,東京都,新宿区,馬場下町,2020-03-06,14,その他の住宅（３階建て以下共同住宅等）,その他,40歳代,その他,施錠せず
窃盗,自転車盗,牛込,馬場下交番,131041,東京都,新宿区,馬場下町,2020-09-25,17,駐車（輪）場,駐車（輪）場,20歳代,その他,施錠せず
窃盗,自転車盗,牛込,馬場下交番,131041,東京都,新宿区,早稲田南町,2020-10-21,08,道路上,その他,50歳代,その他,施錠せず
窃盗,自転車盗,牛込,馬場下交番,131041,東京都,新宿区,戸山１丁目,2020-01-07,13,道路上,その他,50歳代,その他,施錠せず
窃盗,自転車盗,牛込,馬場下交番,131041,東京都,新宿区,戸山１丁目,2020-05-15,23,その他の住宅（３階建て以下共同住宅等）,駐車（輪）場,30歳代,大学生,施錠せず
窃盗,自転車盗,牛込,馬場下交番,131041,東京都,新宿区,戸山３丁目,2020-03-25,17,道路上,その他,10歳代,その他,施錠せず
窃盗,自転車盗,牛込,馬場下交番,131041,東京都,新宿区,戸山３丁目,2020-04-17,23,道路上,その他,30歳代,その他,施錠せず
窃盗,自転車盗,牛込,馬場下交番,131041,東京都,新宿区,戸山３丁目,2020-09-07,17,その他,駐車（輪）場,10歳代,中学生,施錠せず
窃盗,自転車盗,牛込,馬場下交番,131041,東京都,新宿区,戸山３丁目,2020-11-20,06,４階建て以上共同住宅,その他,70歳以上,その他,施錠せず
窃盗,自転車盗,牛込,鶴巻町交番,131041,東京都,新宿区,中里町,2020-05-10,22,道路上,その他,10歳未満,小学生,施錠せず
窃盗,自転車盗,牛込,鶴巻町交番,131041,東京都,新宿区,中里町,2020-05-10,22,道路上,その他,30歳代,その他,施錠せず
窃盗,自転車盗,牛込,鶴巻町交番,131041,東京都,新宿区,中里町,2020-05-10,22,道路上,その他,70歳以上,その他,施錠せず
窃盗,自転車盗,牛込,鶴巻町交番,131041,東京都,新宿区,東榎町,2020-05-01,15,４階建て以上共同住宅,駐車（輪）場,20歳代,大学生,施錠せず
窃盗,自転車盗,牛込,鶴巻町交番,131041,東京都,新宿区,山吹町,2020-03-21,02,駐車（輪）場,駐車（輪）場,30歳代,その他,施錠せず
窃盗,自転車盗,牛込,鶴巻町交番,131041,東京都,新宿区,山吹町,2020-09-27,09,その他の住宅（３階建て以下共同住宅等）,その他,50歳代,その他,施錠せず
窃盗,自転車盗,牛込,鶴巻町交番,131041,東京都,新宿区,早稲田鶴巻町,2019-10-12,15,４階建て以上共同住宅,駐車（輪）場,20歳代,その他,施錠せず
窃盗,自転車盗,牛込,大曲交番,131041,東京都,新宿区,赤城下町,2020-05-26,21,４階建て以上共同住宅,駐車（輪）場,20歳代,大学生,施錠せず
窃盗,自転車盗,牛込,大曲交番,131041,東京都,新宿区,水道町,2020-10-02,00,４階建て以上共同住宅,駐車（輪）場,10歳代,その他,施錠せず
窃盗,自転車盗,牛込,大曲交番,131041,東京都,新宿区,西五軒町,2020-02-01,12,４階建て以上共同住宅,駐車（輪）場,30歳代,その他,施錠せず
窃盗,自転車盗,牛込,神楽坂上交番,131041,東京都,新宿区,揚場町,2020-08-29,06,道路上,その他,50歳代,その他,施錠せず
窃盗,自転車盗,牛込,神楽坂上交番,131041,東京都,新宿区,神楽河岸,2020-08-29,11,駐車（輪）場,駐車（輪）場,20歳代,その他,施錠せず
窃盗,自転車盗,牛込,神楽坂上交番,131041,東京都,新宿区,神楽坂１丁目,2020-02-17,08,道路上,その他,50歳代,その他,施錠せず
窃盗,自転車盗,牛込,神楽坂上交番,131041,東京都,新宿区,神楽坂２丁目,2020-01-07,11,その他,その他,40歳代,その他,施錠せず
窃盗,自転車盗,牛込,神楽坂上交番,131041,東京都,新宿区,神楽坂３丁目,2020-04-16,17,その他,その他,30歳代,その他,施錠せず
窃盗,自転車盗,牛込,神楽坂上交番,131041,東京都,新宿区,神楽坂４丁目,2020-03-23,21,道路上,その他,20歳代,大学生,施錠せず
窃盗,自転車盗,牛込,神楽坂上交番,131041,東京都,新宿区,神楽坂４丁目,2020-07-10,17,道路上,その他,40歳代,その他,施錠せず
窃盗,自転車盗,牛込,神楽坂上交番,131041,東京都,新宿区,神楽坂６丁目,2019-07-14,20,道路上,その他,20歳代,大学生,施錠せず
窃盗,自転車盗,牛込,神楽坂上交番,131041,東京都,新宿区,神楽坂６丁目,2019-08-05,20,道路上,その他,30歳代,その他,施錠せず
窃盗,自転車盗,牛込,神楽坂上交番,131041,東京都,新宿区,津久戸町,2020-10-29,09,その他,駐車（輪）場,65-69歳,その他,施錠せず
窃盗,自転車盗,牛込,神楽坂上交番,131041,東京都,新宿区,横寺町,2020-06-17,14,その他,駐車（輪）場,30歳代,その他,施錠せず
窃盗,自転車盗,牛込,八幡前交番,131041,東京都,新宿区,市谷砂土原町３丁目,2019-09-05,18,４階建て以上共同住宅,駐車（輪）場,20歳代,大学生,施錠せず
窃盗,自転車盗,牛込,八幡前交番,131041,東京都,新宿区,市谷砂土原町３丁目,2020-11-06,15,４階建て以上共同住宅,その他,40歳代,その他,施錠せず
窃盗,自転車盗,牛込,八幡前交番,131041,東京都,新宿区,市谷田町１丁目,2019-12-01,23,駐車（輪）場,駐車（輪）場,20歳代,その他,施錠せず
窃盗,自転車盗,牛込,八幡前交番,131041,東京都,新宿区,市谷田町２丁目,2019-09-22,15,道路上,その他,50歳代,その他,施錠せず
窃盗,自転車盗,新宿,新宿駅西口交番,131041,東京都,新宿区,新宿７丁目,2020-06-26,09,駐車（輪）場,駐車（輪）場,40歳代,その他,施錠せず
窃盗,自転車盗,新宿,新宿駅西口交番,131041,東京都,新宿区,西新宿１丁目,2019-12-07,01,道路上,その他,20歳代,その他,施錠せず
窃盗,自転車盗,新宿,新宿駅西口交番,131041,東京都,新宿区,西新宿１丁目,2019-12-28,23,駐車（輪）場,駐車（輪）場,20歳代,その他,施錠せず
窃盗,自転車盗,新宿,新宿駅西口交番,131041,東京都,新宿区,西新宿１丁目,2020-03-06,01,駐車（輪）場,駐車（輪）場,30歳代,その他,施錠せず
窃盗,自転車盗,新宿,新宿駅西口交番,131041,東京都,新宿区,西新宿１丁目,2020-03-10,10,駐車（輪）場,駐車（輪）場,20歳代,その他,施錠せず
窃盗,自転車盗,新宿,新宿駅西口交番,131041,東京都,新宿区,西新宿１丁目,2020-08-21,01,駐車（輪）場,駐車（輪）場,20歳代,その他,施錠せず
窃盗,自転車盗,新宿,新宿駅西口交番,131041,東京都,新宿区,西新宿１丁目,2020-09-10,15,道路上,その他,10歳代,大学生,施錠せず
窃盗,自転車盗,新宿,新宿駅西口交番,131041,東京都,新宿区,西新宿１丁目,2020-09-21,22,駐車（輪）場,駐車（輪）場,20歳代,その他,施錠せず
窃盗,自転車盗,新宿,新宿駅西口交番,131041,東京都,新宿区,西新宿１丁目,2020-10-09,10,駐車（輪）場,駐車（輪）場,50歳代,その他,施錠せず
窃盗,自転車盗,新宿,新宿駅西口交番,131041,東京都,新宿区,西新宿１丁目,2020-10-13,11,道路上,その他,10歳代,大学生,施錠せず
窃盗,自転車盗,新宿,新宿駅西口交番,131041,東京都,新宿区,西新宿１丁目,2020-10-23,17,駐車（輪）場,駐車（輪）場,30歳代,その他,施錠せず
窃盗,自転車盗,新宿,新宿駅西口交番,131041,東京都,新宿区,西新宿１丁目,2020-10-28,07,駐車（輪）場,駐車（輪）場,30歳代,その他,施錠せず
窃盗,自転車盗,新宿,新宿駅西口交番,131041,東京都,新宿区,西新宿１丁目,2020-12-11,18,道路上,その他,10歳代,大学生,施錠せず
窃盗,自転車盗,新宿,新宿駅西口交番,131041,東京都,新宿区,西新宿１丁目,2020-12-23,14,駐車（輪）場,駐車（輪）場,10歳代,大学生,施錠せず
窃盗,自転車盗,新宿,新宿駅西口交番,131041,東京都,新宿区,西新宿２丁目,2019-12-24,08,その他,その他,30歳代,その他,施錠せず
窃盗,自転車盗,新宿,新宿駅西口交番,131041,東京都,新宿区,西新宿２丁目,2020-06-18,07,駐車（輪）場,駐車（輪）場,20歳代,大学生,施錠せず
窃盗,自転車盗,新宿,新宿駅西口交番,131041,東京都,新宿区,西新宿７丁目,2020-04-06,13,道路上,その他,40歳代,その他,施錠せず
窃盗,自転車盗,新宿,新宿駅西口交番,131041,東京都,新宿区,西新宿７丁目,2020-04-12,20,道路上,その他,20歳代,その他,施錠せず
窃盗,自転車盗,新宿,西新宿三丁目交番,131041,東京都,新宿区,西新宿３丁目,2020-03-26,18,４階建て以上共同住宅,駐車（輪）場,40歳代,その他,施錠せず
窃盗,自転車盗,新宿,西新宿三丁目交番,131041,東京都,新宿区,西新宿３丁目,2020-04-14,23,道路上,その他,20歳代,その他,施錠せず
窃盗,自転車盗,新宿,西新宿三丁目交番,131041,東京都,新宿区,西新宿３丁目,2020-05-01,不明,道路上,その他,20歳代,その他,施錠せず
窃盗,自転車盗,新宿,西新宿三丁目交番,131041,東京都,新宿区,西新宿３丁目,2020-05-02,05,その他の住宅（３階建て以下共同住宅等）,駐車（輪）場,40歳代,その他,施錠せず
窃盗,自転車盗,新宿,西新宿三丁目交番,131041,東京都,新宿区,西新宿３丁目,2020-06-12,23,道路上,その他,30歳代,その他,施錠せず
窃盗,自転車盗,新宿,西新宿三丁目交番,131041,東京都,新宿区,西新宿３丁目,2020-06-23,16,道路上,その他,10歳代,小学生,施錠せず
窃盗,自転車盗,新宿,西新宿三丁目交番,131041,東京都,新宿区,西新宿３丁目,2020-08-06,02,道路上,その他,法人・団体、被害者なし,法人・団体、被害者なし,施錠せず
窃盗,自転車盗,新宿,西新宿三丁目交番,131041,東京都,新宿区,西新宿３丁目,2020-09-15,16,道路上,その他,20歳代,その他,施錠せず
窃盗,自転車盗,新宿,西新宿三丁目交番,131041,東京都,新宿区,西新宿３丁目,2020-09-21,01,道路上,その他,30歳代,その他,施錠せず
窃盗,自転車盗,新宿,西新宿三丁目交番,131041,東京都,新宿区,西新宿３丁目,2020-10-01,14,４階建て以上共同住宅,その他,30歳代,その他,施錠せず
窃盗,自転車盗,新宿,西新宿三丁目交番,131041,東京都,新宿区,西新宿３丁目,2020-10-03,02,道路上,その他,20歳代,その他,施錠せず
窃盗,自転車盗,新宿,西新宿三丁目交番,131041,東京都,新宿区,西新宿３丁目,2020-10-06,16,道路上,その他,30歳代,その他,施錠せず
窃盗,自転車盗,新宿,西新宿三丁目交番,131041,東京都,新宿区,西新宿３丁目,2020-12-23,22,道路上,その他,20歳代,その他,施錠せず
窃盗,自転車盗,新宿,西新宿三丁目交番,131041,東京都,新宿区,西新宿４丁目,2020-07-05,15,その他,駐車（輪）場,40歳代,その他,施錠せず
窃盗,自転車盗,新宿,西新宿三丁目交番,131041,東京都,新宿区,西新宿４丁目,2020-08-03,10,４階建て以上共同住宅,その他,30歳代,その他,施錠せず
窃盗,自転車盗,新宿,熊野神社前交番,131041,東京都,新宿区,西新宿４丁目,2020-01-23,01,駐車（輪）場,駐車（輪）場,40歳代,その他,施錠せず
窃盗,自転車盗,新宿,熊野神社前交番,131041,東京都,新宿区,西新宿４丁目,2020-02-02,16,４階建て以上共同住宅,駐車（輪）場,10歳代,小学生,施錠せず
窃盗,自転車盗,新宿,熊野神社前交番,131041,東京都,新宿区,西新宿４丁目,2020-03-31,16,４階建て以上共同住宅,駐車（輪）場,20歳代,その他,施錠せず
窃盗,自転車盗,新宿,熊野神社前交番,131041,東京都,新宿区,西新宿４丁目,2020-04-27,00,その他の住宅（３階建て以下共同住宅等）,その他,20歳代,その他,施錠せず
窃盗,自転車盗,新宿,熊野神社前交番,131041,東京都,新宿区,西新宿４丁目,2020-05-03,00,道路上,その他,40歳代,その他,施錠せず
窃盗,自転車盗,新宿,熊野神社前交番,131041,東京都,新宿区,西新宿４丁目,2020-09-25,09,駐車（輪）場,駐車（輪）場,60-64歳,その他,施錠せず
窃盗,自転車盗,新宿,熊野神社前交番,131041,東京都,新宿区,西新宿４丁目,2020-10-02,07,道路上,その他,50歳代,その他,施錠せず
窃盗,自転車盗,新宿,熊野神社前交番,131041,東京都,新宿区,西新宿４丁目,2020-10-23,22,道路上,その他,20歳代,その他,施錠せず
窃盗,自転車盗,新宿,熊野神社前交番,131041,東京都,新宿区,西新宿４丁目,2020-10-29,18,道路上,その他,20歳代,その他,施錠せず
窃盗,自転車盗,新宿,熊野神社前交番,131041,東京都,新宿区,西新宿５丁目,2019-12-24,00,その他の住宅（３階建て以下共同住宅等）,駐車（輪）場,60-64歳,その他,施錠せず
窃盗,自転車盗,新宿,熊野神社前交番,131041,東京都,新宿区,西新宿５丁目,2020-03-10,21,その他の住宅（３階建て以下共同住宅等）,駐車（輪）場,30歳代,その他,施錠せず
窃盗,自転車盗,新宿,熊野神社前交番,131041,東京都,新宿区,西新宿５丁目,2020-03-11,20,４階建て以上共同住宅,駐車（輪）場,30歳代,その他,施錠せず
窃盗,自転車盗,新宿,熊野神社前交番,131041,東京都,新宿区,西新宿５丁目,2020-03-14,16,駐車（輪）場,駐車（輪）場,20歳代,その他,施錠せず
窃盗,自転車盗,新宿,熊野神社前交番,131041,東京都,新宿区,西新宿５丁目,2020-05-20,18,道路上,その他,20歳代,その他,施錠せず
窃盗,自転車盗,新宿,熊野神社前交番,131041,東京都,新宿区,西新宿５丁目,2020-07-19,18,４階建て以上共同住宅,駐車（輪）場,10歳代,高校生,施錠せず
窃盗,自転車盗,新宿,熊野神社前交番,131041,東京都,新宿区,西新宿６丁目,2020-02-15,23,４階建て以上共同住宅,その他,30歳代,その他,施錠せず
窃盗,自転車盗,新宿,熊野神社前交番,131041,東京都,新宿区,西新宿６丁目,2020-10-13,17,その他,駐車（輪）場,40歳代,その他,施錠せず
窃盗,自転車盗,新宿,成子坂交番,131041,東京都,新宿区,西新宿６丁目,2020-08-29,16,その他,駐車（輪）場,30歳代,その他,施錠せず
窃盗,自転車盗,新宿,成子坂交番,131041,東京都,新宿区,西新宿６丁目,2020-09-24,17,道路上,その他,10歳代,高校生,施錠せず
窃盗,自転車盗,新宿,成子坂交番,131041,東京都,新宿区,西新宿７丁目,2020-01-22,22,道路上,その他,50歳代,その他,施錠せず
窃盗,自転車盗,新宿,成子坂交番,131041,東京都,新宿区,西新宿７丁目,2020-02-28,16,駐車（輪）場,駐車（輪）場,65-69歳,その他,施錠せず
窃盗,自転車盗,新宿,成子坂交番,131041,東京都,新宿区,西新宿７丁目,2020-11-14,15,４階建て以上共同住宅,その他,70歳以上,その他,施錠せず
窃盗,自転車盗,新宿,成子坂交番,131041,東京都,新宿区,西新宿７丁目,2020-11-23,18,４階建て以上共同住宅,駐車（輪）場,40歳代,その他,施錠せず
窃盗,自転車盗,新宿,成子坂交番,131041,東京都,新宿区,西新宿７丁目,2020-11-24,18,道路上,その他,50歳代,その他,施錠せず
窃盗,自転車盗,新宿,成子坂交番,131041,東京都,新宿区,西新宿７丁目,2020-11-27,21,道路上,その他,20歳代,その他,施錠せず
窃盗,自転車盗,新宿,成子坂交番,131041,東京都,新宿区,西新宿８丁目,2020-01-17,22,４階建て以上共同住宅,駐車（輪）場,20歳代,大学生,施錠せず
窃盗,自転車盗,新宿,成子坂交番,131041,東京都,新宿区,西新宿８丁目,2020-06-26,18,道路上,その他,40歳代,その他,施錠せず
窃盗,自転車盗,新宿,成子坂交番,131041,東京都,新宿区,西新宿８丁目,2020-08-19,17,道路上,その他,50歳代,その他,施錠せず
窃盗,自転車盗,新宿,成子坂交番,131041,東京都,新宿区,西新宿８丁目,2020-11-13,04,４階建て以上共同住宅,駐車（輪）場,40歳代,その他,施錠せず
窃盗,自転車盗,新宿,成子坂交番,131041,東京都,新宿区,西新宿８丁目,2020-11-29,12,４階建て以上共同住宅,駐車（輪）場,40歳代,その他,施錠せず
窃盗,自転車盗,新宿,北新宿一丁目交番,131041,東京都,新宿区,北新宿１丁目,2020-01-04,12,道路上,その他,20歳代,その他,施錠せず
窃盗,自転車盗,新宿,北新宿一丁目交番,131041,東京都,新宿区,北新宿１丁目,2020-01-28,13,道路上,その他,20歳代,その他,施錠せず
窃盗,自転車盗,新宿,北新宿一丁目交番,131041,東京都,新宿区,北新宿１丁目,2020-02-29,10,一戸建住宅,その他,10歳代,高校生,施錠せず
窃盗,自転車盗,新宿,北新宿一丁目交番,131041,東京都,新宿区,北新宿１丁目,2020-03-16,01,その他の住宅（３階建て以下共同住宅等）,その他,30歳代,その他,施錠せず
窃盗,自転車盗,新宿,北新宿一丁目交番,131041,東京都,新宿区,北新宿１丁目,2020-04-14,13,その他の住宅（３階建て以下共同住宅等）,その他,20歳代,その他,施錠せず
窃盗,自転車盗,新宿,北新宿一丁目交番,131041,東京都,新宿区,北新宿１丁目,2020-09-28,20,一戸建住宅,駐車（輪）場,50歳代,その他,施錠せず
窃盗,自転車盗,新宿,北新宿一丁目交番,131041,東京都,新宿区,北新宿１丁目,2020-10-16,00,４階建て以上共同住宅,その他,40歳代,その他,施錠せず
窃盗,自転車盗,新宿,北新宿一丁目交番,131041,東京都,新宿区,北新宿１丁目,2020-11-03,08,その他の住宅（３階建て以下共同住宅等）,駐車（輪）場,30歳代,その他,施錠せず
窃盗,自転車盗,新宿,北新宿一丁目交番,131041,東京都,新宿区,北新宿１丁目,2020-12-01,08,その他,駐車（輪）場,20歳代,その他,施錠せず
窃盗,自転車盗,新宿,北新宿一丁目交番,131041,東京都,新宿区,北新宿１丁目,2020-12-27,22,道路上,その他,30歳代,その他,施錠せず
窃盗,自転車盗,新宿,北新宿一丁目交番,131041,東京都,新宿区,北新宿２丁目,2020-01-04,10,その他の住宅（３階建て以下共同住宅等）,駐車（輪）場,20歳代,大学生,施錠せず
窃盗,自転車盗,新宿,北新宿一丁目交番,131041,東京都,新宿区,北新宿２丁目,2020-06-10,23,４階建て以上共同住宅,その他,50歳代,その他,施錠せず
窃盗,自転車盗,新宿,北新宿一丁目交番,131041,東京都,新宿区,北新宿２丁目,2020-06-29,08,一戸建住宅,その他,10歳代,高校生,施錠せず
窃盗,自転車盗,新宿,北新宿一丁目交番,131041,東京都,新宿区,北新宿２丁目,2020-07-29,22,４階建て以上共同住宅,駐車（輪）場,20歳代,その他,施錠せず
窃盗,自転車盗,新宿,北新宿一丁目交番,131041,東京都,新宿区,北新宿２丁目,2020-09-19,14,道路上,その他,50歳代,その他,施錠せず
窃盗,自転車盗,新宿,北新宿一丁目交番,131041,東京都,新宿区,北新宿２丁目,2020-11-01,19,その他の住宅（３階建て以下共同住宅等）,その他,30歳代,その他,施錠せず
窃盗,自転車盗,新宿,北新宿一丁目交番,131041,東京都,新宿区,北新宿２丁目,2020-12-25,18,駐車（輪）場,駐車（輪）場,40歳代,その他,施錠せず
窃盗,自転車盗,新宿,北新宿一丁目交番,131041,東京都,新宿区,北新宿３丁目,2020-01-24,14,一戸建住宅,駐車（輪）場,50歳代,その他,施錠せず
窃盗,自転車盗,新宿,北新宿一丁目交番,131041,東京都,新宿区,西新宿８丁目,2020-06-09,17,４階建て以上共同住宅,駐車（輪）場,40歳代,その他,施錠せず
窃盗,自転車盗,新宿,淀橋市場前交番,131041,東京都,新宿区,北新宿３丁目,2019-12-24,10,その他の住宅（３階建て以下共同住宅等）,その他,20歳代,大学生,施錠せず
窃盗,自転車盗,新宿,淀橋市場前交番,131041,東京都,新宿区,北新宿３丁目,2020-02-23,21,４階建て以上共同住宅,駐車（輪）場,30歳代,その他,施錠せず
窃盗,自転車盗,新宿,淀橋市場前交番,131041,東京都,新宿区,北新宿３丁目,2020-04-22,17,その他の住宅（３階建て以下共同住宅等）,駐車（輪）場,10歳代,その他,施錠せず
窃盗,自転車盗,新宿,淀橋市場前交番,131041,東京都,新宿区,北新宿３丁目,2020-07-21,16,４階建て以上共同住宅,駐車（輪）場,40歳代,その他,施錠せず
窃盗,自転車盗,新宿,淀橋市場前交番,131041,東京都,新宿区,北新宿３丁目,2020-09-27,15,４階建て以上共同住宅,駐車（輪）場,20歳代,大学生,施錠せず
窃盗,自転車盗,新宿,淀橋市場前交番,131041,東京都,新宿区,北新宿３丁目,2020-10-05,17,４階建て以上共同住宅,その他,30歳代,その他,施錠せず
窃盗,自転車盗,新宿,淀橋市場前交番,131041,東京都,新宿区,北新宿３丁目,2020-10-15,19,道路上,その他,40歳代,その他,施錠せず
窃盗,自転車盗,新宿,淀橋市場前交番,131041,東京都,新宿区,北新宿４丁目,2020-04-18,21,４階建て以上共同住宅,駐車（輪）場,30歳代,その他,施錠せず
窃盗,自転車盗,新宿,淀橋市場前交番,131041,東京都,新宿区,北新宿４丁目,2020-06-13,16,４階建て以上共同住宅,駐車（輪）場,30歳代,その他,施錠せず
窃盗,自転車盗,新宿,淀橋市場前交番,131041,東京都,新宿区,北新宿４丁目,2020-10-15,00,道路上,その他,20歳代,その他,施錠せず
窃盗,自転車盗,新宿,淀橋市場前交番,131041,東京都,新宿区,北新宿４丁目,2020-10-15,00,道路上,その他,30歳代,その他,施錠せず
窃盗,自転車盗,新宿,淀橋市場前交番,131041,東京都,新宿区,百人町３丁目,2020-12-18,11,４階建て以上共同住宅,駐車（輪）場,30歳代,その他,施錠せず
窃盗,自転車盗,新宿,百人町交番,131041,東京都,新宿区,大久保３丁目,2020-10-30,14,４階建て以上共同住宅,駐車（輪）場,30歳代,その他,施錠せず
窃盗,自転車盗,新宿,百人町交番,131041,東京都,新宿区,北新宿１丁目,2020-03-09,02,道路上,その他,30歳代,その他,施錠せず
窃盗,自転車盗,新宿,百人町交番,131041,東京都,新宿区,北新宿１丁目,2020-03-19,17,その他の住宅（３階建て以下共同住宅等）,駐車（輪）場,30歳代,その他,施錠せず
窃盗,自転車盗,新宿,百人町交番,131041,東京都,新宿区,北新宿１丁目,2020-03-26,20,その他の住宅（３階建て以下共同住宅等）,駐車（輪）場,20歳代,その他,施錠せず
窃盗,自転車盗,新宿,百人町交番,131041,東京都,新宿区,北新宿１丁目,2020-03-29,18,その他の住宅（３階建て以下共同住宅等）,駐車（輪）場,20歳代,その他,施錠せず
窃盗,自転車盗,新宿,百人町交番,131041,東京都,新宿区,北新宿１丁目,2020-05-30,22,４階建て以上共同住宅,その他,40歳代,その他,施錠せず
窃盗,自転車盗,新宿,百人町交番,131041,東京都,新宿区,北新宿１丁目,2020-12-17,23,一戸建住宅,その他,50歳代,その他,施錠せず
窃盗,自転車盗,新宿,百人町交番,131041,東京都,新宿区,北新宿３丁目,2020-03-12,18,４階建て以上共同住宅,駐車（輪）場,30歳代,その他,施錠せず
窃盗,自転車盗,新宿,百人町交番,131041,東京都,新宿区,北新宿３丁目,2020-05-13,22,道路上,その他,40歳代,その他,施錠せず
窃盗,自転車盗,新宿,百人町交番,131041,東京都,新宿区,北新宿３丁目,2020-08-08,18,一戸建住宅,駐車（輪）場,50歳代,その他,施錠せず
窃盗,自転車盗,新宿,百人町交番,131041,東京都,新宿区,北新宿３丁目,2020-09-18,17,その他,駐車（輪）場,30歳代,その他,施錠せず
窃盗,自転車盗,新宿,百人町交番,131041,東京都,新宿区,北新宿３丁目,2020-10-19,20,４階建て以上共同住宅,駐車（輪）場,20歳代,その他,施錠せず
窃盗,自転車盗,新宿,百人町交番,131041,東京都,新宿区,百人町１丁目,2019-07-30,16,その他の住宅（３階建て以下共同住宅等）,駐車（輪）場,20歳代,その他,施錠せず
窃盗,自転車盗,新宿,百人町交番,131041,東京都,新宿区,百人町１丁目,2019-12-30,13,その他,駐車（輪）場,40歳代,その他,施錠せず
窃盗,自転車盗,新宿,百人町交番,131041,東京都,新宿区,百人町１丁目,2020-01-09,20,道路上,その他,40歳代,その他,施錠せず
窃盗,自転車盗,新宿,百人町交番,131041,東京都,新宿区,百人町１丁目,2020-01-21,09,道路上,その他,30歳代,その他,施錠せず
窃盗,自転車盗,新宿,百人町交番,131041,東京都,新宿区,百人町１丁目,2020-01-31,01,道路上,その他,50歳代,その他,施錠せず
窃盗,自転車盗,新宿,百人町交番,131041,東京都,新宿区,百人町１丁目,2020-03-24,20,道路上,その他,20歳代,その他,施錠せず
窃盗,自転車盗,新宿,百人町交番,131041,東京都,新宿区,百人町１丁目,2020-05-02,01,道路上,その他,40歳代,その他,施錠せず
窃盗,自転車盗,新宿,百人町交番,131041,東京都,新宿区,百人町１丁目,2020-05-10,13,道路上,その他,60-64歳,その他,施錠せず
窃盗,自転車盗,新宿,百人町交番,131041,東京都,新宿区,百人町１丁目,2020-06-25,17,その他の住宅（３階建て以下共同住宅等）,駐車（輪）場,10歳代,その他,施錠せず
窃盗,自転車盗,新宿,百人町交番,131041,東京都,新宿区,百人町１丁目,2020-10-30,10,道路上,その他,40歳代,その他,施錠せず
窃盗,自転車盗,新宿,百人町交番,131041,東京都,新宿区,百人町２丁目,2020-02-24,11,駐車（輪）場,駐車（輪）場,20歳代,大学生,施錠せず
窃盗,自転車盗,新宿,百人町交番,131041,東京都,新宿区,百人町２丁目,2020-02-24,18,道路上,その他,40歳代,その他,施錠せず
窃盗,自転車盗,新宿,百人町交番,131041,東京都,新宿区,百人町２丁目,2020-03-04,01,一戸建住宅,その他,10歳代,高校生,施錠せず
窃盗,自転車盗,新宿,百人町交番,131041,東京都,新宿区,百人町２丁目,2020-03-21,07,道路上,その他,20歳代,その他,施錠せず
窃盗,自転車盗,新宿,百人町交番,131041,東京都,新宿区,百人町２丁目,2020-05-02,15,道路上,その他,30歳代,その他,施錠せず
窃盗,自転車盗,新宿,百人町交番,131041,東京都,新宿区,百人町２丁目,2020-05-08,22,４階建て以上共同住宅,駐車（輪）場,30歳代,その他,施錠せず
窃盗,自転車盗,新宿,百人町交番,131041,東京都,新宿区,百人町２丁目,2020-06-09,15,道路上,その他,40歳代,その他,施錠せず
窃盗,自転車盗,新宿,百人町交番,131041,東京都,新宿区,百人町２丁目,2020-08-26,20,駐車（輪）場,駐車（輪）場,30歳代,その他,施錠せず
窃盗,自転車盗,新宿,百人町交番,131041,東京都,新宿区,百人町２丁目,2020-12-01,18,４階建て以上共同住宅,駐車（輪）場,10歳代,小学生,施錠せず
窃盗,自転車盗,新宿,大久保交番,131041,東京都,新宿区,大久保１丁目,2019-12-01,18,その他,駐車（輪）場,30歳代,大学生,施錠せず
窃盗,自転車盗,新宿,大久保交番,131041,東京都,新宿区,大久保１丁目,2020-03-30,22,４階建て以上共同住宅,駐車（輪）場,30歳代,その他,施錠せず
窃盗,自転車盗,新宿,大久保交番,131041,東京都,新宿区,大久保１丁目,2020-05-10,18,道路上,その他,65-69歳,その他,施錠せず
窃盗,自転車盗,新宿,大久保交番,131041,東京都,新宿区,大久保１丁目,2020-05-12,13,道路上,その他,30歳代,その他,施錠せず
窃盗,自転車盗,新宿,大久保交番,131041,東京都,新宿区,大久保１丁目,2020-06-19,13,道路上,その他,50歳代,その他,施錠せず
窃盗,自転車盗,新宿,大久保交番,131041,東京都,新宿区,大久保１丁目,2020-06-24,18,一戸建住宅,その他,40歳代,その他,施錠せず
窃盗,自転車盗,新宿,大久保交番,131041,東京都,新宿区,大久保１丁目,2020-07-15,17,その他の住宅（３階建て以下共同住宅等）,駐車（輪）場,10歳代,その他,施錠せず
窃盗,自転車盗,新宿,大久保交番,131041,東京都,新宿区,大久保１丁目,2020-08-06,18,その他の住宅（３階建て以下共同住宅等）,駐車（輪）場,40歳代,その他,施錠せず
窃盗,自転車盗,新宿,大久保交番,131041,東京都,新宿区,大久保１丁目,2020-08-13,21,４階建て以上共同住宅,駐車（輪）場,40歳代,その他,施錠せず
窃盗,自転車盗,新宿,大久保交番,131041,東京都,新宿区,大久保１丁目,2020-09-03,21,道路上,その他,30歳代,その他,施錠せず
窃盗,自転車盗,新宿,大久保交番,131041,東京都,新宿区,大久保１丁目,2020-10-06,10,４階建て以上共同住宅,駐車（輪）場,50歳代,その他,施錠せず
窃盗,自転車盗,新宿,大久保交番,131041,東京都,新宿区,大久保１丁目,2020-10-27,15,道路上,その他,40歳代,その他,施錠せず
窃盗,自転車盗,新宿,大久保交番,131041,東京都,新宿区,大久保２丁目,2020-01-17,18,道路上,その他,40歳代,その他,施錠せず
窃盗,自転車盗,新宿,大久保交番,131041,東京都,新宿区,大久保２丁目,2020-02-09,18,道路上,その他,20歳代,その他,施錠せず
窃盗,自転車盗,新宿,大久保交番,131041,東京都,新宿区,大久保２丁目,2020-03-16,04,道路上,その他,20歳代,その他,施錠せず
窃盗,自転車盗,新宿,大久保交番,131041,東京都,新宿区,大久保２丁目,2020-03-20,16,道路上,その他,10歳代,中学生,施錠せず
窃盗,自転車盗,新宿,大久保交番,131041,東京都,新宿区,大久保２丁目,2020-03-22,02,駐車（輪）場,駐車（輪）場,65-69歳,その他,施錠せず
窃盗,自転車盗,新宿,大久保交番,131041,東京都,新宿区,大久保２丁目,2020-05-14,19,その他の住宅（３階建て以下共同住宅等）,駐車（輪）場,20歳代,その他,施錠せず
窃盗,自転車盗,新宿,大久保交番,131041,東京都,新宿区,大久保２丁目,2020-05-20,18,４階建て以上共同住宅,駐車（輪）場,60-64歳,その他,施錠せず
窃盗,自転車盗,新宿,大久保交番,131041,東京都,新宿区,大久保２丁目,2020-05-24,21,道路上,その他,50歳代,その他,施錠せず
窃盗,自転車盗,新宿,大久保交番,131041,東京都,新宿区,大久保２丁目,2020-06-06,06,道路上,その他,40歳代,その他,施錠せず
窃盗,自転車盗,新宿,大久保交番,131041,東京都,新宿区,大久保２丁目,2020-06-10,01,４階建て以上共同住宅,駐車（輪）場,20歳代,その他,施錠せず
窃盗,自転車盗,新宿,大久保交番,131041,東京都,新宿区,大久保２丁目,2020-06-11,08,道路上,その他,20歳代,その他,施錠せず
窃盗,自転車盗,新宿,大久保交番,131041,東京都,新宿区,大久保２丁目,2020-06-25,17,その他,駐車（輪）場,40歳代,その他,施錠せず
窃盗,自転車盗,新宿,大久保交番,131041,東京都,新宿区,大久保２丁目,2020-08-04,09,道路上,その他,20歳代,大学生,施錠せず
窃盗,自転車盗,新宿,大久保交番,131041,東京都,新宿区,大久保２丁目,2020-08-06,21,一戸建住宅,その他,40歳代,その他,施錠せず
窃盗,自転車盗,新宿,大久保交番,131041,東京都,新宿区,大久保２丁目,2020-08-18,14,道路上,その他,30歳代,その他,施錠せず
窃盗,自転車盗,新宿,大久保交番,131041,東京都,新宿区,大久保２丁目,2020-10-28,20,道路上,その他,60-64歳,その他,施錠せず
窃盗,自転車盗,新宿,大久保交番,131041,東京都,新宿区,大久保２丁目,2020-11-04,13,その他,その他,20歳代,その他,施錠せず
窃盗,自転車盗,新宿,大久保交番,131041,東京都,新宿区,大久保２丁目,2020-11-21,12,その他の住宅（３階建て以下共同住宅等）,駐車（輪）場,20歳代,その他,施錠せず
窃盗,自転車盗,新宿,大久保交番,131041,東京都,新宿区,大久保３丁目,2020-02-07,13,４階建て以上共同住宅,駐車（輪）場,70歳以上,その他,施錠せず
窃盗,自転車盗,新宿,大久保交番,131041,東京都,新宿区,大久保３丁目,2020-08-19,16,道路上,その他,30歳代,その他,施錠せず
窃盗,自転車盗,新宿,大久保交番,131041,東京都,新宿区,大久保３丁目,2020-09-07,12,その他,駐車（輪）場,50歳代,その他,施錠せず
窃盗,自転車盗,新宿,大久保交番,131041,東京都,新宿区,大久保３丁目,2020-10-03,04,４階建て以上共同住宅,駐車（輪）場,20歳代,その他,施錠せず
窃盗,自転車盗,新宿,大久保交番,131041,東京都,新宿区,大久保３丁目,2020-11-11,21,４階建て以上共同住宅,駐車（輪）場,10歳代,小学生,施錠せず
窃盗,自転車盗,新宿,大久保交番,131041,東京都,新宿区,北新宿３丁目,2020-10-01,14,その他,駐車（輪）場,50歳代,その他,施錠せず
窃盗,自転車盗,新宿,大久保交番,131041,東京都,新宿区,百人町１丁目,2020-07-18,21,道路上,その他,30歳代,その他,施錠せず
窃盗,自転車盗,新宿,大久保交番,131041,東京都,新宿区,百人町１丁目,2020-08-12,19,道路上,その他,30歳代,その他,施錠せず
窃盗,自転車盗,新宿,大久保交番,131041,東京都,新宿区,百人町１丁目,2020-08-27,21,道路上,その他,40歳代,その他,施錠せず
窃盗,自転車盗,新宿,大久保交番,131041,東京都,新宿区,百人町１丁目,2020-11-22,20,その他の住宅（３階建て以下共同住宅等）,駐車（輪）場,20歳代,その他,施錠せず
窃盗,自転車盗,新宿,大久保交番,131041,東京都,新宿区,百人町１丁目,2020-12-07,18,道路上,その他,50歳代,その他,施錠せず
窃盗,自転車盗,新宿,大久保交番,131041,東京都,新宿区,百人町１丁目,2020-12-29,01,道路上,その他,40歳代,その他,施錠せず
窃盗,自転車盗,新宿,新宿六丁目交番,131041,東京都,新宿区,新宿５丁目,2020-07-10,11,道路上,その他,70歳以上,その他,施錠せず
窃盗,自転車盗,新宿,新宿六丁目交番,131041,東京都,新宿区,新宿６丁目,2020-02-19,00,４階建て以上共同住宅,駐車（輪）場,20歳代,その他,施錠せず
窃盗,自転車盗,新宿,新宿六丁目交番,131041,東京都,新宿区,新宿６丁目,2020-03-29,12,道路上,その他,40歳代,その他,施錠せず
窃盗,自転車盗,新宿,新宿六丁目交番,131041,東京都,新宿区,新宿６丁目,2020-08-06,06,４階建て以上共同住宅,駐車（輪）場,20歳代,その他,施錠せず
窃盗,自転車盗,新宿,新宿六丁目交番,131041,東京都,新宿区,新宿６丁目,2020-09-26,12,道路上,その他,30歳代,その他,施錠せず
窃盗,自転車盗,新宿,新宿六丁目交番,131041,東京都,新宿区,新宿６丁目,2020-10-12,23,道路上,その他,20歳代,その他,施錠せず
窃盗,自転車盗,新宿,新宿六丁目交番,131041,東京都,新宿区,新宿６丁目,2020-11-12,03,道路上,その他,30歳代,その他,施錠せず
窃盗,自転車盗,新宿,新宿六丁目交番,131041,東京都,新宿区,新宿６丁目,2020-11-27,08,一戸建住宅,その他,20歳代,その他,施錠せず
窃盗,自転車盗,新宿,新宿六丁目交番,131041,東京都,新宿区,新宿７丁目,2020-02-17,02,駐車（輪）場,駐車（輪）場,30歳代,その他,施錠せず
窃盗,自転車盗,新宿,新宿六丁目交番,131041,東京都,新宿区,新宿７丁目,2020-04-08,11,その他,駐車（輪）場,法人・団体、被害者なし,法人・団体、被害者なし,施錠せず
窃盗,自転車盗,新宿,新宿六丁目交番,131041,東京都,新宿区,新宿７丁目,2020-10-15,19,一戸建住宅,その他,10歳代,大学生,施錠せず
窃盗,自転車盗,新宿,歌舞伎町交番,131041,東京都,新宿区,歌舞伎町１丁目,2019-10-01,03,駐車（輪）場,駐車（輪）場,20歳代,大学生,施錠せず
窃盗,自転車盗,新宿,歌舞伎町交番,131041,東京都,新宿区,歌舞伎町１丁目,2020-01-04,10,その他,駐車（輪）場,50歳代,その他,施錠せず
窃盗,自転車盗,新宿,歌舞伎町交番,131041,東京都,新宿区,歌舞伎町１丁目,2020-01-31,00,道路上,その他,20歳代,その他,施錠せず
窃盗,自転車盗,新宿,歌舞伎町交番,131041,東京都,新宿区,歌舞伎町１丁目,2020-02-16,11,その他,駐車（輪）場,30歳代,その他,施錠せず
窃盗,自転車盗,新宿,歌舞伎町交番,131041,東京都,新宿区,歌舞伎町１丁目,2020-02-25,23,駐車（輪）場,駐車（輪）場,30歳代,その他,施錠せず
窃盗,自転車盗,新宿,歌舞伎町交番,131041,東京都,新宿区,歌舞伎町１丁目,2020-03-01,06,駐車（輪）場,駐車（輪）場,30歳代,その他,施錠せず
窃盗,自転車盗,新宿,歌舞伎町交番,131041,東京都,新宿区,歌舞伎町１丁目,2020-03-30,20,道路上,その他,20歳代,大学生,施錠せず
窃盗,自転車盗,新宿,歌舞伎町交番,131041,東京都,新宿区,歌舞伎町１丁目,2020-04-16,13,駐車（輪）場,駐車（輪）場,30歳代,その他,施錠せず
窃盗,自転車盗,新宿,歌舞伎町交番,131041,東京都,新宿区,歌舞伎町１丁目,2020-05-16,00,道路上,その他,30歳代,その他,施錠せず
窃盗,自転車盗,新宿,歌舞伎町交番,131041,東京都,新宿区,歌舞伎町１丁目,2020-06-20,02,道路上,その他,20歳代,大学生,施錠せず
窃盗,自転車盗,新宿,歌舞伎町交番,131041,東京都,新宿区,歌舞伎町１丁目,2020-06-26,23,道路上,その他,30歳代,その他,施錠せず
窃盗,自転車盗,新宿,歌舞伎町交番,131041,東京都,新宿区,歌舞伎町１丁目,2020-09-14,06,道路上,その他,20歳代,その他,施錠せず
窃盗,自転車盗,新宿,歌舞伎町交番,131041,東京都,新宿区,歌舞伎町１丁目,2020-09-16,12,駐車（輪）場,駐車（輪）場,40歳代,その他,施錠せず
窃盗,自転車盗,新宿,歌舞伎町交番,131041,東京都,新宿区,歌舞伎町１丁目,2020-09-18,20,駐車（輪）場,駐車（輪）場,40歳代,その他,施錠せず
窃盗,自転車盗,新宿,歌舞伎町交番,131041,東京都,新宿区,歌舞伎町１丁目,2020-09-18,23,道路上,その他,20歳代,その他,施錠せず
窃盗,自転車盗,新宿,歌舞伎町交番,131041,東京都,新宿区,歌舞伎町１丁目,2020-10-05,11,道路上,その他,20歳代,その他,施錠せず
窃盗,自転車盗,新宿,歌舞伎町交番,131041,東京都,新宿区,歌舞伎町１丁目,2020-10-24,18,駐車（輪）場,駐車（輪）場,20歳代,その他,施錠せず
窃盗,自転車盗,新宿,歌舞伎町交番,131041,東京都,新宿区,歌舞伎町１丁目,2020-11-29,10,駐車（輪）場,駐車（輪）場,10歳代,高校生,施錠せず
窃盗,自転車盗,新宿,歌舞伎町交番,131041,東京都,新宿区,歌舞伎町１丁目,2020-12-11,14,駐車（輪）場,駐車（輪）場,40歳代,その他,施錠せず
窃盗,自転車盗,新宿,歌舞伎町交番,131041,東京都,新宿区,歌舞伎町１丁目,2020-12-12,14,駐車（輪）場,駐車（輪）場,30歳代,その他,施錠せず
窃盗,自転車盗,新宿,歌舞伎町交番,131041,東京都,新宿区,歌舞伎町２丁目,2020-01-09,04,道路上,その他,20歳代,その他,施錠せず
窃盗,自転車盗,新宿,歌舞伎町交番,131041,東京都,新宿区,歌舞伎町２丁目,2020-01-17,16,道路上,その他,20歳代,その他,施錠せず
窃盗,自転車盗,新宿,歌舞伎町交番,131041,東京都,新宿区,歌舞伎町２丁目,2020-02-06,01,道路上,その他,40歳代,その他,施錠せず
窃盗,自転車盗,新宿,歌舞伎町交番,131041,東京都,新宿区,歌舞伎町２丁目,2020-02-07,20,道路上,その他,30歳代,その他,施錠せず
窃盗,自転車盗,新宿,歌舞伎町交番,131041,東京都,新宿区,歌舞伎町２丁目,2020-02-11,03,道路上,その他,40歳代,その他,施錠せず
窃盗,自転車盗,新宿,歌舞伎町交番,131041,東京都,新宿区,歌舞伎町２丁目,2020-02-22,01,４階建て以上共同住宅,駐車（輪）場,20歳代,その他,施錠せず
窃盗,自転車盗,新宿,歌舞伎町交番,131041,東京都,新宿区,歌舞伎町２丁目,2020-05-17,12,４階建て以上共同住宅,その他,20歳代,その他,施錠せず
窃盗,自転車盗,新宿,歌舞伎町交番,131041,東京都,新宿区,歌舞伎町２丁目,2020-07-10,00,その他,駐車（輪）場,20歳代,その他,施錠せず
窃盗,自転車盗,新宿,歌舞伎町交番,131041,東京都,新宿区,歌舞伎町２丁目,2020-07-11,18,道路上,その他,20歳代,その他,施錠せず
窃盗,自転車盗,新宿,歌舞伎町交番,131041,東京都,新宿区,歌舞伎町２丁目,2020-07-13,22,道路上,その他,20歳代,その他,施錠せず
窃盗,自転車盗,新宿,歌舞伎町交番,131041,東京都,新宿区,歌舞伎町２丁目,2020-07-25,19,道路上,その他,20歳代,その他,施錠せず
窃盗,自転車盗,新宿,歌舞伎町交番,131041,東京都,新宿区,歌舞伎町２丁目,2020-08-09,19,道路上,その他,50歳代,その他,施錠せず
窃盗,自転車盗,新宿,歌舞伎町交番,131041,東京都,新宿区,歌舞伎町２丁目,2020-08-22,18,道路上,その他,30歳代,その他,施錠せず
窃盗,自転車盗,新宿,歌舞伎町交番,131041,東京都,新宿区,歌舞伎町２丁目,2020-10-06,05,４階建て以上共同住宅,駐車（輪）場,30歳代,その他,施錠せず
窃盗,自転車盗,新宿,歌舞伎町交番,131041,東京都,新宿区,歌舞伎町２丁目,2020-10-07,04,道路上,その他,法人・団体、被害者なし,法人・団体、被害者なし,施錠せず
窃盗,自転車盗,新宿,歌舞伎町交番,131041,東京都,新宿区,歌舞伎町２丁目,2020-10-12,01,道路上,その他,30歳代,その他,施錠せず
窃盗,自転車盗,新宿,歌舞伎町交番,131041,東京都,新宿区,歌舞伎町２丁目,2020-10-12,18,道路上,その他,20歳代,その他,施錠せず
窃盗,自転車盗,新宿,歌舞伎町交番,131041,東京都,新宿区,歌舞伎町２丁目,2020-10-14,06,道路上,その他,30歳代,その他,施錠せず
窃盗,自転車盗,新宿,歌舞伎町交番,131041,東京都,新宿区,歌舞伎町２丁目,2020-10-22,10,その他,駐車（輪）場,30歳代,その他,施錠せず
窃盗,自転車盗,新宿,歌舞伎町交番,131041,東京都,新宿区,歌舞伎町２丁目,2020-10-24,05,道路上,その他,20歳代,その他,施錠せず
窃盗,自転車盗,新宿,歌舞伎町交番,131041,東京都,新宿区,歌舞伎町２丁目,2020-11-28,18,道路上,その他,30歳代,その他,施錠せず
窃盗,自転車盗,新宿,新宿駅東口交番,131041,東京都,新宿区,新宿３丁目,2020-02-01,12,駐車（輪）場,駐車（輪）場,10歳代,中学生,施錠せず
窃盗,自転車盗,新宿,新宿駅東口交番,131041,東京都,新宿区,新宿３丁目,2020-01-09,18,駐車（輪）場,駐車（輪）場,60-64歳,その他,施錠せず
窃盗,自転車盗,新宿,新宿駅東口交番,131041,東京都,新宿区,新宿３丁目,2020-01-24,12,道路上,その他,20歳代,その他,施錠せず
窃盗,自転車盗,新宿,新宿駅東口交番,131041,東京都,新宿区,新宿３丁目,2020-02-08,11,駐車（輪）場,駐車（輪）場,40歳代,その他,施錠せず
窃盗,自転車盗,新宿,新宿駅東口交番,131041,東京都,新宿区,新宿３丁目,2020-02-11,12,道路上,その他,40歳代,その他,施錠せず
窃盗,自転車盗,新宿,新宿駅東口交番,131041,東京都,新宿区,新宿３丁目,2020-02-17,13,道路上,その他,20歳代,その他,施錠せず
窃盗,自転車盗,新宿,新宿駅東口交番,131041,東京都,新宿区,新宿３丁目,2020-03-04,04,その他,その他,70歳以上,その他,施錠せず
窃盗,自転車盗,新宿,新宿駅東口交番,131041,東京都,新宿区,新宿３丁目,2020-03-16,18,道路上,その他,40歳代,その他,施錠せず
窃盗,自転車盗,新宿,新宿駅東口交番,131041,東京都,新宿区,新宿３丁目,2020-03-28,01,道路上,その他,20歳代,その他,施錠せず
窃盗,自転車盗,新宿,新宿駅東口交番,131041,東京都,新宿区,新宿３丁目,2020-05-19,16,駐車（輪）場,駐車（輪）場,20歳代,その他,施錠せず
窃盗,自転車盗,新宿,新宿駅東口交番,131041,東京都,新宿区,新宿３丁目,2020-06-03,06,道路上,その他,70歳以上,その他,施錠せず
窃盗,自転車盗,新宿,新宿駅東口交番,131041,東京都,新宿区,新宿３丁目,2020-06-05,23,駐車（輪）場,駐車（輪）場,30歳代,その他,施錠せず
窃盗,自転車盗,新宿,新宿駅東口交番,131041,東京都,新宿区,新宿３丁目,2020-08-30,12,駐車（輪）場,駐車（輪）場,30歳代,その他,施錠せず
窃盗,自転車盗,新宿,新宿駅東口交番,131041,東京都,新宿区,新宿３丁目,2020-11-01,16,駐車（輪）場,駐車（輪）場,30歳代,その他,施錠せず
窃盗,自転車盗,新宿,新宿駅東口交番,131041,東京都,新宿区,新宿３丁目,2020-11-02,09,駐車（輪）場,駐車（輪）場,30歳代,その他,施錠せず
窃盗,自転車盗,新宿,新宿駅東口交番,131041,東京都,新宿区,新宿３丁目,2020-12-13,12,駐車（輪）場,駐車（輪）場,10歳代,高校生,施錠せず
窃盗,自転車盗,戸塚,戸塚一丁目交番,131041,東京都,新宿区,西早稲田１丁目,2019-07-25,10,その他,駐車（輪）場,10歳代,大学生,施錠せず
窃盗,自転車盗,戸塚,戸塚一丁目交番,131041,東京都,新宿区,西早稲田１丁目,2020-06-07,14,道路上,その他,30歳代,その他,施錠せず
窃盗,自転車盗,戸塚,戸塚一丁目交番,131041,東京都,新宿区,西早稲田１丁目,2020-06-24,13,道路上,その他,50歳代,その他,施錠せず
窃盗,自転車盗,戸塚,戸塚一丁目交番,131041,東京都,新宿区,西早稲田１丁目,2020-07-13,11,その他,駐車（輪）場,50歳代,その他,施錠せず
窃盗,自転車盗,戸塚,戸塚一丁目交番,131041,東京都,新宿区,西早稲田１丁目,2020-07-30,13,道路上,その他,40歳代,その他,施錠せず
窃盗,自転車盗,戸塚,戸塚一丁目交番,131041,東京都,新宿区,西早稲田１丁目,2020-09-27,13,駐車（輪）場,駐車（輪）場,20歳代,その他,施錠せず
窃盗,自転車盗,戸塚,戸塚一丁目交番,131041,東京都,新宿区,西早稲田１丁目,2020-10-25,17,道路上,その他,30歳代,その他,施錠せず
窃盗,自転車盗,戸塚,戸塚一丁目交番,131041,東京都,新宿区,西早稲田２丁目,2020-03-27,22,道路上,その他,30歳代,その他,施錠せず
窃盗,自転車盗,戸塚,戸塚一丁目交番,131041,東京都,新宿区,西早稲田２丁目,2020-04-14,12,４階建て以上共同住宅,駐車（輪）場,10歳代,その他,施錠せず
窃盗,自転車盗,戸塚,戸塚一丁目交番,131041,東京都,新宿区,西早稲田２丁目,2020-05-26,23,４階建て以上共同住宅,駐車（輪）場,30歳代,その他,施錠せず
窃盗,自転車盗,戸塚,戸塚一丁目交番,131041,東京都,新宿区,西早稲田２丁目,2020-07-22,18,４階建て以上共同住宅,駐車（輪）場,40歳代,その他,施錠せず
窃盗,自転車盗,戸塚,戸塚一丁目交番,131041,東京都,新宿区,西早稲田３丁目,2020-03-26,11,４階建て以上共同住宅,駐車（輪）場,20歳代,その他,施錠せず
窃盗,自転車盗,戸塚,戸塚一丁目交番,131041,東京都,新宿区,西早稲田３丁目,2020-05-27,13,その他,その他,50歳代,その他,施錠せず
窃盗,自転車盗,戸塚,戸塚一丁目交番,131041,東京都,新宿区,西早稲田３丁目,2020-06-03,18,一戸建住宅,その他,40歳代,その他,施錠せず
窃盗,自転車盗,戸塚,戸塚一丁目交番,131041,東京都,新宿区,西早稲田３丁目,2020-07-15,11,その他,その他,20歳代,その他,施錠せず
窃盗,自転車盗,戸塚,戸塚一丁目交番,131041,東京都,新宿区,西早稲田３丁目,2020-09-27,11,その他,その他,10歳代,中学生,施錠せず
窃盗,自転車盗,戸塚,戸塚一丁目交番,131041,東京都,新宿区,西早稲田３丁目,2020-09-27,11,その他,その他,10歳代,中学生,施錠せず
窃盗,自転車盗,戸塚,高田馬場駅前交番,131041,東京都,新宿区,高田馬場１丁目,2019-08-21,20,道路上,その他,20歳代,大学生,施錠せず
窃盗,自転車盗,戸塚,高田馬場駅前交番,131041,東京都,新宿区,高田馬場１丁目,2019-12-20,19,道路上,その他,20歳代,その他,施錠せず
窃盗,自転車盗,戸塚,高田馬場駅前交番,131041,東京都,新宿区,高田馬場１丁目,2020-01-06,18,道路上,その他,10歳代,高校生,施錠せず
窃盗,自転車盗,戸塚,高田馬場駅前交番,131041,東京都,新宿区,高田馬場１丁目,2020-06-03,21,道路上,その他,20歳代,大学生,施錠せず
窃盗,自転車盗,戸塚,高田馬場駅前交番,131041,東京都,新宿区,高田馬場１丁目,2020-07-05,19,道路上,その他,40歳代,その他,施錠せず
窃盗,自転車盗,戸塚,高田馬場駅前交番,131041,東京都,新宿区,高田馬場１丁目,2020-08-03,12,道路上,その他,10歳代,高校生,施錠せず
窃盗,自転車盗,戸塚,高田馬場駅前交番,131041,東京都,新宿区,高田馬場１丁目,2020-08-19,19,道路上,その他,20歳代,大学生,施錠せず
窃盗,自転車盗,戸塚,高田馬場駅前交番,131041,東京都,新宿区,高田馬場１丁目,2020-09-28,07,駐車（輪）場,駐車（輪）場,40歳代,その他,施錠せず
窃盗,自転車盗,戸塚,高田馬場駅前交番,131041,東京都,新宿区,高田馬場１丁目,2020-10-07,15,その他,その他,20歳代,大学生,施錠せず
窃盗,自転車盗,戸塚,高田馬場駅前交番,131041,東京都,新宿区,高田馬場１丁目,2020-10-27,18,その他,その他,20歳代,その他,施錠せず
窃盗,自転車盗,戸塚,高田馬場駅前交番,131041,東京都,新宿区,高田馬場１丁目,2020-10-27,22,その他の住宅（３階建て以下共同住宅等）,駐車（輪）場,20歳代,大学生,施錠せず
窃盗,自転車盗,戸塚,高田馬場駅前交番,131041,東京都,新宿区,高田馬場２丁目,2019-12-31,18,道路上,その他,50歳代,その他,施錠せず
窃盗,自転車盗,戸塚,高田馬場駅前交番,131041,東京都,新宿区,高田馬場２丁目,2020-06-19,17,道路上,その他,70歳以上,その他,施錠せず
窃盗,自転車盗,戸塚,高田馬場駅前交番,131041,東京都,新宿区,高田馬場２丁目,2020-08-04,06,その他,その他,50歳代,その他,施錠せず
窃盗,自転車盗,戸塚,高田馬場駅前交番,131041,東京都,新宿区,高田馬場２丁目,2020-10-27,01,道路上,その他,20歳代,大学生,施錠せず
窃盗,自転車盗,戸塚,高田馬場駅前交番,131041,東京都,新宿区,高田馬場２丁目,2020-11-12,12,４階建て以上共同住宅,駐車（輪）場,50歳代,その他,施錠せず
窃盗,自転車盗,戸塚,高田馬場駅前交番,131041,東京都,新宿区,高田馬場２丁目,2020-11-13,20,４階建て以上共同住宅,その他,70歳以上,その他,施錠せず
窃盗,自転車盗,戸塚,高田馬場駅前交番,131041,東京都,新宿区,高田馬場３丁目,2020-02-19,13,４階建て以上共同住宅,駐車（輪）場,20歳代,その他,施錠せず
窃盗,自転車盗,戸塚,高田馬場駅前交番,131041,東京都,新宿区,高田馬場３丁目,2020-06-06,15,４階建て以上共同住宅,駐車（輪）場,30歳代,その他,施錠せず
窃盗,自転車盗,戸塚,高田馬場駅前交番,131041,東京都,新宿区,高田馬場３丁目,2020-06-19,18,道路上,その他,30歳代,その他,施錠せず
窃盗,自転車盗,戸塚,高田馬場駅前交番,131041,東京都,新宿区,高田馬場３丁目,2020-09-30,22,駐車（輪）場,駐車（輪）場,10歳代,その他,施錠せず
窃盗,自転車盗,戸塚,高田馬場駅前交番,131041,東京都,新宿区,高田馬場４丁目,2020-02-09,19,４階建て以上共同住宅,駐車（輪）場,20歳代,その他,施錠せず
窃盗,自転車盗,戸塚,高田馬場駅前交番,131041,東京都,新宿区,高田馬場４丁目,2020-02-25,09,その他の住宅（３階建て以下共同住宅等）,駐車（輪）場,20歳代,その他,施錠せず
窃盗,自転車盗,戸塚,高田馬場駅前交番,131041,東京都,新宿区,高田馬場４丁目,2020-06-09,12,道路上,その他,20歳代,その他,施錠せず
窃盗,自転車盗,戸塚,下落合駅前交番,131041,東京都,新宿区,上落合１丁目,2020-03-21,13,駐車（輪）場,駐車（輪）場,70歳以上,その他,施錠せず
窃盗,自転車盗,戸塚,下落合駅前交番,131041,東京都,新宿区,上落合１丁目,2020-06-19,12,道路上,その他,30歳代,その他,施錠せず
窃盗,自転車盗,戸塚,下落合駅前交番,131041,東京都,新宿区,上落合１丁目,2020-09-06,09,道路上,その他,10歳代,中学生,施錠せず
窃盗,自転車盗,戸塚,下落合駅前交番,131041,東京都,新宿区,下落合２丁目,2020-02-28,17,その他の住宅（３階建て以下共同住宅等）,駐車（輪）場,65-69歳,その他,施錠せず
窃盗,自転車盗,戸塚,下落合駅前交番,131041,東京都,新宿区,下落合３丁目,2020-01-31,17,４階建て以上共同住宅,駐車（輪）場,40歳代,その他,施錠せず
窃盗,自転車盗,戸塚,下落合駅前交番,131041,東京都,新宿区,下落合３丁目,2020-04-30,14,４階建て以上共同住宅,その他,70歳以上,その他,施錠せず
窃盗,自転車盗,戸塚,下落合駅前交番,131041,東京都,新宿区,下落合４丁目,2020-06-16,14,駐車（輪）場,駐車（輪）場,60-64歳,その他,施錠せず
窃盗,自転車盗,戸塚,下落合駅前交番,131041,東京都,新宿区,下落合４丁目,2020-08-04,11,一戸建住宅,駐車（輪）場,20歳代,その他,施錠せず
窃盗,自転車盗,戸塚,下落合駅前交番,131041,東京都,新宿区,高田馬場３丁目,2020-01-16,16,道路上,その他,70歳以上,その他,施錠せず
窃盗,自転車盗,戸塚,下落合駅前交番,131041,東京都,新宿区,中落合２丁目,2020-01-12,10,４階建て以上共同住宅,駐車（輪）場,30歳代,その他,施錠せず
窃盗,自転車盗,戸塚,下落合駅前交番,131041,東京都,新宿区,中落合２丁目,2020-02-21,14,４階建て以上共同住宅,駐車（輪）場,40歳代,その他,施錠せず
窃盗,自転車盗,戸塚,中落合交番,131041,東京都,新宿区,上落合３丁目,2020-08-26,14,道路上,その他,20歳代,その他,施錠せず
窃盗,自転車盗,戸塚,中落合交番,131041,東京都,新宿区,中井２丁目,2020-02-18,16,４階建て以上共同住宅,駐車（輪）場,20歳代,その他,施錠せず
窃盗,自転車盗,戸塚,中落合交番,131041,東京都,新宿区,中落合３丁目,2020-02-11,22,一戸建住宅,駐車（輪）場,10歳代,中学生,施錠せず
窃盗,自転車盗,戸塚,中落合交番,131041,東京都,新宿区,中落合４丁目,2020-07-11,03,道路上,その他,50歳代,その他,施錠せず
窃盗,自転車盗,戸塚,西落合交番,131041,東京都,新宿区,中落合３丁目,2020-07-02,11,その他,駐車（輪）場,60-64歳,その他,施錠せず
窃盗,自転車盗,戸塚,西落合交番,131041,東京都,新宿区,中落合３丁目,2020-07-15,13,４階建て以上共同住宅,駐車（輪）場,40歳代,その他,施錠せず
窃盗,自転車盗,戸塚,西落合交番,131041,東京都,新宿区,中落合４丁目,2020-03-19,20,一戸建住宅,その他,40歳代,その他,施錠せず
窃盗,自転車盗,戸塚,西落合交番,131041,東京都,新宿区,中落合４丁目,2020-11-04,13,一戸建住宅,その他,50歳代,その他,施錠せず
窃盗,自転車盗,戸塚,西落合交番,131041,東京都,新宿区,西落合１丁目,2020-06-11,18,一戸建住宅,駐車（輪）場,10歳代,高校生,施錠せず
窃盗,自転車盗,戸塚,西落合交番,131041,東京都,新宿区,西落合２丁目,2020-11-03,17,４階建て以上共同住宅,駐車（輪）場,50歳代,その他,施錠せず
窃盗,自転車盗,戸塚,西落合交番,131041,東京都,新宿区,西落合２丁目,2020-12-14,23,一戸建住宅,その他,50歳代,その他,施錠せず
窃盗,自転車盗,戸塚,西落合交番,131041,東京都,新宿区,西落合３丁目,2020-01-12,23,道路上,その他,20歳代,その他,施錠せず
窃盗,自転車盗,戸塚,西落合交番,131041,東京都,新宿区,西落合３丁目,2020-04-14,15,道路上,その他,30歳代,その他,施錠せず
窃盗,自転車盗,戸塚,西落合交番,131041,東京都,新宿区,西落合３丁目,2020-07-25,19,道路上,その他,50歳代,その他,施錠せず
窃盗,自転車盗,戸塚,西落合交番,131041,東京都,新宿区,西落合３丁目,2020-11-01,11,一戸建住宅,その他,10歳代,高校生,施錠せず
窃盗,自転車盗,戸塚,西落合交番,131041,東京都,新宿区,西落合３丁目,2020-11-01,18,道路上,その他,20歳代,その他,施錠せず
窃盗,自転車盗,戸塚,西落合交番,131041,東京都,新宿区,西落合４丁目,2020-05-01,16,一戸建住宅,その他,40歳代,その他,施錠せず
窃盗,自転車盗,戸塚,西落合交番,131041,東京都,新宿区,西落合４丁目,2020-08-28,20,その他の住宅（３階建て以下共同住宅等）,駐車（輪）場,20歳代,その他,施錠せず
窃盗,自転車盗,戸塚,上落合交番,131041,東京都,新宿区,上落合２丁目,2020-02-11,16,一戸建住宅,その他,10歳代,高校生,施錠せず
窃盗,自転車盗,戸塚,上落合交番,131041,東京都,新宿区,上落合２丁目,2020-10-30,02,その他,その他,20歳代,その他,施錠せず
窃盗,自転車盗,戸塚,上落合交番,131041,東京都,新宿区,上落合３丁目,2020-01-07,08,一戸建住宅,その他,30歳代,その他,施錠せず
窃盗,自転車盗,戸塚,上落合交番,131041,東京都,新宿区,上落合３丁目,2020-05-15,21,４階建て以上共同住宅,駐車（輪）場,10歳代,大学生,施錠せず
窃盗,自転車盗,戸塚,上落合交番,131041,東京都,新宿区,上落合３丁目,2020-06-20,13,４階建て以上共同住宅,駐車（輪）場,10歳代,中学生,施錠せず
窃盗,自転車盗,戸塚,上落合交番,131041,東京都,新宿区,上落合３丁目,2020-07-22,23,一戸建住宅,その他,30歳代,その他,施錠せず
窃盗,自転車盗,戸塚,下落合三丁目駐在所,131041,東京都,新宿区,下落合３丁目,2020-02-06,03,その他,その他,20歳代,その他,施錠せず
窃盗,自転車盗,戸塚,下落合三丁目駐在所,131041,東京都,新宿区,下落合３丁目,2020-07-12,08,４階建て以上共同住宅,駐車（輪）場,40歳代,その他,施錠せず
窃盗,自転車盗,戸塚,下落合三丁目駐在所,131041,東京都,新宿区,下落合４丁目,2020-05-10,13,その他,駐車（輪）場,10歳代,大学生,施錠せず
窃盗,自転車盗,四谷,四谷見附交番,131041,東京都,新宿区,四谷１丁目,2020-04-16,13,道路上,その他,30歳代,その他,施錠せず
窃盗,自転車盗,四谷,四谷見附交番,131041,東京都,新宿区,四谷１丁目,2020-05-01,20,道路上,その他,70歳以上,その他,施錠せず
窃盗,自転車盗,四谷,四谷見附交番,131041,東京都,新宿区,四谷１丁目,2020-10-24,16,道路上,その他,40歳代,その他,施錠せず
窃盗,自転車盗,四谷,四谷見附交番,131041,東京都,新宿区,四谷３丁目,2020-03-08,02,道路上,その他,40歳代,その他,施錠せず
窃盗,自転車盗,四谷,四谷見附交番,131041,東京都,新宿区,若葉１丁目,2020-09-25,22,４階建て以上共同住宅,駐車（輪）場,10歳代,大学生,施錠せず
窃盗,自転車盗,四谷,四谷見附交番,131041,東京都,新宿区,四谷坂町,2020-10-03,16,駐車（輪）場,駐車（輪）場,30歳代,その他,施錠せず
窃盗,自転車盗,四谷,四谷三丁目交番,131041,東京都,新宿区,愛住町,2020-09-10,13,道路上,その他,30歳代,その他,施錠せず
窃盗,自転車盗,四谷,四谷三丁目交番,131041,東京都,新宿区,新宿４丁目,2020-09-09,18,道路上,その他,10歳代,中学生,施錠せず
窃盗,自転車盗,四谷,四谷三丁目交番,131041,東京都,新宿区,舟町,2020-02-28,19,道路上,その他,30歳代,その他,施錠せず
窃盗,自転車盗,四谷,四谷三丁目交番,131041,東京都,新宿区,舟町,2020-08-19,12,道路上,その他,40歳代,その他,施錠せず
窃盗,自転車盗,四谷,四谷三丁目交番,131041,東京都,新宿区,舟町,2020-09-29,18,４階建て以上共同住宅,駐車（輪）場,30歳代,その他,施錠せず
窃盗,自転車盗,四谷,四谷三丁目交番,131041,東京都,新宿区,舟町,2020-11-22,23,道路上,その他,40歳代,その他,施錠せず
窃盗,自転車盗,四谷,四谷三丁目交番,131041,東京都,新宿区,四谷３丁目,2020-03-25,19,道路上,その他,20歳代,その他,施錠せず
窃盗,自転車盗,四谷,四谷三丁目交番,131041,東京都,新宿区,四谷３丁目,2020-04-27,08,道路上,その他,20歳代,その他,施錠せず
窃盗,自転車盗,四谷,四谷三丁目交番,131041,東京都,新宿区,四谷３丁目,2020-05-25,01,道路上,その他,20歳代,その他,施錠せず
窃盗,自転車盗,四谷,四谷三丁目交番,131041,東京都,新宿区,四谷４丁目,2020-01-05,19,４階建て以上共同住宅,駐車（輪）場,10歳代,中学生,施錠せず
窃盗,自転車盗,四谷,四谷三丁目交番,131041,東京都,新宿区,四谷４丁目,2020-01-10,21,道路上,その他,40歳代,その他,施錠せず
窃盗,自転車盗,四谷,四谷三丁目交番,131041,東京都,新宿区,四谷４丁目,2020-01-31,02,道路上,その他,20歳代,その他,施錠せず
窃盗,自転車盗,四谷,四谷三丁目交番,131041,東京都,新宿区,四谷４丁目,2020-06-24,17,道路上,その他,30歳代,その他,施錠せず
窃盗,自転車盗,四谷,四谷三丁目交番,131041,東京都,新宿区,四谷４丁目,2020-08-02,23,道路上,その他,30歳代,その他,施錠せず
窃盗,自転車盗,四谷,四谷三丁目交番,131041,東京都,新宿区,四谷４丁目,2020-10-27,18,道路上,その他,10歳代,中学生,施錠せず
窃盗,自転車盗,四谷,四谷三丁目交番,131041,東京都,新宿区,四谷４丁目,2020-11-26,21,駐車（輪）場,駐車（輪）場,20歳代,その他,施錠せず
窃盗,自転車盗,四谷,信濃町交番,131041,東京都,新宿区,左門町,2019-12-13,09,道路上,その他,50歳代,その他,施錠せず
窃盗,自転車盗,四谷,大京町交番,131041,東京都,新宿区,大京町,2020-09-12,02,駐車（輪）場,駐車（輪）場,20歳代,その他,施錠せず
窃盗,自転車盗,四谷,大京町交番,131041,東京都,新宿区,大京町,2020-09-20,07,道路上,その他,40歳代,その他,施錠せず
窃盗,自転車盗,四谷,大京町交番,131041,東京都,新宿区,大京町,2020-12-09,08,４階建て以上共同住宅,駐車（輪）場,20歳代,その他,施錠せず
窃盗,自転車盗,四谷,大京町交番,131041,東京都,新宿区,内藤町,2020-07-13,19,一戸建住宅,駐車（輪）場,50歳代,その他,施錠せず
窃盗,自転車盗,四谷,新宿交番,131041,東京都,新宿区,新宿１丁目,2019-12-27,15,駐車（輪）場,駐車（輪）場,30歳代,その他,施錠せず
窃盗,自転車盗,四谷,新宿交番,131041,東京都,新宿区,新宿１丁目,2020-03-22,18,その他,その他,30歳代,その他,施錠せず
窃盗,自転車盗,四谷,新宿交番,131041,東京都,新宿区,新宿１丁目,2020-11-03,21,道路上,その他,30歳代,その他,施錠せず
窃盗,自転車盗,四谷,新宿交番,131041,東京都,新宿区,新宿２丁目,2020-05-20,01,道路上,その他,20歳代,その他,施錠せず
窃盗,自転車盗,四谷,新宿交番,131041,東京都,新宿区,新宿２丁目,2020-05-27,18,道路上,その他,30歳代,その他,施錠せず
窃盗,自転車盗,四谷,新宿交番,131041,東京都,新宿区,新宿２丁目,2020-08-14,06,駐車（輪）場,駐車（輪）場,50歳代,その他,施錠せず
窃盗,自転車盗,四谷,新宿交番,131041,東京都,新宿区,新宿５丁目,2020-11-27,21,駐車（輪）場,駐車（輪）場,10歳代,高校生,施錠せず
窃盗,自転車盗,四谷,御苑大通交番,131041,東京都,新宿区,新宿１丁目,2020-05-16,20,道路上,その他,30歳代,その他,施錠せず
窃盗,自転車盗,四谷,御苑大通交番,131041,東京都,新宿区,新宿１丁目,2020-05-22,23,道路上,その他,20歳代,その他,施錠せず
窃盗,自転車盗,四谷,御苑大通交番,131041,東京都,新宿区,新宿１丁目,2020-05-30,17,４階建て以上共同住宅,その他,30歳代,その他,施錠せず
窃盗,自転車盗,四谷,御苑大通交番,131041,東京都,新宿区,新宿１丁目,2020-11-04,00,道路上,その他,50歳代,その他,施錠せず
窃盗,自転車盗,四谷,御苑大通交番,131041,東京都,新宿区,新宿２丁目,2020-02-25,00,駐車（輪）場,駐車（輪）場,40歳代,その他,施錠せず
窃盗,自転車盗,四谷,追分交番,131041,東京都,新宿区,新宿３丁目,2020-05-24,14,道路上,その他,65-69歳,その他,施錠せず
窃盗,自転車盗,四谷,追分交番,131041,東京都,新宿区,新宿３丁目,2020-07-30,06,駐車（輪）場,駐車（輪）場,65-69歳,その他,施錠せず
窃盗,自転車盗,四谷,追分交番,131041,東京都,新宿区,新宿３丁目,2020-08-22,19,駐車（輪）場,駐車（輪）場,40歳代,その他,施錠せず
窃盗,自転車盗,四谷,追分交番,131041,東京都,新宿区,新宿３丁目,2020-10-23,13,道路上,その他,20歳代,大学生,施錠せず
窃盗,自転車盗,四谷,花園交番,131041,東京都,新宿区,歌舞伎町１丁目,2020-05-04,14,道路上,その他,40歳代,その他,施錠せず
窃盗,自転車盗,四谷,花園交番,131041,東京都,新宿区,歌舞伎町１丁目,2020-06-28,21,４階建て以上共同住宅,駐車（輪）場,20歳代,その他,施錠せず
窃盗,自転車盗,四谷,花園交番,131041,東京都,新宿区,新宿５丁目,2020-02-17,12,道路上,その他,20歳代,その他,施錠せず
窃盗,自転車盗,四谷,花園交番,131041,東京都,新宿区,新宿５丁目,2020-02-17,16,道路上,その他,65-69歳,その他,施錠せず
窃盗,自転車盗,四谷,花園交番,131041,東京都,新宿区,新宿５丁目,2020-04-11,10,道路上,その他,30歳代,その他,施錠せず
窃盗,自転車盗,四谷,花園交番,131041,東京都,新宿区,新宿５丁目,2020-06-22,11,４階建て以上共同住宅,駐車（輪）場,20歳代,その他,施錠せず
窃盗,自転車盗,四谷,花園交番,131041,東京都,新宿区,新宿５丁目,2020-07-17,20,駐車（輪）場,駐車（輪）場,50歳代,その他,施錠せず
窃盗,自転車盗,四谷,花園交番,131041,東京都,新宿区,新宿５丁目,2020-11-04,22,駐車（輪）場,駐車（輪）場,10歳代,高校生,施錠せず
窃盗,自転車盗,四谷,花園交番,131041,東京都,新宿区,新宿５丁目,2020-11-16,04,駐車（輪）場,駐車（輪）場,30歳代,その他,施錠せず
窃盗,自転車盗,中野,中野坂上交番,131148,東京都,中野区,中央１丁目,2020-02-17,12,４階建て以上共同住宅,駐車（輪）場,40歳代,その他,施錠せず
窃盗,自転車盗,中野,中野坂上交番,131148,東京都,中野区,中央１丁目,2020-06-10,20,４階建て以上共同住宅,駐車（輪）場,65-69歳,その他,施錠せず
窃盗,自転車盗,中野,中野坂上交番,131148,東京都,中野区,中央１丁目,2020-07-28,00,その他,駐車（輪）場,30歳代,その他,施錠せず
窃盗,自転車盗,中野,中野坂上交番,131148,東京都,中野区,中央１丁目,2020-09-07,21,４階建て以上共同住宅,駐車（輪）場,30歳代,その他,施錠せず
窃盗,自転車盗,中野,中野坂上交番,131148,東京都,中野区,中央２丁目,2020-02-11,23,道路上,その他,30歳代,その他,施錠せず
窃盗,自転車盗,中野,中野坂上交番,131148,東京都,中野区,中央２丁目,2020-06-16,17,その他,駐車（輪）場,30歳代,その他,施錠せず
窃盗,自転車盗,中野,中野坂上交番,131148,東京都,中野区,中央２丁目,2020-06-21,14,４階建て以上共同住宅,駐車（輪）場,40歳代,その他,施錠せず
窃盗,自転車盗,中野,中野坂上交番,131148,東京都,中野区,中央２丁目,2020-06-26,23,その他,駐車（輪）場,20歳代,その他,施錠せず
窃盗,自転車盗,中野,中野坂上交番,131148,東京都,中野区,中央２丁目,2020-07-25,16,その他の住宅（３階建て以下共同住宅等）,その他,20歳代,その他,施錠せず
窃盗,自転車盗,中野,中野坂上交番,131148,東京都,中野区,中央２丁目,2020-10-04,10,一戸建住宅,駐車（輪）場,50歳代,その他,施錠せず
窃盗,自転車盗,中野,中野坂上交番,131148,東京都,中野区,本町１丁目,2019-12-06,21,その他,その他,40歳代,その他,施錠せず
窃盗,自転車盗,中野,中野坂上交番,131148,東京都,中野区,本町１丁目,2020-01-30,21,その他の住宅（３階建て以下共同住宅等）,その他,20歳代,その他,施錠せず
窃盗,自転車盗,中野,中野坂上交番,131148,東京都,中野区,本町１丁目,2020-05-09,01,道路上,その他,20歳代,その他,施錠せず
窃盗,自転車盗,中野,中野坂上交番,131148,東京都,中野区,本町１丁目,2020-06-13,20,道路上,その他,40歳代,その他,施錠せず
窃盗,自転車盗,中野,中野坂上交番,131148,東京都,中野区,本町１丁目,2020-06-17,09,４階建て以上共同住宅,駐車（輪）場,30歳代,その他,施錠せず
窃盗,自転車盗,中野,中野坂上交番,131148,東京都,中野区,本町１丁目,2020-06-20,01,その他の住宅（３階建て以下共同住宅等）,駐車（輪）場,50歳代,その他,施錠せず
窃盗,自転車盗,中野,中野坂上交番,131148,東京都,中野区,本町１丁目,2020-09-30,19,道路上,その他,30歳代,その他,施錠せず
窃盗,自転車盗,中野,中野坂上交番,131148,東京都,中野区,本町１丁目,2020-11-17,00,その他,駐車（輪）場,65-69歳,その他,施錠せず
窃盗,自転車盗,中野,中野坂上交番,131148,東京都,中野区,本町２丁目,2020-03-27,20,４階建て以上共同住宅,駐車（輪）場,30歳代,その他,施錠せず
窃盗,自転車盗,中野,中野坂上交番,131148,東京都,中野区,弥生町１丁目,2020-09-11,23,４階建て以上共同住宅,駐車（輪）場,20歳代,その他,施錠せず
窃盗,自転車盗,中野,中野坂上交番,131148,東京都,中野区,弥生町１丁目,2020-10-07,20,４階建て以上共同住宅,その他,70歳以上,その他,施錠せず
窃盗,自転車盗,中野,東中野駅前交番,131148,東京都,中野区,東中野１丁目,2020-03-12,12,その他の住宅（３階建て以下共同住宅等）,駐車（輪）場,30歳代,その他,施錠せず
窃盗,自転車盗,中野,東中野駅前交番,131148,東京都,中野区,東中野１丁目,2020-03-21,18,一戸建住宅,その他,50歳代,その他,施錠せず
窃盗,自転車盗,中野,東中野駅前交番,131148,東京都,中野区,東中野１丁目,2020-03-27,13,道路上,その他,10歳代,その他,施錠せず
窃盗,自転車盗,中野,東中野駅前交番,131148,東京都,中野区,東中野１丁目,2020-11-04,20,その他の住宅（３階建て以下共同住宅等）,その他,10歳代,その他,施錠せず
窃盗,自転車盗,中野,東中野駅前交番,131148,東京都,中野区,東中野１丁目,2020-11-05,13,その他,駐車（輪）場,20歳代,その他,施錠せず
窃盗,自転車盗,中野,東中野駅前交番,131148,東京都,中野区,東中野１丁目,2020-11-26,21,その他の住宅（３階建て以下共同住宅等）,駐車（輪）場,20歳代,その他,施錠せず
窃盗,自転車盗,中野,東中野駅前交番,131148,東京都,中野区,東中野１丁目,2020-12-03,21,４階建て以上共同住宅,駐車（輪）場,30歳代,その他,施錠せず
窃盗,自転車盗,中野,東中野駅前交番,131148,東京都,中野区,東中野１丁目,2020-12-13,10,４階建て以上共同住宅,駐車（輪）場,10歳代,小学生,施錠せず
窃盗,自転車盗,中野,東中野駅前交番,131148,東京都,中野区,東中野１丁目,2020-12-23,20,その他の住宅（３階建て以下共同住宅等）,駐車（輪）場,20歳代,その他,施錠せず
窃盗,自転車盗,中野,東中野駅前交番,131148,東京都,中野区,東中野２丁目,2020-04-09,23,その他の住宅（３階建て以下共同住宅等）,駐車（輪）場,20歳代,その他,施錠せず
窃盗,自転車盗,中野,東中野駅前交番,131148,東京都,中野区,東中野２丁目,2020-08-12,00,４階建て以上共同住宅,駐車（輪）場,20歳代,その他,施錠せず
窃盗,自転車盗,中野,東中野駅前交番,131148,東京都,中野区,東中野２丁目,2020-09-08,19,その他の住宅（３階建て以下共同住宅等）,駐車（輪）場,20歳代,その他,施錠せず
窃盗,自転車盗,中野,東中野駅前交番,131148,東京都,中野区,東中野２丁目,2020-11-30,21,一戸建住宅,その他,10歳代,小学生,施錠せず
窃盗,自転車盗,中野,東中野駅前交番,131148,東京都,中野区,東中野４丁目,2020-03-20,08,その他の住宅（３階建て以下共同住宅等）,その他,20歳代,その他,施錠せず
窃盗,自転車盗,中野,東中野駅前交番,131148,東京都,中野区,東中野４丁目,2020-08-29,21,４階建て以上共同住宅,駐車（輪）場,30歳代,その他,施錠せず
窃盗,自転車盗,中野,東中野駅前交番,131148,東京都,中野区,東中野４丁目,2020-11-25,01,４階建て以上共同住宅,その他,40歳代,その他,施錠せず
窃盗,自転車盗,中野,東中野駅前交番,131148,東京都,中野区,東中野４丁目,2020-12-24,17,４階建て以上共同住宅,その他,65-69歳,その他,施錠せず
窃盗,自転車盗,中野,東中野駅前交番,131148,東京都,中野区,東中野５丁目,2020-08-26,23,４階建て以上共同住宅,その他,30歳代,その他,施錠せず
窃盗,自転車盗,中野,東中野駅前交番,131148,東京都,中野区,東中野５丁目,2020-12-18,16,一戸建住宅,その他,50歳代,その他,施錠せず
窃盗,自転車盗,中野,東中野駅前交番,131148,東京都,中野区,東中野５丁目,2020-12-19,12,４階建て以上共同住宅,駐車（輪）場,50歳代,その他,施錠せず
窃盗,自転車盗,中野,早稲田通交番,131148,東京都,中野区,上高田１丁目,2020-02-13,20,その他の住宅（３階建て以下共同住宅等）,駐車（輪）場,30歳代,その他,施錠せず
窃盗,自転車盗,中野,早稲田通交番,131148,東京都,中野区,上高田２丁目,2020-02-13,00,その他の住宅（３階建て以下共同住宅等）,駐車（輪）場,20歳代,その他,施錠せず
窃盗,自転車盗,中野,早稲田通交番,131148,東京都,中野区,中野１丁目,2020-01-25,01,４階建て以上共同住宅,駐車（輪）場,20歳代,その他,施錠せず
窃盗,自転車盗,中野,早稲田通交番,131148,東京都,中野区,中野１丁目,2020-02-13,08,一戸建住宅,その他,10歳代,小学生,施錠せず
窃盗,自転車盗,中野,早稲田通交番,131148,東京都,中野区,中野１丁目,2020-03-23,16,道路上,その他,30歳代,その他,施錠せず
窃盗,自転車盗,中野,早稲田通交番,131148,東京都,中野区,中野１丁目,2020-06-11,17,道路上,その他,65-69歳,その他,施錠せず
窃盗,自転車盗,中野,早稲田通交番,131148,東京都,中野区,中野１丁目,2020-08-19,17,４階建て以上共同住宅,駐車（輪）場,40歳代,その他,施錠せず
窃盗,自転車盗,中野,早稲田通交番,131148,東京都,中野区,中野１丁目,2020-12-16,07,一戸建住宅,駐車（輪）場,40歳代,その他,施錠せず
窃盗,自転車盗,中野,早稲田通交番,131148,東京都,中野区,中野４丁目,2020-08-03,01,４階建て以上共同住宅,駐車（輪）場,20歳代,大学生,施錠せず
窃盗,自転車盗,中野,早稲田通交番,131148,東京都,中野区,中野５丁目,2020-02-12,08,その他,駐車（輪）場,20歳代,その他,施錠せず
窃盗,自転車盗,中野,早稲田通交番,131148,東京都,中野区,中野５丁目,2020-04-09,19,その他の住宅（３階建て以下共同住宅等）,駐車（輪）場,30歳代,その他,施錠せず
窃盗,自転車盗,中野,早稲田通交番,131148,東京都,中野区,中野５丁目,2020-05-20,01,その他,駐車（輪）場,50歳代,その他,施錠せず
窃盗,自転車盗,中野,早稲田通交番,131148,東京都,中野区,中野５丁目,2020-07-14,21,その他の住宅（３階建て以下共同住宅等）,駐車（輪）場,40歳代,その他,施錠せず
窃盗,自転車盗,中野,早稲田通交番,131148,東京都,中野区,中野５丁目,2020-07-18,15,道路上,その他,40歳代,その他,施錠せず
窃盗,自転車盗,中野,早稲田通交番,131148,東京都,中野区,中野５丁目,2020-08-24,16,その他の住宅（３階建て以下共同住宅等）,駐車（輪）場,20歳代,その他,施錠せず
窃盗,自転車盗,中野,早稲田通交番,131148,東京都,中野区,中野５丁目,2020-09-07,20,一戸建住宅,駐車（輪）場,10歳代,中学生,施錠せず
窃盗,自転車盗,中野,早稲田通交番,131148,東京都,中野区,中野６丁目,2020-03-18,16,道路上,その他,20歳代,その他,施錠せず
窃盗,自転車盗,中野,早稲田通交番,131148,東京都,中野区,中野６丁目,2020-03-27,18,４階建て以上共同住宅,その他,30歳代,その他,施錠せず
窃盗,自転車盗,中野,早稲田通交番,131148,東京都,中野区,中野６丁目,2020-05-16,17,その他の住宅（３階建て以下共同住宅等）,その他,30歳代,その他,施錠せず
窃盗,自転車盗,中野,早稲田通交番,131148,東京都,中野区,中野６丁目,2020-11-14,02,道路上,その他,10歳代,高校生,施錠せず
窃盗,自転車盗,中野,早稲田通交番,131148,東京都,中野区,東中野３丁目,2020-03-16,13,道路上,その他,10歳代,高校生,施錠せず
窃盗,自転車盗,中野,早稲田通交番,131148,東京都,中野区,東中野３丁目,2020-03-26,20,道路上,その他,20歳代,その他,施錠せず
窃盗,自転車盗,中野,早稲田通交番,131148,東京都,中野区,東中野３丁目,2020-11-28,04,道路上,その他,40歳代,その他,施錠せず
窃盗,自転車盗,中野,中野駅前交番,131148,東京都,中野区,中央１丁目,2020-09-20,02,４階建て以上共同住宅,駐車（輪）場,20歳代,その他,施錠せず
窃盗,自転車盗,中野,中野駅前交番,131148,東京都,中野区,中央３丁目,2020-03-16,02,道路上,その他,30歳代,その他,施錠せず
窃盗,自転車盗,中野,中野駅前交番,131148,東京都,中野区,中央４丁目,2020-04-09,04,道路上,その他,30歳代,その他,施錠せず
窃盗,自転車盗,中野,中野駅前交番,131148,東京都,中野区,中野２丁目,2020-02-02,14,道路上,その他,30歳代,その他,施錠せず
窃盗,自転車盗,中野,中野駅前交番,131148,東京都,中野区,中野２丁目,2020-03-30,22,道路上,その他,30歳代,その他,施錠せず
窃盗,自転車盗,中野,中野駅前交番,131148,東京都,中野区,中野２丁目,2020-07-18,13,４階建て以上共同住宅,駐車（輪）場,70歳以上,その他,施錠せず
窃盗,自転車盗,中野,中野駅前交番,131148,東京都,中野区,中野２丁目,2020-08-10,18,その他,駐車（輪）場,30歳代,その他,施錠せず
窃盗,自転車盗,中野,中野駅前交番,131148,東京都,中野区,中野２丁目,2020-08-23,16,道路上,その他,30歳代,その他,施錠せず
窃盗,自転車盗,中野,中野駅前交番,131148,東京都,中野区,中野２丁目,2020-09-24,23,道路上,その他,40歳代,その他,施錠せず
窃盗,自転車盗,中野,中野駅前交番,131148,東京都,中野区,中野２丁目,2020-10-26,09,その他,駐車（輪）場,20歳代,その他,施錠せず
窃盗,自転車盗,中野,中野駅前交番,131148,東京都,中野区,中野２丁目,2020-11-08,21,道路上,その他,20歳代,大学生,施錠せず
窃盗,自転車盗,中野,中野駅前交番,131148,東京都,中野区,中野２丁目,2020-11-16,06,その他の住宅（３階建て以下共同住宅等）,駐車（輪）場,20歳代,大学生,施錠せず
窃盗,自転車盗,中野,中野駅前交番,131148,東京都,中野区,中野２丁目,2020-11-20,18,道路上,その他,20歳代,その他,施錠せず
窃盗,自転車盗,中野,中野駅前交番,131148,東京都,中野区,中野２丁目,2020-12-01,18,その他,駐車（輪）場,50歳代,その他,施錠せず
窃盗,自転車盗,中野,中野駅前交番,131148,東京都,中野区,中野３丁目,2020-07-29,15,その他の住宅（３階建て以下共同住宅等）,駐車（輪）場,40歳代,その他,施錠せず
窃盗,自転車盗,中野,中野駅前交番,131148,東京都,中野区,中野３丁目,2020-08-06,20,道路上,その他,30歳代,その他,施錠せず
窃盗,自転車盗,中野,中野駅前交番,131148,東京都,中野区,中野３丁目,2020-08-24,02,その他,駐車（輪）場,20歳代,その他,施錠せず
窃盗,自転車盗,中野,中野駅前交番,131148,東京都,中野区,中野３丁目,2020-09-04,01,その他,その他,30歳代,その他,施錠せず
窃盗,自転車盗,中野,中野駅前交番,131148,東京都,中野区,中野３丁目,2020-10-31,21,４階建て以上共同住宅,駐車（輪）場,50歳代,その他,施錠せず
窃盗,自転車盗,中野,中野駅前交番,131148,東京都,中野区,中野４丁目,2020-09-06,17,４階建て以上共同住宅,駐車（輪）場,40歳代,その他,施錠せず
窃盗,自転車盗,中野,中野駅前交番,131148,東京都,中野区,中野５丁目,2020-02-06,07,その他,駐車（輪）場,20歳代,その他,施錠せず
窃盗,自転車盗,中野,中野駅前交番,131148,東京都,中野区,中野５丁目,2020-02-08,14,その他,駐車（輪）場,20歳代,その他,施錠せず
窃盗,自転車盗,中野,中野駅前交番,131148,東京都,中野区,中野５丁目,2020-03-01,12,道路上,その他,20歳代,大学生,施錠せず
窃盗,自転車盗,中野,中野駅前交番,131148,東京都,中野区,中野５丁目,2020-03-06,16,道路上,その他,50歳代,その他,施錠せず
窃盗,自転車盗,中野,中野駅前交番,131148,東京都,中野区,中野５丁目,2020-03-24,18,道路上,その他,30歳代,その他,施錠せず
窃盗,自転車盗,中野,中野駅前交番,131148,東京都,中野区,中野５丁目,2020-03-31,20,道路上,その他,20歳代,その他,施錠せず
窃盗,自転車盗,中野,中野駅前交番,131148,東京都,中野区,中野５丁目,2020-05-04,11,道路上,その他,30歳代,その他,施錠せず
窃盗,自転車盗,中野,中野駅前交番,131148,東京都,中野区,中野５丁目,2020-06-14,13,道路上,その他,20歳代,その他,施錠せず
窃盗,自転車盗,中野,中野駅前交番,131148,東京都,中野区,中野５丁目,2020-06-18,02,道路上,その他,30歳代,その他,施錠せず
窃盗,自転車盗,中野,中野駅前交番,131148,東京都,中野区,中野５丁目,2020-07-12,01,道路上,その他,40歳代,その他,施錠せず
窃盗,自転車盗,中野,中野駅前交番,131148,東京都,中野区,中野５丁目,2020-08-05,12,その他,駐車（輪）場,65-69歳,その他,施錠せず
窃盗,自転車盗,中野,中野駅前交番,131148,東京都,中野区,中野５丁目,2020-08-08,14,その他,駐車（輪）場,30歳代,その他,施錠せず
窃盗,自転車盗,中野,中野駅前交番,131148,東京都,中野区,中野５丁目,2020-08-20,16,道路上,その他,10歳代,中学生,施錠せず
窃盗,自転車盗,中野,中野駅前交番,131148,東京都,中野区,中野５丁目,2020-09-16,21,道路上,その他,30歳代,その他,施錠せず
窃盗,自転車盗,中野,中野駅前交番,131148,東京都,中野区,中野５丁目,2020-10-03,18,道路上,その他,20歳代,大学生,施錠せず
窃盗,自転車盗,中野,中野駅前交番,131148,東京都,中野区,中野５丁目,2020-10-20,18,道路上,その他,40歳代,その他,施錠せず
窃盗,自転車盗,中野,中野駅前交番,131148,東京都,中野区,中野５丁目,2020-11-27,01,道路上,その他,10歳代,大学生,施錠せず
窃盗,自転車盗,中野,中野駅前交番,131148,東京都,中野区,中野５丁目,2020-12-07,13,駐車（輪）場,駐車（輪）場,30歳代,その他,施錠せず
窃盗,自転車盗,中野,本郷通交番,131148,東京都,中野区,本町５丁目,2020-03-16,16,一戸建住宅,その他,40歳代,その他,施錠せず
窃盗,自転車盗,中野,本郷通交番,131148,東京都,中野区,本町５丁目,2020-05-06,18,その他,その他,30歳代,その他,施錠せず
窃盗,自転車盗,中野,本郷通交番,131148,東京都,中野区,本町５丁目,2020-07-26,19,一戸建住宅,駐車（輪）場,30歳代,その他,施錠せず
窃盗,自転車盗,中野,本郷通交番,131148,東京都,中野区,弥生町１丁目,2020-02-08,00,その他の住宅（３階建て以下共同住宅等）,駐車（輪）場,30歳代,その他,施錠せず
窃盗,自転車盗,中野,本郷通交番,131148,東京都,中野区,弥生町１丁目,2020-10-21,16,一戸建住宅,駐車（輪）場,40歳代,その他,施錠せず
窃盗,自転車盗,中野,本郷通交番,131148,東京都,中野区,弥生町１丁目,2020-11-24,13,その他,その他,50歳代,その他,施錠せず
窃盗,自転車盗,中野,本郷通交番,131148,東京都,中野区,弥生町１丁目,2020-11-26,14,その他,駐車（輪）場,30歳代,その他,施錠せず
窃盗,自転車盗,中野,本郷通交番,131148,東京都,中野区,弥生町１丁目,2020-12-13,23,その他の住宅（３階建て以下共同住宅等）,駐車（輪）場,40歳代,その他,施錠せず
窃盗,自転車盗,中野,本郷通交番,131148,東京都,中野区,弥生町１丁目,2020-12-14,11,その他の住宅（３階建て以下共同住宅等）,駐車（輪）場,30歳代,その他,施錠せず
窃盗,自転車盗,中野,本郷通交番,131148,東京都,中野区,弥生町１丁目,2020-12-23,18,その他の住宅（３階建て以下共同住宅等）,駐車（輪）場,20歳代,その他,施錠せず
窃盗,自転車盗,中野,本郷通交番,131148,東京都,中野区,弥生町２丁目,2020-01-29,18,その他の住宅（３階建て以下共同住宅等）,その他,40歳代,その他,施錠せず
窃盗,自転車盗,中野,本郷通交番,131148,東京都,中野区,弥生町２丁目,2020-02-23,21,４階建て以上共同住宅,駐車（輪）場,30歳代,その他,施錠せず
窃盗,自転車盗,中野,本郷通交番,131148,東京都,中野区,弥生町２丁目,2020-03-01,10,４階建て以上共同住宅,駐車（輪）場,65-69歳,その他,施錠せず
窃盗,自転車盗,中野,本郷通交番,131148,東京都,中野区,弥生町２丁目,2020-03-07,12,駐車（輪）場,駐車（輪）場,40歳代,その他,施錠せず
窃盗,自転車盗,中野,本郷通交番,131148,東京都,中野区,弥生町２丁目,2020-05-10,01,その他の住宅（３階建て以下共同住宅等）,その他,20歳代,その他,施錠せず
窃盗,自転車盗,中野,本郷通交番,131148,東京都,中野区,弥生町２丁目,2020-05-14,17,４階建て以上共同住宅,駐車（輪）場,65-69歳,その他,施錠せず
窃盗,自転車盗,中野,本郷通交番,131148,東京都,中野区,弥生町２丁目,2020-06-03,13,４階建て以上共同住宅,駐車（輪）場,法人・団体、被害者なし,法人・団体、被害者なし,施錠せず
窃盗,自転車盗,中野,本郷通交番,131148,東京都,中野区,弥生町２丁目,2020-06-17,12,道路上,その他,30歳代,その他,施錠せず
窃盗,自転車盗,中野,本郷通交番,131148,東京都,中野区,弥生町２丁目,2020-06-25,18,４階建て以上共同住宅,駐車（輪）場,30歳代,その他,施錠せず
窃盗,自転車盗,中野,本郷通交番,131148,東京都,中野区,弥生町２丁目,2020-06-26,07,４階建て以上共同住宅,駐車（輪）場,30歳代,その他,施錠せず
窃盗,自転車盗,中野,本郷通交番,131148,東京都,中野区,弥生町２丁目,2020-08-07,06,その他の住宅（３階建て以下共同住宅等）,駐車（輪）場,65-69歳,その他,施錠せず
窃盗,自転車盗,中野,本郷通交番,131148,東京都,中野区,弥生町２丁目,2020-09-03,06,４階建て以上共同住宅,駐車（輪）場,60-64歳,その他,施錠せず
窃盗,自転車盗,中野,本郷通交番,131148,東京都,中野区,弥生町３丁目,2020-04-28,22,４階建て以上共同住宅,駐車（輪）場,30歳代,その他,施錠せず
窃盗,自転車盗,中野,本郷通交番,131148,東京都,中野区,弥生町３丁目,2020-05-06,11,４階建て以上共同住宅,駐車（輪）場,70歳以上,その他,施錠せず
窃盗,自転車盗,中野,本郷通交番,131148,東京都,中野区,弥生町３丁目,2020-05-31,15,４階建て以上共同住宅,駐車（輪）場,50歳代,その他,施錠せず
窃盗,自転車盗,中野,本郷通交番,131148,東京都,中野区,弥生町３丁目,2020-08-29,20,その他の住宅（３階建て以下共同住宅等）,その他,10歳代,中学生,施錠せず
窃盗,自転車盗,中野,鍋屋横丁交番,131148,東京都,中野区,中央２丁目,2020-01-24,23,駐車（輪）場,駐車（輪）場,30歳代,その他,施錠せず
窃盗,自転車盗,中野,鍋屋横丁交番,131148,東京都,中野区,中央２丁目,2020-03-12,05,４階建て以上共同住宅,駐車（輪）場,65-69歳,その他,施錠せず
窃盗,自転車盗,中野,鍋屋横丁交番,131148,東京都,中野区,中央２丁目,2020-12-09,15,その他の住宅（３階建て以下共同住宅等）,駐車（輪）場,20歳代,その他,施錠せず
窃盗,自転車盗,中野,鍋屋横丁交番,131148,東京都,中野区,中央３丁目,2020-08-12,02,道路上,その他,20歳代,その他,施錠せず
窃盗,自転車盗,中野,鍋屋横丁交番,131148,東京都,中野区,中央３丁目,2020-11-03,09,道路上,その他,40歳代,その他,施錠せず
窃盗,自転車盗,中野,鍋屋横丁交番,131148,東京都,中野区,中央４丁目,2020-01-21,07,道路上,その他,30歳代,その他,施錠せず
窃盗,自転車盗,中野,鍋屋横丁交番,131148,東京都,中野区,本町３丁目,2019-12-26,07,その他の住宅（３階建て以下共同住宅等）,その他,20歳代,大学生,施錠せず
窃盗,自転車盗,中野,鍋屋横丁交番,131148,東京都,中野区,本町３丁目,2020-03-27,23,４階建て以上共同住宅,駐車（輪）場,30歳代,その他,施錠せず
窃盗,自転車盗,中野,鍋屋横丁交番,131148,東京都,中野区,本町３丁目,2020-07-04,17,４階建て以上共同住宅,駐車（輪）場,30歳代,その他,施錠せず
窃盗,自転車盗,中野,鍋屋横丁交番,131148,東京都,中野区,本町３丁目,2020-07-30,21,その他の住宅（３階建て以下共同住宅等）,駐車（輪）場,10歳代,その他,施錠せず
窃盗,自転車盗,中野,鍋屋横丁交番,131148,東京都,中野区,本町３丁目,2020-09-11,03,道路上,その他,40歳代,その他,施錠せず
窃盗,自転車盗,中野,鍋屋横丁交番,131148,東京都,中野区,本町３丁目,2020-09-27,13,４階建て以上共同住宅,駐車（輪）場,10歳代,大学生,施錠せず
窃盗,自転車盗,中野,鍋屋横丁交番,131148,東京都,中野区,本町３丁目,2020-11-01,01,その他の住宅（３階建て以下共同住宅等）,駐車（輪）場,20歳代,その他,施錠せず
窃盗,自転車盗,中野,鍋屋横丁交番,131148,東京都,中野区,本町４丁目,2020-05-26,18,４階建て以上共同住宅,駐車（輪）場,30歳代,その他,施錠せず
窃盗,自転車盗,中野,鍋屋横丁交番,131148,東京都,中野区,本町５丁目,2020-11-14,22,道路上,その他,20歳代,大学生,施錠せず
窃盗,自転車盗,中野,南台交番,131148,東京都,中野区,南台１丁目,2020-02-12,21,その他の住宅（３階建て以下共同住宅等）,その他,30歳代,その他,施錠せず
窃盗,自転車盗,中野,南台交番,131148,東京都,中野区,南台２丁目,2019-12-02,21,一戸建住宅,その他,30歳代,その他,施錠せず
窃盗,自転車盗,中野,南台交番,131148,東京都,中野区,南台２丁目,2019-12-15,00,道路上,その他,20歳代,その他,施錠せず
窃盗,自転車盗,中野,南台交番,131148,東京都,中野区,南台２丁目,2020-02-22,19,４階建て以上共同住宅,駐車（輪）場,20歳代,その他,施錠せず
窃盗,自転車盗,中野,南台交番,131148,東京都,中野区,南台２丁目,2020-02-29,22,その他の住宅（３階建て以下共同住宅等）,駐車（輪）場,20歳代,その他,施錠せず
窃盗,自転車盗,中野,南台交番,131148,東京都,中野区,南台２丁目,2020-03-29,16,一戸建住宅,その他,65-69歳,その他,施錠せず
窃盗,自転車盗,中野,南台交番,131148,東京都,中野区,南台２丁目,2020-04-19,15,道路上,その他,50歳代,その他,施錠せず
窃盗,自転車盗,中野,南台交番,131148,東京都,中野区,南台２丁目,2020-05-07,12,４階建て以上共同住宅,駐車（輪）場,30歳代,その他,施錠せず
窃盗,自転車盗,中野,南台交番,131148,東京都,中野区,南台２丁目,2020-06-10,01,道路上,その他,50歳代,その他,施錠せず
窃盗,自転車盗,中野,南台交番,131148,東京都,中野区,南台２丁目,2020-09-13,00,４階建て以上共同住宅,駐車（輪）場,20歳代,その他,施錠せず
窃盗,自転車盗,中野,南台交番,131148,東京都,中野区,南台３丁目,2019-12-01,00,その他の住宅（３階建て以下共同住宅等）,その他,30歳代,その他,施錠せず
窃盗,自転車盗,中野,南台交番,131148,東京都,中野区,南台３丁目,2020-02-18,08,その他の住宅（３階建て以下共同住宅等）,その他,10歳代,小学生,施錠せず
窃盗,自転車盗,中野,南台交番,131148,東京都,中野区,南台３丁目,2020-03-26,19,４階建て以上共同住宅,その他,30歳代,その他,施錠せず
窃盗,自転車盗,中野,南台交番,131148,東京都,中野区,南台３丁目,2020-06-27,02,４階建て以上共同住宅,その他,30歳代,その他,施錠せず
窃盗,自転車盗,中野,南台交番,131148,東京都,中野区,南台３丁目,2020-09-04,20,４階建て以上共同住宅,駐車（輪）場,20歳代,その他,施錠せず
窃盗,自転車盗,中野,南台交番,131148,東京都,中野区,南台４丁目,2020-08-13,19,４階建て以上共同住宅,駐車（輪）場,30歳代,その他,施錠せず
窃盗,自転車盗,中野,南台交番,131148,東京都,中野区,南台４丁目,2020-09-19,20,一戸建住宅,駐車（輪）場,20歳代,大学生,施錠せず
窃盗,自転車盗,中野,南台交番,131148,東京都,中野区,南台４丁目,2020-12-08,13,４階建て以上共同住宅,駐車（輪）場,20歳代,その他,施錠せず
窃盗,自転車盗,中野,南台交番,131148,東京都,中野区,南台５丁目,2020-02-27,15,４階建て以上共同住宅,その他,20歳代,大学生,施錠せず
窃盗,自転車盗,中野,南台交番,131148,東京都,中野区,南台５丁目,2020-05-29,17,４階建て以上共同住宅,駐車（輪）場,10歳未満,小学生,施錠せず
窃盗,自転車盗,中野,南台交番,131148,東京都,中野区,南台５丁目,2020-10-07,19,その他,駐車（輪）場,50歳代,その他,施錠せず
窃盗,自転車盗,中野,南台交番,131148,東京都,中野区,弥生町４丁目,2019-12-30,19,その他の住宅（３階建て以下共同住宅等）,駐車（輪）場,40歳代,その他,施錠せず
窃盗,自転車盗,中野,南台交番,131148,東京都,中野区,弥生町４丁目,2020-05-28,20,４階建て以上共同住宅,その他,20歳代,その他,施錠せず
窃盗,自転車盗,中野,南台交番,131148,東京都,中野区,弥生町５丁目,2020-02-11,22,４階建て以上共同住宅,その他,50歳代,その他,施錠せず
窃盗,自転車盗,中野,南台交番,131148,東京都,中野区,弥生町５丁目,2020-06-03,13,その他,駐車（輪）場,40歳代,その他,施錠せず
窃盗,自転車盗,中野,南台交番,131148,東京都,中野区,弥生町５丁目,2020-08-01,12,４階建て以上共同住宅,駐車（輪）場,20歳代,その他,施錠せず
窃盗,自転車盗,中野,南台交番,131148,東京都,中野区,弥生町５丁目,2020-10-01,15,その他の住宅（３階建て以下共同住宅等）,駐車（輪）場,20歳代,その他,施錠せず
窃盗,自転車盗,中野,南台交番,131148,東京都,中野区,弥生町５丁目,2020-11-20,17,４階建て以上共同住宅,駐車（輪）場,20歳代,大学生,施錠せず
窃盗,自転車盗,中野,昭和さくら駐在所,131148,東京都,中野区,新井１丁目,2020-12-01,14,道路上,その他,65-69歳,その他,施錠せず
窃盗,自転車盗,中野,昭和さくら駐在所,131148,東京都,中野区,中野６丁目,2020-10-07,16,４階建て以上共同住宅,駐車（輪）場,40歳代,その他,施錠せず
窃盗,自転車盗,中野,昭和さくら駐在所,131148,東京都,中野区,中野６丁目,2020-12-03,18,その他の住宅（３階建て以下共同住宅等）,駐車（輪）場,30歳代,その他,施錠せず
窃盗,自転車盗,中野,中央五丁目交番,131148,東京都,中野区,中央４丁目,2020-03-10,21,一戸建住宅,駐車（輪）場,65-69歳,その他,施錠せず
窃盗,自転車盗,中野,中央五丁目交番,131148,東京都,中野区,中央４丁目,2020-03-17,12,４階建て以上共同住宅,駐車（輪）場,50歳代,その他,施錠せず
窃盗,自転車盗,中野,中央五丁目交番,131148,東京都,中野区,中央４丁目,2020-06-22,01,道路上,その他,30歳代,その他,施錠せず
窃盗,自転車盗,中野,中央五丁目交番,131148,東京都,中野区,中央５丁目,2020-01-28,14,道路上,その他,30歳代,その他,施錠せず
窃盗,自転車盗,中野,中央五丁目交番,131148,東京都,中野区,中央５丁目,2020-05-28,16,一戸建住宅,その他,50歳代,その他,施錠せず
窃盗,自転車盗,中野,中央五丁目交番,131148,東京都,中野区,中央５丁目,2020-07-02,19,一戸建住宅,その他,40歳代,その他,施錠せず
窃盗,自転車盗,中野,中央五丁目交番,131148,東京都,中野区,中央５丁目,2020-10-25,20,その他,駐車（輪）場,30歳代,その他,施錠せず
窃盗,自転車盗,中野,中央五丁目交番,131148,東京都,中野区,中央５丁目,2020-12-07,10,その他,駐車（輪）場,30歳代,その他,施錠せず
窃盗,自転車盗,中野,中央五丁目交番,131148,東京都,中野区,本町４丁目,2020-01-17,18,４階建て以上共同住宅,駐車（輪）場,20歳代,その他,施錠せず
窃盗,自転車盗,中野,中央五丁目交番,131148,東京都,中野区,本町４丁目,2020-03-16,00,道路上,その他,70歳以上,その他,施錠せず
窃盗,自転車盗,中野,中央五丁目交番,131148,東京都,中野区,本町４丁目,2020-03-18,18,４階建て以上共同住宅,駐車（輪）場,40歳代,その他,施錠せず
窃盗,自転車盗,中野,中央五丁目交番,131148,東京都,中野区,本町４丁目,2020-09-08,12,その他の住宅（３階建て以下共同住宅等）,駐車（輪）場,40歳代,その他,施錠せず
窃盗,自転車盗,中野,中央五丁目交番,131148,東京都,中野区,本町６丁目,2020-02-28,09,４階建て以上共同住宅,駐車（輪）場,50歳代,その他,施錠せず
窃盗,自転車盗,中野,中央五丁目交番,131148,東京都,中野区,本町６丁目,2020-03-07,17,道路上,その他,10歳代,小学生,施錠せず
窃盗,自転車盗,中野,中央五丁目交番,131148,東京都,中野区,本町６丁目,2020-06-18,10,道路上,その他,30歳代,その他,施錠せず
窃盗,自転車盗,中野,中央五丁目交番,131148,東京都,中野区,本町６丁目,2020-07-10,06,道路上,その他,50歳代,その他,施錠せず
窃盗,自転車盗,野方,薬師駅前交番,131148,東京都,中野区,新井１丁目,2019-12-29,11,その他,駐車（輪）場,50歳代,その他,施錠せず
窃盗,自転車盗,野方,薬師駅前交番,131148,東京都,中野区,新井１丁目,2020-01-06,19,その他,駐車（輪）場,40歳代,その他,施錠せず
窃盗,自転車盗,野方,薬師駅前交番,131148,東京都,中野区,新井１丁目,2020-01-09,21,その他の住宅（３階建て以下共同住宅等）,その他,40歳代,その他,施錠せず
窃盗,自転車盗,野方,薬師駅前交番,131148,東京都,中野区,新井１丁目,2020-07-18,12,その他の住宅（３階建て以下共同住宅等）,その他,40歳代,その他,施錠せず
窃盗,自転車盗,野方,薬師駅前交番,131148,東京都,中野区,新井１丁目,2020-10-29,20,その他,駐車（輪）場,30歳代,その他,施錠せず
窃盗,自転車盗,野方,薬師駅前交番,131148,東京都,中野区,新井２丁目,2020-07-16,13,その他,駐車（輪）場,30歳代,その他,施錠せず
窃盗,自転車盗,野方,薬師駅前交番,131148,東京都,中野区,新井５丁目,2020-07-29,22,一戸建住宅,その他,10歳代,高校生,施錠せず
窃盗,自転車盗,野方,薬師駅前交番,131148,東京都,中野区,上高田３丁目,2019-12-06,16,一戸建住宅,その他,10歳代,中学生,施錠せず
窃盗,自転車盗,野方,薬師駅前交番,131148,東京都,中野区,上高田３丁目,2020-01-03,06,その他,駐車（輪）場,30歳代,その他,施錠せず
窃盗,自転車盗,野方,薬師駅前交番,131148,東京都,中野区,上高田４丁目,2020-07-08,21,４階建て以上共同住宅,その他,20歳代,その他,施錠せず
窃盗,自転車盗,野方,薬師駅前交番,131148,東京都,中野区,上高田５丁目,2020-01-09,00,駐車（輪）場,駐車（輪）場,20歳代,その他,施錠せず
窃盗,自転車盗,野方,薬師駅前交番,131148,東京都,中野区,上高田５丁目,2020-02-20,08,駐車（輪）場,駐車（輪）場,10歳代,高校生,施錠せず
窃盗,自転車盗,野方,薬師駅前交番,131148,東京都,中野区,上高田５丁目,2020-05-10,21,道路上,その他,20歳代,その他,施錠せず
窃盗,自転車盗,野方,薬師駅前交番,131148,東京都,中野区,松が丘１丁目,2019-12-15,00,４階建て以上共同住宅,駐車（輪）場,40歳代,その他,施錠せず
窃盗,自転車盗,野方,上高田交番,131148,東京都,中野区,上高田１丁目,2019-12-15,02,道路上,その他,30歳代,その他,施錠せず
窃盗,自転車盗,野方,上高田交番,131148,東京都,中野区,上高田１丁目,2020-03-06,06,その他の住宅（３階建て以下共同住宅等）,駐車（輪）場,50歳代,その他,施錠せず
窃盗,自転車盗,野方,上高田交番,131148,東京都,中野区,上高田１丁目,2020-03-13,04,その他,駐車（輪）場,20歳代,その他,施錠せず
窃盗,自転車盗,野方,上高田交番,131148,東京都,中野区,上高田１丁目,2020-05-14,20,４階建て以上共同住宅,その他,30歳代,その他,施錠せず
窃盗,自転車盗,野方,上高田交番,131148,東京都,中野区,上高田２丁目,2020-03-27,18,一戸建住宅,駐車（輪）場,30歳代,その他,施錠せず
窃盗,自転車盗,野方,上高田交番,131148,東京都,中野区,上高田２丁目,2020-07-07,23,その他の住宅（３階建て以下共同住宅等）,駐車（輪）場,40歳代,その他,施錠せず
窃盗,自転車盗,野方,上高田交番,131148,東京都,中野区,上高田３丁目,2020-03-13,17,４階建て以上共同住宅,その他,40歳代,その他,施錠せず
窃盗,自転車盗,野方,上高田交番,131148,東京都,中野区,上高田３丁目,2020-05-02,23,その他の住宅（３階建て以下共同住宅等）,駐車（輪）場,20歳代,大学生,施錠せず
窃盗,自転車盗,野方,上高田交番,131148,東京都,中野区,上高田４丁目,2020-06-20,16,その他の住宅（３階建て以下共同住宅等）,駐車（輪）場,20歳代,その他,施錠せず
窃盗,自転車盗,野方,上高田交番,131148,東京都,中野区,上高田４丁目,2020-07-16,20,道路上,その他,20歳代,その他,施錠せず
窃盗,自転車盗,野方,江原町交番,131148,東京都,中野区,江古田１丁目,2020-08-27,17,その他の住宅（３階建て以下共同住宅等）,駐車（輪）場,40歳代,その他,施錠せず
窃盗,自転車盗,野方,江原町交番,131148,東京都,中野区,江原町１丁目,2020-01-14,19,４階建て以上共同住宅,駐車（輪）場,40歳代,その他,施錠せず
窃盗,自転車盗,野方,江原町交番,131148,東京都,中野区,江原町１丁目,2020-03-21,22,その他の住宅（３階建て以下共同住宅等）,その他,30歳代,その他,施錠せず
窃盗,自転車盗,野方,江原町交番,131148,東京都,中野区,江原町１丁目,2020-11-06,17,道路上,その他,20歳代,その他,施錠せず
窃盗,自転車盗,野方,江原町交番,131148,東京都,中野区,江原町２丁目,2020-03-07,18,一戸建住宅,その他,10歳代,中学生,施錠せず
窃盗,自転車盗,野方,江原町交番,131148,東京都,中野区,江原町２丁目,2020-03-17,15,道路上,その他,50歳代,その他,施錠せず
窃盗,自転車盗,野方,江原町交番,131148,東京都,中野区,江原町２丁目,2020-04-19,18,その他の住宅（３階建て以下共同住宅等）,その他,20歳代,その他,施錠せず
窃盗,自転車盗,野方,江原町交番,131148,東京都,中野区,江原町２丁目,2020-06-07,20,その他の住宅（３階建て以下共同住宅等）,駐車（輪）場,30歳代,その他,施錠せず
窃盗,自転車盗,野方,江原町交番,131148,東京都,中野区,江原町３丁目,2019-12-11,06,その他の住宅（３階建て以下共同住宅等）,駐車（輪）場,30歳代,その他,施錠せず
窃盗,自転車盗,野方,江古田四丁目交番,131148,東京都,中野区,江古田２丁目,2020-06-13,20,一戸建住宅,駐車（輪）場,30歳代,その他,施錠せず
窃盗,自転車盗,野方,江古田四丁目交番,131148,東京都,中野区,江古田２丁目,2020-06-26,19,一戸建住宅,その他,30歳代,その他,施錠せず
窃盗,自転車盗,野方,江古田四丁目交番,131148,東京都,中野区,江古田４丁目,2020-04-02,18,４階建て以上共同住宅,その他,40歳代,その他,施錠せず
窃盗,自転車盗,野方,江古田四丁目交番,131148,東京都,中野区,江古田４丁目,2020-08-14,21,４階建て以上共同住宅,駐車（輪）場,20歳代,その他,施錠せず
窃盗,自転車盗,野方,江古田四丁目交番,131148,東京都,中野区,沼袋２丁目,2019-12-15,09,一戸建住宅,その他,10歳代,中学生,施錠せず
窃盗,自転車盗,野方,江古田四丁目交番,131148,東京都,中野区,沼袋２丁目,2020-05-04,16,その他の住宅（３階建て以下共同住宅等）,駐車（輪）場,50歳代,その他,施錠せず
窃盗,自転車盗,野方,江古田四丁目交番,131148,東京都,中野区,沼袋２丁目,2020-08-07,23,４階建て以上共同住宅,駐車（輪）場,30歳代,その他,施錠せず
窃盗,自転車盗,野方,江古田四丁目交番,131148,東京都,中野区,松が丘２丁目,2020-08-06,15,その他の住宅（３階建て以下共同住宅等）,駐車（輪）場,30歳代,その他,施錠せず
窃盗,自転車盗,野方,沼袋交番,131148,東京都,中野区,新井２丁目,2020-03-17,12,４階建て以上共同住宅,駐車（輪）場,30歳代,その他,施錠せず
窃盗,自転車盗,野方,沼袋交番,131148,東京都,中野区,新井２丁目,2020-04-06,19,４階建て以上共同住宅,その他,30歳代,その他,施錠せず
窃盗,自転車盗,野方,沼袋交番,131148,東京都,中野区,新井３丁目,2020-02-22,12,駐車（輪）場,駐車（輪）場,20歳代,大学生,施錠せず
窃盗,自転車盗,野方,沼袋交番,131148,東京都,中野区,新井３丁目,2020-05-14,00,その他,その他,20歳代,その他,施錠せず
窃盗,自転車盗,野方,沼袋交番,131148,東京都,中野区,新井３丁目,2020-09-11,17,一戸建住宅,駐車（輪）場,10歳代,中学生,施錠せず
窃盗,自転車盗,野方,沼袋交番,131148,東京都,中野区,新井３丁目,2020-09-11,21,４階建て以上共同住宅,駐車（輪）場,40歳代,その他,施錠せず
窃盗,自転車盗,野方,沼袋交番,131148,東京都,中野区,新井４丁目,2020-01-11,00,４階建て以上共同住宅,駐車（輪）場,30歳代,その他,施錠せず
窃盗,自転車盗,野方,沼袋交番,131148,東京都,中野区,上高田２丁目,2020-11-19,18,その他,駐車（輪）場,20歳代,その他,施錠せず
窃盗,自転車盗,野方,沼袋交番,131148,東京都,中野区,沼袋１丁目,2019-12-01,06,その他の住宅（３階建て以下共同住宅等）,駐車（輪）場,10歳代,中学生,施錠せず
窃盗,自転車盗,野方,沼袋交番,131148,東京都,中野区,沼袋１丁目,2020-01-10,03,道路上,その他,40歳代,その他,施錠せず
窃盗,自転車盗,野方,沼袋交番,131148,東京都,中野区,沼袋１丁目,2020-01-15,09,道路上,その他,30歳代,その他,施錠せず
窃盗,自転車盗,野方,沼袋交番,131148,東京都,中野区,沼袋１丁目,2020-10-20,07,駐車（輪）場,駐車（輪）場,10歳代,高校生,施錠せず
窃盗,自転車盗,野方,沼袋交番,131148,東京都,中野区,沼袋１丁目,2020-11-09,08,その他,その他,50歳代,その他,施錠せず
窃盗,自転車盗,野方,沼袋交番,131148,東京都,中野区,沼袋２丁目,2019-12-07,15,一戸建住宅,その他,10歳代,高校生,施錠せず
窃盗,自転車盗,野方,沼袋交番,131148,東京都,中野区,沼袋２丁目,2020-10-15,16,一戸建住宅,その他,10歳代,中学生,施錠せず
窃盗,自転車盗,野方,沼袋交番,131148,東京都,中野区,沼袋３丁目,2019-12-06,00,４階建て以上共同住宅,その他,30歳代,その他,施錠せず
窃盗,自転車盗,野方,沼袋交番,131148,東京都,中野区,沼袋３丁目,2020-02-24,18,道路上,その他,30歳代,その他,施錠せず
窃盗,自転車盗,野方,沼袋交番,131148,東京都,中野区,沼袋３丁目,2020-06-12,16,その他,駐車（輪）場,20歳代,その他,施錠せず
窃盗,自転車盗,野方,沼袋交番,131148,東京都,中野区,沼袋３丁目,2020-08-11,20,道路上,その他,20歳代,その他,施錠せず
窃盗,自転車盗,野方,沼袋交番,131148,東京都,中野区,沼袋３丁目,2020-08-26,09,その他の住宅（３階建て以下共同住宅等）,その他,10歳代,その他,施錠せず
窃盗,自転車盗,野方,沼袋交番,131148,東京都,中野区,沼袋３丁目,2020-11-11,08,その他の住宅（３階建て以下共同住宅等）,駐車（輪）場,40歳代,その他,施錠せず
窃盗,自転車盗,野方,野方駅前交番,131148,東京都,中野区,鷺宮１丁目,2020-10-01,13,道路上,その他,30歳代,その他,施錠せず
窃盗,自転車盗,野方,野方駅前交番,131148,東京都,中野区,鷺宮２丁目,2020-10-21,21,その他,駐車（輪）場,10歳代,中学生,施錠せず
窃盗,自転車盗,野方,野方駅前交番,131148,東京都,中野区,沼袋４丁目,2020-04-10,20,その他の住宅（３階建て以下共同住宅等）,駐車（輪）場,30歳代,その他,施錠せず
窃盗,自転車盗,野方,野方駅前交番,131148,東京都,中野区,野方２丁目,2019-12-16,19,４階建て以上共同住宅,駐車（輪）場,40歳代,その他,施錠せず
窃盗,自転車盗,野方,野方駅前交番,131148,東京都,中野区,野方３丁目,2020-05-01,10,道路上,その他,40歳代,その他,施錠せず
窃盗,自転車盗,野方,野方駅前交番,131148,東京都,中野区,野方３丁目,2020-05-29,17,その他の住宅（３階建て以下共同住宅等）,駐車（輪）場,40歳代,その他,施錠せず
窃盗,自転車盗,野方,野方駅前交番,131148,東京都,中野区,野方３丁目,2020-07-05,19,その他の住宅（３階建て以下共同住宅等）,その他,30歳代,その他,施錠せず
窃盗,自転車盗,野方,野方駅前交番,131148,東京都,中野区,野方３丁目,2020-11-10,08,その他,駐車（輪）場,40歳代,その他,施錠せず
窃盗,自転車盗,野方,野方駅前交番,131148,東京都,中野区,野方３丁目,2020-11-18,08,一戸建住宅,その他,10歳代,中学生,施錠せず
窃盗,自転車盗,野方,野方駅前交番,131148,東京都,中野区,野方４丁目,2020-05-15,19,一戸建住宅,その他,10歳代,小学生,施錠せず
窃盗,自転車盗,野方,野方駅前交番,131148,東京都,中野区,野方４丁目,2020-07-28,14,その他の住宅（３階建て以下共同住宅等）,駐車（輪）場,40歳代,その他,施錠せず
窃盗,自転車盗,野方,野方駅前交番,131148,東京都,中野区,野方４丁目,2020-09-26,12,その他の住宅（３階建て以下共同住宅等）,駐車（輪）場,30歳代,その他,施錠せず
窃盗,自転車盗,野方,野方駅前交番,131148,東京都,中野区,野方４丁目,2020-09-27,10,駐車（輪）場,駐車（輪）場,40歳代,その他,施錠せず
窃盗,自転車盗,野方,野方駅前交番,131148,東京都,中野区,野方４丁目,2020-12-11,03,４階建て以上共同住宅,その他,20歳代,その他,施錠せず
窃盗,自転車盗,野方,野方駅前交番,131148,東京都,中野区,野方５丁目,2020-02-14,15,その他,その他,10歳代,小学生,施錠せず
窃盗,自転車盗,野方,野方駅前交番,131148,東京都,中野区,野方５丁目,2020-02-16,23,道路上,その他,40歳代,その他,施錠せず
窃盗,自転車盗,野方,野方駅前交番,131148,東京都,中野区,野方５丁目,2020-04-07,16,その他の住宅（３階建て以下共同住宅等）,その他,20歳代,その他,施錠せず
窃盗,自転車盗,野方,野方駅前交番,131148,東京都,中野区,野方５丁目,2020-04-19,19,道路上,その他,10歳代,その他,施錠せず
窃盗,自転車盗,野方,野方駅前交番,131148,東京都,中野区,野方５丁目,2020-05-27,16,道路上,その他,50歳代,その他,施錠せず
窃盗,自転車盗,野方,野方駅前交番,131148,東京都,中野区,野方５丁目,2020-08-15,11,その他,その他,10歳代,大学生,施錠せず
窃盗,自転車盗,野方,野方駅前交番,131148,東京都,中野区,野方５丁目,2020-09-04,19,その他の住宅（３階建て以下共同住宅等）,駐車（輪）場,20歳代,その他,施錠せず
窃盗,自転車盗,野方,野方駅前交番,131148,東京都,中野区,野方５丁目,2020-09-09,02,その他,駐車（輪）場,20歳代,その他,施錠せず
窃盗,自転車盗,野方,野方駅前交番,131148,東京都,中野区,野方５丁目,2020-09-13,03,その他,駐車（輪）場,70歳以上,その他,施錠せず
窃盗,自転車盗,野方,野方駅前交番,131148,東京都,中野区,野方６丁目,2019-12-03,07,駐車（輪）場,駐車（輪）場,50歳代,その他,施錠せず
窃盗,自転車盗,野方,野方駅前交番,131148,東京都,中野区,野方６丁目,2020-01-22,17,４階建て以上共同住宅,駐車（輪）場,40歳代,その他,施錠せず
窃盗,自転車盗,野方,野方駅前交番,131148,東京都,中野区,野方６丁目,2020-02-10,10,その他の住宅（３階建て以下共同住宅等）,その他,30歳代,その他,施錠せず
窃盗,自転車盗,野方,野方駅前交番,131148,東京都,中野区,野方６丁目,2020-03-04,17,駐車（輪）場,駐車（輪）場,20歳代,大学生,施錠せず
窃盗,自転車盗,野方,野方駅前交番,131148,東京都,中野区,野方６丁目,2020-03-16,21,一戸建住宅,その他,40歳代,その他,施錠せず
窃盗,自転車盗,野方,野方駅前交番,131148,東京都,中野区,野方６丁目,2020-06-30,17,その他,駐車（輪）場,20歳代,大学生,施錠せず
窃盗,自転車盗,野方,野方駅前交番,131148,東京都,中野区,野方６丁目,2020-07-02,18,道路上,その他,10歳代,大学生,施錠せず
窃盗,自転車盗,野方,野方駅前交番,131148,東京都,中野区,野方６丁目,2020-08-14,18,道路上,その他,40歳代,その他,施錠せず
窃盗,自転車盗,野方,野方駅前交番,131148,東京都,中野区,丸山１丁目,2020-01-06,23,その他の住宅（３階建て以下共同住宅等）,駐車（輪）場,20歳代,大学生,施錠せず
窃盗,自転車盗,野方,野方駅前交番,131148,東京都,中野区,丸山１丁目,2020-07-19,19,その他の住宅（３階建て以下共同住宅等）,駐車（輪）場,40歳代,その他,施錠せず
窃盗,自転車盗,野方,野方駅前交番,131148,東京都,中野区,丸山１丁目,2020-11-19,11,一戸建住宅,その他,10歳代,大学生,施錠せず
窃盗,自転車盗,野方,野方駅前交番,131148,東京都,中野区,丸山２丁目,2020-02-19,20,道路上,その他,20歳代,その他,施錠せず
窃盗,自転車盗,野方,野方駅前交番,131148,東京都,中野区,丸山２丁目,2020-06-03,14,道路上,その他,30歳代,その他,施錠せず
窃盗,自転車盗,野方,野方駅前交番,131148,東京都,中野区,丸山２丁目,2020-08-22,08,駐車（輪）場,駐車（輪）場,20歳代,その他,施錠せず
窃盗,自転車盗,野方,野方駅前交番,131148,東京都,中野区,大和町３丁目,2020-10-19,16,その他の住宅（３階建て以下共同住宅等）,その他,65-69歳,その他,施錠せず
窃盗,自転車盗,野方,野方駅前交番,131148,東京都,中野区,若宮１丁目,2020-01-24,08,一戸建住宅,その他,10歳代,小学生,施錠せず
窃盗,自転車盗,野方,野方駅前交番,131148,東京都,中野区,若宮１丁目,2020-03-27,06,その他の住宅（３階建て以下共同住宅等）,その他,50歳代,その他,施錠せず
窃盗,自転車盗,野方,家政通交番,131148,東京都,中野区,鷺宮１丁目,2020-05-31,12,その他の住宅（３階建て以下共同住宅等）,駐車（輪）場,法人・団体、被害者なし,法人・団体、被害者なし,施錠せず
窃盗,自転車盗,野方,家政通交番,131148,東京都,中野区,鷺宮１丁目,2020-09-19,02,駐車（輪）場,駐車（輪）場,10歳代,小学生,施錠せず
窃盗,自転車盗,野方,家政通交番,131148,東京都,中野区,鷺宮１丁目,2020-10-05,11,道路上,その他,40歳代,その他,施錠せず
窃盗,自転車盗,野方,家政通交番,131148,東京都,中野区,鷺宮１丁目,2020-10-20,10,その他の住宅（３階建て以下共同住宅等）,駐車（輪）場,20歳代,その他,施錠せず
窃盗,自転車盗,野方,家政通交番,131148,東京都,中野区,鷺宮２丁目,2020-02-06,17,その他,駐車（輪）場,10歳代,高校生,施錠せず
窃盗,自転車盗,野方,家政通交番,131148,東京都,中野区,鷺宮２丁目,2020-08-01,19,その他の住宅（３階建て以下共同住宅等）,駐車（輪）場,40歳代,その他,施錠せず
窃盗,自転車盗,野方,家政通交番,131148,東京都,中野区,鷺宮２丁目,2020-08-10,22,４階建て以上共同住宅,その他,20歳代,その他,施錠せず
窃盗,自転車盗,野方,家政通交番,131148,東京都,中野区,鷺宮３丁目,2020-02-02,18,４階建て以上共同住宅,その他,30歳代,その他,施錠せず
窃盗,自転車盗,野方,家政通交番,131148,東京都,中野区,若宮１丁目,2020-02-19,17,その他の住宅（３階建て以下共同住宅等）,その他,50歳代,その他,施錠せず
窃盗,自転車盗,野方,家政通交番,131148,東京都,中野区,若宮３丁目,2019-12-29,10,道路上,その他,30歳代,その他,施錠せず
窃盗,自転車盗,野方,家政通交番,131148,東京都,中野区,若宮３丁目,2020-05-29,20,道路上,その他,30歳代,その他,施錠せず
窃盗,自転車盗,野方,家政通交番,131148,東京都,中野区,若宮３丁目,2020-07-02,08,駐車（輪）場,駐車（輪）場,10歳代,中学生,施錠せず
窃盗,自転車盗,野方,家政通交番,131148,東京都,中野区,若宮３丁目,2020-07-27,16,４階建て以上共同住宅,駐車（輪）場,20歳代,その他,施錠せず
窃盗,自転車盗,野方,鷺宮駅前交番,131148,東京都,中野区,上鷺宮１丁目,2020-02-06,23,その他の住宅（３階建て以下共同住宅等）,駐車（輪）場,20歳代,その他,施錠せず
窃盗,自転車盗,野方,鷺宮駅前交番,131148,東京都,中野区,鷺宮３丁目,2020-01-04,12,その他,駐車（輪）場,20歳代,その他,施錠せず
窃盗,自転車盗,野方,鷺宮駅前交番,131148,東京都,中野区,鷺宮４丁目,2020-09-13,01,道路上,その他,30歳代,その他,施錠せず
窃盗,自転車盗,野方,鷺宮駅前交番,131148,東京都,中野区,白鷺１丁目,2019-08-10,20,４階建て以上共同住宅,その他,50歳代,その他,施錠せず
窃盗,自転車盗,野方,鷺宮駅前交番,131148,東京都,中野区,白鷺１丁目,2020-02-11,18,４階建て以上共同住宅,駐車（輪）場,30歳代,その他,施錠せず
窃盗,自転車盗,野方,鷺宮駅前交番,131148,東京都,中野区,白鷺１丁目,2020-10-21,10,４階建て以上共同住宅,駐車（輪）場,30歳代,その他,施錠せず
窃盗,自転車盗,野方,鷺宮駅前交番,131148,東京都,中野区,白鷺２丁目,2020-03-04,08,４階建て以上共同住宅,駐車（輪）場,30歳代,その他,施錠せず
窃盗,自転車盗,野方,鷺宮駅前交番,131148,東京都,中野区,白鷺２丁目,2020-11-09,07,その他の住宅（３階建て以下共同住宅等）,駐車（輪）場,20歳代,その他,施錠せず
窃盗,自転車盗,野方,鷺宮駅前交番,131148,東京都,中野区,白鷺３丁目,2019-12-20,06,駐車（輪）場,駐車（輪）場,20歳代,大学生,施錠せず
窃盗,自転車盗,野方,鷺宮駅前交番,131148,東京都,中野区,白鷺３丁目,2020-02-11,06,駐車（輪）場,駐車（輪）場,50歳代,その他,施錠せず
窃盗,自転車盗,野方,鷺宮駅前交番,131148,東京都,中野区,白鷺３丁目,2020-05-04,11,道路上,その他,20歳代,その他,施錠せず
窃盗,自転車盗,野方,鷺宮駅前交番,131148,東京都,中野区,白鷺３丁目,2020-07-28,18,その他,その他,30歳代,その他,施錠せず
窃盗,自転車盗,野方,若宮交番,131148,東京都,中野区,大和町２丁目,2020-05-10,20,道路上,その他,50歳代,その他,施錠せず
窃盗,自転車盗,野方,若宮交番,131148,東京都,中野区,大和町２丁目,2020-05-25,18,その他の住宅（３階建て以下共同住宅等）,その他,10歳代,高校生,施錠せず
窃盗,自転車盗,野方,若宮交番,131148,東京都,中野区,大和町３丁目,2020-01-16,23,その他の住宅（３階建て以下共同住宅等）,駐車（輪）場,20歳代,その他,施錠せず
窃盗,自転車盗,野方,若宮交番,131148,東京都,中野区,大和町３丁目,2020-03-08,11,道路上,その他,70歳以上,その他,施錠せず
窃盗,自転車盗,野方,若宮交番,131148,東京都,中野区,大和町３丁目,2020-04-08,03,４階建て以上共同住宅,駐車（輪）場,20歳代,その他,施錠せず
窃盗,自転車盗,野方,若宮交番,131148,東京都,中野区,大和町３丁目,2020-05-10,08,一戸建住宅,その他,60-64歳,その他,施錠せず
窃盗,自転車盗,野方,若宮交番,131148,東京都,中野区,大和町３丁目,2020-07-21,10,道路上,その他,40歳代,その他,施錠せず
窃盗,自転車盗,野方,若宮交番,131148,東京都,中野区,大和町４丁目,2020-05-26,19,その他の住宅（３階建て以下共同住宅等）,駐車（輪）場,20歳代,その他,施錠せず
窃盗,自転車盗,野方,若宮交番,131148,東京都,中野区,大和町４丁目,2020-09-30,15,道路上,その他,20歳代,その他,施錠せず
窃盗,自転車盗,野方,若宮交番,131148,東京都,中野区,大和町４丁目,2020-10-15,15,その他の住宅（３階建て以下共同住宅等）,駐車（輪）場,30歳代,その他,施錠せず
窃盗,自転車盗,野方,若宮交番,131148,東京都,中野区,若宮２丁目,2020-01-20,04,その他の住宅（３階建て以下共同住宅等）,駐車（輪）場,20歳代,その他,施錠せず
窃盗,自転車盗,野方,若宮交番,131148,東京都,中野区,若宮２丁目,2020-02-29,19,一戸建住宅,その他,20歳代,その他,施錠せず
窃盗,自転車盗,野方,若宮交番,131148,東京都,中野区,若宮２丁目,2020-06-04,08,その他の住宅（３階建て以下共同住宅等）,駐車（輪）場,40歳代,その他,施錠せず
窃盗,自転車盗,野方,若宮交番,131148,東京都,中野区,若宮２丁目,2020-06-12,14,その他の住宅（３階建て以下共同住宅等）,その他,20歳代,その他,施錠せず
窃盗,自転車盗,野方,若宮交番,131148,東京都,中野区,若宮２丁目,2020-08-01,21,その他の住宅（３階建て以下共同住宅等）,その他,40歳代,その他,施錠せず
窃盗,自転車盗,野方,野方一丁目交番,131148,東京都,中野区,新井２丁目,2020-02-17,09,４階建て以上共同住宅,駐車（輪）場,10歳未満,小学生,施錠せず
窃盗,自転車盗,野方,野方一丁目交番,131148,東京都,中野区,新井２丁目,2020-04-01,18,４階建て以上共同住宅,駐車（輪）場,65-69歳,その他,施錠せず
窃盗,自転車盗,野方,野方一丁目交番,131148,東京都,中野区,新井２丁目,2020-08-15,14,道路上,その他,30歳代,その他,施錠せず
窃盗,自転車盗,野方,野方一丁目交番,131148,東京都,中野区,中野４丁目,2019-06-30,12,その他,駐車（輪）場,40歳代,その他,施錠せず
窃盗,自転車盗,野方,野方一丁目交番,131148,東京都,中野区,中野４丁目,2019-12-02,18,駐車（輪）場,駐車（輪）場,10歳代,高校生,施錠せず
窃盗,自転車盗,野方,野方一丁目交番,131148,東京都,中野区,中野４丁目,2019-12-11,11,駐車（輪）場,駐車（輪）場,70歳以上,その他,施錠せず
窃盗,自転車盗,野方,野方一丁目交番,131148,東京都,中野区,中野４丁目,2019-12-18,19,道路上,その他,30歳代,その他,施錠せず
窃盗,自転車盗,野方,野方一丁目交番,131148,東京都,中野区,中野４丁目,2020-01-14,22,道路上,その他,30歳代,その他,施錠せず
窃盗,自転車盗,野方,野方一丁目交番,131148,東京都,中野区,中野４丁目,2020-01-16,08,その他,駐車（輪）場,20歳代,その他,施錠せず
窃盗,自転車盗,野方,野方一丁目交番,131148,東京都,中野区,中野４丁目,2020-02-01,08,駐車（輪）場,駐車（輪）場,30歳代,その他,施錠せず
窃盗,自転車盗,野方,野方一丁目交番,131148,東京都,中野区,中野４丁目,2020-02-22,14,駐車（輪）場,駐車（輪）場,40歳代,その他,施錠せず
窃盗,自転車盗,野方,野方一丁目交番,131148,東京都,中野区,中野４丁目,2020-02-27,21,道路上,その他,40歳代,その他,施錠せず
窃盗,自転車盗,野方,野方一丁目交番,131148,東京都,中野区,中野４丁目,2020-03-02,19,道路上,その他,20歳代,大学生,施錠せず
窃盗,自転車盗,野方,野方一丁目交番,131148,東京都,中野区,中野４丁目,2020-03-09,20,道路上,その他,10歳代,その他,施錠せず
窃盗,自転車盗,野方,野方一丁目交番,131148,東京都,中野区,中野４丁目,2020-03-12,23,道路上,その他,30歳代,その他,施錠せず
窃盗,自転車盗,野方,野方一丁目交番,131148,東京都,中野区,中野４丁目,2020-03-13,19,道路上,その他,20歳代,その他,施錠せず
窃盗,自転車盗,野方,野方一丁目交番,131148,東京都,中野区,中野４丁目,2020-05-25,19,道路上,その他,10歳代,大学生,施錠せず
窃盗,自転車盗,野方,野方一丁目交番,131148,東京都,中野区,中野４丁目,2020-07-11,15,道路上,その他,20歳代,その他,施錠せず
窃盗,自転車盗,野方,野方一丁目交番,131148,東京都,中野区,中野４丁目,2020-09-04,07,駐車（輪）場,駐車（輪）場,60-64歳,その他,施錠せず
窃盗,自転車盗,野方,野方一丁目交番,131148,東京都,中野区,中野４丁目,2020-10-14,22,道路上,その他,20歳代,その他,施錠せず
窃盗,自転車盗,野方,野方一丁目交番,131148,東京都,中野区,中野５丁目,2020-02-17,20,道路上,その他,40歳代,その他,施錠せず
窃盗,自転車盗,野方,野方一丁目交番,131148,東京都,中野区,中野５丁目,2020-04-08,19,その他,駐車（輪）場,30歳代,その他,施錠せず
窃盗,自転車盗,野方,野方一丁目交番,131148,東京都,中野区,中野５丁目,2020-06-08,00,道路上,その他,20歳代,大学生,施錠せず
窃盗,自転車盗,野方,野方一丁目交番,131148,東京都,中野区,中野５丁目,2020-08-07,23,道路上,その他,30歳代,その他,施錠せず
窃盗,自転車盗,野方,野方一丁目交番,131148,東京都,中野区,中野５丁目,2020-08-10,13,道路上,その他,10歳代,その他,施錠せず
窃盗,自転車盗,野方,野方一丁目交番,131148,東京都,中野区,野方１丁目,2019-12-29,19,一戸建住宅,その他,10歳代,高校生,施錠せず
窃盗,自転車盗,野方,野方一丁目交番,131148,東京都,中野区,野方１丁目,2020-04-29,18,道路上,その他,50歳代,その他,施錠せず
窃盗,自転車盗,野方,野方一丁目交番,131148,東京都,中野区,野方１丁目,2020-06-17,20,道路上,その他,50歳代,その他,施錠せず
窃盗,自転車盗,野方,野方一丁目交番,131148,東京都,中野区,野方１丁目,2020-09-04,23,４階建て以上共同住宅,駐車（輪）場,50歳代,その他,施錠せず
窃盗,自転車盗,野方,野方一丁目交番,131148,東京都,中野区,野方１丁目,2020-10-22,11,道路上,その他,40歳代,その他,施錠せず
窃盗,自転車盗,野方,野方一丁目交番,131148,東京都,中野区,野方１丁目,2020-11-02,22,一戸建住宅,駐車（輪）場,30歳代,その他,施錠せず
窃盗,自転車盗,野方,野方一丁目交番,131148,東京都,中野区,野方１丁目,2020-11-14,18,その他の住宅（３階建て以下共同住宅等）,その他,30歳代,その他,施錠せず
窃盗,自転車盗,野方,野方一丁目交番,131148,東京都,中野区,野方１丁目,2020-11-22,17,その他の住宅（３階建て以下共同住宅等）,その他,70歳以上,その他,施錠せず
窃盗,自転車盗,野方,野方一丁目交番,131148,東京都,中野区,野方２丁目,2020-02-16,01,４階建て以上共同住宅,駐車（輪）場,20歳代,その他,施錠せず
窃盗,自転車盗,野方,野方一丁目交番,131148,東京都,中野区,野方２丁目,2020-05-04,12,道路上,その他,30歳代,その他,施錠せず
窃盗,自転車盗,野方,野方一丁目交番,131148,東京都,中野区,野方２丁目,2020-06-08,20,その他の住宅（３階建て以下共同住宅等）,駐車（輪）場,30歳代,その他,施錠せず
窃盗,自転車盗,野方,野方一丁目交番,131148,東京都,中野区,野方２丁目,2020-07-08,21,４階建て以上共同住宅,駐車（輪）場,20歳代,その他,施錠せず
窃盗,自転車盗,野方,野方一丁目交番,131148,東京都,中野区,野方２丁目,2020-07-09,17,その他の住宅（３階建て以下共同住宅等）,駐車（輪）場,20歳代,その他,施錠せず
窃盗,自転車盗,野方,野方一丁目交番,131148,東京都,中野区,野方２丁目,2020-09-28,22,その他の住宅（３階建て以下共同住宅等）,駐車（輪）場,20歳代,その他,施錠せず
窃盗,自転車盗,野方,野方一丁目交番,131148,東京都,中野区,野方２丁目,2020-10-01,21,道路上,その他,20歳代,その他,施錠せず
窃盗,自転車盗,野方,野方一丁目交番,131148,東京都,中野区,大和町１丁目,2020-02-20,19,一戸建住宅,その他,10歳代,中学生,施錠せず
窃盗,自転車盗,野方,野方一丁目交番,131148,東京都,中野区,大和町１丁目,2020-03-30,17,その他の住宅（３階建て以下共同住宅等）,その他,20歳代,その他,施錠せず
窃盗,自転車盗,野方,野方一丁目交番,131148,東京都,中野区,大和町１丁目,2020-04-11,00,道路上,その他,20歳代,その他,施錠せず
窃盗,自転車盗,野方,野方一丁目交番,131148,東京都,中野区,大和町１丁目,2020-05-23,18,一戸建住宅,駐車（輪）場,40歳代,その他,施錠せず
窃盗,自転車盗,野方,野方一丁目交番,131148,東京都,中野区,大和町１丁目,2020-09-06,11,道路上,その他,30歳代,その他,施錠せず
窃盗,自転車盗,野方,野方一丁目交番,131148,東京都,中野区,大和町２丁目,2020-04-02,20,その他の住宅（３階建て以下共同住宅等）,駐車（輪）場,20歳代,その他,施錠せず
窃盗,自転車盗,野方,野方一丁目交番,131148,東京都,中野区,大和町２丁目,2020-05-15,11,４階建て以上共同住宅,駐車（輪）場,50歳代,その他,施錠せず
窃盗,自転車盗,野方,野方一丁目交番,131148,東京都,中野区,大和町２丁目,2020-07-09,10,道路上,その他,30歳代,その他,施錠せず
窃盗,自転車盗,野方,白鷺駐在所,131148,東京都,中野区,白鷺２丁目,2020-07-31,19,４階建て以上共同住宅,駐車（輪）場,60-64歳,その他,施錠せず
窃盗,自転車盗,野方,白鷺駐在所,131148,東京都,中野区,白鷺２丁目,2020-08-21,21,その他の住宅（３階建て以下共同住宅等）,駐車（輪）場,30歳代,その他,施錠せず
窃盗,自転車盗,野方,鷺宮六丁目交番,131148,東京都,中野区,上鷺宮１丁目,2020-01-13,08,その他の住宅（３階建て以下共同住宅等）,駐車（輪）場,30歳代,その他,施錠せず
窃盗,自転車盗,野方,鷺宮六丁目交番,131148,東京都,中野区,上鷺宮２丁目,2020-06-26,08,一戸建住宅,その他,10歳代,高校生,施錠せず
窃盗,自転車盗,野方,鷺宮六丁目交番,131148,東京都,中野区,上鷺宮５丁目,2019-12-07,13,道路上,その他,10歳代,小学生,施錠せず
窃盗,自転車盗,野方,鷺宮六丁目交番,131148,東京都,中野区,上鷺宮５丁目,2020-08-10,21,その他の住宅（３階建て以下共同住宅等）,その他,20歳代,その他,施錠せず
窃盗,自転車盗,野方,鷺宮六丁目交番,131148,東京都,中野区,鷺宮５丁目,2020-02-20,19,４階建て以上共同住宅,駐車（輪）場,10歳代,中学生,施錠せず
窃盗,自転車盗,野方,鷺宮六丁目交番,131148,東京都,中野区,鷺宮５丁目,2020-07-10,20,一戸建住宅,その他,20歳代,その他,施錠せず
窃盗,自転車盗,野方,鷺宮六丁目交番,131148,東京都,中野区,鷺宮６丁目,2020-05-23,12,その他の住宅（３階建て以下共同住宅等）,駐車（輪）場,20歳代,その他,施錠せず
窃盗,自転車盗,野方,上鷺宮駐在所,131148,東京都,中野区,上鷺宮３丁目,2020-08-20,15,道路上,その他,10歳代,中学生,施錠せず
窃盗,自転車盗,野方,上鷺宮駐在所,131148,東京都,中野区,上鷺宮４丁目,2020-03-08,17,４階建て以上共同住宅,駐車（輪）場,40歳代,その他,施錠せず
窃盗,自転車盗,杉並,東田町交番,131156,東京都,杉並区,阿佐谷南１丁目,2019-12-21,21,一戸建住宅,その他,20歳代,大学生,施錠せず
窃盗,自転車盗,杉並,東田町交番,131156,東京都,杉並区,阿佐谷南１丁目,2020-06-04,19,その他の住宅（３階建て以下共同住宅等）,駐車（輪）場,70歳以上,その他,施錠せず
窃盗,自転車盗,杉並,東田町交番,131156,東京都,杉並区,阿佐谷南１丁目,2020-09-01,17,道路上,その他,60-64歳,その他,施錠せず
窃盗,自転車盗,杉並,東田町交番,131156,東京都,杉並区,阿佐谷南２丁目,2020-01-25,12,駐車（輪）場,駐車（輪）場,20歳代,大学生,施錠せず
窃盗,自転車盗,杉並,東田町交番,131156,東京都,杉並区,梅里２丁目,2020-07-30,20,４階建て以上共同住宅,駐車（輪）場,30歳代,その他,施錠せず
窃盗,自転車盗,杉並,東田町交番,131156,東京都,杉並区,成田東４丁目,2019-12-26,01,一戸建住宅,その他,20歳代,その他,施錠せず
窃盗,自転車盗,杉並,東田町交番,131156,東京都,杉並区,成田東４丁目,2020-01-10,07,駐車（輪）場,駐車（輪）場,10歳代,大学生,施錠せず
窃盗,自転車盗,杉並,東田町交番,131156,東京都,杉並区,成田東４丁目,2020-03-16,12,一戸建住宅,その他,20歳代,大学生,施錠せず
窃盗,自転車盗,杉並,東田町交番,131156,東京都,杉並区,成田東４丁目,2020-03-19,17,一戸建住宅,駐車（輪）場,70歳以上,その他,施錠せず
窃盗,自転車盗,杉並,東田町交番,131156,東京都,杉並区,成田東４丁目,2020-04-01,16,その他の住宅（３階建て以下共同住宅等）,駐車（輪）場,20歳代,その他,施錠せず
窃盗,自転車盗,杉並,東田町交番,131156,東京都,杉並区,成田東４丁目,2020-04-14,17,一戸建住宅,その他,10歳代,高校生,施錠せず
窃盗,自転車盗,杉並,東田町交番,131156,東京都,杉並区,成田東４丁目,2020-07-12,14,道路上,その他,30歳代,その他,施錠せず
窃盗,自転車盗,杉並,東田町交番,131156,東京都,杉並区,成田東４丁目,2020-11-07,13,その他,駐車（輪）場,10歳代,その他,施錠せず
窃盗,自転車盗,杉並,東田町交番,131156,東京都,杉並区,成田東４丁目,2020-11-29,18,一戸建住宅,その他,10歳代,中学生,施錠せず
窃盗,自転車盗,杉並,東田町交番,131156,東京都,杉並区,成田東５丁目,2020-06-18,10,駐車（輪）場,駐車（輪）場,65-69歳,その他,施錠せず
窃盗,自転車盗,杉並,新高円寺駅前交番,131156,東京都,杉並区,梅里１丁目,2019-12-30,01,道路上,その他,30歳代,その他,施錠せず
窃盗,自転車盗,杉並,新高円寺駅前交番,131156,東京都,杉並区,梅里１丁目,2020-03-03,16,道路上,その他,50歳代,その他,施錠せず
窃盗,自転車盗,杉並,新高円寺駅前交番,131156,東京都,杉並区,梅里１丁目,2020-10-23,20,その他,その他,10歳代,中学生,施錠せず
窃盗,自転車盗,杉並,新高円寺駅前交番,131156,東京都,杉並区,梅里１丁目,2020-12-16,05,駐車（輪）場,駐車（輪）場,50歳代,その他,施錠せず
窃盗,自転車盗,杉並,新高円寺駅前交番,131156,東京都,杉並区,梅里１丁目,2020-12-18,07,駐車（輪）場,駐車（輪）場,20歳代,その他,施錠せず
窃盗,自転車盗,杉並,新高円寺駅前交番,131156,東京都,杉並区,梅里１丁目,2020-12-19,07,その他の住宅（３階建て以下共同住宅等）,その他,20歳代,その他,施錠せず
窃盗,自転車盗,杉並,新高円寺駅前交番,131156,東京都,杉並区,梅里２丁目,2020-01-25,19,道路上,その他,40歳代,その他,施錠せず
窃盗,自転車盗,杉並,新高円寺駅前交番,131156,東京都,杉並区,梅里２丁目,2020-02-07,12,道路上,その他,65-69歳,その他,施錠せず
窃盗,自転車盗,杉並,新高円寺駅前交番,131156,東京都,杉並区,梅里２丁目,2020-05-28,06,その他,駐車（輪）場,40歳代,その他,施錠せず
窃盗,自転車盗,杉並,新高円寺駅前交番,131156,東京都,杉並区,梅里２丁目,2020-06-20,18,その他,駐車（輪）場,10歳代,その他,施錠せず
窃盗,自転車盗,杉並,新高円寺駅前交番,131156,東京都,杉並区,梅里２丁目,2020-07-27,11,その他,駐車（輪）場,40歳代,その他,施錠せず
窃盗,自転車盗,杉並,新高円寺駅前交番,131156,東京都,杉並区,高円寺南２丁目,2019-12-08,10,道路上,その他,30歳代,その他,施錠せず
窃盗,自転車盗,杉並,新高円寺駅前交番,131156,東京都,杉並区,高円寺南２丁目,2020-03-25,13,道路上,その他,40歳代,その他,施錠せず
窃盗,自転車盗,杉並,新高円寺駅前交番,131156,東京都,杉並区,高円寺南２丁目,2020-04-22,16,道路上,その他,10歳代,その他,施錠せず
窃盗,自転車盗,杉並,新高円寺駅前交番,131156,東京都,杉並区,高円寺南２丁目,2020-09-24,05,道路上,その他,20歳代,その他,施錠せず
窃盗,自転車盗,杉並,新高円寺駅前交番,131156,東京都,杉並区,高円寺南３丁目,2020-05-07,20,一戸建住宅,その他,30歳代,その他,施錠せず
窃盗,自転車盗,杉並,新高円寺駅前交番,131156,東京都,杉並区,高円寺南３丁目,2020-10-13,01,その他の住宅（３階建て以下共同住宅等）,駐車（輪）場,20歳代,その他,施錠せず
窃盗,自転車盗,杉並,新高円寺駅前交番,131156,東京都,杉並区,松ノ木２丁目,2020-07-12,19,道路上,その他,50歳代,その他,施錠せず
窃盗,自転車盗,杉並,堀ノ内交番,131156,東京都,杉並区,梅里１丁目,2020-06-17,16,道路上,その他,50歳代,その他,施錠せず
窃盗,自転車盗,杉並,堀ノ内交番,131156,東京都,杉並区,堀ノ内２丁目,2020-01-04,15,一戸建住宅,その他,40歳代,その他,施錠せず
窃盗,自転車盗,杉並,堀ノ内交番,131156,東京都,杉並区,堀ノ内２丁目,2020-10-25,21,４階建て以上共同住宅,駐車（輪）場,20歳代,その他,施錠せず
窃盗,自転車盗,杉並,堀ノ内交番,131156,東京都,杉並区,堀ノ内２丁目,2020-11-28,02,一戸建住宅,その他,20歳代,大学生,施錠せず
窃盗,自転車盗,杉並,堀ノ内交番,131156,東京都,杉並区,堀ノ内３丁目,2019-12-11,17,その他,駐車（輪）場,70歳以上,その他,施錠せず
窃盗,自転車盗,杉並,堀ノ内交番,131156,東京都,杉並区,堀ノ内３丁目,2020-05-23,23,その他の住宅（３階建て以下共同住宅等）,駐車（輪）場,40歳代,その他,施錠せず
窃盗,自転車盗,杉並,堀ノ内交番,131156,東京都,杉並区,堀ノ内３丁目,2020-07-20,18,一戸建住宅,その他,30歳代,その他,施錠せず
窃盗,自転車盗,杉並,堀ノ内交番,131156,東京都,杉並区,堀ノ内３丁目,2020-08-10,20,その他の住宅（３階建て以下共同住宅等）,その他,30歳代,その他,施錠せず
窃盗,自転車盗,杉並,堀ノ内交番,131156,東京都,杉並区,堀ノ内３丁目,2020-11-22,00,その他,駐車（輪）場,20歳代,その他,施錠せず
窃盗,自転車盗,杉並,堀ノ内交番,131156,東京都,杉並区,和田３丁目,2020-07-19,18,道路上,その他,50歳代,その他,施錠せず
窃盗,自転車盗,杉並,和田本町交番,131156,東京都,杉並区,和田１丁目,2019-10-02,21,一戸建住宅,その他,50歳代,その他,施錠せず
窃盗,自転車盗,杉並,和田本町交番,131156,東京都,杉並区,和田１丁目,2019-12-13,08,その他の住宅（３階建て以下共同住宅等）,その他,20歳代,その他,施錠せず
窃盗,自転車盗,杉並,和田本町交番,131156,東京都,杉並区,和田１丁目,2020-03-30,11,その他の住宅（３階建て以下共同住宅等）,駐車（輪）場,20歳代,その他,施錠せず
窃盗,自転車盗,杉並,和田本町交番,131156,東京都,杉並区,和田１丁目,2020-04-12,17,４階建て以上共同住宅,その他,30歳代,その他,施錠せず
窃盗,自転車盗,杉並,和田本町交番,131156,東京都,杉並区,和田１丁目,2020-11-12,18,道路上,その他,50歳代,その他,施錠せず
窃盗,自転車盗,杉並,和田本町交番,131156,東京都,杉並区,和田１丁目,2020-11-23,16,その他の住宅（３階建て以下共同住宅等）,その他,30歳代,その他,施錠せず
窃盗,自転車盗,杉並,和田本町交番,131156,東京都,杉並区,和田２丁目,2020-01-04,17,一戸建住宅,その他,40歳代,その他,施錠せず
窃盗,自転車盗,杉並,和田本町交番,131156,東京都,杉並区,和田２丁目,2020-03-21,17,その他,駐車（輪）場,20歳代,その他,施錠せず
窃盗,自転車盗,杉並,和田本町交番,131156,東京都,杉並区,和田２丁目,2020-09-07,18,４階建て以上共同住宅,駐車（輪）場,40歳代,その他,施錠せず
窃盗,自転車盗,杉並,和田本町交番,131156,東京都,杉並区,和田２丁目,2020-11-20,22,４階建て以上共同住宅,駐車（輪）場,20歳代,その他,施錠せず
窃盗,自転車盗,杉並,高円寺交番,131156,東京都,杉並区,梅里１丁目,2020-03-03,14,一戸建住宅,その他,10歳代,中学生,施錠せず
窃盗,自転車盗,杉並,高円寺交番,131156,東京都,杉並区,梅里１丁目,2020-09-21,11,その他の住宅（３階建て以下共同住宅等）,駐車（輪）場,20歳代,その他,施錠せず
窃盗,自転車盗,杉並,高円寺交番,131156,東京都,杉並区,高円寺南１丁目,2020-01-03,17,その他の住宅（３階建て以下共同住宅等）,その他,40歳代,その他,施錠せず
窃盗,自転車盗,杉並,高円寺交番,131156,東京都,杉並区,高円寺南１丁目,2020-01-25,01,その他,その他,40歳代,その他,施錠せず
窃盗,自転車盗,杉並,高円寺交番,131156,東京都,杉並区,高円寺南１丁目,2020-03-09,08,その他の住宅（３階建て以下共同住宅等）,駐車（輪）場,30歳代,その他,施錠せず
窃盗,自転車盗,杉並,高円寺交番,131156,東京都,杉並区,高円寺南１丁目,2020-03-15,17,道路上,その他,30歳代,その他,施錠せず
窃盗,自転車盗,杉並,高円寺交番,131156,東京都,杉並区,高円寺南１丁目,2020-06-20,01,道路上,その他,20歳代,その他,施錠せず
窃盗,自転車盗,杉並,高円寺交番,131156,東京都,杉並区,高円寺南１丁目,2020-12-20,08,その他の住宅（３階建て以下共同住宅等）,駐車（輪）場,20歳代,その他,施錠せず
窃盗,自転車盗,杉並,高円寺交番,131156,東京都,杉並区,高円寺南２丁目,2019-10-05,09,道路上,その他,40歳代,その他,施錠せず
窃盗,自転車盗,杉並,高円寺交番,131156,東京都,杉並区,高円寺南３丁目,2020-06-29,01,道路上,その他,20歳代,その他,施錠せず
窃盗,自転車盗,杉並,高円寺交番,131156,東京都,杉並区,高円寺南５丁目,2020-10-04,20,その他の住宅（３階建て以下共同住宅等）,駐車（輪）場,65-69歳,その他,施錠せず
窃盗,自転車盗,杉並,高円寺交番,131156,東京都,杉並区,和田３丁目,2020-01-11,12,その他の住宅（３階建て以下共同住宅等）,その他,10歳代,大学生,施錠せず
窃盗,自転車盗,杉並,高円寺交番,131156,東京都,杉並区,和田３丁目,2020-04-05,14,その他の住宅（３階建て以下共同住宅等）,その他,20歳代,その他,施錠せず
窃盗,自転車盗,杉並,高円寺交番,131156,東京都,杉並区,和田３丁目,2020-06-21,12,４階建て以上共同住宅,駐車（輪）場,40歳代,その他,施錠せず
窃盗,自転車盗,杉並,高円寺南四丁目交番,131156,東京都,杉並区,阿佐谷北２丁目,2020-06-10,13,その他の住宅（３階建て以下共同住宅等）,駐車（輪）場,60-64歳,その他,施錠せず
窃盗,自転車盗,杉並,高円寺南四丁目交番,131156,東京都,杉並区,高円寺北１丁目,2019-12-15,23,その他の住宅（３階建て以下共同住宅等）,駐車（輪）場,30歳代,その他,施錠せず
窃盗,自転車盗,杉並,高円寺南四丁目交番,131156,東京都,杉並区,高円寺北１丁目,2020-09-13,02,道路上,その他,20歳代,その他,施錠せず
窃盗,自転車盗,杉並,高円寺南四丁目交番,131156,東京都,杉並区,高円寺南２丁目,2020-06-25,20,道路上,その他,40歳代,その他,施錠せず
窃盗,自転車盗,杉並,高円寺南四丁目交番,131156,東京都,杉並区,高円寺南４丁目,2020-01-15,12,その他の住宅（３階建て以下共同住宅等）,駐車（輪）場,20歳代,その他,施錠せず
窃盗,自転車盗,杉並,高円寺南四丁目交番,131156,東京都,杉並区,高円寺南４丁目,2020-09-18,15,道路上,その他,30歳代,その他,施錠せず
窃盗,自転車盗,杉並,高円寺南四丁目交番,131156,東京都,杉並区,高円寺南４丁目,2020-10-18,21,その他の住宅（３階建て以下共同住宅等）,駐車（輪）場,40歳代,その他,施錠せず
窃盗,自転車盗,杉並,高円寺南四丁目交番,131156,東京都,杉並区,高円寺南５丁目,2019-12-06,15,その他の住宅（３階建て以下共同住宅等）,その他,20歳代,大学生,施錠せず
窃盗,自転車盗,杉並,高円寺南四丁目交番,131156,東京都,杉並区,高円寺南５丁目,2020-01-03,23,一戸建住宅,その他,10歳代,高校生,施錠せず
窃盗,自転車盗,杉並,高円寺南四丁目交番,131156,東京都,杉並区,高円寺南５丁目,2020-06-07,09,その他の住宅（３階建て以下共同住宅等）,駐車（輪）場,30歳代,その他,施錠せず
窃盗,自転車盗,杉並,高円寺駅前交番,131156,東京都,杉並区,阿佐谷南１丁目,2020-03-27,19,４階建て以上共同住宅,その他,50歳代,その他,施錠せず
窃盗,自転車盗,杉並,高円寺駅前交番,131156,東京都,杉並区,阿佐谷南２丁目,2020-03-17,07,駐車（輪）場,駐車（輪）場,40歳代,その他,施錠せず
窃盗,自転車盗,杉並,高円寺駅前交番,131156,東京都,杉並区,高円寺北２丁目,2019-11-29,20,その他,駐車（輪）場,50歳代,その他,施錠せず
窃盗,自転車盗,杉並,高円寺駅前交番,131156,東京都,杉並区,高円寺北２丁目,2019-12-05,01,道路上,その他,50歳代,その他,施錠せず
窃盗,自転車盗,杉並,高円寺駅前交番,131156,東京都,杉並区,高円寺北２丁目,2019-12-08,08,道路上,その他,30歳代,その他,施錠せず
窃盗,自転車盗,杉並,高円寺駅前交番,131156,東京都,杉並区,高円寺北２丁目,2019-12-22,21,４階建て以上共同住宅,駐車（輪）場,30歳代,その他,施錠せず
窃盗,自転車盗,杉並,高円寺駅前交番,131156,東京都,杉並区,高円寺北２丁目,2020-01-04,21,道路上,その他,40歳代,その他,施錠せず
窃盗,自転車盗,杉並,高円寺駅前交番,131156,東京都,杉並区,高円寺北２丁目,2020-02-14,08,道路上,その他,20歳代,その他,施錠せず
窃盗,自転車盗,杉並,高円寺駅前交番,131156,東京都,杉並区,高円寺北２丁目,2020-03-30,10,４階建て以上共同住宅,その他,65-69歳,その他,施錠せず
窃盗,自転車盗,杉並,高円寺駅前交番,131156,東京都,杉並区,高円寺北２丁目,2020-07-22,18,道路上,その他,10歳代,大学生,施錠せず
窃盗,自転車盗,杉並,高円寺駅前交番,131156,東京都,杉並区,高円寺北２丁目,2020-08-19,19,道路上,その他,10歳代,その他,施錠せず
窃盗,自転車盗,杉並,高円寺駅前交番,131156,東京都,杉並区,高円寺北２丁目,2020-08-23,03,道路上,その他,20歳代,大学生,施錠せず
窃盗,自転車盗,杉並,高円寺駅前交番,131156,東京都,杉並区,高円寺北２丁目,2020-08-28,07,道路上,その他,40歳代,その他,施錠せず
窃盗,自転車盗,杉並,高円寺駅前交番,131156,東京都,杉並区,高円寺北２丁目,2020-09-15,19,道路上,その他,20歳代,その他,施錠せず
窃盗,自転車盗,杉並,高円寺駅前交番,131156,東京都,杉並区,高円寺北２丁目,2020-09-25,22,その他の住宅（３階建て以下共同住宅等）,駐車（輪）場,20歳代,その他,施錠せず
窃盗,自転車盗,杉並,高円寺駅前交番,131156,東京都,杉並区,高円寺北３丁目,2019-11-26,10,その他の住宅（３階建て以下共同住宅等）,その他,20歳代,その他,施錠せず
窃盗,自転車盗,杉並,高円寺駅前交番,131156,東京都,杉並区,高円寺北３丁目,2019-12-18,01,道路上,その他,法人・団体、被害者なし,法人・団体、被害者なし,施錠せず
窃盗,自転車盗,杉並,高円寺駅前交番,131156,東京都,杉並区,高円寺北３丁目,2019-12-27,12,その他,その他,65-69歳,その他,施錠せず
窃盗,自転車盗,杉並,高円寺駅前交番,131156,東京都,杉並区,高円寺北３丁目,2020-03-03,13,その他の住宅（３階建て以下共同住宅等）,その他,法人・団体、被害者なし,法人・団体、被害者なし,施錠せず
窃盗,自転車盗,杉並,高円寺駅前交番,131156,東京都,杉並区,高円寺北３丁目,2020-03-05,16,道路上,その他,10歳代,高校生,施錠せず
窃盗,自転車盗,杉並,高円寺駅前交番,131156,東京都,杉並区,高円寺北３丁目,2020-03-16,21,道路上,その他,30歳代,その他,施錠せず
窃盗,自転車盗,杉並,高円寺駅前交番,131156,東京都,杉並区,高円寺北３丁目,2020-03-31,17,その他,その他,30歳代,その他,施錠せず
窃盗,自転車盗,杉並,高円寺駅前交番,131156,東京都,杉並区,高円寺北３丁目,2020-06-19,06,駐車（輪）場,駐車（輪）場,30歳代,その他,施錠せず
窃盗,自転車盗,杉並,高円寺駅前交番,131156,東京都,杉並区,高円寺北３丁目,2020-06-27,01,道路上,その他,20歳代,その他,施錠せず
窃盗,自転車盗,杉並,高円寺駅前交番,131156,東京都,杉並区,高円寺北３丁目,2020-08-26,19,道路上,その他,10歳代,高校生,施錠せず
窃盗,自転車盗,杉並,高円寺駅前交番,131156,東京都,杉並区,高円寺北３丁目,2020-10-23,01,道路上,その他,50歳代,その他,施錠せず
窃盗,自転車盗,杉並,高円寺駅前交番,131156,東京都,杉並区,高円寺北３丁目,2020-11-07,23,道路上,その他,20歳代,その他,施錠せず
窃盗,自転車盗,杉並,高円寺駅前交番,131156,東京都,杉並区,高円寺北３丁目,2020-11-09,09,駐車（輪）場,駐車（輪）場,65-69歳,その他,施錠せず
窃盗,自転車盗,杉並,高円寺駅前交番,131156,東京都,杉並区,高円寺北４丁目,2019-12-18,17,その他の住宅（３階建て以下共同住宅等）,駐車（輪）場,10歳代,高校生,施錠せず
窃盗,自転車盗,杉並,高円寺駅前交番,131156,東京都,杉並区,高円寺北４丁目,2019-12-22,11,４階建て以上共同住宅,駐車（輪）場,10歳未満,小学生,施錠せず
窃盗,自転車盗,杉並,高円寺駅前交番,131156,東京都,杉並区,高円寺北４丁目,2020-04-17,18,その他,その他,10歳代,中学生,施錠せず
窃盗,自転車盗,杉並,高円寺駅前交番,131156,東京都,杉並区,高円寺北４丁目,2020-07-05,01,その他の住宅（３階建て以下共同住宅等）,駐車（輪）場,20歳代,大学生,施錠せず
窃盗,自転車盗,杉並,高円寺駅前交番,131156,東京都,杉並区,高円寺南２丁目,2020-07-05,19,その他の住宅（３階建て以下共同住宅等）,駐車（輪）場,30歳代,その他,施錠せず
窃盗,自転車盗,杉並,高円寺駅前交番,131156,東京都,杉並区,高円寺南３丁目,2019-12-14,22,道路上,その他,65-69歳,その他,施錠せず
窃盗,自転車盗,杉並,高円寺駅前交番,131156,東京都,杉並区,高円寺南３丁目,2020-01-24,18,その他,駐車（輪）場,60-64歳,その他,施錠せず
窃盗,自転車盗,杉並,高円寺駅前交番,131156,東京都,杉並区,高円寺南３丁目,2020-01-27,08,４階建て以上共同住宅,駐車（輪）場,10歳未満,小学生,施錠せず
窃盗,自転車盗,杉並,高円寺駅前交番,131156,東京都,杉並区,高円寺南３丁目,2020-04-05,01,道路上,その他,30歳代,その他,施錠せず
窃盗,自転車盗,杉並,高円寺駅前交番,131156,東京都,杉並区,高円寺南３丁目,2020-07-27,22,駐車（輪）場,駐車（輪）場,10歳代,その他,施錠せず
窃盗,自転車盗,杉並,高円寺駅前交番,131156,東京都,杉並区,高円寺南３丁目,2020-09-28,21,道路上,その他,30歳代,その他,施錠せず
窃盗,自転車盗,杉並,高円寺駅前交番,131156,東京都,杉並区,高円寺南３丁目,2020-10-31,09,道路上,その他,30歳代,その他,施錠せず
窃盗,自転車盗,杉並,高円寺駅前交番,131156,東京都,杉並区,高円寺南３丁目,2020-11-20,23,道路上,その他,20歳代,その他,施錠せず
窃盗,自転車盗,杉並,高円寺駅前交番,131156,東京都,杉並区,高円寺南４丁目,2019-12-08,22,道路上,その他,40歳代,その他,施錠せず
窃盗,自転車盗,杉並,高円寺駅前交番,131156,東京都,杉並区,高円寺南４丁目,2019-12-12,06,４階建て以上共同住宅,駐車（輪）場,20歳代,その他,施錠せず
窃盗,自転車盗,杉並,高円寺駅前交番,131156,東京都,杉並区,高円寺南４丁目,2020-02-02,20,４階建て以上共同住宅,その他,法人・団体、被害者なし,法人・団体、被害者なし,施錠せず
窃盗,自転車盗,杉並,高円寺駅前交番,131156,東京都,杉並区,高円寺南４丁目,2020-02-24,16,道路上,その他,法人・団体、被害者なし,法人・団体、被害者なし,施錠せず
窃盗,自転車盗,杉並,高円寺駅前交番,131156,東京都,杉並区,高円寺南４丁目,2020-03-19,08,その他,その他,40歳代,その他,施錠せず
窃盗,自転車盗,杉並,高円寺駅前交番,131156,東京都,杉並区,高円寺南４丁目,2020-03-19,22,道路上,その他,40歳代,その他,施錠せず
窃盗,自転車盗,杉並,高円寺駅前交番,131156,東京都,杉並区,高円寺南４丁目,2020-07-22,08,４階建て以上共同住宅,駐車（輪）場,40歳代,その他,施錠せず
窃盗,自転車盗,杉並,高円寺駅前交番,131156,東京都,杉並区,高円寺南４丁目,2020-08-07,09,道路上,その他,30歳代,その他,施錠せず
窃盗,自転車盗,杉並,高円寺駅前交番,131156,東京都,杉並区,高円寺南４丁目,2020-08-15,16,道路上,その他,70歳以上,その他,施錠せず
窃盗,自転車盗,杉並,高円寺駅前交番,131156,東京都,杉並区,高円寺南４丁目,2020-08-24,19,４階建て以上共同住宅,その他,20歳代,その他,施錠せず
窃盗,自転車盗,杉並,高円寺駅前交番,131156,東京都,杉並区,高円寺南４丁目,2020-10-04,04,道路上,その他,30歳代,その他,施錠せず
窃盗,自転車盗,杉並,高円寺駅前交番,131156,東京都,杉並区,高円寺南５丁目,2020-08-14,19,道路上,その他,30歳代,その他,施錠せず
窃盗,自転車盗,杉並,阿佐谷北交番,131156,東京都,杉並区,阿佐谷北３丁目,2020-07-11,23,道路上,その他,20歳代,大学生,施錠せず
窃盗,自転車盗,杉並,阿佐谷北交番,131156,東京都,杉並区,阿佐谷北３丁目,2020-08-25,22,道路上,その他,20歳代,その他,施錠せず
窃盗,自転車盗,杉並,阿佐谷北交番,131156,東京都,杉並区,阿佐谷北４丁目,2020-02-14,17,一戸建住宅,その他,30歳代,その他,施錠せず
窃盗,自転車盗,杉並,阿佐谷北交番,131156,東京都,杉並区,阿佐谷北４丁目,2020-02-20,00,４階建て以上共同住宅,その他,65-69歳,その他,施錠せず
窃盗,自転車盗,杉並,阿佐谷北交番,131156,東京都,杉並区,阿佐谷北４丁目,2020-03-06,23,その他の住宅（３階建て以下共同住宅等）,その他,20歳代,大学生,施錠せず
窃盗,自転車盗,杉並,阿佐谷北交番,131156,東京都,杉並区,阿佐谷北４丁目,2020-09-09,00,道路上,その他,30歳代,その他,施錠せず
窃盗,自転車盗,杉並,阿佐谷北交番,131156,東京都,杉並区,阿佐谷北５丁目,2020-07-10,00,道路上,その他,50歳代,その他,施錠せず
窃盗,自転車盗,杉並,阿佐谷駅前交番,131156,東京都,杉並区,阿佐谷北１丁目,2019-06-25,15,道路上,その他,50歳代,その他,施錠せず
窃盗,自転車盗,杉並,阿佐谷駅前交番,131156,東京都,杉並区,阿佐谷北１丁目,2019-11-28,20,道路上,その他,30歳代,その他,施錠せず
窃盗,自転車盗,杉並,阿佐谷駅前交番,131156,東京都,杉並区,阿佐谷北１丁目,2020-01-12,12,その他,その他,10歳代,中学生,施錠せず
窃盗,自転車盗,杉並,阿佐谷駅前交番,131156,東京都,杉並区,阿佐谷北１丁目,2020-06-09,12,道路上,その他,60-64歳,その他,施錠せず
窃盗,自転車盗,杉並,阿佐谷駅前交番,131156,東京都,杉並区,阿佐谷北１丁目,2020-06-10,11,道路上,その他,40歳代,その他,施錠せず
窃盗,自転車盗,杉並,阿佐谷駅前交番,131156,東京都,杉並区,阿佐谷北１丁目,2020-06-21,16,一戸建住宅,その他,10歳代,高校生,施錠せず
窃盗,自転車盗,杉並,阿佐谷駅前交番,131156,東京都,杉並区,阿佐谷北１丁目,2020-07-19,21,道路上,その他,20歳代,大学生,施錠せず
窃盗,自転車盗,杉並,阿佐谷駅前交番,131156,東京都,杉並区,阿佐谷北１丁目,2020-11-13,18,その他,その他,20歳代,その他,施錠せず
窃盗,自転車盗,杉並,阿佐谷駅前交番,131156,東京都,杉並区,阿佐谷北１丁目,2020-11-21,01,道路上,その他,30歳代,その他,施錠せず
窃盗,自転車盗,杉並,阿佐谷駅前交番,131156,東京都,杉並区,阿佐谷北２丁目,2019-12-21,16,駐車（輪）場,駐車（輪）場,20歳代,その他,施錠せず
窃盗,自転車盗,杉並,阿佐谷駅前交番,131156,東京都,杉並区,阿佐谷北２丁目,2020-01-08,19,道路上,その他,20歳代,その他,施錠せず
窃盗,自転車盗,杉並,阿佐谷駅前交番,131156,東京都,杉並区,阿佐谷北２丁目,2020-01-24,23,駐車（輪）場,駐車（輪）場,20歳代,その他,施錠せず
窃盗,自転車盗,杉並,阿佐谷駅前交番,131156,東京都,杉並区,阿佐谷北２丁目,2020-05-31,11,道路上,その他,50歳代,その他,施錠せず
窃盗,自転車盗,杉並,阿佐谷駅前交番,131156,東京都,杉並区,阿佐谷北２丁目,2020-07-04,17,４階建て以上共同住宅,駐車（輪）場,10歳代,大学生,施錠せず
窃盗,自転車盗,杉並,阿佐谷駅前交番,131156,東京都,杉並区,阿佐谷北２丁目,2020-07-08,18,道路上,その他,40歳代,その他,施錠せず
窃盗,自転車盗,杉並,阿佐谷駅前交番,131156,東京都,杉並区,阿佐谷北２丁目,2020-07-21,21,道路上,その他,50歳代,その他,施錠せず
窃盗,自転車盗,杉並,阿佐谷駅前交番,131156,東京都,杉並区,阿佐谷北４丁目,2020-06-26,21,道路上,その他,10歳代,その他,施錠せず
窃盗,自転車盗,杉並,阿佐谷駅前交番,131156,東京都,杉並区,阿佐谷南１丁目,2019-11-27,21,道路上,その他,40歳代,その他,施錠せず
窃盗,自転車盗,杉並,阿佐谷駅前交番,131156,東京都,杉並区,阿佐谷南１丁目,2019-11-30,15,道路上,その他,70歳以上,その他,施錠せず
窃盗,自転車盗,杉並,阿佐谷駅前交番,131156,東京都,杉並区,阿佐谷南１丁目,2020-07-10,20,その他の住宅（３階建て以下共同住宅等）,駐車（輪）場,50歳代,その他,施錠せず
窃盗,自転車盗,杉並,阿佐谷駅前交番,131156,東京都,杉並区,阿佐谷南１丁目,2020-08-02,19,道路上,その他,10歳未満,小学生,施錠せず
窃盗,自転車盗,杉並,阿佐谷駅前交番,131156,東京都,杉並区,阿佐谷南１丁目,2020-08-05,18,道路上,その他,60-64歳,その他,施錠せず
窃盗,自転車盗,杉並,阿佐谷駅前交番,131156,東京都,杉並区,阿佐谷南１丁目,2020-10-26,13,駐車（輪）場,駐車（輪）場,20歳代,その他,施錠せず
窃盗,自転車盗,杉並,阿佐谷駅前交番,131156,東京都,杉並区,阿佐谷南２丁目,2019-11-08,23,その他の住宅（３階建て以下共同住宅等）,その他,30歳代,その他,施錠せず
窃盗,自転車盗,杉並,阿佐谷駅前交番,131156,東京都,杉並区,阿佐谷南２丁目,2019-12-01,16,その他,その他,70歳以上,その他,施錠せず
窃盗,自転車盗,杉並,阿佐谷駅前交番,131156,東京都,杉並区,阿佐谷南２丁目,2020-01-03,19,駐車（輪）場,駐車（輪）場,20歳代,その他,施錠せず
窃盗,自転車盗,杉並,阿佐谷駅前交番,131156,東京都,杉並区,阿佐谷南２丁目,2020-01-07,10,駐車（輪）場,駐車（輪）場,50歳代,その他,施錠せず
窃盗,自転車盗,杉並,阿佐谷駅前交番,131156,東京都,杉並区,阿佐谷南２丁目,2020-02-15,00,道路上,その他,50歳代,その他,施錠せず
窃盗,自転車盗,杉並,阿佐谷駅前交番,131156,東京都,杉並区,阿佐谷南２丁目,2020-10-18,14,その他,駐車（輪）場,10歳代,高校生,施錠せず
窃盗,自転車盗,杉並,阿佐谷駅前交番,131156,東京都,杉並区,阿佐谷南３丁目,2019-12-05,19,道路上,その他,40歳代,その他,施錠せず
窃盗,自転車盗,杉並,阿佐谷駅前交番,131156,東京都,杉並区,阿佐谷南３丁目,2019-12-06,04,道路上,その他,50歳代,その他,施錠せず
窃盗,自転車盗,杉並,阿佐谷駅前交番,131156,東京都,杉並区,阿佐谷南３丁目,2020-11-05,23,一戸建住宅,その他,40歳代,その他,施錠せず
窃盗,自転車盗,杉並,阿佐谷駅前交番,131156,東京都,杉並区,高円寺北１丁目,2020-11-27,23,一戸建住宅,その他,10歳代,大学生,施錠せず
窃盗,自転車盗,杉並,阿佐谷駅前交番,131156,東京都,杉並区,成田東３丁目,2020-03-27,00,４階建て以上共同住宅,駐車（輪）場,20歳代,その他,施錠せず
窃盗,自転車盗,杉並,成宗交番,131156,東京都,杉並区,阿佐谷南３丁目,2020-09-03,20,その他の住宅（３階建て以下共同住宅等）,駐車（輪）場,30歳代,その他,施錠せず
窃盗,自転車盗,杉並,成宗交番,131156,東京都,杉並区,荻窪３丁目,2020-11-19,16,その他,駐車（輪）場,10歳代,中学生,施錠せず
窃盗,自転車盗,杉並,成宗交番,131156,東京都,杉並区,荻窪３丁目,2020-12-02,23,一戸建住宅,その他,40歳代,その他,施錠せず
窃盗,自転車盗,杉並,成宗交番,131156,東京都,杉並区,成田西４丁目,2020-12-10,19,その他の住宅（３階建て以下共同住宅等）,駐車（輪）場,10歳代,小学生,施錠せず
窃盗,自転車盗,杉並,成宗交番,131156,東京都,杉並区,成田東５丁目,2019-11-24,17,その他の住宅（３階建て以下共同住宅等）,駐車（輪）場,20歳代,その他,施錠せず
窃盗,自転車盗,杉並,成宗交番,131156,東京都,杉並区,成田東５丁目,2019-12-27,18,その他の住宅（３階建て以下共同住宅等）,その他,30歳代,その他,施錠せず
窃盗,自転車盗,杉並,成宗交番,131156,東京都,杉並区,成田東５丁目,2020-01-08,17,道路上,その他,30歳代,その他,施錠せず
窃盗,自転車盗,杉並,成宗交番,131156,東京都,杉並区,成田東５丁目,2020-03-24,10,駐車（輪）場,駐車（輪）場,10歳代,大学生,施錠せず
窃盗,自転車盗,杉並,成宗交番,131156,東京都,杉並区,成田東５丁目,2020-08-14,20,道路上,その他,30歳代,その他,施錠せず
窃盗,自転車盗,杉並,西田端橋駐在所,131156,東京都,杉並区,成田西２丁目,2020-05-09,02,その他の住宅（３階建て以下共同住宅等）,駐車（輪）場,10歳代,中学生,施錠せず
窃盗,自転車盗,杉並,成田交番,131156,東京都,杉並区,梅里２丁目,2020-05-25,09,道路上,その他,50歳代,その他,施錠せず
窃盗,自転車盗,杉並,成田交番,131156,東京都,杉並区,高円寺南４丁目,2020-03-05,17,道路上,その他,30歳代,その他,施錠せず
窃盗,自転車盗,杉並,成田交番,131156,東京都,杉並区,成田西２丁目,2020-09-21,18,一戸建住宅,その他,40歳代,その他,施錠せず
窃盗,自転車盗,杉並,成田交番,131156,東京都,杉並区,成田西３丁目,2020-03-17,09,その他の住宅（３階建て以下共同住宅等）,その他,20歳代,その他,施錠せず
窃盗,自転車盗,杉並,成田交番,131156,東京都,杉並区,成田東１丁目,2020-03-20,21,一戸建住宅,その他,10歳代,高校生,施錠せず
窃盗,自転車盗,杉並,成田交番,131156,東京都,杉並区,成田東１丁目,2020-03-28,16,一戸建住宅,その他,30歳代,その他,施錠せず
窃盗,自転車盗,杉並,成田交番,131156,東京都,杉並区,成田東１丁目,2020-05-14,18,その他の住宅（３階建て以下共同住宅等）,駐車（輪）場,20歳代,その他,施錠せず
窃盗,自転車盗,杉並,成田交番,131156,東京都,杉並区,成田東１丁目,2020-06-13,07,一戸建住宅,その他,50歳代,その他,施錠せず
窃盗,自転車盗,杉並,成田交番,131156,東京都,杉並区,成田東１丁目,2020-10-26,22,その他の住宅（３階建て以下共同住宅等）,その他,30歳代,その他,施錠せず
窃盗,自転車盗,杉並,成田交番,131156,東京都,杉並区,成田東３丁目,2019-12-25,09,道路上,その他,20歳代,その他,施錠せず
窃盗,自転車盗,杉並,成田交番,131156,東京都,杉並区,成田東３丁目,2019-12-27,21,道路上,その他,20歳代,その他,施錠せず
窃盗,自転車盗,杉並,成田交番,131156,東京都,杉並区,成田東３丁目,2020-01-30,13,一戸建住宅,その他,10歳代,中学生,施錠せず
窃盗,自転車盗,杉並,成田交番,131156,東京都,杉並区,成田東３丁目,2020-09-06,13,一戸建住宅,その他,10歳代,高校生,施錠せず
窃盗,自転車盗,杉並,成田交番,131156,東京都,杉並区,成田東３丁目,2020-10-26,10,４階建て以上共同住宅,駐車（輪）場,50歳代,その他,施錠せず
窃盗,自転車盗,杉並,成田交番,131156,東京都,杉並区,成田東３丁目,2020-10-26,11,その他の住宅（３階建て以下共同住宅等）,駐車（輪）場,20歳代,その他,施錠せず
窃盗,自転車盗,杉並,成田交番,131156,東京都,杉並区,成田東３丁目,2020-11-21,18,道路上,その他,法人・団体、被害者なし,法人・団体、被害者なし,施錠せず
窃盗,自転車盗,杉並,成田交番,131156,東京都,杉並区,松ノ木１丁目,2020-01-19,02,一戸建住宅,その他,50歳代,その他,施錠せず
窃盗,自転車盗,杉並,成田交番,131156,東京都,杉並区,松ノ木１丁目,2020-03-13,09,一戸建住宅,その他,10歳代,高校生,施錠せず
窃盗,自転車盗,杉並,成田交番,131156,東京都,杉並区,松ノ木１丁目,2020-07-21,17,一戸建住宅,駐車（輪）場,40歳代,その他,施錠せず
窃盗,自転車盗,杉並,成田交番,131156,東京都,杉並区,松ノ木２丁目,2020-02-21,06,一戸建住宅,その他,50歳代,その他,施錠せず
窃盗,自転車盗,杉並,成田交番,131156,東京都,杉並区,松ノ木２丁目,2020-07-20,12,４階建て以上共同住宅,駐車（輪）場,40歳代,その他,施錠せず
窃盗,自転車盗,杉並,成田西駐在所,131156,東京都,杉並区,成田西２丁目,2020-07-26,23,道路上,その他,10歳代,高校生,施錠せず
窃盗,自転車盗,高井戸,泉南交番,131156,東京都,杉並区,和泉１丁目,2019-12-01,不明,道路上,その他,70歳以上,その他,施錠せず
窃盗,自転車盗,高井戸,泉南交番,131156,東京都,杉並区,和泉１丁目,2020-02-15,03,一戸建住宅,駐車（輪）場,40歳代,その他,施錠せず
窃盗,自転車盗,高井戸,泉南交番,131156,東京都,杉並区,和泉１丁目,2020-03-05,17,その他の住宅（３階建て以下共同住宅等）,駐車（輪）場,20歳代,その他,施錠せず
窃盗,自転車盗,高井戸,泉南交番,131156,東京都,杉並区,和泉１丁目,2020-06-26,22,道路上,その他,30歳代,その他,施錠せず
窃盗,自転車盗,高井戸,泉南交番,131156,東京都,杉並区,和泉１丁目,2020-08-04,17,一戸建住宅,駐車（輪）場,10歳代,高校生,施錠せず
窃盗,自転車盗,高井戸,泉南交番,131156,東京都,杉並区,和泉１丁目,2020-08-20,02,一戸建住宅,駐車（輪）場,30歳代,その他,施錠せず
窃盗,自転車盗,高井戸,泉南交番,131156,東京都,杉並区,和泉１丁目,2020-08-21,00,道路上,その他,30歳代,その他,施錠せず
窃盗,自転車盗,高井戸,泉南交番,131156,東京都,杉並区,和泉１丁目,2020-09-26,21,道路上,その他,20歳代,その他,施錠せず
窃盗,自転車盗,高井戸,泉南交番,131156,東京都,杉並区,和泉１丁目,2020-10-15,01,４階建て以上共同住宅,駐車（輪）場,30歳代,その他,施錠せず
窃盗,自転車盗,高井戸,泉南交番,131156,東京都,杉並区,和泉２丁目,2020-02-13,18,その他の住宅（３階建て以下共同住宅等）,駐車（輪）場,20歳代,その他,施錠せず
窃盗,自転車盗,高井戸,泉南交番,131156,東京都,杉並区,和泉２丁目,2020-02-21,00,その他の住宅（３階建て以下共同住宅等）,その他,20歳代,その他,施錠せず
窃盗,自転車盗,高井戸,泉南交番,131156,東京都,杉並区,和泉２丁目,2020-03-26,12,その他の住宅（３階建て以下共同住宅等）,駐車（輪）場,20歳代,大学生,施錠せず
窃盗,自転車盗,高井戸,泉南交番,131156,東京都,杉並区,和泉２丁目,2020-08-03,23,道路上,その他,30歳代,その他,施錠せず
窃盗,自転車盗,高井戸,泉南交番,131156,東京都,杉並区,和泉２丁目,2020-09-23,23,その他の住宅（３階建て以下共同住宅等）,駐車（輪）場,40歳代,その他,施錠せず
窃盗,自転車盗,高井戸,泉南交番,131156,東京都,杉並区,和泉２丁目,2020-11-03,23,その他の住宅（３階建て以下共同住宅等）,駐車（輪）場,30歳代,その他,施錠せず
窃盗,自転車盗,高井戸,泉南交番,131156,東京都,杉並区,和泉３丁目,2020-05-25,20,道路上,その他,20歳代,その他,施錠せず
窃盗,自転車盗,高井戸,泉南交番,131156,東京都,杉並区,和泉４丁目,2020-04-22,16,その他の住宅（３階建て以下共同住宅等）,駐車（輪）場,30歳代,その他,施錠せず
窃盗,自転車盗,高井戸,泉南交番,131156,東京都,杉並区,方南１丁目,2020-02-25,17,一戸建住宅,駐車（輪）場,20歳代,その他,施錠せず
窃盗,自転車盗,高井戸,泉南交番,131156,東京都,杉並区,方南１丁目,2020-03-11,02,その他の住宅（３階建て以下共同住宅等）,駐車（輪）場,20歳代,その他,施錠せず
窃盗,自転車盗,高井戸,泉南交番,131156,東京都,杉並区,方南１丁目,2020-03-20,01,道路上,その他,50歳代,その他,施錠せず
窃盗,自転車盗,高井戸,泉南交番,131156,東京都,杉並区,方南１丁目,2020-03-26,01,その他,駐車（輪）場,20歳代,その他,施錠せず
窃盗,自転車盗,高井戸,泉南交番,131156,東京都,杉並区,方南１丁目,2020-05-25,00,その他の住宅（３階建て以下共同住宅等）,駐車（輪）場,30歳代,その他,施錠せず
窃盗,自転車盗,高井戸,泉南交番,131156,東京都,杉並区,方南１丁目,2020-08-03,17,４階建て以上共同住宅,駐車（輪）場,65-69歳,その他,施錠せず
窃盗,自転車盗,高井戸,泉南交番,131156,東京都,杉並区,方南１丁目,2020-09-09,17,その他の住宅（３階建て以下共同住宅等）,その他,20歳代,その他,施錠せず
窃盗,自転車盗,高井戸,泉南交番,131156,東京都,杉並区,方南１丁目,2020-09-30,01,その他,駐車（輪）場,30歳代,その他,施錠せず
窃盗,自転車盗,高井戸,泉南交番,131156,東京都,杉並区,方南１丁目,2020-10-21,20,その他の住宅（３階建て以下共同住宅等）,駐車（輪）場,20歳代,その他,施錠せず
窃盗,自転車盗,高井戸,泉南交番,131156,東京都,杉並区,方南２丁目,2020-05-08,18,その他,その他,40歳代,その他,施錠せず
窃盗,自転車盗,高井戸,泉南交番,131156,東京都,杉並区,方南２丁目,2020-11-18,15,一戸建住宅,駐車（輪）場,70歳以上,その他,施錠せず
窃盗,自転車盗,高井戸,永福町駅前交番,131156,東京都,杉並区,和泉３丁目,2020-02-03,10,駐車（輪）場,駐車（輪）場,40歳代,その他,施錠せず
窃盗,自転車盗,高井戸,永福町駅前交番,131156,東京都,杉並区,和泉３丁目,2020-06-09,13,その他の住宅（３階建て以下共同住宅等）,駐車（輪）場,10歳代,中学生,施錠せず
窃盗,自転車盗,高井戸,永福町駅前交番,131156,東京都,杉並区,和泉３丁目,2020-06-14,18,４階建て以上共同住宅,駐車（輪）場,30歳代,その他,施錠せず
窃盗,自転車盗,高井戸,永福町駅前交番,131156,東京都,杉並区,永福２丁目,2020-03-21,16,一戸建住宅,駐車（輪）場,70歳以上,その他,施錠せず
窃盗,自転車盗,高井戸,永福町駅前交番,131156,東京都,杉並区,永福２丁目,2020-09-08,20,その他の住宅（３階建て以下共同住宅等）,駐車（輪）場,20歳代,その他,施錠せず
窃盗,自転車盗,高井戸,永福町駅前交番,131156,東京都,杉並区,永福２丁目,2020-12-06,08,道路上,その他,20歳代,大学生,施錠せず
窃盗,自転車盗,高井戸,永福町駅前交番,131156,東京都,杉並区,永福４丁目,2020-06-04,14,その他の住宅（３階建て以下共同住宅等）,駐車（輪）場,10歳代,高校生,施錠せず
窃盗,自転車盗,高井戸,宗源寺前交番,131156,東京都,杉並区,下高井戸２丁目,2020-08-19,08,道路上,その他,50歳代,その他,施錠せず
窃盗,自転車盗,高井戸,宗源寺前交番,131156,東京都,杉並区,下高井戸３丁目,2020-09-04,04,道路上,その他,20歳代,その他,施錠せず
窃盗,自転車盗,高井戸,宗源寺前交番,131156,東京都,杉並区,下高井戸３丁目,2020-10-31,01,４階建て以上共同住宅,駐車（輪）場,40歳代,その他,施錠せず
窃盗,自転車盗,高井戸,宗源寺前交番,131156,東京都,杉並区,下高井戸３丁目,2020-12-23,17,一戸建住宅,駐車（輪）場,30歳代,その他,施錠せず
窃盗,自転車盗,高井戸,宗源寺前交番,131156,東京都,杉並区,下高井戸４丁目,2019-12-16,23,４階建て以上共同住宅,駐車（輪）場,30歳代,その他,施錠せず
窃盗,自転車盗,高井戸,宗源寺前交番,131156,東京都,杉並区,下高井戸４丁目,2020-05-18,16,道路上,その他,20歳代,その他,施錠せず
窃盗,自転車盗,高井戸,宗源寺前交番,131156,東京都,杉並区,下高井戸４丁目,2020-11-02,19,その他の住宅（３階建て以下共同住宅等）,駐車（輪）場,20歳代,その他,施錠せず
窃盗,自転車盗,高井戸,西永福駅前交番,131156,東京都,杉並区,永福３丁目,2020-03-02,18,その他の住宅（３階建て以下共同住宅等）,駐車（輪）場,10歳代,小学生,施錠せず
窃盗,自転車盗,高井戸,西永福駅前交番,131156,東京都,杉並区,永福３丁目,2020-07-18,18,その他,駐車（輪）場,40歳代,その他,施錠せず
窃盗,自転車盗,高井戸,西永福駅前交番,131156,東京都,杉並区,永福３丁目,2020-08-14,10,道路上,その他,20歳代,大学生,施錠せず
窃盗,自転車盗,高井戸,西永福駅前交番,131156,東京都,杉並区,永福３丁目,2020-09-17,14,その他,駐車（輪）場,20歳代,大学生,施錠せず
窃盗,自転車盗,高井戸,西永福駅前交番,131156,東京都,杉並区,永福４丁目,2020-01-23,20,駐車（輪）場,駐車（輪）場,10歳代,中学生,施錠せず
窃盗,自転車盗,高井戸,方南交番,131156,東京都,杉並区,西荻南２丁目,2012-03-01,00,その他,駐車（輪）場,法人・団体、被害者なし,法人・団体、被害者なし,施錠せず
窃盗,自転車盗,高井戸,方南交番,131156,東京都,杉並区,方南２丁目,2020-01-16,22,その他の住宅（３階建て以下共同住宅等）,駐車（輪）場,20歳代,その他,施錠せず
窃盗,自転車盗,高井戸,方南交番,131156,東京都,杉並区,方南２丁目,2020-02-08,20,駐車（輪）場,駐車（輪）場,10歳代,高校生,施錠せず
窃盗,自転車盗,高井戸,方南交番,131156,東京都,杉並区,方南２丁目,2020-03-09,09,その他,その他,40歳代,その他,施錠せず
窃盗,自転車盗,高井戸,方南交番,131156,東京都,杉並区,方南２丁目,2020-05-08,17,その他の住宅（３階建て以下共同住宅等）,駐車（輪）場,40歳代,その他,施錠せず
窃盗,自転車盗,高井戸,方南交番,131156,東京都,杉並区,方南２丁目,2020-06-18,09,一戸建住宅,駐車（輪）場,20歳代,大学生,施錠せず
窃盗,自転車盗,高井戸,方南交番,131156,東京都,杉並区,方南２丁目,2020-08-05,20,その他の住宅（３階建て以下共同住宅等）,駐車（輪）場,10歳代,その他,施錠せず
窃盗,自転車盗,高井戸,方南交番,131156,東京都,杉並区,方南２丁目,2020-08-07,21,その他,その他,70歳以上,その他,施錠せず
窃盗,自転車盗,高井戸,方南交番,131156,東京都,杉並区,方南２丁目,2020-10-23,22,その他の住宅（３階建て以下共同住宅等）,駐車（輪）場,10歳代,その他,施錠せず
窃盗,自転車盗,高井戸,方南交番,131156,東京都,杉並区,堀ノ内１丁目,2020-01-14,17,その他の住宅（３階建て以下共同住宅等）,駐車（輪）場,50歳代,その他,施錠せず
窃盗,自転車盗,高井戸,方南交番,131156,東京都,杉並区,堀ノ内１丁目,2020-08-29,19,その他の住宅（３階建て以下共同住宅等）,駐車（輪）場,20歳代,その他,施錠せず
窃盗,自転車盗,高井戸,西荻南交番,131156,東京都,杉並区,松庵１丁目,2020-03-26,17,一戸建住宅,駐車（輪）場,70歳以上,その他,施錠せず
窃盗,自転車盗,高井戸,西荻南交番,131156,東京都,杉並区,松庵１丁目,2020-05-31,17,その他の住宅（３階建て以下共同住宅等）,その他,20歳代,その他,施錠せず
窃盗,自転車盗,高井戸,西荻南交番,131156,東京都,杉並区,松庵２丁目,2020-06-02,19,４階建て以上共同住宅,駐車（輪）場,10歳代,中学生,施錠せず
窃盗,自転車盗,高井戸,西荻南交番,131156,東京都,杉並区,松庵２丁目,2020-07-19,17,その他の住宅（３階建て以下共同住宅等）,その他,60-64歳,その他,施錠せず
窃盗,自転車盗,高井戸,西荻南交番,131156,東京都,杉並区,松庵２丁目,2020-12-07,17,その他,駐車（輪）場,20歳代,大学生,施錠せず
窃盗,自転車盗,高井戸,西荻南交番,131156,東京都,杉並区,松庵３丁目,2020-01-24,07,その他の住宅（３階建て以下共同住宅等）,駐車（輪）場,50歳代,その他,施錠せず
窃盗,自転車盗,高井戸,西荻南交番,131156,東京都,杉並区,松庵３丁目,2020-04-25,12,駐車（輪）場,駐車（輪）場,70歳以上,その他,施錠せず
窃盗,自転車盗,高井戸,西荻南交番,131156,東京都,杉並区,松庵３丁目,2020-05-30,17,その他,駐車（輪）場,10歳代,中学生,施錠せず
窃盗,自転車盗,高井戸,西荻南交番,131156,東京都,杉並区,松庵３丁目,2020-08-27,16,一戸建住宅,駐車（輪）場,70歳以上,その他,施錠せず
窃盗,自転車盗,高井戸,西荻南交番,131156,東京都,杉並区,松庵３丁目,2020-08-31,00,駐車（輪）場,駐車（輪）場,20歳代,大学生,施錠せず
窃盗,自転車盗,高井戸,西荻南交番,131156,東京都,杉並区,松庵３丁目,2020-10-29,07,駐車（輪）場,駐車（輪）場,10歳代,高校生,施錠せず
窃盗,自転車盗,高井戸,西荻南交番,131156,東京都,杉並区,松庵３丁目,2020-11-19,07,駐車（輪）場,駐車（輪）場,50歳代,その他,施錠せず
窃盗,自転車盗,高井戸,西荻南交番,131156,東京都,杉並区,西荻南２丁目,2020-06-21,15,その他の住宅（３階建て以下共同住宅等）,駐車（輪）場,65-69歳,その他,施錠せず
窃盗,自転車盗,高井戸,西荻南交番,131156,東京都,杉並区,西荻南２丁目,2020-10-11,20,一戸建住宅,駐車（輪）場,50歳代,その他,施錠せず
窃盗,自転車盗,高井戸,西荻南交番,131156,東京都,杉並区,宮前２丁目,2020-09-06,18,一戸建住宅,駐車（輪）場,20歳代,大学生,施錠せず
窃盗,自転車盗,高井戸,西荻南交番,131156,東京都,杉並区,宮前３丁目,2020-06-06,15,一戸建住宅,駐車（輪）場,10歳代,高校生,施錠せず
窃盗,自転車盗,高井戸,久我山交番,131156,東京都,杉並区,久我山３丁目,2020-01-15,20,その他,駐車（輪）場,30歳代,その他,施錠せず
窃盗,自転車盗,高井戸,久我山交番,131156,東京都,杉並区,久我山３丁目,2020-02-02,19,その他の住宅（３階建て以下共同住宅等）,駐車（輪）場,30歳代,その他,施錠せず
窃盗,自転車盗,高井戸,久我山交番,131156,東京都,杉並区,久我山３丁目,2020-03-23,23,４階建て以上共同住宅,その他,20歳代,高校生,施錠せず
窃盗,自転車盗,高井戸,久我山交番,131156,東京都,杉並区,久我山３丁目,2020-03-25,12,駐車（輪）場,駐車（輪）場,20歳代,大学生,施錠せず
窃盗,自転車盗,高井戸,久我山交番,131156,東京都,杉並区,久我山３丁目,2020-04-19,20,一戸建住宅,駐車（輪）場,70歳以上,その他,施錠せず
窃盗,自転車盗,高井戸,久我山交番,131156,東京都,杉並区,久我山３丁目,2020-05-09,15,その他の住宅（３階建て以下共同住宅等）,駐車（輪）場,20歳代,その他,施錠せず
窃盗,自転車盗,高井戸,久我山交番,131156,東京都,杉並区,久我山３丁目,2020-06-06,18,駐車（輪）場,駐車（輪）場,10歳代,中学生,施錠せず
窃盗,自転車盗,高井戸,久我山交番,131156,東京都,杉並区,久我山３丁目,2020-06-07,09,その他の住宅（３階建て以下共同住宅等）,駐車（輪）場,20歳代,その他,施錠せず
窃盗,自転車盗,高井戸,久我山交番,131156,東京都,杉並区,久我山３丁目,2020-09-06,17,その他,駐車（輪）場,20歳代,その他,施錠せず
窃盗,自転車盗,高井戸,久我山交番,131156,東京都,杉並区,久我山３丁目,2020-09-14,12,駐車（輪）場,駐車（輪）場,30歳代,その他,施錠せず
窃盗,自転車盗,高井戸,久我山交番,131156,東京都,杉並区,久我山３丁目,2020-10-28,19,駐車（輪）場,駐車（輪）場,10歳代,中学生,施錠せず
窃盗,自転車盗,高井戸,久我山交番,131156,東京都,杉並区,久我山５丁目,2020-03-11,10,その他,駐車（輪）場,20歳代,その他,施錠せず
窃盗,自転車盗,高井戸,久我山交番,131156,東京都,杉並区,久我山５丁目,2020-07-25,16,一戸建住宅,駐車（輪）場,40歳代,その他,施錠せず
窃盗,自転車盗,高井戸,久我山交番,131156,東京都,杉並区,久我山５丁目,2020-10-03,11,駐車（輪）場,駐車（輪）場,10歳代,大学生,施錠せず
窃盗,自転車盗,高井戸,久我山交番,131156,東京都,杉並区,久我山５丁目,2020-10-29,22,その他,その他,30歳代,その他,施錠せず
窃盗,自転車盗,高井戸,久我山交番,131156,東京都,杉並区,久我山５丁目,2020-11-10,07,駐車（輪）場,駐車（輪）場,10歳代,中学生,施錠せず
窃盗,自転車盗,高井戸,下高井戸交番,131156,東京都,杉並区,永福１丁目,2019-12-30,12,駐車（輪）場,駐車（輪）場,10歳代,中学生,施錠せず
窃盗,自転車盗,高井戸,下高井戸交番,131156,東京都,杉並区,永福１丁目,2020-03-11,16,一戸建住宅,駐車（輪）場,50歳代,その他,施錠せず
窃盗,自転車盗,高井戸,下高井戸交番,131156,東京都,杉並区,永福１丁目,2020-06-20,17,駐車（輪）場,駐車（輪）場,40歳代,その他,施錠せず
窃盗,自転車盗,高井戸,下高井戸交番,131156,東京都,杉並区,永福１丁目,2020-11-08,13,駐車（輪）場,駐車（輪）場,20歳代,大学生,施錠せず
窃盗,自転車盗,高井戸,下高井戸交番,131156,東京都,杉並区,永福１丁目,2020-12-10,08,駐車（輪）場,駐車（輪）場,10歳代,高校生,施錠せず
窃盗,自転車盗,高井戸,下高井戸交番,131156,東京都,杉並区,永福１丁目,2020-12-14,13,駐車（輪）場,駐車（輪）場,10歳代,大学生,施錠せず
窃盗,自転車盗,高井戸,下高井戸交番,131156,東京都,杉並区,下高井戸１丁目,2020-02-20,17,駐車（輪）場,駐車（輪）場,10歳代,大学生,施錠せず
窃盗,自転車盗,高井戸,下高井戸交番,131156,東京都,杉並区,下高井戸１丁目,2020-03-03,18,道路上,その他,40歳代,その他,施錠せず
窃盗,自転車盗,高井戸,下高井戸交番,131156,東京都,杉並区,下高井戸１丁目,2020-03-13,09,駐車（輪）場,駐車（輪）場,30歳代,その他,施錠せず
窃盗,自転車盗,高井戸,下高井戸交番,131156,東京都,杉並区,下高井戸１丁目,2020-07-01,08,その他の住宅（３階建て以下共同住宅等）,その他,30歳代,その他,施錠せず
窃盗,自転車盗,高井戸,下高井戸交番,131156,東京都,杉並区,下高井戸１丁目,2020-07-18,21,その他の住宅（３階建て以下共同住宅等）,その他,20歳代,大学生,施錠せず
窃盗,自転車盗,高井戸,下高井戸交番,131156,東京都,杉並区,下高井戸１丁目,2020-08-14,17,駐車（輪）場,駐車（輪）場,10歳代,大学生,施錠せず
窃盗,自転車盗,高井戸,下高井戸交番,131156,東京都,杉並区,下高井戸１丁目,2020-09-20,01,４階建て以上共同住宅,駐車（輪）場,40歳代,その他,施錠せず
窃盗,自転車盗,高井戸,下高井戸交番,131156,東京都,杉並区,下高井戸１丁目,2020-10-13,04,その他の住宅（３階建て以下共同住宅等）,駐車（輪）場,20歳代,大学生,施錠せず
窃盗,自転車盗,高井戸,下高井戸交番,131156,東京都,杉並区,下高井戸２丁目,2020-03-20,17,４階建て以上共同住宅,駐車（輪）場,20歳代,その他,施錠せず
窃盗,自転車盗,高井戸,下高井戸交番,131156,東京都,杉並区,下高井戸２丁目,2020-08-16,23,一戸建住宅,駐車（輪）場,40歳代,その他,施錠せず
窃盗,自転車盗,高井戸,下高井戸交番,131156,東京都,杉並区,下高井戸２丁目,2020-09-11,18,一戸建住宅,駐車（輪）場,50歳代,その他,施錠せず
窃盗,自転車盗,高井戸,下高井戸交番,131156,東京都,杉並区,下高井戸２丁目,2020-11-11,10,道路上,その他,30歳代,その他,施錠せず
窃盗,自転車盗,高井戸,上高井戸交番,131156,東京都,杉並区,上高井戸１丁目,2019-12-01,17,道路上,その他,10歳代,大学生,施錠せず
窃盗,自転車盗,高井戸,上高井戸交番,131156,東京都,杉並区,上高井戸１丁目,2020-01-11,19,その他の住宅（３階建て以下共同住宅等）,駐車（輪）場,30歳代,その他,施錠せず
窃盗,自転車盗,高井戸,上高井戸交番,131156,東京都,杉並区,上高井戸１丁目,2020-07-06,20,その他の住宅（３階建て以下共同住宅等）,駐車（輪）場,30歳代,その他,施錠せず
窃盗,自転車盗,高井戸,上高井戸交番,131156,東京都,杉並区,上高井戸１丁目,2020-09-23,15,その他,駐車（輪）場,10歳代,大学生,施錠せず
窃盗,自転車盗,高井戸,上高井戸交番,131156,東京都,杉並区,上高井戸１丁目,2020-10-13,09,その他,その他,20歳代,その他,施錠せず
窃盗,自転車盗,高井戸,上高井戸交番,131156,東京都,杉並区,上高井戸１丁目,2020-11-01,16,４階建て以上共同住宅,駐車（輪）場,20歳代,大学生,施錠せず
窃盗,自転車盗,高井戸,上高井戸交番,131156,東京都,杉並区,上高井戸１丁目,2020-11-08,20,一戸建住宅,その他,20歳代,大学生,施錠せず
窃盗,自転車盗,高井戸,上高井戸交番,131156,東京都,杉並区,上高井戸２丁目,2020-03-12,20,一戸建住宅,駐車（輪）場,40歳代,その他,施錠せず
窃盗,自転車盗,高井戸,上高井戸交番,131156,東京都,杉並区,上高井戸２丁目,2020-03-15,06,その他の住宅（３階建て以下共同住宅等）,駐車（輪）場,30歳代,その他,施錠せず
窃盗,自転車盗,高井戸,上高井戸交番,131156,東京都,杉並区,上高井戸２丁目,2020-07-29,22,一戸建住宅,駐車（輪）場,50歳代,その他,施錠せず
窃盗,自転車盗,高井戸,高井戸西交番,131156,東京都,杉並区,高井戸西１丁目,2020-07-13,17,一戸建住宅,駐車（輪）場,20歳代,その他,施錠せず
窃盗,自転車盗,高井戸,高井戸西交番,131156,東京都,杉並区,高井戸西１丁目,2020-07-20,12,一戸建住宅,駐車（輪）場,40歳代,その他,施錠せず
窃盗,自転車盗,高井戸,高井戸西交番,131156,東京都,杉並区,高井戸西１丁目,2020-07-30,08,その他,駐車（輪）場,10歳代,中学生,施錠せず
窃盗,自転車盗,高井戸,高井戸西交番,131156,東京都,杉並区,高井戸西１丁目,2020-11-20,07,その他,駐車（輪）場,30歳代,その他,施錠せず
窃盗,自転車盗,高井戸,高井戸西交番,131156,東京都,杉並区,高井戸西２丁目,2020-01-15,06,駐車（輪）場,駐車（輪）場,20歳代,その他,施錠せず
窃盗,自転車盗,高井戸,高井戸西交番,131156,東京都,杉並区,高井戸西２丁目,2020-11-27,21,道路上,その他,10歳代,高校生,施錠せず
窃盗,自転車盗,高井戸,高井戸西交番,131156,東京都,杉並区,高井戸西３丁目,2020-07-30,21,その他,駐車（輪）場,50歳代,その他,施錠せず
窃盗,自転車盗,高井戸,高井戸西交番,131156,東京都,杉並区,高井戸西３丁目,2020-09-12,19,その他の住宅（３階建て以下共同住宅等）,その他,30歳代,その他,施錠せず
窃盗,自転車盗,高井戸,高井戸西交番,131156,東京都,杉並区,高井戸東２丁目,2020-05-17,19,道路上,その他,20歳代,大学生,施錠せず
窃盗,自転車盗,高井戸,大宮八幡駐在所,131156,東京都,杉並区,大宮１丁目,2020-06-06,18,その他の住宅（３階建て以下共同住宅等）,駐車（輪）場,10歳代,高校生,施錠せず
窃盗,自転車盗,高井戸,大宮八幡駐在所,131156,東京都,杉並区,大宮２丁目,2020-03-22,20,一戸建住宅,駐車（輪）場,30歳代,その他,施錠せず
窃盗,自転車盗,高井戸,久我山四丁目駐在所,131156,東京都,杉並区,松庵１丁目,2020-09-01,07,その他の住宅（３階建て以下共同住宅等）,その他,30歳代,その他,施錠せず
窃盗,自転車盗,高井戸,宮前駐在所,131156,東京都,杉並区,宮前４丁目,2020-04-05,18,その他の住宅（３階建て以下共同住宅等）,駐車（輪）場,20歳代,その他,施錠せず
窃盗,自転車盗,高井戸,宮前駐在所,131156,東京都,杉並区,宮前４丁目,2020-05-22,16,一戸建住宅,駐車（輪）場,40歳代,その他,施錠せず
窃盗,自転車盗,高井戸,富士見ヶ丘駐在所,131156,東京都,杉並区,久我山２丁目,2020-02-04,14,その他,その他,20歳代,大学生,施錠せず
窃盗,自転車盗,高井戸,浜田山交番,131156,東京都,杉並区,高井戸東２丁目,2020-10-23,22,道路上,その他,65-69歳,その他,施錠せず
窃盗,自転車盗,高井戸,浜田山交番,131156,東京都,杉並区,高井戸東３丁目,2020-01-13,11,その他,駐車（輪）場,70歳以上,その他,施錠せず
窃盗,自転車盗,高井戸,浜田山交番,131156,東京都,杉並区,高井戸東３丁目,2020-12-26,11,その他,駐車（輪）場,20歳代,その他,施錠せず
窃盗,自転車盗,高井戸,浜田山交番,131156,東京都,杉並区,高井戸東４丁目,2020-04-07,17,その他,駐車（輪）場,50歳代,その他,施錠せず
窃盗,自転車盗,高井戸,浜田山交番,131156,東京都,杉並区,高井戸東４丁目,2020-05-10,12,道路上,その他,30歳代,その他,施錠せず
窃盗,自転車盗,高井戸,浜田山交番,131156,東京都,杉並区,高井戸東４丁目,2020-09-19,00,４階建て以上共同住宅,駐車（輪）場,50歳代,その他,施錠せず
窃盗,自転車盗,高井戸,浜田山交番,131156,東京都,杉並区,浜田山１丁目,2020-05-21,19,一戸建住宅,その他,50歳代,その他,施錠せず
窃盗,自転車盗,高井戸,浜田山交番,131156,東京都,杉並区,浜田山２丁目,2020-02-10,16,一戸建住宅,駐車（輪）場,50歳代,その他,施錠せず
窃盗,自転車盗,高井戸,浜田山交番,131156,東京都,杉並区,浜田山３丁目,2020-05-08,16,４階建て以上共同住宅,駐車（輪）場,70歳以上,その他,施錠せず
窃盗,自転車盗,高井戸,浜田山交番,131156,東京都,杉並区,浜田山３丁目,2020-08-02,22,その他,その他,法人・団体、被害者なし,法人・団体、被害者なし,施錠せず
窃盗,自転車盗,高井戸,浜田山交番,131156,東京都,杉並区,浜田山３丁目,2020-09-25,22,その他,駐車（輪）場,法人・団体、被害者なし,法人・団体、被害者なし,施錠せず
窃盗,自転車盗,高井戸,浜田山交番,131156,東京都,杉並区,浜田山３丁目,2020-10-17,23,その他,駐車（輪）場,20歳代,その他,施錠せず
窃盗,自転車盗,高井戸,浜田山交番,131156,東京都,杉並区,浜田山３丁目,2020-11-11,22,その他の住宅（３階建て以下共同住宅等）,その他,40歳代,その他,施錠せず
窃盗,自転車盗,高井戸,浜田山交番,131156,東京都,杉並区,浜田山４丁目,2020-03-11,19,その他の住宅（３階建て以下共同住宅等）,その他,40歳代,その他,施錠せず
窃盗,自転車盗,高井戸,浜田山交番,131156,東京都,杉並区,浜田山４丁目,2020-03-24,14,駐車（輪）場,駐車（輪）場,50歳代,その他,施錠せず
窃盗,自転車盗,高井戸,浜田山交番,131156,東京都,杉並区,浜田山４丁目,2020-06-21,00,その他の住宅（３階建て以下共同住宅等）,駐車（輪）場,20歳代,その他,施錠せず
窃盗,自転車盗,荻窪,桃井四丁目交番,131156,東京都,杉並区,桃井１丁目,2020-09-10,15,一戸建住宅,駐車（輪）場,10歳代,大学生,施錠せず
窃盗,自転車盗,荻窪,桃井四丁目交番,131156,東京都,杉並区,桃井２丁目,2020-03-03,14,その他,駐車（輪）場,50歳代,その他,施錠せず
窃盗,自転車盗,荻窪,善福寺交番,131156,東京都,杉並区,今川４丁目,2020-07-03,15,その他の住宅（３階建て以下共同住宅等）,駐車（輪）場,60-64歳,その他,施錠せず
窃盗,自転車盗,荻窪,善福寺交番,131156,東京都,杉並区,上井草４丁目,2020-06-04,13,その他の住宅（３階建て以下共同住宅等）,駐車（輪）場,40歳代,その他,施錠せず
窃盗,自転車盗,荻窪,善福寺交番,131156,東京都,杉並区,善福寺２丁目,2020-06-07,22,４階建て以上共同住宅,駐車（輪）場,20歳代,その他,施錠せず
窃盗,自転車盗,荻窪,善福寺交番,131156,東京都,杉並区,善福寺２丁目,2020-10-22,22,その他の住宅（３階建て以下共同住宅等）,駐車（輪）場,40歳代,その他,施錠せず
窃盗,自転車盗,荻窪,善福寺交番,131156,東京都,杉並区,善福寺２丁目,2020-11-13,22,その他の住宅（３階建て以下共同住宅等）,駐車（輪）場,20歳代,大学生,施錠せず
窃盗,自転車盗,荻窪,善福寺交番,131156,東京都,杉並区,善福寺３丁目,2020-03-26,18,その他,駐車（輪）場,50歳代,その他,施錠せず
窃盗,自転車盗,荻窪,善福寺交番,131156,東京都,杉並区,善福寺３丁目,2020-07-23,22,その他の住宅（３階建て以下共同住宅等）,駐車（輪）場,20歳代,その他,施錠せず
窃盗,自転車盗,荻窪,西荻窪交番,131156,東京都,杉並区,西荻北１丁目,2020-08-17,22,その他の住宅（３階建て以下共同住宅等）,駐車（輪）場,30歳代,その他,施錠せず
窃盗,自転車盗,荻窪,西荻窪交番,131156,東京都,杉並区,西荻北１丁目,2020-11-20,19,４階建て以上共同住宅,駐車（輪）場,40歳代,その他,施錠せず
窃盗,自転車盗,荻窪,西荻窪交番,131156,東京都,杉並区,西荻北２丁目,2020-07-13,14,一戸建住宅,駐車（輪）場,40歳代,その他,施錠せず
窃盗,自転車盗,荻窪,西荻窪交番,131156,東京都,杉並区,西荻北３丁目,2020-04-08,12,その他,駐車（輪）場,20歳代,大学生,施錠せず
窃盗,自転車盗,荻窪,西荻窪交番,131156,東京都,杉並区,西荻北３丁目,2020-08-31,09,その他の住宅（３階建て以下共同住宅等）,駐車（輪）場,30歳代,その他,施錠せず
窃盗,自転車盗,荻窪,西荻窪交番,131156,東京都,杉並区,西荻北４丁目,2020-02-02,23,４階建て以上共同住宅,駐車（輪）場,20歳代,その他,施錠せず
窃盗,自転車盗,荻窪,西荻窪交番,131156,東京都,杉並区,西荻北４丁目,2020-06-24,07,その他の住宅（３階建て以下共同住宅等）,駐車（輪）場,20歳代,その他,施錠せず
窃盗,自転車盗,荻窪,西荻窪交番,131156,東京都,杉並区,西荻北４丁目,2020-11-18,22,その他の住宅（３階建て以下共同住宅等）,駐車（輪）場,20歳代,その他,施錠せず
窃盗,自転車盗,荻窪,西荻窪交番,131156,東京都,杉並区,西荻北４丁目,2020-11-30,00,その他の住宅（３階建て以下共同住宅等）,駐車（輪）場,30歳代,その他,施錠せず
窃盗,自転車盗,荻窪,西荻窪交番,131156,東京都,杉並区,西荻南３丁目,2020-03-07,21,道路上,その他,50歳代,その他,施錠せず
窃盗,自転車盗,荻窪,西荻窪交番,131156,東京都,杉並区,西荻南３丁目,2020-03-14,18,４階建て以上共同住宅,駐車（輪）場,10歳代,小学生,施錠せず
窃盗,自転車盗,荻窪,西荻窪交番,131156,東京都,杉並区,西荻南３丁目,2020-05-04,16,道路上,その他,40歳代,その他,施錠せず
窃盗,自転車盗,荻窪,西荻窪交番,131156,東京都,杉並区,西荻南３丁目,2020-05-16,01,道路上,その他,40歳代,その他,施錠せず
窃盗,自転車盗,荻窪,西荻窪交番,131156,東京都,杉並区,西荻南３丁目,2020-07-21,20,駐車（輪）場,駐車（輪）場,40歳代,その他,施錠せず
窃盗,自転車盗,荻窪,西荻窪交番,131156,東京都,杉並区,西荻南３丁目,2020-11-16,12,４階建て以上共同住宅,駐車（輪）場,30歳代,その他,施錠せず
窃盗,自転車盗,荻窪,西荻窪交番,131156,東京都,杉並区,西荻南４丁目,2020-03-17,08,一戸建住宅,駐車（輪）場,10歳代,小学生,施錠せず
窃盗,自転車盗,荻窪,西荻窪交番,131156,東京都,杉並区,西荻南４丁目,2020-07-17,17,その他の住宅（３階建て以下共同住宅等）,駐車（輪）場,50歳代,その他,施錠せず
窃盗,自転車盗,荻窪,西荻窪交番,131156,東京都,杉並区,西荻南４丁目,2020-10-15,19,その他の住宅（３階建て以下共同住宅等）,駐車（輪）場,20歳代,その他,施錠せず
窃盗,自転車盗,荻窪,西荻窪交番,131156,東京都,杉並区,南荻窪２丁目,2020-06-02,21,４階建て以上共同住宅,駐車（輪）場,40歳代,その他,施錠せず
窃盗,自転車盗,荻窪,荻窪五丁目交番,131156,東京都,杉並区,荻窪５丁目,2019-12-22,10,駐車（輪）場,駐車（輪）場,20歳代,大学生,施錠せず
窃盗,自転車盗,荻窪,荻窪五丁目交番,131156,東京都,杉並区,荻窪５丁目,2020-07-12,12,その他,駐車（輪）場,20歳代,その他,施錠せず
窃盗,自転車盗,荻窪,荻窪五丁目交番,131156,東京都,杉並区,荻窪５丁目,2020-10-31,08,駐車（輪）場,駐車（輪）場,10歳代,高校生,施錠せず
窃盗,自転車盗,荻窪,荻窪五丁目交番,131156,東京都,杉並区,西荻南４丁目,2020-02-03,01,道路上,その他,10歳代,その他,施錠せず
窃盗,自転車盗,荻窪,荻窪五丁目交番,131156,東京都,杉並区,南荻窪１丁目,2020-01-08,15,道路上,その他,50歳代,その他,施錠せず
窃盗,自転車盗,荻窪,荻窪五丁目交番,131156,東京都,杉並区,南荻窪４丁目,2020-01-24,23,その他の住宅（３階建て以下共同住宅等）,駐車（輪）場,30歳代,その他,施錠せず
窃盗,自転車盗,荻窪,荻窪五丁目交番,131156,東京都,杉並区,南荻窪４丁目,2020-02-21,12,一戸建住宅,駐車（輪）場,65-69歳,その他,施錠せず
窃盗,自転車盗,荻窪,荻窪五丁目交番,131156,東京都,杉並区,南荻窪４丁目,2020-12-07,06,その他,駐車（輪）場,40歳代,その他,施錠せず
窃盗,自転車盗,荻窪,荻窪駅南口交番,131156,東京都,杉並区,荻窪４丁目,2020-03-30,17,その他,駐車（輪）場,10歳代,中学生,施錠せず
窃盗,自転車盗,荻窪,荻窪駅南口交番,131156,東京都,杉並区,荻窪５丁目,2020-09-15,17,道路上,その他,20歳代,その他,施錠せず
窃盗,自転車盗,荻窪,荻窪駅北口交番,131156,東京都,杉並区,天沼１丁目,2020-10-24,19,一戸建住宅,駐車（輪）場,60-64歳,その他,施錠せず
窃盗,自転車盗,荻窪,荻窪駅北口交番,131156,東京都,杉並区,天沼２丁目,2019-12-17,19,道路上,その他,40歳代,その他,施錠せず
窃盗,自転車盗,荻窪,荻窪駅北口交番,131156,東京都,杉並区,天沼２丁目,2020-01-05,21,一戸建住宅,駐車（輪）場,30歳代,その他,施錠せず
窃盗,自転車盗,荻窪,荻窪駅北口交番,131156,東京都,杉並区,天沼２丁目,2020-01-31,01,道路上,その他,20歳代,大学生,施錠せず
窃盗,自転車盗,荻窪,荻窪駅北口交番,131156,東京都,杉並区,天沼２丁目,2020-04-11,12,その他の住宅（３階建て以下共同住宅等）,駐車（輪）場,40歳代,その他,施錠せず
窃盗,自転車盗,荻窪,荻窪駅北口交番,131156,東京都,杉並区,天沼２丁目,2020-08-05,11,その他の住宅（３階建て以下共同住宅等）,駐車（輪）場,30歳代,その他,施錠せず
窃盗,自転車盗,荻窪,荻窪駅北口交番,131156,東京都,杉並区,天沼２丁目,2020-11-08,03,道路上,その他,20歳代,その他,施錠せず
窃盗,自転車盗,荻窪,荻窪駅北口交番,131156,東京都,杉並区,天沼３丁目,2019-12-16,16,道路上,その他,40歳代,その他,施錠せず
窃盗,自転車盗,荻窪,荻窪駅北口交番,131156,東京都,杉並区,天沼３丁目,2020-01-03,18,駐車（輪）場,駐車（輪）場,10歳代,大学生,施錠せず
窃盗,自転車盗,荻窪,荻窪駅北口交番,131156,東京都,杉並区,天沼３丁目,2020-03-30,11,その他の住宅（３階建て以下共同住宅等）,駐車（輪）場,20歳代,大学生,施錠せず
窃盗,自転車盗,荻窪,荻窪駅北口交番,131156,東京都,杉並区,天沼３丁目,2020-12-06,18,その他の住宅（３階建て以下共同住宅等）,駐車（輪）場,30歳代,その他,施錠せず
窃盗,自転車盗,荻窪,荻窪駅北口交番,131156,東京都,杉並区,荻窪３丁目,2020-10-25,22,道路上,その他,20歳代,その他,施錠せず
窃盗,自転車盗,荻窪,荻窪駅北口交番,131156,東京都,杉並区,上荻１丁目,2020-03-31,00,道路上,その他,40歳代,その他,施錠せず
窃盗,自転車盗,荻窪,荻窪駅北口交番,131156,東京都,杉並区,上荻１丁目,2020-04-29,11,駐車（輪）場,駐車（輪）場,20歳代,その他,施錠せず
窃盗,自転車盗,荻窪,荻窪駅北口交番,131156,東京都,杉並区,上荻１丁目,2020-05-07,14,その他,駐車（輪）場,70歳以上,その他,施錠せず
窃盗,自転車盗,荻窪,荻窪駅北口交番,131156,東京都,杉並区,上荻１丁目,2020-06-30,13,駐車（輪）場,駐車（輪）場,20歳代,その他,施錠せず
窃盗,自転車盗,荻窪,荻窪駅北口交番,131156,東京都,杉並区,上荻１丁目,2020-10-07,02,道路上,その他,40歳代,その他,施錠せず
窃盗,自転車盗,荻窪,荻窪駅北口交番,131156,東京都,杉並区,上荻１丁目,2020-10-31,07,その他,駐車（輪）場,10歳代,高校生,施錠せず
窃盗,自転車盗,荻窪,荻窪駅北口交番,131156,東京都,杉並区,上荻２丁目,2019-04-01,不明,４階建て以上共同住宅,その他,30歳代,その他,施錠せず
窃盗,自転車盗,荻窪,荻窪駅北口交番,131156,東京都,杉並区,上荻２丁目,2020-01-20,13,４階建て以上共同住宅,駐車（輪）場,30歳代,その他,施錠せず
窃盗,自転車盗,荻窪,荻窪駅北口交番,131156,東京都,杉並区,上荻２丁目,2020-04-07,15,その他の住宅（３階建て以下共同住宅等）,駐車（輪）場,40歳代,その他,施錠せず
窃盗,自転車盗,荻窪,荻窪駅北口交番,131156,東京都,杉並区,上荻２丁目,2020-06-21,21,その他の住宅（３階建て以下共同住宅等）,駐車（輪）場,20歳代,その他,施錠せず
窃盗,自転車盗,荻窪,荻窪駅北口交番,131156,東京都,杉並区,上荻２丁目,2020-08-27,20,その他の住宅（３階建て以下共同住宅等）,駐車（輪）場,10歳代,中学生,施錠せず
窃盗,自転車盗,荻窪,天沼交番,131156,東京都,杉並区,天沼１丁目,2020-05-13,07,道路上,その他,40歳代,その他,施錠せず
窃盗,自転車盗,荻窪,天沼交番,131156,東京都,杉並区,天沼１丁目,2020-05-15,17,道路上,その他,50歳代,その他,施錠せず
窃盗,自転車盗,荻窪,天沼交番,131156,東京都,杉並区,天沼１丁目,2020-05-31,21,一戸建住宅,駐車（輪）場,20歳代,大学生,施錠せず
窃盗,自転車盗,荻窪,天沼交番,131156,東京都,杉並区,清水２丁目,2020-09-30,13,一戸建住宅,駐車（輪）場,10歳未満,小学生,施錠せず
窃盗,自転車盗,荻窪,天沼交番,131156,東京都,杉並区,清水３丁目,2020-06-15,17,その他の住宅（３階建て以下共同住宅等）,駐車（輪）場,40歳代,その他,施錠せず
窃盗,自転車盗,荻窪,天沼交番,131156,東京都,杉並区,清水３丁目,2020-08-06,10,一戸建住宅,駐車（輪）場,40歳代,その他,施錠せず
窃盗,自転車盗,荻窪,天沼交番,131156,東京都,杉並区,下井草１丁目,2020-01-24,19,一戸建住宅,その他,40歳代,その他,施錠せず
窃盗,自転車盗,荻窪,天沼交番,131156,東京都,杉並区,下井草１丁目,2020-06-28,18,その他の住宅（３階建て以下共同住宅等）,駐車（輪）場,20歳代,その他,施錠せず
窃盗,自転車盗,荻窪,天沼交番,131156,東京都,杉並区,本天沼１丁目,2020-01-13,20,４階建て以上共同住宅,駐車（輪）場,40歳代,その他,施錠せず
窃盗,自転車盗,荻窪,天沼交番,131156,東京都,杉並区,本天沼１丁目,2020-01-29,22,一戸建住宅,その他,10歳代,中学生,施錠せず
窃盗,自転車盗,荻窪,天沼交番,131156,東京都,杉並区,本天沼２丁目,2020-03-24,18,その他,駐車（輪）場,20歳代,その他,施錠せず
窃盗,自転車盗,荻窪,天沼交番,131156,東京都,杉並区,本天沼３丁目,2019-12-28,10,道路上,その他,70歳以上,その他,施錠せず
窃盗,自転車盗,荻窪,天沼交番,131156,東京都,杉並区,本天沼３丁目,2020-04-05,11,一戸建住宅,駐車（輪）場,40歳代,その他,施錠せず
窃盗,自転車盗,荻窪,下井草駅前交番,131156,東京都,杉並区,井草１丁目,2020-02-26,20,駐車（輪）場,駐車（輪）場,10歳代,中学生,施錠せず
窃盗,自転車盗,荻窪,下井草駅前交番,131156,東京都,杉並区,井草１丁目,2020-10-13,19,４階建て以上共同住宅,駐車（輪）場,30歳代,その他,施錠せず
窃盗,自転車盗,荻窪,下井草駅前交番,131156,東京都,杉並区,井草１丁目,2020-11-16,17,４階建て以上共同住宅,駐車（輪）場,20歳代,その他,施錠せず
窃盗,自転車盗,荻窪,下井草駅前交番,131156,東京都,杉並区,井草２丁目,2020-10-31,13,一戸建住宅,駐車（輪）場,50歳代,その他,施錠せず
窃盗,自転車盗,荻窪,下井草駅前交番,131156,東京都,杉並区,下井草２丁目,2019-12-22,14,その他,駐車（輪）場,50歳代,その他,施錠せず
窃盗,自転車盗,荻窪,下井草駅前交番,131156,東京都,杉並区,下井草２丁目,2020-04-30,19,道路上,その他,20歳代,その他,施錠せず
窃盗,自転車盗,荻窪,下井草駅前交番,131156,東京都,杉並区,下井草３丁目,2020-02-09,13,その他,駐車（輪）場,40歳代,その他,施錠せず
窃盗,自転車盗,荻窪,下井草駅前交番,131156,東京都,杉並区,下井草３丁目,2020-07-14,17,その他の住宅（３階建て以下共同住宅等）,駐車（輪）場,30歳代,その他,施錠せず
窃盗,自転車盗,荻窪,下井草駅前交番,131156,東京都,杉並区,下井草４丁目,2020-04-18,10,その他の住宅（３階建て以下共同住宅等）,駐車（輪）場,40歳代,その他,施錠せず
窃盗,自転車盗,荻窪,下井草駅前交番,131156,東京都,杉並区,下井草４丁目,2020-11-19,12,その他の住宅（３階建て以下共同住宅等）,駐車（輪）場,20歳代,その他,施錠せず
窃盗,自転車盗,荻窪,上井草駅前交番,131156,東京都,杉並区,上井草２丁目,2020-05-30,19,その他,駐車（輪）場,30歳代,その他,施錠せず
窃盗,自転車盗,荻窪,上井草駅前交番,131156,東京都,杉並区,上井草３丁目,2020-06-03,21,一戸建住宅,駐車（輪）場,10歳代,高校生,施錠せず
窃盗,自転車盗,荻窪,上井草駅前交番,131156,東京都,杉並区,上井草３丁目,2020-08-13,21,道路上,その他,30歳代,その他,施錠せず
窃盗,自転車盗,荻窪,井荻駅前交番,131156,東京都,杉並区,井草２丁目,2020-09-21,18,一戸建住宅,駐車（輪）場,50歳代,その他,施錠せず
窃盗,自転車盗,荻窪,井荻駅前交番,131156,東京都,杉並区,井草２丁目,2020-10-27,11,一戸建住宅,駐車（輪）場,10歳代,小学生,施錠せず
窃盗,自転車盗,荻窪,井荻駅前交番,131156,東京都,杉並区,井草３丁目,2020-09-29,19,その他,その他,40歳代,その他,施錠せず
窃盗,自転車盗,荻窪,井荻駅前交番,131156,東京都,杉並区,井草４丁目,2020-02-04,21,４階建て以上共同住宅,駐車（輪）場,40歳代,その他,施錠せず
窃盗,自転車盗,荻窪,井荻駅前交番,131156,東京都,杉並区,井草４丁目,2020-04-02,16,駐車（輪）場,駐車（輪）場,10歳代,小学生,施錠せず
窃盗,自転車盗,荻窪,井荻駅前交番,131156,東京都,杉並区,井草４丁目,2020-06-12,14,駐車（輪）場,駐車（輪）場,20歳代,その他,施錠せず
窃盗,自転車盗,荻窪,井荻駅前交番,131156,東京都,杉並区,井草４丁目,2020-09-04,22,その他の住宅（３階建て以下共同住宅等）,駐車（輪）場,10歳代,高校生,施錠せず
窃盗,自転車盗,荻窪,井荻駅前交番,131156,東京都,杉並区,上井草１丁目,2020-01-04,17,道路上,その他,10歳代,中学生,施錠せず
窃盗,自転車盗,荻窪,井荻駅前交番,131156,東京都,杉並区,上井草１丁目,2020-04-03,18,駐車（輪）場,駐車（輪）場,70歳以上,その他,施錠せず
窃盗,自転車盗,荻窪,井荻駅前交番,131156,東京都,杉並区,上井草１丁目,2020-11-27,18,その他の住宅（３階建て以下共同住宅等）,駐車（輪）場,50歳代,その他,施錠せず
窃盗,自転車盗,荻窪,井荻駅前交番,131156,東京都,杉並区,清水３丁目,2020-03-19,19,その他の住宅（３階建て以下共同住宅等）,駐車（輪）場,10歳代,中学生,施錠せず
窃盗,自転車盗,荻窪,井荻駅前交番,131156,東京都,杉並区,下井草５丁目,2020-02-08,21,道路上,その他,30歳代,その他,施錠せず
窃盗,自転車盗,荻窪,井荻駅前交番,131156,東京都,杉並区,下井草５丁目,2020-02-14,08,道路上,その他,10歳代,高校生,施錠せず
窃盗,自転車盗,荻窪,井荻駅前交番,131156,東京都,杉並区,下井草５丁目,2020-03-12,18,その他の住宅（３階建て以下共同住宅等）,駐車（輪）場,20歳代,その他,施錠せず
窃盗,自転車盗,荻窪,井荻駅前交番,131156,東京都,杉並区,下井草５丁目,2020-03-17,19,その他,駐車（輪）場,60-64歳,その他,施錠せず
窃盗,自転車盗,荻窪,井荻駅前交番,131156,東京都,杉並区,下井草５丁目,2020-04-25,10,一戸建住宅,駐車（輪）場,50歳代,その他,施錠せず
窃盗,自転車盗,荻窪,井荻駅前交番,131156,東京都,杉並区,下井草５丁目,2020-07-01,10,その他,駐車（輪）場,50歳代,その他,施錠せず
窃盗,自転車盗,荻窪,今川交番,131156,東京都,杉並区,上井草３丁目,2020-08-11,00,道路上,その他,40歳代,その他,施錠せず
窃盗,自転車盗,荻窪,今川交番,131156,東京都,杉並区,桃井１丁目,2020-03-16,21,一戸建住宅,駐車（輪）場,10歳代,大学生,施錠せず
窃盗,自転車盗,荻窪,神明駐在所,131156,東京都,杉並区,南荻窪２丁目,2020-07-07,08,その他の住宅（３階建て以下共同住宅等）,駐車（輪）場,20歳代,その他,施錠せず
窃盗,自転車盗,富坂,春日交番,131059,東京都,文京区,春日１丁目,2020-01-27,15,駐車（輪）場,駐車（輪）場,法人・団体、被害者なし,法人・団体、被害者なし,施錠せず
窃盗,自転車盗,富坂,春日交番,131059,東京都,文京区,春日１丁目,2020-05-12,04,駐車（輪）場,駐車（輪）場,70歳以上,その他,施錠せず
窃盗,自転車盗,富坂,春日交番,131059,東京都,文京区,春日１丁目,2020-10-22,15,道路上,その他,50歳代,その他,施錠せず
窃盗,自転車盗,富坂,春日交番,131059,東京都,文京区,小石川１丁目,2020-05-31,17,４階建て以上共同住宅,その他,10歳代,小学生,施錠せず
窃盗,自転車盗,富坂,春日交番,131059,東京都,文京区,小石川１丁目,2020-08-03,10,道路上,その他,40歳代,その他,施錠せず
窃盗,自転車盗,富坂,春日交番,131059,東京都,文京区,小石川１丁目,2020-08-30,17,４階建て以上共同住宅,その他,50歳代,その他,施錠せず
窃盗,自転車盗,富坂,春日交番,131059,東京都,文京区,小石川２丁目,2020-11-08,07,その他の住宅（３階建て以下共同住宅等）,駐車（輪）場,70歳以上,その他,施錠せず
窃盗,自転車盗,富坂,春日交番,131059,東京都,文京区,白山１丁目,2020-03-01,17,道路上,その他,40歳代,その他,施錠せず
窃盗,自転車盗,富坂,春日交番,131059,東京都,文京区,白山２丁目,2020-07-31,22,一戸建住宅,駐車（輪）場,30歳代,その他,施錠せず
窃盗,自転車盗,富坂,春日交番,131059,東京都,文京区,本郷１丁目,2020-03-01,17,道路上,その他,50歳代,その他,施錠せず
窃盗,自転車盗,富坂,白山交番,131059,東京都,文京区,春日１丁目,2020-01-01,16,道路上,その他,70歳以上,その他,施錠せず
窃盗,自転車盗,富坂,白山交番,131059,東京都,文京区,小石川１丁目,2020-03-11,18,道路上,その他,30歳代,その他,施錠せず
窃盗,自転車盗,富坂,白山交番,131059,東京都,文京区,白山２丁目,2019-12-04,18,４階建て以上共同住宅,駐車（輪）場,10歳代,高校生,施錠せず
窃盗,自転車盗,富坂,白山交番,131059,東京都,文京区,白山２丁目,2020-06-21,13,道路上,その他,20歳代,その他,施錠せず
窃盗,自転車盗,富坂,白山交番,131059,東京都,文京区,白山５丁目,2020-09-26,07,駐車（輪）場,駐車（輪）場,20歳代,その他,施錠せず
窃盗,自転車盗,富坂,千石一丁目交番,131059,東京都,文京区,千石１丁目,2020-01-22,00,道路上,その他,10歳代,その他,施錠せず
窃盗,自転車盗,富坂,千石一丁目交番,131059,東京都,文京区,千石４丁目,2019-12-03,18,４階建て以上共同住宅,駐車（輪）場,60-64歳,その他,施錠せず
窃盗,自転車盗,富坂,千石一丁目交番,131059,東京都,文京区,千石４丁目,2020-03-10,21,その他の住宅（３階建て以下共同住宅等）,その他,20歳代,その他,施錠せず
窃盗,自転車盗,富坂,千石一丁目交番,131059,東京都,文京区,千石４丁目,2020-10-29,01,道路上,その他,50歳代,その他,施錠せず
窃盗,自転車盗,富坂,千石一丁目交番,131059,東京都,文京区,白山５丁目,2019-12-16,19,道路上,その他,30歳代,その他,施錠せず
窃盗,自転車盗,富坂,千石一丁目交番,131059,東京都,文京区,白山５丁目,2020-02-18,00,その他,その他,法人・団体、被害者なし,法人・団体、被害者なし,施錠せず
窃盗,自転車盗,富坂,千石一丁目交番,131059,東京都,文京区,白山５丁目,2020-03-21,19,道路上,その他,40歳代,その他,施錠せず
窃盗,自転車盗,富坂,千石一丁目交番,131059,東京都,文京区,白山５丁目,2020-09-11,19,４階建て以上共同住宅,駐車（輪）場,20歳代,大学生,施錠せず
窃盗,自転車盗,富坂,千石一丁目交番,131059,東京都,文京区,本駒込２丁目,2020-03-22,10,４階建て以上共同住宅,駐車（輪）場,10歳未満,小学生,施錠せず
窃盗,自転車盗,富坂,小石川御殿町交番,131059,東京都,文京区,千石２丁目,2020-08-19,03,４階建て以上共同住宅,駐車（輪）場,10歳代,その他,施錠せず
窃盗,自転車盗,富坂,小石川御殿町交番,131059,東京都,文京区,千石２丁目,2020-10-02,20,一戸建住宅,駐車（輪）場,40歳代,その他,施錠せず
窃盗,自転車盗,富坂,竹早交番,131059,東京都,文京区,小石川４丁目,2020-01-19,00,４階建て以上共同住宅,駐車（輪）場,60-64歳,その他,施錠せず
窃盗,自転車盗,富坂,竹早交番,131059,東京都,文京区,小石川５丁目,2020-10-25,16,一戸建住宅,その他,30歳代,その他,施錠せず
窃盗,自転車盗,富坂,後楽交番,131059,東京都,文京区,小石川３丁目,2020-09-04,08,４階建て以上共同住宅,その他,60-64歳,その他,施錠せず
窃盗,自転車盗,富坂,後楽交番,131059,東京都,文京区,後楽２丁目,2019-12-15,17,道路上,その他,40歳代,その他,施錠せず
窃盗,自転車盗,富坂,後楽交番,131059,東京都,文京区,後楽２丁目,2020-01-11,12,駐車（輪）場,駐車（輪）場,20歳代,大学生,施錠せず
窃盗,自転車盗,富坂,後楽交番,131059,東京都,文京区,水道１丁目,2019-10-13,16,４階建て以上共同住宅,駐車（輪）場,30歳代,その他,施錠せず
窃盗,自転車盗,富坂,後楽交番,131059,東京都,文京区,水道１丁目,2020-01-29,23,４階建て以上共同住宅,駐車（輪）場,40歳代,その他,施錠せず
窃盗,自転車盗,大塚,茗荷谷駅前交番,131059,東京都,文京区,音羽２丁目,2020-11-30,18,駐車（輪）場,駐車（輪）場,50歳代,その他,施錠せず
窃盗,自転車盗,大塚,茗荷谷駅前交番,131059,東京都,文京区,小日向４丁目,2020-01-19,19,４階建て以上共同住宅,駐車（輪）場,20歳代,その他,施錠せず
窃盗,自転車盗,大塚,茗荷谷駅前交番,131059,東京都,文京区,小日向４丁目,2020-09-23,17,道路上,その他,40歳代,その他,施錠せず
窃盗,自転車盗,大塚,大塚六丁目交番,131059,東京都,文京区,大塚４丁目,2020-06-16,13,４階建て以上共同住宅,駐車（輪）場,10歳代,その他,施錠せず
窃盗,自転車盗,大塚,大塚六丁目交番,131059,東京都,文京区,大塚５丁目,2020-05-16,23,その他,その他,30歳代,その他,施錠せず
窃盗,自転車盗,大塚,大塚六丁目交番,131059,東京都,文京区,大塚５丁目,2020-10-31,13,一戸建住宅,駐車（輪）場,50歳代,その他,施錠せず
窃盗,自転車盗,大塚,大塚六丁目交番,131059,東京都,文京区,大塚６丁目,2020-02-28,19,４階建て以上共同住宅,駐車（輪）場,10歳代,中学生,施錠せず
窃盗,自転車盗,大塚,護国寺前交番,131059,東京都,文京区,大塚２丁目,2020-01-25,12,道路上,その他,10歳代,中学生,施錠せず
窃盗,自転車盗,大塚,護国寺前交番,131059,東京都,文京区,大塚５丁目,2020-10-08,09,一戸建住宅,駐車（輪）場,65-69歳,その他,施錠せず
窃盗,自転車盗,大塚,護国寺前交番,131059,東京都,文京区,音羽１丁目,2020-04-11,19,駐車（輪）場,駐車（輪）場,40歳代,その他,施錠せず
窃盗,自転車盗,大塚,目白台交番,131059,東京都,文京区,目白台１丁目,2020-05-24,18,一戸建住宅,その他,20歳代,大学生,施錠せず
窃盗,自転車盗,大塚,目白台交番,131059,東京都,文京区,目白台１丁目,2020-11-10,14,その他の住宅（３階建て以下共同住宅等）,駐車（輪）場,10歳代,大学生,施錠せず
窃盗,自転車盗,大塚,目白台交番,131059,東京都,文京区,目白台１丁目,2020-12-03,05,一戸建住宅,その他,40歳代,その他,施錠せず
窃盗,自転車盗,大塚,目白台交番,131059,東京都,文京区,目白台３丁目,2019-09-01,00,駐車（輪）場,駐車（輪）場,20歳代,その他,施錠せず
窃盗,自転車盗,大塚,江戸川橋交番,131059,東京都,文京区,音羽１丁目,2020-03-17,11,道路上,その他,20歳代,大学生,施錠せず
窃盗,自転車盗,大塚,江戸川橋交番,131059,東京都,文京区,水道１丁目,2020-06-18,08,その他,駐車（輪）場,30歳代,その他,施錠せず
窃盗,自転車盗,大塚,江戸川橋交番,131059,東京都,文京区,水道２丁目,2020-10-05,21,４階建て以上共同住宅,駐車（輪）場,20歳代,その他,施錠せず
窃盗,自転車盗,大塚,江戸川橋交番,131059,東京都,文京区,関口１丁目,2020-04-10,15,道路上,その他,40歳代,その他,施錠せず
窃盗,自転車盗,大塚,江戸川橋交番,131059,東京都,文京区,関口１丁目,2020-10-21,07,駐車（輪）場,駐車（輪）場,10歳代,中学生,施錠せず
窃盗,自転車盗,大塚,江戸川橋交番,131059,東京都,文京区,関口１丁目,2020-12-11,13,道路上,その他,法人・団体、被害者なし,法人・団体、被害者なし,施錠せず
窃盗,自転車盗,大塚,江戸川橋交番,131059,東京都,文京区,関口３丁目,2020-06-15,18,一戸建住宅,その他,40歳代,その他,施錠せず
窃盗,自転車盗,本富士,本郷交番,131059,東京都,文京区,西片１丁目,2020-11-26,01,４階建て以上共同住宅,駐車（輪）場,70歳以上,その他,施錠せず
窃盗,自転車盗,本富士,本郷交番,131059,東京都,文京区,本郷２丁目,2020-01-17,08,駐車（輪）場,駐車（輪）場,40歳代,その他,施錠せず
窃盗,自転車盗,本富士,本郷交番,131059,東京都,文京区,本郷２丁目,2020-03-20,03,道路上,その他,70歳以上,その他,施錠せず
窃盗,自転車盗,本富士,本郷交番,131059,東京都,文京区,本郷３丁目,2018-02-01,不明,道路上,その他,10歳代,その他,施錠せず
窃盗,自転車盗,本富士,本郷交番,131059,東京都,文京区,本郷３丁目,2020-10-04,00,道路上,その他,30歳代,その他,施錠せず
窃盗,自転車盗,本富士,本郷交番,131059,東京都,文京区,本郷４丁目,2019-12-12,20,道路上,その他,30歳代,その他,施錠せず
窃盗,自転車盗,本富士,本郷交番,131059,東京都,文京区,本郷４丁目,2020-07-22,21,一戸建住宅,その他,40歳代,その他,施錠せず
窃盗,自転車盗,本富士,本郷交番,131059,東京都,文京区,本郷４丁目,2020-09-27,02,その他,その他,20歳代,その他,施錠せず
窃盗,自転車盗,本富士,本郷交番,131059,東京都,文京区,本郷５丁目,2019-12-30,21,一戸建住宅,駐車（輪）場,40歳代,その他,施錠せず
窃盗,自転車盗,本富士,本郷交番,131059,東京都,文京区,本郷５丁目,2020-05-29,00,駐車（輪）場,駐車（輪）場,20歳代,その他,施錠せず
窃盗,自転車盗,本富士,本郷交番,131059,東京都,文京区,本郷７丁目,2020-01-07,07,その他,その他,20歳代,大学生,施錠せず
窃盗,自転車盗,本富士,本郷交番,131059,東京都,文京区,本郷７丁目,2020-02-28,13,駐車（輪）場,駐車（輪）場,30歳代,その他,施錠せず
窃盗,自転車盗,本富士,本郷交番,131059,東京都,文京区,本郷７丁目,2020-09-16,08,その他,その他,40歳代,その他,施錠せず
窃盗,自転車盗,本富士,本郷交番,131059,東京都,文京区,本郷７丁目,2020-09-22,17,その他,駐車（輪）場,20歳代,大学生,施錠せず
窃盗,自転車盗,本富士,本郷交番,131059,東京都,文京区,本郷７丁目,2020-09-29,08,その他,駐車（輪）場,20歳代,大学生,施錠せず
窃盗,自転車盗,本富士,本郷交番,131059,東京都,文京区,本郷７丁目,2020-10-04,13,その他,その他,20歳代,大学生,施錠せず
窃盗,自転車盗,本富士,壱岐坂交番,131059,東京都,文京区,本郷１丁目,2019-12-22,23,道路上,その他,65-69歳,その他,施錠せず
窃盗,自転車盗,本富士,壱岐坂交番,131059,東京都,文京区,本郷１丁目,2020-09-29,18,４階建て以上共同住宅,駐車（輪）場,20歳代,その他,施錠せず
窃盗,自転車盗,本富士,壱岐坂交番,131059,東京都,文京区,本郷２丁目,2020-02-17,12,道路上,その他,30歳代,その他,施錠せず
窃盗,自転車盗,本富士,壱岐坂交番,131059,東京都,文京区,本郷２丁目,2020-02-28,00,その他,その他,40歳代,その他,施錠せず
窃盗,自転車盗,本富士,壱岐坂交番,131059,東京都,文京区,本郷２丁目,2020-03-02,10,駐車（輪）場,駐車（輪）場,40歳代,その他,施錠せず
窃盗,自転車盗,本富士,壱岐坂交番,131059,東京都,文京区,本郷２丁目,2020-08-11,20,４階建て以上共同住宅,駐車（輪）場,20歳代,その他,施錠せず
窃盗,自転車盗,本富士,壱岐坂交番,131059,東京都,文京区,湯島２丁目,2020-03-25,13,その他,駐車（輪）場,10歳代,中学生,施錠せず
窃盗,自転車盗,本富士,天神町交番,131059,東京都,文京区,本郷３丁目,2020-01-09,13,道路上,その他,50歳代,その他,施錠せず
窃盗,自転車盗,本富士,天神町交番,131059,東京都,文京区,湯島２丁目,2020-06-21,21,駐車（輪）場,駐車（輪）場,20歳代,その他,施錠せず
窃盗,自転車盗,本富士,天神町交番,131059,東京都,文京区,湯島２丁目,2020-07-04,19,その他,その他,40歳代,その他,施錠せず
窃盗,自転車盗,本富士,天神町交番,131059,東京都,文京区,湯島３丁目,2019-12-18,17,道路上,その他,20歳代,その他,施錠せず
窃盗,自転車盗,本富士,天神町交番,131059,東京都,文京区,湯島３丁目,2020-02-14,11,道路上,その他,50歳代,その他,施錠せず
窃盗,自転車盗,本富士,天神町交番,131059,東京都,文京区,湯島３丁目,2020-03-01,09,一戸建住宅,その他,50歳代,その他,施錠せず
窃盗,自転車盗,本富士,天神町交番,131059,東京都,文京区,湯島３丁目,2020-04-08,23,道路上,その他,50歳代,その他,施錠せず
窃盗,自転車盗,本富士,天神町交番,131059,東京都,文京区,湯島３丁目,2020-04-21,00,道路上,その他,70歳以上,その他,施錠せず
窃盗,自転車盗,本富士,天神町交番,131059,東京都,文京区,湯島３丁目,2020-06-11,11,その他,駐車（輪）場,10歳代,高校生,施錠せず
窃盗,自転車盗,本富士,天神町交番,131059,東京都,文京区,湯島３丁目,2020-07-12,00,道路上,その他,40歳代,その他,施錠せず
窃盗,自転車盗,本富士,天神町交番,131059,東京都,文京区,湯島３丁目,2020-08-13,23,道路上,その他,40歳代,その他,施錠せず
窃盗,自転車盗,本富士,天神町交番,131059,東京都,文京区,湯島３丁目,2020-09-12,14,４階建て以上共同住宅,その他,20歳代,その他,施錠せず
窃盗,自転車盗,本富士,天神町交番,131059,東京都,文京区,湯島３丁目,2020-09-28,15,道路上,その他,40歳代,その他,施錠せず
窃盗,自転車盗,本富士,天神町交番,131059,東京都,文京区,湯島３丁目,2020-10-02,19,道路上,その他,30歳代,その他,施錠せず
窃盗,自転車盗,本富士,根津交番,131059,東京都,文京区,根津１丁目,2020-02-22,00,道路上,その他,20歳代,その他,施錠せず
窃盗,自転車盗,本富士,根津交番,131059,東京都,文京区,根津１丁目,2020-10-03,19,４階建て以上共同住宅,駐車（輪）場,20歳代,その他,施錠せず
窃盗,自転車盗,本富士,根津交番,131059,東京都,文京区,根津２丁目,2020-07-10,10,道路上,その他,65-69歳,その他,施錠せず
窃盗,自転車盗,本富士,根津交番,131059,東京都,文京区,根津２丁目,2020-08-28,09,一戸建住宅,その他,10歳代,大学生,施錠せず
窃盗,自転車盗,本富士,根津交番,131059,東京都,文京区,弥生２丁目,2020-01-13,18,その他の住宅（３階建て以下共同住宅等）,その他,40歳代,その他,施錠せず
窃盗,自転車盗,本富士,弥生町交番,131059,東京都,文京区,本郷６丁目,2020-01-25,00,道路上,その他,30歳代,その他,施錠せず
窃盗,自転車盗,本富士,弥生町交番,131059,東京都,文京区,弥生１丁目,2019-06-10,不明,その他,その他,20歳代,大学生,施錠せず
窃盗,自転車盗,本富士,弥生町交番,131059,東京都,文京区,弥生１丁目,2019-12-18,16,駐車（輪）場,駐車（輪）場,20歳代,大学生,施錠せず
窃盗,自転車盗,本富士,弥生町交番,131059,東京都,文京区,弥生１丁目,2020-03-27,18,駐車（輪）場,駐車（輪）場,50歳代,その他,施錠せず
窃盗,自転車盗,本富士,弥生町交番,131059,東京都,文京区,弥生２丁目,2019-12-12,20,その他の住宅（３階建て以下共同住宅等）,その他,70歳以上,その他,施錠せず
窃盗,自転車盗,駒込,上富士前交番,131059,東京都,文京区,本駒込３丁目,2019-12-23,15,一戸建住宅,その他,70歳以上,その他,施錠せず
窃盗,自転車盗,駒込,上富士前交番,131059,東京都,文京区,本駒込３丁目,2020-02-12,23,道路上,その他,10歳代,中学生,施錠せず
窃盗,自転車盗,駒込,上富士前交番,131059,東京都,文京区,本駒込５丁目,2020-02-09,12,道路上,その他,50歳代,その他,施錠せず
窃盗,自転車盗,駒込,上富士前交番,131059,東京都,文京区,本駒込５丁目,2020-04-10,21,道路上,その他,20歳代,その他,施錠せず
窃盗,自転車盗,駒込,上富士前交番,131059,東京都,文京区,本駒込５丁目,2020-04-11,17,４階建て以上共同住宅,駐車（輪）場,20歳代,その他,施錠せず
窃盗,自転車盗,駒込,上富士前交番,131059,東京都,文京区,本駒込５丁目,2020-10-24,09,一戸建住宅,その他,10歳代,中学生,施錠せず
窃盗,自転車盗,駒込,上富士前交番,131059,東京都,文京区,本駒込６丁目,2019-12-12,17,一戸建住宅,その他,50歳代,その他,施錠せず
窃盗,自転車盗,駒込,上富士前交番,131059,東京都,文京区,本駒込６丁目,2020-11-08,06,一戸建住宅,駐車（輪）場,60-64歳,その他,施錠せず
窃盗,自転車盗,駒込,上富士前交番,131059,東京都,文京区,向丘２丁目,2020-04-19,12,４階建て以上共同住宅,その他,40歳代,その他,施錠せず
窃盗,自転車盗,駒込,浅嘉交番,131059,東京都,文京区,本駒込１丁目,2020-02-04,08,一戸建住宅,その他,40歳代,その他,施錠せず
窃盗,自転車盗,駒込,浅嘉交番,131059,東京都,文京区,本駒込３丁目,2020-02-27,16,道路上,その他,10歳未満,小学生,施錠せず
窃盗,自転車盗,駒込,浅嘉交番,131059,東京都,文京区,本駒込３丁目,2020-06-11,20,４階建て以上共同住宅,駐車（輪）場,20歳代,大学生,施錠せず
窃盗,自転車盗,駒込,浅嘉交番,131059,東京都,文京区,向丘２丁目,2020-02-20,21,４階建て以上共同住宅,駐車（輪）場,30歳代,その他,施錠せず
窃盗,自転車盗,駒込,動坂交番,131059,東京都,文京区,千駄木４丁目,2020-07-11,23,４階建て以上共同住宅,駐車（輪）場,50歳代,その他,施錠せず
窃盗,自転車盗,駒込,動坂交番,131059,東京都,文京区,本駒込４丁目,2020-02-29,19,道路上,その他,50歳代,その他,施錠せず
窃盗,自転車盗,駒込,動坂交番,131059,東京都,文京区,本駒込４丁目,2020-06-05,18,その他,その他,10歳未満,小学生,施錠せず
窃盗,自転車盗,駒込,団子坂交番,131059,東京都,文京区,千駄木１丁目,2020-03-05,15,その他,駐車（輪）場,40歳代,その他,施錠せず
窃盗,自転車盗,駒込,団子坂交番,131059,東京都,文京区,千駄木３丁目,2019-12-13,23,道路上,その他,40歳代,その他,施錠せず
窃盗,自転車盗,駒込,団子坂交番,131059,東京都,文京区,千駄木３丁目,2020-05-15,01,道路上,その他,30歳代,その他,施錠せず
窃盗,自転車盗,巣鴨,巣鴨駅前交番,131164,東京都,豊島区,駒込５丁目,2020-04-16,18,４階建て以上共同住宅,駐車（輪）場,20歳代,その他,施錠せず
窃盗,自転車盗,巣鴨,巣鴨駅前交番,131164,東京都,豊島区,巣鴨１丁目,2019-10-31,17,その他の住宅（３階建て以下共同住宅等）,駐車（輪）場,40歳代,その他,施錠せず
窃盗,自転車盗,巣鴨,巣鴨駅前交番,131164,東京都,豊島区,巣鴨１丁目,2020-08-14,08,その他,駐車（輪）場,10歳代,高校生,施錠せず
窃盗,自転車盗,巣鴨,巣鴨駅前交番,131164,東京都,豊島区,巣鴨１丁目,2020-09-24,14,道路上,その他,50歳代,その他,施錠せず
窃盗,自転車盗,巣鴨,巣鴨駅前交番,131164,東京都,豊島区,巣鴨１丁目,2020-10-30,01,道路上,その他,65-69歳,その他,施錠せず
窃盗,自転車盗,巣鴨,巣鴨駅前交番,131164,東京都,豊島区,巣鴨２丁目,2020-01-01,18,４階建て以上共同住宅,その他,65-69歳,その他,施錠せず
窃盗,自転車盗,巣鴨,巣鴨駅前交番,131164,東京都,豊島区,巣鴨２丁目,2020-01-22,17,道路上,その他,20歳代,大学生,施錠せず
窃盗,自転車盗,巣鴨,巣鴨駅前交番,131164,東京都,豊島区,巣鴨２丁目,2020-02-18,18,駐車（輪）場,駐車（輪）場,10歳代,大学生,施錠せず
窃盗,自転車盗,巣鴨,巣鴨駅前交番,131164,東京都,豊島区,巣鴨２丁目,2020-09-12,22,その他の住宅（３階建て以下共同住宅等）,駐車（輪）場,30歳代,その他,施錠せず
窃盗,自転車盗,巣鴨,巣鴨駅前交番,131164,東京都,豊島区,巣鴨３丁目,2020-01-19,23,４階建て以上共同住宅,その他,40歳代,その他,施錠せず
窃盗,自転車盗,巣鴨,巣鴨駅前交番,131164,東京都,豊島区,巣鴨３丁目,2020-02-07,17,道路上,その他,10歳代,その他,施錠せず
窃盗,自転車盗,巣鴨,巣鴨駅前交番,131164,東京都,豊島区,巣鴨３丁目,2020-06-14,23,その他,その他,70歳以上,その他,施錠せず
窃盗,自転車盗,巣鴨,巣鴨駅前交番,131164,東京都,豊島区,巣鴨３丁目,2020-08-07,21,４階建て以上共同住宅,駐車（輪）場,50歳代,その他,施錠せず
窃盗,自転車盗,巣鴨,巣鴨駅前交番,131164,東京都,豊島区,巣鴨３丁目,2020-11-27,16,駐車（輪）場,駐車（輪）場,10歳代,小学生,施錠せず
窃盗,自転車盗,巣鴨,巣鴨駅前交番,131164,東京都,豊島区,巣鴨４丁目,2020-02-10,09,道路上,その他,20歳代,その他,施錠せず
窃盗,自転車盗,巣鴨,駒込駅前交番,131164,東京都,豊島区,駒込２丁目,2020-03-01,12,４階建て以上共同住宅,駐車（輪）場,40歳代,その他,施錠せず
窃盗,自転車盗,巣鴨,駒込駅前交番,131164,東京都,豊島区,駒込２丁目,2020-03-19,17,その他,その他,10歳代,中学生,施錠せず
窃盗,自転車盗,巣鴨,駒込駅前交番,131164,東京都,豊島区,駒込３丁目,2020-03-15,13,道路上,その他,10歳代,小学生,施錠せず
窃盗,自転車盗,巣鴨,駒込駅前交番,131164,東京都,豊島区,駒込３丁目,2020-03-27,11,その他の住宅（３階建て以下共同住宅等）,その他,65-69歳,その他,施錠せず
窃盗,自転車盗,巣鴨,駒込駅前交番,131164,東京都,豊島区,駒込３丁目,2020-09-28,01,その他の住宅（３階建て以下共同住宅等）,その他,20歳代,その他,施錠せず
窃盗,自転車盗,巣鴨,庚申塚交番,131164,東京都,豊島区,巣鴨４丁目,2020-03-18,21,４階建て以上共同住宅,駐車（輪）場,50歳代,その他,施錠せず
窃盗,自転車盗,巣鴨,庚申塚交番,131164,東京都,豊島区,巣鴨４丁目,2020-05-19,18,その他の住宅（３階建て以下共同住宅等）,その他,70歳以上,その他,施錠せず
窃盗,自転車盗,巣鴨,庚申塚交番,131164,東京都,豊島区,巣鴨５丁目,2020-04-18,23,その他の住宅（３階建て以下共同住宅等）,駐車（輪）場,60-64歳,その他,施錠せず
窃盗,自転車盗,巣鴨,庚申塚交番,131164,東京都,豊島区,巣鴨５丁目,2020-05-03,20,駐車（輪）場,駐車（輪）場,20歳代,その他,施錠せず
窃盗,自転車盗,巣鴨,庚申塚交番,131164,東京都,豊島区,巣鴨５丁目,2020-06-07,15,一戸建住宅,その他,30歳代,その他,施錠せず
窃盗,自転車盗,巣鴨,庚申塚交番,131164,東京都,豊島区,巣鴨５丁目,2020-09-17,23,一戸建住宅,その他,20歳代,その他,施錠せず
窃盗,自転車盗,巣鴨,庚申塚交番,131164,東京都,豊島区,西巣鴨２丁目,2019-12-25,21,４階建て以上共同住宅,駐車（輪）場,20歳代,その他,施錠せず
窃盗,自転車盗,巣鴨,庚申塚交番,131164,東京都,豊島区,西巣鴨２丁目,2020-09-05,11,４階建て以上共同住宅,駐車（輪）場,20歳代,大学生,施錠せず
窃盗,自転車盗,巣鴨,庚申塚交番,131164,東京都,豊島区,西巣鴨２丁目,2020-10-15,19,その他の住宅（３階建て以下共同住宅等）,その他,20歳代,大学生,施錠せず
窃盗,自転車盗,巣鴨,庚申塚交番,131164,東京都,豊島区,西巣鴨２丁目,2020-11-04,16,一戸建住宅,駐車（輪）場,50歳代,その他,施錠せず
窃盗,自転車盗,巣鴨,庚申塚交番,131164,東京都,豊島区,西巣鴨２丁目,2020-11-10,20,一戸建住宅,その他,40歳代,その他,施錠せず
窃盗,自転車盗,巣鴨,庚申塚交番,131164,東京都,豊島区,西巣鴨２丁目,2020-11-16,18,４階建て以上共同住宅,駐車（輪）場,20歳代,大学生,施錠せず
窃盗,自転車盗,巣鴨,庚申塚交番,131164,東京都,豊島区,西巣鴨３丁目,2020-03-23,01,道路上,その他,30歳代,その他,施錠せず
窃盗,自転車盗,巣鴨,庚申塚交番,131164,東京都,豊島区,西巣鴨３丁目,2020-08-19,22,４階建て以上共同住宅,駐車（輪）場,10歳代,高校生,施錠せず
窃盗,自転車盗,巣鴨,庚申塚交番,131164,東京都,豊島区,西巣鴨４丁目,2020-01-22,19,道路上,その他,40歳代,その他,施錠せず
窃盗,自転車盗,巣鴨,庚申塚交番,131164,東京都,豊島区,西巣鴨４丁目,2020-06-12,11,道路上,その他,20歳代,その他,施錠せず
窃盗,自転車盗,巣鴨,大塚駅前交番,131164,東京都,豊島区,北大塚１丁目,2019-12-30,18,４階建て以上共同住宅,駐車（輪）場,10歳未満,小学生,施錠せず
窃盗,自転車盗,巣鴨,大塚駅前交番,131164,東京都,豊島区,北大塚１丁目,2020-04-09,07,４階建て以上共同住宅,駐車（輪）場,50歳代,その他,施錠せず
窃盗,自転車盗,巣鴨,大塚駅前交番,131164,東京都,豊島区,北大塚１丁目,2020-06-19,21,一戸建住宅,駐車（輪）場,10歳代,高校生,施錠せず
窃盗,自転車盗,巣鴨,大塚駅前交番,131164,東京都,豊島区,北大塚２丁目,2020-06-24,00,４階建て以上共同住宅,その他,20歳代,その他,施錠せず
窃盗,自転車盗,巣鴨,大塚駅前交番,131164,東京都,豊島区,北大塚２丁目,2020-07-05,05,道路上,その他,30歳代,その他,施錠せず
窃盗,自転車盗,巣鴨,大塚駅前交番,131164,東京都,豊島区,北大塚２丁目,2020-07-25,12,道路上,その他,30歳代,その他,施錠せず
窃盗,自転車盗,巣鴨,大塚駅前交番,131164,東京都,豊島区,北大塚２丁目,2020-10-18,21,道路上,その他,40歳代,その他,施錠せず
窃盗,自転車盗,巣鴨,大塚駅前交番,131164,東京都,豊島区,北大塚２丁目,2020-10-19,23,道路上,その他,20歳代,その他,施錠せず
窃盗,自転車盗,巣鴨,大塚駅前交番,131164,東京都,豊島区,北大塚２丁目,2020-11-15,09,その他,駐車（輪）場,40歳代,その他,施錠せず
窃盗,自転車盗,巣鴨,大塚駅前交番,131164,東京都,豊島区,南大塚１丁目,2020-06-04,15,道路上,その他,50歳代,その他,施錠せず
窃盗,自転車盗,巣鴨,大塚駅前交番,131164,東京都,豊島区,南大塚１丁目,2020-07-18,22,道路上,その他,20歳代,その他,施錠せず
窃盗,自転車盗,巣鴨,大塚駅前交番,131164,東京都,豊島区,南大塚１丁目,2020-10-29,00,４階建て以上共同住宅,駐車（輪）場,30歳代,その他,施錠せず
窃盗,自転車盗,巣鴨,大塚駅前交番,131164,東京都,豊島区,南大塚２丁目,2019-12-30,17,４階建て以上共同住宅,駐車（輪）場,20歳代,大学生,施錠せず
窃盗,自転車盗,巣鴨,大塚駅前交番,131164,東京都,豊島区,南大塚２丁目,2020-02-09,18,その他の住宅（３階建て以下共同住宅等）,その他,10歳代,中学生,施錠せず
窃盗,自転車盗,巣鴨,大塚駅前交番,131164,東京都,豊島区,南大塚２丁目,2020-06-02,12,一戸建住宅,その他,10歳代,中学生,施錠せず
窃盗,自転車盗,巣鴨,大塚駅前交番,131164,東京都,豊島区,南大塚２丁目,2020-06-10,17,４階建て以上共同住宅,駐車（輪）場,70歳以上,その他,施錠せず
窃盗,自転車盗,巣鴨,大塚駅前交番,131164,東京都,豊島区,南大塚２丁目,2020-07-15,16,その他,駐車（輪）場,20歳代,その他,施錠せず
窃盗,自転車盗,巣鴨,大塚駅前交番,131164,東京都,豊島区,南大塚３丁目,2020-01-27,09,駐車（輪）場,駐車（輪）場,10歳代,その他,施錠せず
窃盗,自転車盗,巣鴨,大塚駅前交番,131164,東京都,豊島区,南大塚３丁目,2020-03-31,18,道路上,その他,65-69歳,その他,施錠せず
窃盗,自転車盗,巣鴨,大塚駅前交番,131164,東京都,豊島区,南大塚３丁目,2020-04-05,16,その他,その他,10歳代,中学生,施錠せず
窃盗,自転車盗,巣鴨,大塚駅前交番,131164,東京都,豊島区,南大塚３丁目,2020-04-21,17,道路上,その他,40歳代,その他,施錠せず
窃盗,自転車盗,巣鴨,大塚駅前交番,131164,東京都,豊島区,南大塚３丁目,2020-04-27,14,道路上,その他,50歳代,その他,施錠せず
窃盗,自転車盗,巣鴨,大塚駅前交番,131164,東京都,豊島区,南大塚３丁目,2020-06-24,12,駐車（輪）場,駐車（輪）場,30歳代,その他,施錠せず
窃盗,自転車盗,巣鴨,大塚駅前交番,131164,東京都,豊島区,南大塚３丁目,2020-07-30,19,道路上,その他,70歳以上,その他,施錠せず
窃盗,自転車盗,巣鴨,大塚駅前交番,131164,東京都,豊島区,南大塚３丁目,2020-08-20,16,道路上,その他,70歳以上,その他,施錠せず
窃盗,自転車盗,巣鴨,大塚駅前交番,131164,東京都,豊島区,南大塚３丁目,2020-09-22,22,４階建て以上共同住宅,その他,30歳代,その他,施錠せず
窃盗,自転車盗,巣鴨,巣鴨新田交番,131164,東京都,豊島区,上池袋１丁目,2020-02-02,12,道路上,その他,20歳代,その他,施錠せず
窃盗,自転車盗,巣鴨,巣鴨新田交番,131164,東京都,豊島区,上池袋１丁目,2020-03-20,16,一戸建住宅,駐車（輪）場,50歳代,その他,施錠せず
窃盗,自転車盗,巣鴨,巣鴨新田交番,131164,東京都,豊島区,上池袋１丁目,2020-05-11,18,道路上,その他,70歳以上,その他,施錠せず
窃盗,自転車盗,巣鴨,巣鴨新田交番,131164,東京都,豊島区,上池袋１丁目,2020-06-21,23,道路上,その他,10歳代,その他,施錠せず
窃盗,自転車盗,巣鴨,巣鴨新田交番,131164,東京都,豊島区,北大塚３丁目,2020-01-13,01,道路上,その他,20歳代,その他,施錠せず
窃盗,自転車盗,巣鴨,巣鴨新田交番,131164,東京都,豊島区,北大塚３丁目,2020-08-16,17,道路上,その他,30歳代,その他,施錠せず
窃盗,自転車盗,巣鴨,巣鴨新田交番,131164,東京都,豊島区,北大塚３丁目,2020-09-16,15,一戸建住宅,その他,70歳以上,その他,施錠せず
窃盗,自転車盗,巣鴨,巣鴨新田交番,131164,東京都,豊島区,西巣鴨１丁目,2019-12-24,18,一戸建住宅,その他,70歳以上,その他,施錠せず
窃盗,自転車盗,巣鴨,巣鴨新田交番,131164,東京都,豊島区,西巣鴨１丁目,2020-03-21,15,その他,その他,10歳未満,小学生,施錠せず
窃盗,自転車盗,巣鴨,染井駐在所,131164,東京都,豊島区,駒込６丁目,2020-10-28,22,４階建て以上共同住宅,その他,20歳代,大学生,施錠せず
窃盗,自転車盗,巣鴨,サンシャイン前交番,131164,東京都,豊島区,東池袋２丁目,2020-09-02,15,４階建て以上共同住宅,その他,30歳代,その他,施錠せず
窃盗,自転車盗,巣鴨,サンシャイン前交番,131164,東京都,豊島区,東池袋３丁目,2020-03-25,21,４階建て以上共同住宅,その他,20歳代,大学生,施錠せず
窃盗,自転車盗,巣鴨,サンシャイン前交番,131164,東京都,豊島区,東池袋４丁目,2020-02-07,17,道路上,その他,40歳代,その他,施錠せず
窃盗,自転車盗,巣鴨,サンシャイン前交番,131164,東京都,豊島区,東池袋５丁目,2020-05-11,12,４階建て以上共同住宅,駐車（輪）場,30歳代,その他,施錠せず
窃盗,自転車盗,巣鴨,サンシャイン前交番,131164,東京都,豊島区,東池袋５丁目,2020-10-24,01,４階建て以上共同住宅,駐車（輪）場,10歳代,その他,施錠せず
窃盗,自転車盗,池袋,六つ又交番,131164,東京都,豊島区,池袋２丁目,2020-02-17,07,その他,駐車（輪）場,30歳代,その他,施錠せず
窃盗,自転車盗,池袋,六つ又交番,131164,東京都,豊島区,池袋本町３丁目,2020-03-15,22,一戸建住宅,その他,60-64歳,その他,施錠せず
窃盗,自転車盗,池袋,六つ又交番,131164,東京都,豊島区,上池袋２丁目,2020-02-23,20,道路上,その他,20歳代,その他,施錠せず
窃盗,自転車盗,池袋,六つ又交番,131164,東京都,豊島区,上池袋２丁目,2020-06-14,14,その他,駐車（輪）場,30歳代,その他,施錠せず
窃盗,自転車盗,池袋,六つ又交番,131164,東京都,豊島区,上池袋２丁目,2020-06-24,18,駐車（輪）場,駐車（輪）場,20歳代,その他,施錠せず
窃盗,自転車盗,池袋,六つ又交番,131164,東京都,豊島区,上池袋２丁目,2020-06-25,18,道路上,その他,70歳以上,その他,施錠せず
窃盗,自転車盗,池袋,六つ又交番,131164,東京都,豊島区,上池袋２丁目,2020-07-07,08,道路上,その他,10歳代,高校生,施錠せず
窃盗,自転車盗,池袋,六つ又交番,131164,東京都,豊島区,上池袋２丁目,2020-11-01,20,その他の住宅（３階建て以下共同住宅等）,駐車（輪）場,70歳以上,その他,施錠せず
窃盗,自転車盗,池袋,六つ又交番,131164,東京都,豊島区,東池袋１丁目,2020-05-25,20,４階建て以上共同住宅,その他,30歳代,その他,施錠せず
窃盗,自転車盗,池袋,六つ又交番,131164,東京都,豊島区,東池袋２丁目,2019-04-11,00,その他,駐車（輪）場,20歳代,大学生,施錠せず
窃盗,自転車盗,池袋,六つ又交番,131164,東京都,豊島区,東池袋２丁目,2020-06-11,01,道路上,その他,40歳代,その他,施錠せず
窃盗,自転車盗,池袋,六つ又交番,131164,東京都,豊島区,東池袋２丁目,2020-10-30,01,道路上,その他,法人・団体、被害者なし,法人・団体、被害者なし,施錠せず
窃盗,自転車盗,池袋,六つ又交番,131164,東京都,豊島区,東池袋３丁目,2020-07-18,23,道路上,その他,65-69歳,その他,施錠せず
窃盗,自転車盗,池袋,池袋二又交番,131164,東京都,豊島区,池袋２丁目,2020-02-28,12,道路上,その他,40歳代,その他,施錠せず
窃盗,自転車盗,池袋,池袋二又交番,131164,東京都,豊島区,池袋２丁目,2020-03-24,12,４階建て以上共同住宅,その他,65-69歳,その他,施錠せず
窃盗,自転車盗,池袋,池袋二又交番,131164,東京都,豊島区,池袋２丁目,2020-03-30,00,その他の住宅（３階建て以下共同住宅等）,駐車（輪）場,20歳代,その他,施錠せず
窃盗,自転車盗,池袋,池袋二又交番,131164,東京都,豊島区,池袋２丁目,2020-04-21,22,その他の住宅（３階建て以下共同住宅等）,駐車（輪）場,10歳代,高校生,施錠せず
窃盗,自転車盗,池袋,池袋二又交番,131164,東京都,豊島区,池袋２丁目,2020-08-14,19,４階建て以上共同住宅,駐車（輪）場,30歳代,その他,施錠せず
窃盗,自転車盗,池袋,池袋二又交番,131164,東京都,豊島区,西池袋３丁目,2019-11-25,17,駐車（輪）場,駐車（輪）場,20歳代,大学生,施錠せず
窃盗,自転車盗,池袋,池袋二又交番,131164,東京都,豊島区,西池袋３丁目,2020-02-18,21,４階建て以上共同住宅,その他,20歳代,大学生,施錠せず
窃盗,自転車盗,池袋,池袋二又交番,131164,東京都,豊島区,西池袋３丁目,2020-03-22,01,４階建て以上共同住宅,その他,20歳代,その他,施錠せず
窃盗,自転車盗,池袋,池袋二又交番,131164,東京都,豊島区,西池袋３丁目,2020-06-13,18,一戸建住宅,駐車（輪）場,50歳代,その他,施錠せず
窃盗,自転車盗,池袋,池袋二又交番,131164,東京都,豊島区,西池袋３丁目,2020-06-16,23,４階建て以上共同住宅,駐車（輪）場,70歳以上,その他,施錠せず
窃盗,自転車盗,池袋,池袋二又交番,131164,東京都,豊島区,西池袋３丁目,2020-07-20,12,道路上,その他,20歳代,その他,施錠せず
窃盗,自転車盗,池袋,池袋二又交番,131164,東京都,豊島区,西池袋３丁目,2020-11-03,16,４階建て以上共同住宅,駐車（輪）場,20歳代,その他,施錠せず
窃盗,自転車盗,池袋,池袋二又交番,131164,東京都,豊島区,西池袋３丁目,2020-11-17,01,その他の住宅（３階建て以下共同住宅等）,その他,20歳代,その他,施錠せず
窃盗,自転車盗,池袋,池袋二又交番,131164,東京都,豊島区,西池袋３丁目,2020-11-22,19,一戸建住宅,その他,10歳代,中学生,施錠せず
窃盗,自転車盗,池袋,池袋二又交番,131164,東京都,豊島区,西池袋４丁目,2020-01-11,07,駐車（輪）場,駐車（輪）場,20歳代,その他,施錠せず
窃盗,自転車盗,池袋,池袋二又交番,131164,東京都,豊島区,西池袋５丁目,2019-10-15,17,その他,駐車（輪）場,10歳代,大学生,施錠せず
窃盗,自転車盗,池袋,池袋二又交番,131164,東京都,豊島区,西池袋５丁目,2020-01-22,01,道路上,その他,30歳代,その他,施錠せず
窃盗,自転車盗,池袋,池袋二又交番,131164,東京都,豊島区,西池袋５丁目,2020-04-20,17,道路上,その他,50歳代,その他,施錠せず
窃盗,自転車盗,池袋,池袋二又交番,131164,東京都,豊島区,西池袋５丁目,2020-08-12,03,道路上,その他,20歳代,その他,施錠せず
窃盗,自転車盗,池袋,池袋二又交番,131164,東京都,豊島区,西池袋５丁目,2020-09-04,20,４階建て以上共同住宅,駐車（輪）場,30歳代,その他,施錠せず
窃盗,自転車盗,池袋,池袋本町交番,131164,東京都,豊島区,池袋本町１丁目,2020-01-26,17,４階建て以上共同住宅,その他,40歳代,その他,施錠せず
窃盗,自転車盗,池袋,池袋本町交番,131164,東京都,豊島区,池袋本町１丁目,2020-01-29,09,４階建て以上共同住宅,駐車（輪）場,30歳代,その他,施錠せず
窃盗,自転車盗,池袋,池袋本町交番,131164,東京都,豊島区,池袋本町１丁目,2020-03-11,14,４階建て以上共同住宅,駐車（輪）場,40歳代,その他,施錠せず
窃盗,自転車盗,池袋,池袋本町交番,131164,東京都,豊島区,池袋本町１丁目,2020-04-18,21,道路上,その他,10歳代,中学生,施錠せず
窃盗,自転車盗,池袋,池袋本町交番,131164,東京都,豊島区,池袋本町１丁目,2020-11-03,20,一戸建住宅,その他,70歳以上,その他,施錠せず
窃盗,自転車盗,池袋,池袋本町交番,131164,東京都,豊島区,池袋本町２丁目,2019-12-18,17,道路上,その他,70歳以上,その他,施錠せず
窃盗,自転車盗,池袋,池袋本町交番,131164,東京都,豊島区,池袋本町２丁目,2020-01-15,22,一戸建住宅,その他,10歳代,中学生,施錠せず
窃盗,自転車盗,池袋,池袋本町交番,131164,東京都,豊島区,池袋本町２丁目,2020-10-26,15,その他の住宅（３階建て以下共同住宅等）,駐車（輪）場,20歳代,その他,施錠せず
窃盗,自転車盗,池袋,池袋本町交番,131164,東京都,豊島区,池袋本町２丁目,2020-11-26,20,一戸建住宅,駐車（輪）場,20歳代,その他,施錠せず
窃盗,自転車盗,池袋,池袋本町交番,131164,東京都,豊島区,池袋本町３丁目,2019-12-11,22,道路上,その他,50歳代,その他,施錠せず
窃盗,自転車盗,池袋,池袋本町交番,131164,東京都,豊島区,池袋本町３丁目,2020-05-02,20,道路上,その他,20歳代,その他,施錠せず
窃盗,自転車盗,池袋,池袋本町交番,131164,東京都,豊島区,池袋本町４丁目,2020-01-27,07,４階建て以上共同住宅,その他,30歳代,その他,施錠せず
窃盗,自転車盗,池袋,池袋本町交番,131164,東京都,豊島区,池袋本町４丁目,2020-09-16,23,道路上,その他,40歳代,その他,施錠せず
窃盗,自転車盗,池袋,池袋駅東口交番,131164,東京都,豊島区,東池袋１丁目,2020-01-05,08,道路上,その他,60-64歳,その他,施錠せず
窃盗,自転車盗,池袋,池袋駅東口交番,131164,東京都,豊島区,東池袋１丁目,2020-01-30,21,道路上,その他,30歳代,その他,施錠せず
窃盗,自転車盗,池袋,池袋駅東口交番,131164,東京都,豊島区,東池袋１丁目,2020-02-16,12,４階建て以上共同住宅,駐車（輪）場,40歳代,その他,施錠せず
窃盗,自転車盗,池袋,池袋駅東口交番,131164,東京都,豊島区,東池袋１丁目,2020-03-24,14,その他,その他,20歳代,その他,施錠せず
窃盗,自転車盗,池袋,池袋駅東口交番,131164,東京都,豊島区,東池袋１丁目,2020-03-26,15,道路上,その他,20歳代,その他,施錠せず
窃盗,自転車盗,池袋,池袋駅東口交番,131164,東京都,豊島区,南池袋１丁目,2020-09-21,22,道路上,その他,30歳代,その他,施錠せず
窃盗,自転車盗,池袋,池袋駅東口交番,131164,東京都,豊島区,南池袋１丁目,2020-11-05,08,駐車（輪）場,駐車（輪）場,30歳代,その他,施錠せず
窃盗,自転車盗,池袋,池袋駅西口交番,131164,東京都,豊島区,池袋２丁目,2020-04-13,15,道路上,その他,20歳代,その他,施錠せず
窃盗,自転車盗,池袋,池袋駅西口交番,131164,東京都,豊島区,池袋２丁目,2020-04-21,03,道路上,その他,20歳代,その他,施錠せず
窃盗,自転車盗,池袋,池袋駅西口交番,131164,東京都,豊島区,池袋２丁目,2020-10-19,16,道路上,その他,40歳代,その他,施錠せず
窃盗,自転車盗,池袋,池袋駅西口交番,131164,東京都,豊島区,池袋２丁目,2020-10-27,17,４階建て以上共同住宅,駐車（輪）場,60-64歳,その他,施錠せず
窃盗,自転車盗,池袋,池袋駅西口交番,131164,東京都,豊島区,池袋２丁目,2020-10-31,01,道路上,その他,40歳代,その他,施錠せず
窃盗,自転車盗,池袋,池袋駅西口交番,131164,東京都,豊島区,池袋３丁目,2020-10-30,12,その他の住宅（３階建て以下共同住宅等）,駐車（輪）場,20歳代,その他,施錠せず
窃盗,自転車盗,池袋,池袋駅西口交番,131164,東京都,豊島区,池袋４丁目,2020-12-19,01,その他の住宅（３階建て以下共同住宅等）,その他,30歳代,その他,施錠せず
窃盗,自転車盗,池袋,池袋駅西口交番,131164,東京都,豊島区,池袋本町４丁目,2020-08-05,17,その他,駐車（輪）場,50歳代,その他,施錠せず
窃盗,自転車盗,池袋,池袋駅西口交番,131164,東京都,豊島区,西池袋１丁目,2019-12-19,05,道路上,その他,20歳代,その他,施錠せず
窃盗,自転車盗,池袋,池袋駅西口交番,131164,東京都,豊島区,西池袋１丁目,2019-12-20,12,道路上,その他,40歳代,その他,施錠せず
窃盗,自転車盗,池袋,池袋駅西口交番,131164,東京都,豊島区,西池袋１丁目,2019-12-28,19,駐車（輪）場,駐車（輪）場,20歳代,大学生,施錠せず
窃盗,自転車盗,池袋,池袋駅西口交番,131164,東京都,豊島区,西池袋１丁目,2020-01-17,22,駐車（輪）場,駐車（輪）場,10歳代,高校生,施錠せず
窃盗,自転車盗,池袋,池袋駅西口交番,131164,東京都,豊島区,西池袋１丁目,2020-03-30,17,道路上,その他,40歳代,その他,施錠せず
窃盗,自転車盗,池袋,池袋駅西口交番,131164,東京都,豊島区,西池袋１丁目,2020-07-10,18,道路上,その他,50歳代,その他,施錠せず
窃盗,自転車盗,池袋,池袋駅西口交番,131164,東京都,豊島区,西池袋１丁目,2020-07-17,08,駐車（輪）場,駐車（輪）場,30歳代,その他,施錠せず
窃盗,自転車盗,池袋,池袋駅西口交番,131164,東京都,豊島区,西池袋１丁目,2020-09-25,17,駐車（輪）場,駐車（輪）場,20歳代,その他,施錠せず
窃盗,自転車盗,池袋,池袋駅西口交番,131164,東京都,豊島区,西池袋１丁目,2020-09-25,17,駐車（輪）場,駐車（輪）場,20歳代,その他,施錠せず
窃盗,自転車盗,池袋,池袋駅西口交番,131164,東京都,豊島区,西池袋１丁目,2020-10-02,06,道路上,その他,20歳代,その他,施錠せず
窃盗,自転車盗,池袋,池袋駅西口交番,131164,東京都,豊島区,西池袋１丁目,2020-10-03,22,道路上,その他,20歳代,その他,施錠せず
窃盗,自転車盗,池袋,池袋駅西口交番,131164,東京都,豊島区,西池袋１丁目,2020-10-04,11,駐車（輪）場,駐車（輪）場,20歳代,その他,施錠せず
窃盗,自転車盗,池袋,池袋駅西口交番,131164,東京都,豊島区,西池袋２丁目,2020-04-13,20,一戸建住宅,その他,10歳代,小学生,施錠せず
窃盗,自転車盗,池袋,池袋駅西口交番,131164,東京都,豊島区,西池袋２丁目,2020-09-13,15,４階建て以上共同住宅,駐車（輪）場,30歳代,その他,施錠せず
窃盗,自転車盗,池袋,池袋駅西口交番,131164,東京都,豊島区,西池袋２丁目,2020-10-13,16,道路上,その他,30歳代,その他,施錠せず
窃盗,自転車盗,池袋,池袋駅西口交番,131164,東京都,豊島区,西池袋３丁目,2020-05-06,18,道路上,その他,30歳代,その他,施錠せず
窃盗,自転車盗,池袋,池袋駅西口交番,131164,東京都,豊島区,西池袋３丁目,2020-09-06,18,その他の住宅（３階建て以下共同住宅等）,駐車（輪）場,20歳代,その他,施錠せず
窃盗,自転車盗,池袋,池袋駅西口交番,131164,東京都,豊島区,東池袋１丁目,2020-03-27,22,４階建て以上共同住宅,その他,60-64歳,その他,施錠せず
窃盗,自転車盗,池袋,上池袋交番,131164,東京都,豊島区,池袋本町４丁目,2020-10-17,10,その他の住宅（３階建て以下共同住宅等）,その他,50歳代,その他,施錠せず
窃盗,自転車盗,池袋,上池袋交番,131164,東京都,豊島区,上池袋３丁目,2020-02-15,22,４階建て以上共同住宅,駐車（輪）場,65-69歳,その他,施錠せず
窃盗,自転車盗,池袋,上池袋交番,131164,東京都,豊島区,上池袋３丁目,2020-02-22,23,４階建て以上共同住宅,駐車（輪）場,40歳代,その他,施錠せず
窃盗,自転車盗,池袋,上池袋交番,131164,東京都,豊島区,上池袋３丁目,2020-04-04,16,道路上,その他,50歳代,その他,施錠せず
窃盗,自転車盗,池袋,上池袋交番,131164,東京都,豊島区,上池袋３丁目,2020-07-04,17,一戸建住宅,その他,40歳代,その他,施錠せず
窃盗,自転車盗,池袋,上池袋交番,131164,東京都,豊島区,上池袋４丁目,2020-02-25,08,４階建て以上共同住宅,駐車（輪）場,50歳代,その他,施錠せず
窃盗,自転車盗,池袋,上池袋交番,131164,東京都,豊島区,上池袋４丁目,2020-03-13,07,４階建て以上共同住宅,駐車（輪）場,30歳代,その他,施錠せず
窃盗,自転車盗,池袋,上池袋交番,131164,東京都,豊島区,上池袋４丁目,2020-04-09,12,その他,駐車（輪）場,50歳代,その他,施錠せず
窃盗,自転車盗,池袋,上池袋交番,131164,東京都,豊島区,上池袋４丁目,2020-04-24,12,その他の住宅（３階建て以下共同住宅等）,その他,70歳以上,その他,施錠せず
窃盗,自転車盗,池袋,上池袋交番,131164,東京都,豊島区,上池袋４丁目,2020-09-30,08,駐車（輪）場,駐車（輪）場,10歳代,高校生,施錠せず
窃盗,自転車盗,池袋,上池袋交番,131164,東京都,豊島区,上池袋４丁目,2020-10-11,19,道路上,その他,10歳代,高校生,施錠せず
窃盗,自転車盗,池袋,上池袋交番,131164,東京都,豊島区,上池袋４丁目,2020-11-09,12,駐車（輪）場,駐車（輪）場,法人・団体、被害者なし,法人・団体、被害者なし,施錠せず
窃盗,自転車盗,池袋,川越通交番,131164,東京都,豊島区,池袋１丁目,2020-06-15,15,４階建て以上共同住宅,駐車（輪）場,30歳代,その他,施錠せず
窃盗,自転車盗,池袋,川越通交番,131164,東京都,豊島区,池袋２丁目,2020-02-27,17,その他,その他,10歳代,高校生,施錠せず
窃盗,自転車盗,池袋,川越通交番,131164,東京都,豊島区,池袋２丁目,2020-06-26,23,その他の住宅（３階建て以下共同住宅等）,駐車（輪）場,40歳代,その他,施錠せず
窃盗,自転車盗,池袋,川越通交番,131164,東京都,豊島区,池袋３丁目,2020-02-27,23,４階建て以上共同住宅,駐車（輪）場,20歳代,その他,施錠せず
窃盗,自転車盗,池袋,川越通交番,131164,東京都,豊島区,池袋３丁目,2020-06-26,00,道路上,その他,10歳代,その他,施錠せず
窃盗,自転車盗,池袋,川越通交番,131164,東京都,豊島区,池袋３丁目,2020-06-30,01,一戸建住宅,その他,30歳代,その他,施錠せず
窃盗,自転車盗,池袋,川越通交番,131164,東京都,豊島区,池袋３丁目,2020-08-07,18,その他の住宅（３階建て以下共同住宅等）,駐車（輪）場,30歳代,その他,施錠せず
窃盗,自転車盗,池袋,川越通交番,131164,東京都,豊島区,池袋３丁目,2020-08-10,01,道路上,その他,30歳代,その他,施錠せず
窃盗,自転車盗,池袋,川越通交番,131164,東京都,豊島区,池袋３丁目,2020-08-24,22,その他の住宅（３階建て以下共同住宅等）,その他,20歳代,その他,施錠せず
窃盗,自転車盗,池袋,川越通交番,131164,東京都,豊島区,池袋３丁目,2020-08-25,19,その他の住宅（３階建て以下共同住宅等）,駐車（輪）場,30歳代,その他,施錠せず
窃盗,自転車盗,池袋,川越通交番,131164,東京都,豊島区,池袋４丁目,2019-12-30,13,道路上,その他,40歳代,その他,施錠せず
窃盗,自転車盗,池袋,川越通交番,131164,東京都,豊島区,池袋４丁目,2020-02-23,01,４階建て以上共同住宅,駐車（輪）場,20歳代,その他,施錠せず
窃盗,自転車盗,池袋,川越通交番,131164,東京都,豊島区,池袋４丁目,2020-03-13,22,４階建て以上共同住宅,駐車（輪）場,50歳代,その他,施錠せず
窃盗,自転車盗,池袋,川越通交番,131164,東京都,豊島区,池袋４丁目,2020-04-12,20,４階建て以上共同住宅,駐車（輪）場,10歳代,その他,施錠せず
窃盗,自転車盗,池袋,川越通交番,131164,東京都,豊島区,池袋４丁目,2020-05-03,12,その他の住宅（３階建て以下共同住宅等）,駐車（輪）場,10歳代,その他,施錠せず
窃盗,自転車盗,池袋,川越通交番,131164,東京都,豊島区,池袋４丁目,2020-05-25,22,その他,その他,20歳代,その他,施錠せず
窃盗,自転車盗,池袋,川越通交番,131164,東京都,豊島区,池袋４丁目,2020-06-29,09,４階建て以上共同住宅,その他,20歳代,大学生,施錠せず
窃盗,自転車盗,池袋,川越通交番,131164,東京都,豊島区,池袋４丁目,2020-08-04,21,道路上,その他,20歳代,その他,施錠せず
窃盗,自転車盗,池袋,川越通交番,131164,東京都,豊島区,池袋本町１丁目,2020-10-16,12,一戸建住宅,その他,10歳代,中学生,施錠せず
窃盗,自転車盗,池袋,川越通交番,131164,東京都,豊島区,池袋本町２丁目,2020-02-19,20,その他,駐車（輪）場,65-69歳,その他,施錠せず
窃盗,自転車盗,池袋,川越通交番,131164,東京都,豊島区,池袋本町２丁目,2020-02-27,01,その他,駐車（輪）場,20歳代,その他,施錠せず
窃盗,自転車盗,池袋,川越通交番,131164,東京都,豊島区,池袋本町２丁目,2020-04-18,21,その他の住宅（３階建て以下共同住宅等）,駐車（輪）場,30歳代,その他,施錠せず
窃盗,自転車盗,池袋,川越通交番,131164,東京都,豊島区,池袋本町２丁目,2020-07-30,12,４階建て以上共同住宅,駐車（輪）場,20歳代,その他,施錠せず
窃盗,自転車盗,池袋,川越通交番,131164,東京都,豊島区,池袋本町２丁目,2020-08-31,12,その他,駐車（輪）場,20歳代,その他,施錠せず
窃盗,自転車盗,池袋,川越通交番,131164,東京都,豊島区,池袋本町２丁目,2020-10-06,20,一戸建住宅,その他,10歳代,小学生,施錠せず
窃盗,自転車盗,池袋,川越通交番,131164,東京都,豊島区,池袋本町２丁目,2020-10-20,16,その他,駐車（輪）場,20歳代,大学生,施錠せず
窃盗,自転車盗,池袋,川越通交番,131164,東京都,豊島区,池袋本町２丁目,2020-12-07,21,一戸建住宅,その他,30歳代,その他,施錠せず
窃盗,自転車盗,池袋,川越通交番,131164,東京都,豊島区,池袋本町４丁目,2020-03-24,08,その他の住宅（３階建て以下共同住宅等）,その他,40歳代,その他,施錠せず
窃盗,自転車盗,池袋,川越通交番,131164,東京都,豊島区,上池袋４丁目,2020-01-05,07,駐車（輪）場,駐車（輪）場,20歳代,その他,施錠せず
窃盗,自転車盗,池袋,平和通交番,131164,東京都,豊島区,池袋１丁目,2020-02-18,02,その他の住宅（３階建て以下共同住宅等）,駐車（輪）場,30歳代,その他,施錠せず
窃盗,自転車盗,池袋,平和通交番,131164,東京都,豊島区,池袋２丁目,2020-01-10,10,道路上,その他,40歳代,その他,施錠せず
窃盗,自転車盗,池袋,平和通交番,131164,東京都,豊島区,池袋２丁目,2020-01-11,16,道路上,その他,40歳代,その他,施錠せず
窃盗,自転車盗,池袋,平和通交番,131164,東京都,豊島区,池袋２丁目,2020-02-27,15,４階建て以上共同住宅,駐車（輪）場,40歳代,その他,施錠せず
窃盗,自転車盗,池袋,平和通交番,131164,東京都,豊島区,池袋２丁目,2020-02-28,18,その他,駐車（輪）場,30歳代,その他,施錠せず
窃盗,自転車盗,池袋,平和通交番,131164,東京都,豊島区,池袋２丁目,2020-05-05,01,道路上,その他,30歳代,その他,施錠せず
窃盗,自転車盗,池袋,平和通交番,131164,東京都,豊島区,池袋２丁目,2020-06-01,23,道路上,その他,30歳代,その他,施錠せず
窃盗,自転車盗,池袋,平和通交番,131164,東京都,豊島区,池袋２丁目,2020-08-15,01,４階建て以上共同住宅,駐車（輪）場,30歳代,その他,施錠せず
窃盗,自転車盗,池袋,平和通交番,131164,東京都,豊島区,池袋２丁目,2020-08-28,00,４階建て以上共同住宅,駐車（輪）場,40歳代,その他,施錠せず
窃盗,自転車盗,池袋,平和通交番,131164,東京都,豊島区,池袋２丁目,2020-08-29,16,その他の住宅（３階建て以下共同住宅等）,駐車（輪）場,20歳代,その他,施錠せず
窃盗,自転車盗,池袋,東池袋交番,131164,東京都,豊島区,西池袋３丁目,2020-01-05,18,４階建て以上共同住宅,駐車（輪）場,40歳代,その他,施錠せず
窃盗,自転車盗,池袋,東池袋交番,131164,東京都,豊島区,東池袋１丁目,2020-10-03,16,駐車（輪）場,駐車（輪）場,40歳代,その他,施錠せず
窃盗,自転車盗,池袋,東池袋交番,131164,東京都,豊島区,東池袋３丁目,2020-10-13,15,４階建て以上共同住宅,駐車（輪）場,10歳代,高校生,施錠せず
窃盗,自転車盗,池袋,東池袋交番,131164,東京都,豊島区,東池袋４丁目,2020-04-04,15,４階建て以上共同住宅,駐車（輪）場,10歳代,中学生,施錠せず
窃盗,自転車盗,池袋,東池袋交番,131164,東京都,豊島区,東池袋４丁目,2020-09-28,20,道路上,その他,50歳代,その他,施錠せず
窃盗,自転車盗,目白,雑司が谷交番,131164,東京都,豊島区,雑司が谷１丁目,2020-09-08,18,一戸建住宅,その他,20歳代,大学生,施錠せず
窃盗,自転車盗,目白,雑司が谷交番,131164,東京都,豊島区,南池袋２丁目,2020-04-14,14,その他,駐車（輪）場,70歳以上,その他,施錠せず
窃盗,自転車盗,目白,雑司が谷交番,131164,東京都,豊島区,南池袋２丁目,2020-09-22,21,一戸建住宅,その他,40歳代,その他,施錠せず
窃盗,自転車盗,目白,雑司が谷交番,131164,東京都,豊島区,南池袋４丁目,2020-10-01,22,一戸建住宅,駐車（輪）場,40歳代,その他,施錠せず
窃盗,自転車盗,目白,南池袋交番,131164,東京都,豊島区,雑司が谷２丁目,2019-12-31,17,一戸建住宅,その他,10歳代,小学生,施錠せず
窃盗,自転車盗,目白,南池袋交番,131164,東京都,豊島区,雑司が谷３丁目,2020-07-16,12,その他,駐車（輪）場,40歳代,その他,施錠せず
窃盗,自転車盗,目白,南池袋交番,131164,東京都,豊島区,雑司が谷３丁目,2020-09-03,20,その他の住宅（３階建て以下共同住宅等）,駐車（輪）場,40歳代,その他,施錠せず
窃盗,自転車盗,目白,南池袋交番,131164,東京都,豊島区,南池袋１丁目,2016-10-01,不明,４階建て以上共同住宅,駐車（輪）場,20歳代,その他,施錠せず
窃盗,自転車盗,目白,南池袋交番,131164,東京都,豊島区,南池袋１丁目,2020-01-17,14,道路上,その他,60-64歳,その他,施錠せず
窃盗,自転車盗,目白,南池袋交番,131164,東京都,豊島区,南池袋１丁目,2020-03-12,23,４階建て以上共同住宅,駐車（輪）場,30歳代,その他,施錠せず
窃盗,自転車盗,目白,南池袋交番,131164,東京都,豊島区,南池袋１丁目,2020-03-19,17,その他,その他,30歳代,その他,施錠せず
窃盗,自転車盗,目白,南池袋交番,131164,東京都,豊島区,南池袋１丁目,2020-06-06,19,その他の住宅（３階建て以下共同住宅等）,駐車（輪）場,20歳代,その他,施錠せず
窃盗,自転車盗,目白,南池袋交番,131164,東京都,豊島区,南池袋１丁目,2020-08-11,18,駐車（輪）場,駐車（輪）場,40歳代,その他,施錠せず
窃盗,自転車盗,目白,南池袋交番,131164,東京都,豊島区,南池袋２丁目,2020-04-28,12,４階建て以上共同住宅,その他,30歳代,その他,施錠せず
窃盗,自転車盗,目白,南池袋交番,131164,東京都,豊島区,南池袋２丁目,2020-05-30,23,道路上,その他,65-69歳,その他,施錠せず
窃盗,自転車盗,目白,南池袋交番,131164,東京都,豊島区,南池袋２丁目,2020-07-31,14,その他の住宅（３階建て以下共同住宅等）,その他,40歳代,その他,施錠せず
窃盗,自転車盗,目白,南池袋交番,131164,東京都,豊島区,南池袋２丁目,2020-10-24,00,４階建て以上共同住宅,駐車（輪）場,20歳代,その他,施錠せず
窃盗,自転車盗,目白,南池袋交番,131164,東京都,豊島区,南池袋３丁目,2020-01-15,21,一戸建住宅,その他,10歳代,中学生,施錠せず
窃盗,自転車盗,目白,南池袋交番,131164,東京都,豊島区,南池袋３丁目,2020-02-16,23,４階建て以上共同住宅,駐車（輪）場,20歳代,その他,施錠せず
窃盗,自転車盗,目白,南池袋交番,131164,東京都,豊島区,南池袋３丁目,2020-02-24,01,一戸建住宅,駐車（輪）場,50歳代,その他,施錠せず
窃盗,自転車盗,目白,南池袋交番,131164,東京都,豊島区,南池袋３丁目,2020-08-04,14,その他,駐車（輪）場,65-69歳,その他,施錠せず
窃盗,自転車盗,目白,目白駅前交番,131164,東京都,豊島区,西池袋２丁目,2020-03-26,20,一戸建住宅,その他,10歳代,小学生,施錠せず
窃盗,自転車盗,目白,目白駅前交番,131164,東京都,豊島区,目白２丁目,2020-04-10,12,その他の住宅（３階建て以下共同住宅等）,その他,60-64歳,その他,施錠せず
窃盗,自転車盗,目白,目白駅前交番,131164,東京都,豊島区,目白３丁目,2020-01-17,18,その他の住宅（３階建て以下共同住宅等）,駐車（輪）場,20歳代,その他,施錠せず
窃盗,自転車盗,目白,目白駅前交番,131164,東京都,豊島区,目白３丁目,2020-03-13,13,道路上,その他,40歳代,その他,施錠せず
窃盗,自転車盗,目白,目白駅前交番,131164,東京都,豊島区,目白３丁目,2020-11-13,17,道路上,その他,40歳代,その他,施錠せず
窃盗,自転車盗,目白,目白駅前交番,131164,東京都,豊島区,目白４丁目,2020-02-10,10,その他の住宅（３階建て以下共同住宅等）,その他,20歳代,その他,施錠せず
窃盗,自転車盗,目白,目白駅前交番,131164,東京都,豊島区,目白５丁目,2019-12-24,17,４階建て以上共同住宅,駐車（輪）場,30歳代,その他,施錠せず
窃盗,自転車盗,目白,目白駅前交番,131164,東京都,豊島区,目白５丁目,2020-05-22,12,４階建て以上共同住宅,駐車（輪）場,20歳代,その他,施錠せず
窃盗,自転車盗,目白,目白駅前交番,131164,東京都,豊島区,目白５丁目,2020-09-24,13,道路上,その他,70歳以上,その他,施錠せず
窃盗,自転車盗,目白,目白駅前交番,131164,東京都,豊島区,目白５丁目,2020-10-30,16,一戸建住宅,駐車（輪）場,70歳以上,その他,施錠せず
窃盗,自転車盗,目白,椎名町駅前交番,131164,東京都,豊島区,長崎１丁目,2020-03-23,19,道路上,その他,65-69歳,その他,施錠せず
窃盗,自転車盗,目白,椎名町駅前交番,131164,東京都,豊島区,長崎１丁目,2020-10-01,18,道路上,その他,30歳代,その他,施錠せず
窃盗,自転車盗,目白,椎名町駅前交番,131164,東京都,豊島区,長崎１丁目,2020-10-05,01,４階建て以上共同住宅,駐車（輪）場,20歳代,その他,施錠せず
窃盗,自転車盗,目白,椎名町駅前交番,131164,東京都,豊島区,長崎２丁目,2020-01-09,18,一戸建住宅,その他,10歳代,中学生,施錠せず
窃盗,自転車盗,目白,椎名町駅前交番,131164,東京都,豊島区,長崎２丁目,2020-02-15,09,一戸建住宅,駐車（輪）場,70歳以上,その他,施錠せず
窃盗,自転車盗,目白,椎名町駅前交番,131164,東京都,豊島区,長崎２丁目,2020-05-11,08,道路上,その他,50歳代,その他,施錠せず
窃盗,自転車盗,目白,椎名町駅前交番,131164,東京都,豊島区,長崎２丁目,2020-06-25,23,駐車（輪）場,駐車（輪）場,20歳代,その他,施錠せず
窃盗,自転車盗,目白,椎名町駅前交番,131164,東京都,豊島区,長崎２丁目,2020-09-30,19,４階建て以上共同住宅,駐車（輪）場,10歳代,中学生,施錠せず
窃盗,自転車盗,目白,椎名町駅前交番,131164,東京都,豊島区,長崎２丁目,2020-10-22,23,その他の住宅（３階建て以下共同住宅等）,その他,10歳代,高校生,施錠せず
窃盗,自転車盗,目白,椎名町駅前交番,131164,東京都,豊島区,長崎３丁目,2020-04-08,00,道路上,その他,30歳代,その他,施錠せず
窃盗,自転車盗,目白,椎名町駅前交番,131164,東京都,豊島区,西池袋４丁目,2020-10-12,10,道路上,その他,65-69歳,その他,施錠せず
窃盗,自転車盗,目白,椎名町駅前交番,131164,東京都,豊島区,南長崎１丁目,2019-12-30,14,駐車（輪）場,駐車（輪）場,40歳代,その他,施錠せず
窃盗,自転車盗,目白,椎名町駅前交番,131164,東京都,豊島区,南長崎１丁目,2020-04-02,02,その他の住宅（３階建て以下共同住宅等）,その他,40歳代,その他,施錠せず
窃盗,自転車盗,目白,椎名町駅前交番,131164,東京都,豊島区,南長崎１丁目,2020-04-04,13,その他,駐車（輪）場,10歳代,大学生,施錠せず
窃盗,自転車盗,目白,椎名町駅前交番,131164,東京都,豊島区,南長崎１丁目,2020-06-17,11,駐車（輪）場,駐車（輪）場,30歳代,その他,施錠せず
窃盗,自転車盗,目白,椎名町駅前交番,131164,東京都,豊島区,南長崎１丁目,2020-08-07,19,４階建て以上共同住宅,駐車（輪）場,10歳代,中学生,施錠せず
窃盗,自転車盗,目白,椎名町駅前交番,131164,東京都,豊島区,南長崎１丁目,2020-10-02,08,駐車（輪）場,駐車（輪）場,10歳代,中学生,施錠せず
窃盗,自転車盗,目白,椎名町駅前交番,131164,東京都,豊島区,南長崎１丁目,2020-10-05,06,駐車（輪）場,駐車（輪）場,10歳代,中学生,施錠せず
窃盗,自転車盗,目白,椎名町駅前交番,131164,東京都,豊島区,南長崎１丁目,2020-10-19,06,駐車（輪）場,駐車（輪）場,10歳代,高校生,施錠せず
窃盗,自転車盗,目白,椎名町駅前交番,131164,東京都,豊島区,千早１丁目,2020-02-02,01,その他の住宅（３階建て以下共同住宅等）,駐車（輪）場,20歳代,その他,施錠せず
窃盗,自転車盗,目白,椎名町駅前交番,131164,東京都,豊島区,千早２丁目,2019-12-25,20,その他の住宅（３階建て以下共同住宅等）,駐車（輪）場,20歳代,その他,施錠せず
窃盗,自転車盗,目白,椎名町駅前交番,131164,東京都,豊島区,千早２丁目,2020-04-02,19,道路上,その他,50歳代,その他,施錠せず
窃盗,自転車盗,目白,椎名町駅前交番,131164,東京都,豊島区,千早２丁目,2020-08-09,13,その他の住宅（３階建て以下共同住宅等）,その他,20歳代,その他,施錠せず
窃盗,自転車盗,目白,南長崎交番,131164,東京都,豊島区,長崎２丁目,2020-03-08,14,道路上,その他,40歳代,その他,施錠せず
窃盗,自転車盗,目白,南長崎交番,131164,東京都,豊島区,長崎２丁目,2020-07-03,00,道路上,その他,40歳代,その他,施錠せず
窃盗,自転車盗,目白,南長崎交番,131164,東京都,豊島区,長崎２丁目,2020-11-06,01,その他,その他,50歳代,その他,施錠せず
窃盗,自転車盗,目白,南長崎交番,131164,東京都,豊島区,長崎３丁目,2020-01-21,21,一戸建住宅,駐車（輪）場,10歳代,中学生,施錠せず
窃盗,自転車盗,目白,南長崎交番,131164,東京都,豊島区,長崎３丁目,2020-09-01,12,４階建て以上共同住宅,駐車（輪）場,20歳代,大学生,施錠せず
窃盗,自転車盗,目白,南長崎交番,131164,東京都,豊島区,南長崎２丁目,2020-04-30,12,４階建て以上共同住宅,駐車（輪）場,40歳代,その他,施錠せず
窃盗,自転車盗,目白,南長崎交番,131164,東京都,豊島区,南長崎２丁目,2020-11-03,00,その他の住宅（３階建て以下共同住宅等）,その他,30歳代,その他,施錠せず
窃盗,自転車盗,目白,南長崎交番,131164,東京都,豊島区,南長崎２丁目,2020-11-10,23,その他の住宅（３階建て以下共同住宅等）,その他,10歳代,高校生,施錠せず
窃盗,自転車盗,目白,南長崎交番,131164,東京都,豊島区,南長崎２丁目,2020-11-11,23,４階建て以上共同住宅,その他,10歳代,高校生,施錠せず
窃盗,自転車盗,目白,南長崎交番,131164,東京都,豊島区,南長崎３丁目,2020-04-14,17,道路上,その他,65-69歳,その他,施錠せず
窃盗,自転車盗,目白,南長崎交番,131164,東京都,豊島区,南長崎３丁目,2020-04-28,19,道路上,その他,70歳以上,その他,施錠せず
窃盗,自転車盗,目白,南長崎交番,131164,東京都,豊島区,南長崎３丁目,2020-08-22,06,一戸建住宅,その他,10歳未満,小学生,施錠せず
窃盗,自転車盗,目白,南長崎交番,131164,東京都,豊島区,南長崎３丁目,2020-09-10,17,一戸建住宅,その他,10歳未満,小学生,施錠せず
窃盗,自転車盗,目白,南長崎交番,131164,東京都,豊島区,南長崎３丁目,2020-09-17,14,一戸建住宅,その他,10歳未満,小学生,施錠せず
窃盗,自転車盗,目白,南長崎交番,131164,東京都,豊島区,南長崎３丁目,2020-09-17,17,一戸建住宅,その他,70歳以上,その他,施錠せず
窃盗,自転車盗,目白,南長崎交番,131164,東京都,豊島区,南長崎３丁目,2020-09-19,10,一戸建住宅,駐車（輪）場,10歳未満,小学生,施錠せず
窃盗,自転車盗,目白,南長崎交番,131164,東京都,豊島区,南長崎３丁目,2020-09-23,15,一戸建住宅,駐車（輪）場,40歳代,その他,施錠せず
窃盗,自転車盗,目白,南長崎交番,131164,東京都,豊島区,南長崎３丁目,2020-11-07,10,その他の住宅（３階建て以下共同住宅等）,その他,10歳未満,小学生,施錠せず
窃盗,自転車盗,目白,東長崎駅前交番,131164,東京都,豊島区,要町３丁目,2020-02-17,08,駐車（輪）場,駐車（輪）場,30歳代,その他,施錠せず
窃盗,自転車盗,目白,東長崎駅前交番,131164,東京都,豊島区,長崎３丁目,2020-08-05,20,その他の住宅（３階建て以下共同住宅等）,その他,20歳代,その他,施錠せず
窃盗,自転車盗,目白,東長崎駅前交番,131164,東京都,豊島区,長崎４丁目,2020-04-18,18,一戸建住宅,駐車（輪）場,50歳代,その他,施錠せず
窃盗,自転車盗,目白,東長崎駅前交番,131164,東京都,豊島区,長崎４丁目,2020-08-28,05,その他の住宅（３階建て以下共同住宅等）,駐車（輪）場,10歳代,高校生,施錠せず
窃盗,自転車盗,目白,東長崎駅前交番,131164,東京都,豊島区,長崎４丁目,2020-09-08,17,その他の住宅（３階建て以下共同住宅等）,その他,40歳代,その他,施錠せず
窃盗,自転車盗,目白,東長崎駅前交番,131164,東京都,豊島区,長崎５丁目,2020-03-07,18,道路上,その他,20歳代,その他,施錠せず
窃盗,自転車盗,目白,東長崎駅前交番,131164,東京都,豊島区,長崎５丁目,2020-07-03,20,その他の住宅（３階建て以下共同住宅等）,その他,50歳代,その他,施錠せず
窃盗,自転車盗,目白,東長崎駅前交番,131164,東京都,豊島区,長崎５丁目,2020-07-13,17,その他の住宅（３階建て以下共同住宅等）,駐車（輪）場,30歳代,その他,施錠せず
窃盗,自転車盗,目白,東長崎駅前交番,131164,東京都,豊島区,長崎５丁目,2020-10-11,20,４階建て以上共同住宅,駐車（輪）場,50歳代,その他,施錠せず
窃盗,自転車盗,目白,東長崎駅前交番,131164,東京都,豊島区,長崎５丁目,2020-10-23,18,４階建て以上共同住宅,駐車（輪）場,70歳以上,その他,施錠せず
窃盗,自転車盗,目白,東長崎駅前交番,131164,東京都,豊島区,長崎５丁目,2020-11-09,20,その他,駐車（輪）場,50歳代,その他,施錠せず
窃盗,自転車盗,目白,東長崎駅前交番,131164,東京都,豊島区,長崎６丁目,2020-01-31,20,その他の住宅（３階建て以下共同住宅等）,駐車（輪）場,20歳代,その他,施錠せず
窃盗,自転車盗,目白,東長崎駅前交番,131164,東京都,豊島区,長崎６丁目,2020-11-06,03,道路上,その他,40歳代,その他,施錠せず
窃盗,自転車盗,目白,東長崎駅前交番,131164,東京都,豊島区,南長崎３丁目,2020-10-30,19,道路上,その他,30歳代,その他,施錠せず
窃盗,自転車盗,目白,東長崎駅前交番,131164,東京都,豊島区,南長崎４丁目,2020-03-13,08,道路上,その他,65-69歳,その他,施錠せず
窃盗,自転車盗,目白,東長崎駅前交番,131164,東京都,豊島区,南長崎４丁目,2020-10-23,17,道路上,その他,65-69歳,その他,施錠せず
窃盗,自転車盗,目白,東長崎駅前交番,131164,東京都,豊島区,南長崎４丁目,2020-10-24,12,一戸建住宅,その他,40歳代,その他,施錠せず
窃盗,自転車盗,目白,東長崎駅前交番,131164,東京都,豊島区,南長崎４丁目,2020-10-25,13,道路上,その他,10歳未満,小学生,施錠せず
窃盗,自転車盗,目白,東長崎駅前交番,131164,東京都,豊島区,南長崎４丁目,2020-11-05,08,道路上,その他,30歳代,その他,施錠せず
窃盗,自転車盗,目白,東長崎駅前交番,131164,東京都,豊島区,南長崎４丁目,2020-11-11,22,道路上,その他,20歳代,その他,施錠せず
窃盗,自転車盗,目白,東長崎駅前交番,131164,東京都,豊島区,南長崎５丁目,2020-01-23,21,その他の住宅（３階建て以下共同住宅等）,その他,50歳代,その他,施錠せず
窃盗,自転車盗,目白,東長崎駅前交番,131164,東京都,豊島区,南長崎５丁目,2020-03-10,17,その他,駐車（輪）場,10歳代,その他,施錠せず
窃盗,自転車盗,目白,東長崎駅前交番,131164,東京都,豊島区,南長崎５丁目,2020-05-10,21,その他,駐車（輪）場,20歳代,その他,施錠せず
窃盗,自転車盗,目白,東長崎駅前交番,131164,東京都,豊島区,南長崎５丁目,2020-05-25,12,４階建て以上共同住宅,駐車（輪）場,10歳代,小学生,施錠せず
窃盗,自転車盗,目白,東長崎駅前交番,131164,東京都,豊島区,南長崎５丁目,2020-07-08,19,その他の住宅（３階建て以下共同住宅等）,駐車（輪）場,10歳代,中学生,施錠せず
窃盗,自転車盗,目白,東長崎駅前交番,131164,東京都,豊島区,南長崎５丁目,2020-10-29,22,４階建て以上共同住宅,駐車（輪）場,40歳代,その他,施錠せず
窃盗,自転車盗,目白,東長崎駅前交番,131164,東京都,豊島区,南長崎６丁目,2020-01-17,15,その他,その他,10歳代,中学生,施錠せず
窃盗,自転車盗,目白,東長崎駅前交番,131164,東京都,豊島区,南長崎６丁目,2020-05-16,15,４階建て以上共同住宅,駐車（輪）場,20歳代,その他,施錠せず
窃盗,自転車盗,目白,東長崎駅前交番,131164,東京都,豊島区,南長崎６丁目,2020-09-15,14,４階建て以上共同住宅,駐車（輪）場,40歳代,その他,施錠せず
窃盗,自転車盗,目白,東長崎駅前交番,131164,東京都,豊島区,南長崎６丁目,2020-09-27,18,一戸建住宅,その他,10歳代,高校生,施錠せず
窃盗,自転車盗,目白,要町交番,131164,東京都,豊島区,要町１丁目,2020-01-20,17,その他,その他,10歳代,高校生,施錠せず
窃盗,自転車盗,目白,要町交番,131164,東京都,豊島区,要町１丁目,2020-02-06,16,その他の住宅（３階建て以下共同住宅等）,その他,20歳代,その他,施錠せず
窃盗,自転車盗,目白,要町交番,131164,東京都,豊島区,要町１丁目,2020-02-14,16,道路上,その他,法人・団体、被害者なし,法人・団体、被害者なし,施錠せず
窃盗,自転車盗,目白,要町交番,131164,東京都,豊島区,要町１丁目,2020-02-29,20,道路上,その他,30歳代,その他,施錠せず
窃盗,自転車盗,目白,要町交番,131164,東京都,豊島区,要町１丁目,2020-03-07,23,４階建て以上共同住宅,その他,40歳代,その他,施錠せず
窃盗,自転車盗,目白,要町交番,131164,東京都,豊島区,要町１丁目,2020-03-09,19,道路上,その他,20歳代,その他,施錠せず
窃盗,自転車盗,目白,要町交番,131164,東京都,豊島区,要町１丁目,2020-03-21,20,道路上,その他,20歳代,その他,施錠せず
窃盗,自転車盗,目白,要町交番,131164,東京都,豊島区,要町１丁目,2020-03-22,13,その他,駐車（輪）場,20歳代,その他,施錠せず
窃盗,自転車盗,目白,要町交番,131164,東京都,豊島区,要町１丁目,2020-04-02,12,その他,その他,50歳代,その他,施錠せず
窃盗,自転車盗,目白,要町交番,131164,東京都,豊島区,要町１丁目,2020-04-07,10,駐車（輪）場,駐車（輪）場,30歳代,その他,施錠せず
窃盗,自転車盗,目白,要町交番,131164,東京都,豊島区,要町１丁目,2020-09-05,10,道路上,その他,70歳以上,その他,施錠せず
窃盗,自転車盗,目白,要町交番,131164,東京都,豊島区,要町１丁目,2020-09-19,12,駐車（輪）場,駐車（輪）場,20歳代,大学生,施錠せず
窃盗,自転車盗,目白,要町交番,131164,東京都,豊島区,要町１丁目,2020-09-27,04,駐車（輪）場,駐車（輪）場,20歳代,その他,施錠せず
窃盗,自転車盗,目白,要町交番,131164,東京都,豊島区,要町１丁目,2020-10-19,06,駐車（輪）場,駐車（輪）場,30歳代,その他,施錠せず
窃盗,自転車盗,目白,要町交番,131164,東京都,豊島区,要町１丁目,2020-11-03,21,その他の住宅（３階建て以下共同住宅等）,その他,20歳代,その他,施錠せず
窃盗,自転車盗,目白,要町交番,131164,東京都,豊島区,高松１丁目,2020-09-11,22,道路上,その他,65-69歳,その他,施錠せず
窃盗,自転車盗,目白,要町交番,131164,東京都,豊島区,高松２丁目,2019-12-27,20,一戸建住宅,その他,40歳代,その他,施錠せず
窃盗,自転車盗,目白,要町交番,131164,東京都,豊島区,高松２丁目,2020-11-02,15,道路上,その他,10歳代,小学生,施錠せず
窃盗,自転車盗,目白,要町交番,131164,東京都,豊島区,高松３丁目,2019-12-31,19,その他の住宅（３階建て以下共同住宅等）,駐車（輪）場,65-69歳,その他,施錠せず
窃盗,自転車盗,目白,要町交番,131164,東京都,豊島区,高松３丁目,2020-03-25,17,一戸建住宅,駐車（輪）場,40歳代,その他,施錠せず
窃盗,自転車盗,目白,要町交番,131164,東京都,豊島区,高松３丁目,2020-05-20,22,その他,その他,30歳代,その他,施錠せず
窃盗,自転車盗,目白,要町交番,131164,東京都,豊島区,西池袋５丁目,2020-01-14,08,道路上,その他,20歳代,その他,施錠せず
窃盗,自転車盗,目白,要町交番,131164,東京都,豊島区,西池袋５丁目,2020-04-05,18,４階建て以上共同住宅,駐車（輪）場,20歳代,大学生,施錠せず
窃盗,自転車盗,目白,要町交番,131164,東京都,豊島区,西池袋５丁目,2020-09-08,20,一戸建住宅,その他,65-69歳,その他,施錠せず
窃盗,自転車盗,目白,要町交番,131164,東京都,豊島区,千早１丁目,2020-02-27,12,その他の住宅（３階建て以下共同住宅等）,その他,20歳代,その他,施錠せず
窃盗,自転車盗,目白,要町交番,131164,東京都,豊島区,千早１丁目,2020-06-25,17,道路上,その他,50歳代,その他,施錠せず
窃盗,自転車盗,目白,要町交番,131164,東京都,豊島区,千早２丁目,2020-05-14,19,道路上,その他,10歳代,中学生,施錠せず
窃盗,自転車盗,目白,千川交番,131164,東京都,豊島区,要町１丁目,2020-06-06,18,一戸建住宅,その他,10歳代,高校生,施錠せず
窃盗,自転車盗,目白,千川交番,131164,東京都,豊島区,要町２丁目,2020-01-24,23,４階建て以上共同住宅,その他,40歳代,その他,施錠せず
窃盗,自転車盗,目白,千川交番,131164,東京都,豊島区,要町２丁目,2020-02-29,16,その他の住宅（３階建て以下共同住宅等）,その他,30歳代,その他,施錠せず
窃盗,自転車盗,目白,千川交番,131164,東京都,豊島区,要町３丁目,2020-01-11,12,駐車（輪）場,駐車（輪）場,20歳代,その他,施錠せず
窃盗,自転車盗,目白,千川交番,131164,東京都,豊島区,要町３丁目,2020-01-14,08,駐車（輪）場,駐車（輪）場,70歳以上,大学生,施錠せず
窃盗,自転車盗,目白,千川交番,131164,東京都,豊島区,要町３丁目,2020-01-18,18,駐車（輪）場,駐車（輪）場,30歳代,その他,施錠せず
窃盗,自転車盗,目白,千川交番,131164,東京都,豊島区,要町３丁目,2020-05-30,14,道路上,その他,20歳代,大学生,施錠せず
窃盗,自転車盗,目白,千川交番,131164,東京都,豊島区,要町３丁目,2020-06-12,07,駐車（輪）場,駐車（輪）場,30歳代,その他,施錠せず
窃盗,自転車盗,目白,千川交番,131164,東京都,豊島区,要町３丁目,2020-06-19,06,駐車（輪）場,駐車（輪）場,20歳代,その他,施錠せず
窃盗,自転車盗,目白,千川交番,131164,東京都,豊島区,要町３丁目,2020-06-27,07,駐車（輪）場,駐車（輪）場,50歳代,その他,施錠せず
窃盗,自転車盗,目白,千川交番,131164,東京都,豊島区,要町３丁目,2020-06-29,00,道路上,その他,20歳代,その他,施錠せず
窃盗,自転車盗,目白,千川交番,131164,東京都,豊島区,要町３丁目,2020-08-07,05,その他,その他,50歳代,その他,施錠せず
窃盗,自転車盗,目白,千川交番,131164,東京都,豊島区,要町３丁目,2020-08-29,21,道路上,その他,20歳代,その他,施錠せず
窃盗,自転車盗,目白,千川交番,131164,東京都,豊島区,要町３丁目,2020-09-07,07,駐車（輪）場,駐車（輪）場,20歳代,その他,施錠せず
窃盗,自転車盗,目白,千川交番,131164,東京都,豊島区,高松３丁目,2020-08-12,19,その他,駐車（輪）場,30歳代,その他,施錠せず
窃盗,自転車盗,目白,千川交番,131164,東京都,豊島区,高松３丁目,2020-10-10,17,４階建て以上共同住宅,駐車（輪）場,10歳代,中学生,施錠せず
窃盗,自転車盗,目白,千川交番,131164,東京都,豊島区,千川１丁目,2020-03-17,19,４階建て以上共同住宅,駐車（輪）場,50歳代,その他,施錠せず
窃盗,自転車盗,目白,千川交番,131164,東京都,豊島区,千川１丁目,2020-03-20,10,駐車（輪）場,駐車（輪）場,10歳代,高校生,施錠せず
窃盗,自転車盗,目白,千川交番,131164,東京都,豊島区,千川１丁目,2020-04-17,09,その他の住宅（３階建て以下共同住宅等）,その他,10歳代,中学生,施錠せず
窃盗,自転車盗,目白,千川交番,131164,東京都,豊島区,千川２丁目,2020-10-14,17,その他の住宅（３階建て以下共同住宅等）,駐車（輪）場,20歳代,その他,施錠せず
窃盗,自転車盗,目白,千川交番,131164,東京都,豊島区,千早２丁目,2020-10-02,19,その他の住宅（３階建て以下共同住宅等）,駐車（輪）場,40歳代,その他,施錠せず
窃盗,自転車盗,目白,千川交番,131164,東京都,豊島区,千早２丁目,2020-10-03,00,４階建て以上共同住宅,駐車（輪）場,20歳代,その他,施錠せず
窃盗,自転車盗,目白,千川交番,131164,東京都,豊島区,千早３丁目,2020-03-28,18,道路上,その他,50歳代,その他,施錠せず
窃盗,自転車盗,目白,千川交番,131164,東京都,豊島区,千早４丁目,2020-04-26,12,その他の住宅（３階建て以下共同住宅等）,駐車（輪）場,70歳以上,その他,施錠せず
窃盗,自転車盗,目白,千川交番,131164,東京都,豊島区,千早４丁目,2020-10-24,00,その他の住宅（３階建て以下共同住宅等）,その他,40歳代,その他,施錠せず
窃盗,自転車盗,目白,千登世橋交番,131164,東京都,豊島区,雑司が谷２丁目,2020-02-11,14,駐車（輪）場,駐車（輪）場,20歳代,その他,施錠せず
窃盗,自転車盗,目白,千登世橋交番,131164,東京都,豊島区,雑司が谷２丁目,2020-09-04,12,その他,駐車（輪）場,法人・団体、被害者なし,法人・団体、被害者なし,施錠せず
窃盗,自転車盗,目白,千登世橋交番,131164,東京都,豊島区,雑司が谷２丁目,2020-10-03,12,一戸建住宅,その他,40歳代,その他,施錠せず
窃盗,自転車盗,目白,千登世橋交番,131164,東京都,豊島区,雑司が谷３丁目,2020-02-24,13,その他の住宅（３階建て以下共同住宅等）,その他,30歳代,その他,施錠せず
窃盗,自転車盗,目白,千登世橋交番,131164,東京都,豊島区,高田１丁目,2020-10-29,08,一戸建住宅,駐車（輪）場,50歳代,その他,施錠せず
窃盗,自転車盗,目白,千登世橋交番,131164,東京都,豊島区,高田２丁目,2020-09-03,12,４階建て以上共同住宅,その他,20歳代,大学生,施錠せず
窃盗,自転車盗,目白,千登世橋交番,131164,東京都,豊島区,高田３丁目,2019-12-23,16,４階建て以上共同住宅,その他,40歳代,その他,施錠せず
窃盗,自転車盗,目白,千登世橋交番,131164,東京都,豊島区,高田３丁目,2020-09-10,18,４階建て以上共同住宅,駐車（輪）場,10歳代,大学生,施錠せず
窃盗,自転車盗,目白,千登世橋交番,131164,東京都,豊島区,高田３丁目,2020-09-20,06,道路上,その他,30歳代,その他,施錠せず
窃盗,自転車盗,目白,千登世橋交番,131164,東京都,豊島区,目白２丁目,2020-10-29,10,４階建て以上共同住宅,駐車（輪）場,40歳代,その他,施錠せず
窃盗,自転車盗,滝野川,板橋駅東口交番,131172,東京都,北区,滝野川１丁目,2020-06-15,19,４階建て以上共同住宅,その他,30歳代,その他,施錠せず
窃盗,自転車盗,滝野川,板橋駅東口交番,131172,東京都,北区,滝野川３丁目,2020-01-22,10,一戸建住宅,その他,10歳代,中学生,施錠せず
窃盗,自転車盗,滝野川,板橋駅東口交番,131172,東京都,北区,滝野川６丁目,2020-01-24,10,その他の住宅（３階建て以下共同住宅等）,その他,60-64歳,その他,施錠せず
窃盗,自転車盗,滝野川,板橋駅東口交番,131172,東京都,北区,滝野川６丁目,2020-01-26,20,道路上,その他,40歳代,その他,施錠せず
窃盗,自転車盗,滝野川,板橋駅東口交番,131172,東京都,北区,滝野川６丁目,2020-03-14,01,道路上,その他,50歳代,その他,施錠せず
窃盗,自転車盗,滝野川,板橋駅東口交番,131172,東京都,北区,滝野川６丁目,2020-04-01,17,道路上,その他,20歳代,大学生,施錠せず
窃盗,自転車盗,滝野川,板橋駅東口交番,131172,東京都,北区,滝野川６丁目,2020-05-03,22,その他,その他,20歳代,大学生,施錠せず
窃盗,自転車盗,滝野川,板橋駅東口交番,131172,東京都,北区,滝野川６丁目,2020-10-30,18,４階建て以上共同住宅,その他,20歳代,その他,施錠せず
窃盗,自転車盗,滝野川,板橋駅東口交番,131172,東京都,北区,滝野川７丁目,2019-12-27,13,道路上,その他,10歳代,高校生,施錠せず
窃盗,自転車盗,滝野川,板橋駅東口交番,131172,東京都,北区,滝野川７丁目,2020-01-09,20,道路上,その他,30歳代,その他,施錠せず
窃盗,自転車盗,滝野川,板橋駅東口交番,131172,東京都,北区,滝野川７丁目,2020-03-26,18,４階建て以上共同住宅,その他,30歳代,その他,施錠せず
窃盗,自転車盗,滝野川,板橋駅東口交番,131172,東京都,北区,滝野川７丁目,2020-04-02,00,一戸建住宅,その他,60-64歳,その他,施錠せず
窃盗,自転車盗,滝野川,板橋駅東口交番,131172,東京都,北区,滝野川７丁目,2020-06-14,18,４階建て以上共同住宅,駐車（輪）場,20歳代,その他,施錠せず
窃盗,自転車盗,滝野川,板橋駅東口交番,131172,東京都,北区,滝野川７丁目,2020-07-03,07,駐車（輪）場,駐車（輪）場,50歳代,その他,施錠せず
窃盗,自転車盗,滝野川,板橋駅東口交番,131172,東京都,北区,滝野川７丁目,2020-07-20,17,４階建て以上共同住宅,駐車（輪）場,65-69歳,その他,施錠せず
窃盗,自転車盗,滝野川,板橋駅東口交番,131172,東京都,北区,滝野川７丁目,2020-07-30,14,４階建て以上共同住宅,その他,40歳代,その他,施錠せず
窃盗,自転車盗,滝野川,飛鳥山交番,131172,東京都,北区,滝野川１丁目,2020-08-07,15,一戸建住宅,その他,20歳代,その他,施錠せず
窃盗,自転車盗,滝野川,飛鳥山交番,131172,東京都,北区,滝野川１丁目,2020-08-18,18,４階建て以上共同住宅,その他,10歳代,中学生,施錠せず
窃盗,自転車盗,滝野川,飛鳥山交番,131172,東京都,北区,滝野川１丁目,2020-12-12,19,４階建て以上共同住宅,駐車（輪）場,20歳代,その他,施錠せず
窃盗,自転車盗,滝野川,飛鳥山交番,131172,東京都,北区,滝野川２丁目,2020-03-21,01,４階建て以上共同住宅,駐車（輪）場,30歳代,その他,施錠せず
窃盗,自転車盗,滝野川,飛鳥山交番,131172,東京都,北区,滝野川２丁目,2020-09-10,14,道路上,その他,40歳代,その他,施錠せず
窃盗,自転車盗,滝野川,飛鳥山交番,131172,東京都,北区,滝野川２丁目,2020-11-01,18,一戸建住宅,駐車（輪）場,10歳代,中学生,施錠せず
窃盗,自転車盗,滝野川,滝野川一丁目交番,131172,東京都,北区,滝野川１丁目,2020-02-16,20,その他の住宅（３階建て以下共同住宅等）,その他,70歳以上,その他,施錠せず
窃盗,自転車盗,滝野川,滝野川一丁目交番,131172,東京都,北区,滝野川１丁目,2020-08-05,22,その他の住宅（３階建て以下共同住宅等）,その他,20歳代,その他,施錠せず
窃盗,自転車盗,滝野川,滝野川一丁目交番,131172,東京都,北区,滝野川１丁目,2020-12-25,08,その他,駐車（輪）場,50歳代,その他,施錠せず
窃盗,自転車盗,滝野川,滝野川一丁目交番,131172,東京都,北区,滝野川２丁目,2020-09-17,19,道路上,その他,50歳代,その他,施錠せず
窃盗,自転車盗,滝野川,滝野川一丁目交番,131172,東京都,北区,滝野川３丁目,2020-01-15,20,駐車（輪）場,駐車（輪）場,20歳代,その他,施錠せず
窃盗,自転車盗,滝野川,滝野川一丁目交番,131172,東京都,北区,滝野川３丁目,2020-02-10,16,一戸建住宅,その他,50歳代,その他,施錠せず
窃盗,自転車盗,滝野川,滝野川一丁目交番,131172,東京都,北区,滝野川３丁目,2020-03-03,16,４階建て以上共同住宅,駐車（輪）場,70歳以上,その他,施錠せず
窃盗,自転車盗,滝野川,滝野川一丁目交番,131172,東京都,北区,滝野川３丁目,2020-09-05,16,その他の住宅（３階建て以下共同住宅等）,駐車（輪）場,20歳代,大学生,施錠せず
窃盗,自転車盗,滝野川,滝野川一丁目交番,131172,東京都,北区,滝野川３丁目,2020-11-11,21,駐車（輪）場,駐車（輪）場,20歳代,その他,施錠せず
窃盗,自転車盗,滝野川,滝野川一丁目交番,131172,東京都,北区,滝野川３丁目,2020-11-21,20,一戸建住宅,その他,10歳代,高校生,施錠せず
窃盗,自転車盗,滝野川,西ケ原交番,131172,東京都,北区,上中里１丁目,2020-06-04,05,駐車（輪）場,駐車（輪）場,20歳代,その他,施錠せず
窃盗,自転車盗,滝野川,西ケ原交番,131172,東京都,北区,上中里１丁目,2020-10-13,21,一戸建住宅,その他,20歳代,大学生,施錠せず
窃盗,自転車盗,滝野川,西ケ原交番,131172,東京都,北区,西ケ原１丁目,2020-03-21,17,その他,駐車（輪）場,40歳代,その他,施錠せず
窃盗,自転車盗,滝野川,西ケ原交番,131172,東京都,北区,西ケ原１丁目,2020-04-25,20,一戸建住宅,その他,40歳代,その他,施錠せず
窃盗,自転車盗,滝野川,西ケ原交番,131172,東京都,北区,西ケ原４丁目,2020-07-25,16,４階建て以上共同住宅,駐車（輪）場,20歳代,その他,施錠せず
窃盗,自転車盗,滝野川,谷戸駐在所,131172,東京都,北区,西ケ原３丁目,2020-08-10,10,道路上,その他,10歳代,中学生,施錠せず
窃盗,自転車盗,滝野川,田端高台交番,131172,東京都,北区,田端１丁目,2020-03-13,18,その他の住宅（３階建て以下共同住宅等）,駐車（輪）場,30歳代,その他,施錠せず
窃盗,自転車盗,滝野川,田端高台交番,131172,東京都,北区,田端１丁目,2020-09-15,16,４階建て以上共同住宅,駐車（輪）場,10歳代,高校生,施錠せず
窃盗,自転車盗,滝野川,田端高台交番,131172,東京都,北区,田端３丁目,2020-03-01,16,駐車（輪）場,駐車（輪）場,10歳未満,小学生,施錠せず
窃盗,自転車盗,滝野川,田端高台交番,131172,東京都,北区,田端５丁目,2020-06-12,17,その他の住宅（３階建て以下共同住宅等）,駐車（輪）場,20歳代,その他,施錠せず
窃盗,自転車盗,滝野川,中里交番,131172,東京都,北区,上中里３丁目,2020-07-04,13,４階建て以上共同住宅,駐車（輪）場,40歳代,その他,施錠せず
窃盗,自転車盗,滝野川,中里交番,131172,東京都,北区,中里１丁目,2020-11-10,09,駐車（輪）場,駐車（輪）場,10歳代,小学生,施錠せず
窃盗,自転車盗,滝野川,中里交番,131172,東京都,北区,中里２丁目,2020-02-11,14,駐車（輪）場,駐車（輪）場,50歳代,その他,施錠せず
窃盗,自転車盗,滝野川,中里交番,131172,東京都,北区,中里２丁目,2020-08-29,20,道路上,その他,30歳代,その他,施錠せず
窃盗,自転車盗,滝野川,尾久駅前交番,131172,東京都,北区,上中里２丁目,2019-09-20,18,一戸建住宅,駐車（輪）場,65-69歳,その他,施錠せず
窃盗,自転車盗,滝野川,尾久駅前交番,131172,東京都,北区,上中里２丁目,2020-06-12,14,その他の住宅（３階建て以下共同住宅等）,その他,65-69歳,その他,施錠せず
窃盗,自転車盗,滝野川,尾久駅前交番,131172,東京都,北区,上中里２丁目,2020-10-25,01,一戸建住宅,その他,10歳代,高校生,施錠せず
窃盗,自転車盗,滝野川,尾久駅前交番,131172,東京都,北区,上中里３丁目,2020-01-30,22,道路上,その他,50歳代,その他,施錠せず
窃盗,自転車盗,滝野川,尾久駅前交番,131172,東京都,北区,栄町,2020-06-18,17,一戸建住宅,その他,50歳代,その他,施錠せず
窃盗,自転車盗,滝野川,尾久駅前交番,131172,東京都,北区,昭和町１丁目,2020-09-16,20,４階建て以上共同住宅,駐車（輪）場,20歳代,その他,施錠せず
窃盗,自転車盗,滝野川,尾久駅前交番,131172,東京都,北区,昭和町３丁目,2020-11-17,18,一戸建住宅,その他,40歳代,その他,施錠せず
窃盗,自転車盗,滝野川,尾久駅前交番,131172,東京都,北区,東田端１丁目,2020-10-08,07,駐車（輪）場,駐車（輪）場,40歳代,その他,施錠せず
窃盗,自転車盗,滝野川,東田端交番,131172,東京都,北区,田端新町１丁目,2020-07-31,17,その他,駐車（輪）場,20歳代,その他,施錠せず
窃盗,自転車盗,滝野川,東田端交番,131172,東京都,北区,田端新町２丁目,2020-02-26,06,道路上,その他,40歳代,その他,施錠せず
窃盗,自転車盗,滝野川,東田端交番,131172,東京都,北区,田端新町２丁目,2020-03-18,20,道路上,その他,10歳代,高校生,施錠せず
窃盗,自転車盗,滝野川,東田端交番,131172,東京都,北区,東田端１丁目,2019-12-11,09,駐車（輪）場,駐車（輪）場,10歳代,その他,施錠せず
窃盗,自転車盗,滝野川,東田端交番,131172,東京都,北区,東田端１丁目,2020-02-05,08,４階建て以上共同住宅,駐車（輪）場,40歳代,その他,施錠せず
窃盗,自転車盗,滝野川,東田端交番,131172,東京都,北区,東田端１丁目,2020-07-27,05,一戸建住宅,その他,60-64歳,その他,施錠せず
窃盗,自転車盗,滝野川,東田端交番,131172,東京都,北区,東田端２丁目,2019-12-17,08,駐車（輪）場,駐車（輪）場,40歳代,その他,施錠せず
窃盗,自転車盗,滝野川,東田端交番,131172,東京都,北区,東田端２丁目,2020-01-23,06,駐車（輪）場,駐車（輪）場,40歳代,その他,施錠せず
窃盗,自転車盗,滝野川,東田端交番,131172,東京都,北区,東田端２丁目,2020-01-25,12,４階建て以上共同住宅,駐車（輪）場,20歳代,その他,施錠せず
窃盗,自転車盗,滝野川,東田端交番,131172,東京都,北区,東田端２丁目,2020-03-25,17,道路上,その他,70歳以上,その他,施錠せず
窃盗,自転車盗,滝野川,東田端交番,131172,東京都,北区,東田端２丁目,2020-05-03,15,４階建て以上共同住宅,駐車（輪）場,20歳代,その他,施錠せず
窃盗,自転車盗,滝野川,東田端交番,131172,東京都,北区,東田端２丁目,2020-06-07,18,駐車（輪）場,駐車（輪）場,20歳代,その他,施錠せず
窃盗,自転車盗,滝野川,東田端交番,131172,東京都,北区,東田端２丁目,2020-06-27,07,駐車（輪）場,駐車（輪）場,10歳代,高校生,施錠せず
窃盗,自転車盗,滝野川,東田端交番,131172,東京都,北区,東田端２丁目,2020-06-30,06,駐車（輪）場,駐車（輪）場,10歳代,大学生,施錠せず
窃盗,自転車盗,滝野川,東田端交番,131172,東京都,北区,東田端２丁目,2020-08-18,08,駐車（輪）場,駐車（輪）場,10歳代,高校生,施錠せず
窃盗,自転車盗,滝野川,東田端交番,131172,東京都,北区,東田端２丁目,2020-08-30,06,駐車（輪）場,駐車（輪）場,10歳代,高校生,施錠せず
窃盗,自転車盗,滝野川,東田端交番,131172,東京都,北区,東田端２丁目,2020-09-30,07,駐車（輪）場,駐車（輪）場,10歳代,高校生,施錠せず
窃盗,自転車盗,滝野川,東田端交番,131172,東京都,北区,東田端２丁目,2020-11-16,07,駐車（輪）場,駐車（輪）場,10歳代,高校生,施錠せず
窃盗,自転車盗,滝野川,東田端交番,131172,東京都,北区,東田端２丁目,2020-12-22,23,駐車（輪）場,駐車（輪）場,20歳代,大学生,施錠せず
窃盗,自転車盗,王子,王子駅前交番,131172,東京都,北区,王子１丁目,2020-02-03,16,駐車（輪）場,駐車（輪）場,10歳代,大学生,施錠せず
窃盗,自転車盗,王子,王子駅前交番,131172,東京都,北区,王子１丁目,2020-02-11,16,道路上,その他,50歳代,その他,施錠せず
窃盗,自転車盗,王子,王子駅前交番,131172,東京都,北区,王子１丁目,2020-04-25,15,その他,駐車（輪）場,10歳代,小学生,施錠せず
窃盗,自転車盗,王子,王子駅前交番,131172,東京都,北区,王子１丁目,2020-05-25,10,道路上,その他,10歳代,高校生,施錠せず
窃盗,自転車盗,王子,王子駅前交番,131172,東京都,北区,王子１丁目,2020-06-13,22,道路上,その他,50歳代,その他,施錠せず
窃盗,自転車盗,王子,王子駅前交番,131172,東京都,北区,王子１丁目,2020-08-21,16,道路上,その他,10歳代,中学生,施錠せず
窃盗,自転車盗,王子,王子駅前交番,131172,東京都,北区,王子１丁目,2020-08-29,15,道路上,その他,65-69歳,その他,施錠せず
窃盗,自転車盗,王子,王子駅前交番,131172,東京都,北区,王子１丁目,2020-11-11,11,道路上,その他,30歳代,その他,施錠せず
窃盗,自転車盗,王子,王子駅前交番,131172,東京都,北区,王子１丁目,2020-12-17,07,駐車（輪）場,駐車（輪）場,30歳代,その他,施錠せず
窃盗,自転車盗,王子,王子駅前交番,131172,東京都,北区,王子２丁目,2019-11-30,02,道路上,その他,50歳代,その他,施錠せず
窃盗,自転車盗,王子,王子駅前交番,131172,東京都,北区,王子２丁目,2020-01-04,16,道路上,その他,40歳代,その他,施錠せず
窃盗,自転車盗,王子,王子駅前交番,131172,東京都,北区,王子２丁目,2020-02-12,00,一戸建住宅,駐車（輪）場,50歳代,その他,施錠せず
窃盗,自転車盗,王子,王子駅前交番,131172,東京都,北区,王子２丁目,2020-03-10,08,道路上,その他,10歳代,その他,施錠せず
窃盗,自転車盗,王子,王子駅前交番,131172,東京都,北区,王子２丁目,2020-08-23,16,一戸建住宅,駐車（輪）場,20歳代,大学生,施錠せず
窃盗,自転車盗,王子,王子駅前交番,131172,東京都,北区,王子２丁目,2020-09-06,11,４階建て以上共同住宅,駐車（輪）場,10歳代,小学生,施錠せず
窃盗,自転車盗,王子,王子駅前交番,131172,東京都,北区,王子２丁目,2020-12-14,21,４階建て以上共同住宅,駐車（輪）場,10歳代,高校生,施錠せず
窃盗,自転車盗,王子,王子駅前交番,131172,東京都,北区,王子３丁目,2020-09-19,02,駐車（輪）場,駐車（輪）場,50歳代,その他,施錠せず
窃盗,自転車盗,王子,王子駅前交番,131172,東京都,北区,豊島１丁目,2020-02-21,20,道路上,その他,50歳代,その他,施錠せず
窃盗,自転車盗,王子,王子駅前交番,131172,東京都,北区,豊島１丁目,2020-06-10,22,道路上,その他,70歳以上,その他,施錠せず
窃盗,自転車盗,王子,王子駅前交番,131172,東京都,北区,豊島２丁目,2020-05-01,17,４階建て以上共同住宅,駐車（輪）場,20歳代,その他,施錠せず
窃盗,自転車盗,王子,王子駅前交番,131172,東京都,北区,豊島２丁目,2020-08-07,16,一戸建住宅,その他,50歳代,その他,施錠せず
窃盗,自転車盗,王子,王子駅前交番,131172,東京都,北区,豊島２丁目,2020-10-04,08,４階建て以上共同住宅,その他,20歳代,その他,施錠せず
窃盗,自転車盗,王子,王子駅前交番,131172,東京都,北区,豊島５丁目,2020-01-31,14,４階建て以上共同住宅,その他,法人・団体、被害者なし,法人・団体、被害者なし,施錠せず
窃盗,自転車盗,王子,王子駅前交番,131172,東京都,北区,堀船１丁目,2020-08-24,19,４階建て以上共同住宅,駐車（輪）場,10歳代,高校生,施錠せず
窃盗,自転車盗,王子,王子駅前交番,131172,東京都,北区,堀船２丁目,2017-08-01,00,その他,駐車（輪）場,法人・団体、被害者なし,法人・団体、被害者なし,施錠せず
窃盗,自転車盗,王子,王子駅前交番,131172,東京都,北区,堀船２丁目,2020-03-13,21,４階建て以上共同住宅,その他,10歳代,中学生,施錠せず
窃盗,自転車盗,王子,王子駅前交番,131172,東京都,北区,堀船２丁目,2020-06-12,18,４階建て以上共同住宅,その他,20歳代,その他,施錠せず
窃盗,自転車盗,王子,王子駅前交番,131172,東京都,北区,堀船３丁目,2019-12-03,16,道路上,その他,20歳代,その他,施錠せず
窃盗,自転車盗,王子,王子駅前交番,131172,東京都,北区,堀船３丁目,2020-07-20,06,一戸建住宅,駐車（輪）場,20歳代,大学生,施錠せず
窃盗,自転車盗,王子,王子駅前交番,131172,東京都,北区,堀船３丁目,2020-08-22,08,駐車（輪）場,駐車（輪）場,10歳代,中学生,施錠せず
窃盗,自転車盗,王子,王子駅前交番,131172,東京都,北区,堀船３丁目,2020-09-17,12,道路上,その他,10歳代,その他,施錠せず
窃盗,自転車盗,王子,豊島五丁目駐在所,131172,東京都,北区,王子５丁目,2020-02-23,17,４階建て以上共同住宅,駐車（輪）場,10歳代,大学生,施錠せず
窃盗,自転車盗,王子,豊島五丁目駐在所,131172,東京都,北区,豊島５丁目,2020-03-12,13,その他,その他,20歳代,その他,施錠せず
窃盗,自転車盗,王子,豊島五丁目駐在所,131172,東京都,北区,豊島５丁目,2020-04-29,18,４階建て以上共同住宅,駐車（輪）場,10歳代,小学生,施錠せず
窃盗,自転車盗,王子,豊島五丁目駐在所,131172,東京都,北区,豊島５丁目,2020-10-26,10,４階建て以上共同住宅,駐車（輪）場,70歳以上,その他,施錠せず
窃盗,自転車盗,王子,豊島五丁目駐在所,131172,東京都,北区,豊島７丁目,2020-08-23,22,４階建て以上共同住宅,駐車（輪）場,10歳未満,小学生,施錠せず
窃盗,自転車盗,王子,王子五丁目交番,131172,東京都,北区,王子５丁目,2020-01-17,18,４階建て以上共同住宅,駐車（輪）場,10歳代,小学生,施錠せず
窃盗,自転車盗,王子,王子五丁目交番,131172,東京都,北区,王子５丁目,2020-03-05,07,道路上,その他,70歳以上,その他,施錠せず
窃盗,自転車盗,王子,王子五丁目交番,131172,東京都,北区,豊島３丁目,2020-02-25,08,その他,駐車（輪）場,20歳代,その他,施錠せず
窃盗,自転車盗,王子,王子五丁目交番,131172,東京都,北区,豊島３丁目,2020-05-16,07,その他,駐車（輪）場,50歳代,その他,施錠せず
窃盗,自転車盗,王子,王子五丁目交番,131172,東京都,北区,豊島３丁目,2020-06-08,08,４階建て以上共同住宅,駐車（輪）場,30歳代,その他,施錠せず
窃盗,自転車盗,王子,王子五丁目交番,131172,東京都,北区,豊島３丁目,2020-07-11,08,その他,駐車（輪）場,30歳代,その他,施錠せず
窃盗,自転車盗,王子,王子五丁目交番,131172,東京都,北区,豊島４丁目,2019-12-17,03,道路上,その他,50歳代,その他,施錠せず
窃盗,自転車盗,王子,王子五丁目交番,131172,東京都,北区,豊島４丁目,2020-02-04,19,その他,駐車（輪）場,30歳代,その他,施錠せず
窃盗,自転車盗,王子,王子五丁目交番,131172,東京都,北区,豊島４丁目,2020-03-07,12,４階建て以上共同住宅,駐車（輪）場,10歳代,高校生,施錠せず
窃盗,自転車盗,王子,王子五丁目交番,131172,東京都,北区,豊島４丁目,2020-03-07,13,４階建て以上共同住宅,駐車（輪）場,70歳以上,その他,施錠せず
窃盗,自転車盗,王子,王子五丁目交番,131172,東京都,北区,豊島４丁目,2020-10-13,19,その他,駐車（輪）場,20歳代,その他,施錠せず
窃盗,自転車盗,王子,王子五丁目交番,131172,東京都,北区,豊島５丁目,2020-10-05,06,４階建て以上共同住宅,駐車（輪）場,50歳代,その他,施錠せず
窃盗,自転車盗,王子,王子五丁目交番,131172,東京都,北区,豊島７丁目,2020-01-23,20,４階建て以上共同住宅,駐車（輪）場,60-64歳,その他,施錠せず
窃盗,自転車盗,王子,王子五丁目交番,131172,東京都,北区,豊島７丁目,2020-07-07,06,４階建て以上共同住宅,駐車（輪）場,20歳代,大学生,施錠せず
窃盗,自転車盗,王子,王子五丁目交番,131172,東京都,北区,豊島８丁目,2020-01-18,16,その他,駐車（輪）場,30歳代,その他,施錠せず
窃盗,自転車盗,王子,東十条交番,131172,東京都,北区,王子３丁目,2020-08-21,09,その他,その他,20歳代,大学生,施錠せず
窃盗,自転車盗,王子,東十条交番,131172,東京都,北区,王子３丁目,2020-09-07,22,４階建て以上共同住宅,駐車（輪）場,10歳代,高校生,施錠せず
窃盗,自転車盗,王子,東十条交番,131172,東京都,北区,王子５丁目,2020-01-08,07,４階建て以上共同住宅,駐車（輪）場,40歳代,その他,施錠せず
窃盗,自転車盗,王子,東十条交番,131172,東京都,北区,王子５丁目,2020-04-09,12,４階建て以上共同住宅,駐車（輪）場,50歳代,その他,施錠せず
窃盗,自転車盗,王子,東十条交番,131172,東京都,北区,王子６丁目,2020-01-11,18,駐車（輪）場,駐車（輪）場,50歳代,その他,施錠せず
窃盗,自転車盗,王子,東十条交番,131172,東京都,北区,王子６丁目,2020-07-10,20,その他,駐車（輪）場,40歳代,その他,施錠せず
窃盗,自転車盗,王子,東十条交番,131172,東京都,北区,東十条２丁目,2020-08-21,23,その他の住宅（３階建て以下共同住宅等）,その他,40歳代,その他,施錠せず
窃盗,自転車盗,王子,東十条交番,131172,東京都,北区,東十条３丁目,2020-01-05,18,駐車（輪）場,駐車（輪）場,30歳代,その他,施錠せず
窃盗,自転車盗,王子,東十条交番,131172,東京都,北区,東十条３丁目,2020-03-20,08,道路上,その他,20歳代,その他,施錠せず
窃盗,自転車盗,王子,東十条交番,131172,東京都,北区,東十条３丁目,2020-08-28,22,駐車（輪）場,駐車（輪）場,20歳代,その他,施錠せず
窃盗,自転車盗,王子,東十条交番,131172,東京都,北区,東十条３丁目,2020-12-23,08,一戸建住宅,その他,60-64歳,その他,施錠せず
窃盗,自転車盗,王子,東十条交番,131172,東京都,北区,東十条４丁目,2019-12-02,15,道路上,その他,40歳代,その他,施錠せず
窃盗,自転車盗,王子,東十条交番,131172,東京都,北区,東十条４丁目,2020-01-05,18,道路上,その他,40歳代,その他,施錠せず
窃盗,自転車盗,王子,東十条交番,131172,東京都,北区,東十条４丁目,2020-07-05,02,道路上,その他,10歳代,大学生,施錠せず
窃盗,自転車盗,王子,東十条交番,131172,東京都,北区,東十条４丁目,2020-08-07,12,４階建て以上共同住宅,駐車（輪）場,50歳代,その他,施錠せず
窃盗,自転車盗,王子,東十条交番,131172,東京都,北区,東十条４丁目,2020-08-08,09,道路上,その他,50歳代,その他,施錠せず
窃盗,自転車盗,王子,東十条交番,131172,東京都,北区,東十条４丁目,2020-09-02,14,一戸建住宅,駐車（輪）場,65-69歳,その他,施錠せず
窃盗,自転車盗,王子,東十条交番,131172,東京都,北区,東十条４丁目,2020-11-17,17,駐車（輪）場,駐車（輪）場,20歳代,その他,施錠せず
窃盗,自転車盗,王子,中十条交番,131172,東京都,北区,王子３丁目,2020-08-24,20,道路上,その他,20歳代,その他,施錠せず
窃盗,自転車盗,王子,中十条交番,131172,東京都,北区,王子６丁目,2020-08-14,05,その他,駐車（輪）場,20歳代,その他,施錠せず
窃盗,自転車盗,王子,中十条交番,131172,東京都,北区,岸町２丁目,2020-02-01,18,駐車（輪）場,駐車（輪）場,20歳代,その他,施錠せず
窃盗,自転車盗,王子,中十条交番,131172,東京都,北区,岸町２丁目,2020-02-02,09,道路上,その他,20歳代,その他,施錠せず
窃盗,自転車盗,王子,中十条交番,131172,東京都,北区,岸町２丁目,2020-09-14,15,一戸建住宅,駐車（輪）場,70歳以上,その他,施錠せず
窃盗,自転車盗,王子,中十条交番,131172,東京都,北区,中十条２丁目,2019-12-20,11,道路上,その他,50歳代,その他,施錠せず
窃盗,自転車盗,王子,中十条交番,131172,東京都,北区,東十条１丁目,2020-08-29,23,その他の住宅（３階建て以下共同住宅等）,駐車（輪）場,50歳代,その他,施錠せず
窃盗,自転車盗,王子,中十条交番,131172,東京都,北区,東十条２丁目,2020-07-03,15,駐車（輪）場,駐車（輪）場,70歳以上,その他,施錠せず
窃盗,自転車盗,王子,十条仲原交番,131172,東京都,北区,上十条４丁目,2020-01-21,21,４階建て以上共同住宅,駐車（輪）場,40歳代,その他,施錠せず
窃盗,自転車盗,王子,十条仲原交番,131172,東京都,北区,上十条４丁目,2020-04-05,11,一戸建住宅,駐車（輪）場,65-69歳,その他,施錠せず
窃盗,自転車盗,王子,十条仲原交番,131172,東京都,北区,十条仲原２丁目,2020-02-19,17,一戸建住宅,駐車（輪）場,40歳代,その他,施錠せず
窃盗,自転車盗,王子,十条仲原交番,131172,東京都,北区,十条仲原２丁目,2020-03-02,17,道路上,その他,70歳以上,その他,施錠せず
窃盗,自転車盗,王子,十条仲原交番,131172,東京都,北区,十条仲原３丁目,2020-06-21,11,４階建て以上共同住宅,駐車（輪）場,20歳代,その他,施錠せず
窃盗,自転車盗,王子,十条仲原交番,131172,東京都,北区,十条仲原３丁目,2020-07-26,20,道路上,その他,10歳代,その他,施錠せず
窃盗,自転車盗,王子,十条仲原交番,131172,東京都,北区,十条仲原４丁目,2020-09-24,18,道路上,その他,70歳以上,その他,施錠せず
窃盗,自転車盗,王子,十条仲原交番,131172,東京都,北区,中十条３丁目,2020-09-07,17,一戸建住宅,その他,60-64歳,その他,施錠せず
窃盗,自転車盗,王子,十条仲原交番,131172,東京都,北区,東十条５丁目,2019-12-30,18,道路上,その他,10歳代,小学生,施錠せず
窃盗,自転車盗,王子,十条仲原交番,131172,東京都,北区,東十条５丁目,2020-10-17,18,一戸建住宅,駐車（輪）場,10歳代,大学生,施錠せず
窃盗,自転車盗,王子,十条仲原交番,131172,東京都,北区,東十条６丁目,2020-02-20,20,その他の住宅（３階建て以下共同住宅等）,その他,20歳代,その他,施錠せず
窃盗,自転車盗,王子,十条駅前交番,131172,東京都,北区,上十条１丁目,2020-08-20,02,道路上,その他,50歳代,その他,施錠せず
窃盗,自転車盗,王子,十条駅前交番,131172,東京都,北区,上十条２丁目,2020-08-04,14,道路上,その他,20歳代,大学生,施錠せず
窃盗,自転車盗,王子,十条駅前交番,131172,東京都,北区,上十条２丁目,2020-08-21,12,道路上,その他,30歳代,その他,施錠せず
窃盗,自転車盗,王子,十条駅前交番,131172,東京都,北区,上十条２丁目,2020-11-07,13,その他,駐車（輪）場,70歳以上,その他,施錠せず
窃盗,自転車盗,王子,十条駅前交番,131172,東京都,北区,上十条３丁目,2020-01-01,01,その他の住宅（３階建て以下共同住宅等）,その他,20歳代,大学生,施錠せず
窃盗,自転車盗,王子,十条駅前交番,131172,東京都,北区,上十条３丁目,2020-07-30,21,道路上,その他,40歳代,その他,施錠せず
窃盗,自転車盗,王子,十条駅前交番,131172,東京都,北区,上十条３丁目,2020-08-19,08,道路上,その他,50歳代,その他,施錠せず
窃盗,自転車盗,王子,十条駅前交番,131172,東京都,北区,上十条３丁目,2020-10-29,00,道路上,その他,40歳代,その他,施錠せず
窃盗,自転車盗,王子,十条駅前交番,131172,東京都,北区,十条台２丁目,2020-12-14,16,その他,その他,50歳代,その他,施錠せず
窃盗,自転車盗,王子,十条駅前交番,131172,東京都,北区,十条仲原１丁目,2020-08-15,21,道路上,その他,30歳代,その他,施錠せず
窃盗,自転車盗,王子,王子本町交番,131172,東京都,北区,王子本町１丁目,2020-08-06,23,道路上,その他,20歳代,大学生,施錠せず
窃盗,自転車盗,王子,王子本町交番,131172,東京都,北区,王子本町１丁目,2020-08-12,14,道路上,その他,20歳代,その他,施錠せず
窃盗,自転車盗,王子,王子本町交番,131172,東京都,北区,王子本町１丁目,2020-09-21,14,その他,その他,法人・団体、被害者なし,法人・団体、被害者なし,施錠せず
窃盗,自転車盗,王子,王子本町交番,131172,東京都,北区,王子本町２丁目,2020-09-21,11,その他の住宅（３階建て以下共同住宅等）,駐車（輪）場,20歳代,大学生,施錠せず
窃盗,自転車盗,王子,王子本町交番,131172,東京都,北区,岸町１丁目,2020-02-27,11,一戸建住宅,駐車（輪）場,65-69歳,その他,施錠せず
窃盗,自転車盗,赤羽,志茂四丁目交番,131172,東京都,北区,志茂１丁目,2020-06-30,08,一戸建住宅,その他,70歳以上,その他,施錠せず
窃盗,自転車盗,赤羽,志茂四丁目交番,131172,東京都,北区,志茂１丁目,2020-08-07,20,その他の住宅（３階建て以下共同住宅等）,その他,30歳代,その他,施錠せず
窃盗,自転車盗,赤羽,志茂四丁目交番,131172,東京都,北区,志茂２丁目,2020-01-05,16,一戸建住宅,その他,20歳代,大学生,施錠せず
窃盗,自転車盗,赤羽,志茂四丁目交番,131172,東京都,北区,志茂２丁目,2020-02-28,21,道路上,その他,10歳代,中学生,施錠せず
窃盗,自転車盗,赤羽,志茂四丁目交番,131172,東京都,北区,志茂２丁目,2020-05-13,00,一戸建住宅,駐車（輪）場,10歳代,大学生,施錠せず
窃盗,自転車盗,赤羽,志茂四丁目交番,131172,東京都,北区,志茂２丁目,2020-06-26,21,その他の住宅（３階建て以下共同住宅等）,駐車（輪）場,40歳代,その他,施錠せず
窃盗,自転車盗,赤羽,志茂四丁目交番,131172,東京都,北区,志茂２丁目,2020-08-13,21,４階建て以上共同住宅,駐車（輪）場,30歳代,その他,施錠せず
窃盗,自転車盗,赤羽,志茂四丁目交番,131172,東京都,北区,志茂２丁目,2020-11-20,20,４階建て以上共同住宅,駐車（輪）場,20歳代,その他,施錠せず
窃盗,自転車盗,赤羽,志茂四丁目交番,131172,東京都,北区,志茂４丁目,2020-02-26,23,４階建て以上共同住宅,その他,20歳代,その他,施錠せず
窃盗,自転車盗,赤羽,志茂四丁目交番,131172,東京都,北区,志茂４丁目,2020-05-26,06,一戸建住宅,その他,60-64歳,その他,施錠せず
窃盗,自転車盗,赤羽,志茂四丁目交番,131172,東京都,北区,志茂４丁目,2020-07-20,00,４階建て以上共同住宅,駐車（輪）場,20歳代,その他,施錠せず
窃盗,自転車盗,赤羽,志茂四丁目交番,131172,東京都,北区,志茂４丁目,2020-07-25,13,一戸建住宅,駐車（輪）場,65-69歳,その他,施錠せず
窃盗,自転車盗,赤羽,志茂四丁目交番,131172,東京都,北区,志茂４丁目,2020-08-09,12,４階建て以上共同住宅,駐車（輪）場,10歳代,高校生,施錠せず
窃盗,自転車盗,赤羽,志茂四丁目交番,131172,東京都,北区,志茂４丁目,2020-10-02,22,一戸建住宅,その他,50歳代,その他,施錠せず
窃盗,自転車盗,赤羽,志茂四丁目交番,131172,東京都,北区,志茂５丁目,2020-01-16,11,道路上,その他,40歳代,その他,施錠せず
窃盗,自転車盗,赤羽,赤羽駅前交番,131172,東京都,北区,赤羽１丁目,2019-11-21,02,道路上,その他,30歳代,その他,施錠せず
窃盗,自転車盗,赤羽,赤羽駅前交番,131172,東京都,北区,赤羽１丁目,2019-12-28,02,道路上,その他,30歳代,その他,施錠せず
窃盗,自転車盗,赤羽,赤羽駅前交番,131172,東京都,北区,赤羽１丁目,2020-01-05,19,道路上,その他,10歳代,その他,施錠せず
窃盗,自転車盗,赤羽,赤羽駅前交番,131172,東京都,北区,赤羽１丁目,2020-01-10,13,道路上,その他,10歳代,高校生,施錠せず
窃盗,自転車盗,赤羽,赤羽駅前交番,131172,東京都,北区,赤羽１丁目,2020-01-14,15,４階建て以上共同住宅,駐車（輪）場,50歳代,その他,施錠せず
窃盗,自転車盗,赤羽,赤羽駅前交番,131172,東京都,北区,赤羽１丁目,2020-02-08,07,一戸建住宅,駐車（輪）場,50歳代,その他,施錠せず
窃盗,自転車盗,赤羽,赤羽駅前交番,131172,東京都,北区,赤羽１丁目,2020-02-23,12,道路上,その他,50歳代,その他,施錠せず
窃盗,自転車盗,赤羽,赤羽駅前交番,131172,東京都,北区,赤羽１丁目,2020-02-25,00,４階建て以上共同住宅,駐車（輪）場,30歳代,その他,施錠せず
窃盗,自転車盗,赤羽,赤羽駅前交番,131172,東京都,北区,赤羽１丁目,2020-03-18,18,駐車（輪）場,駐車（輪）場,10歳代,大学生,施錠せず
窃盗,自転車盗,赤羽,赤羽駅前交番,131172,東京都,北区,赤羽１丁目,2020-03-21,21,道路上,その他,20歳代,大学生,施錠せず
窃盗,自転車盗,赤羽,赤羽駅前交番,131172,東京都,北区,赤羽１丁目,2020-03-21,23,道路上,その他,50歳代,その他,施錠せず
窃盗,自転車盗,赤羽,赤羽駅前交番,131172,東京都,北区,赤羽１丁目,2020-03-25,01,道路上,その他,30歳代,その他,施錠せず
窃盗,自転車盗,赤羽,赤羽駅前交番,131172,東京都,北区,赤羽１丁目,2020-03-26,15,道路上,その他,50歳代,その他,施錠せず
窃盗,自転車盗,赤羽,赤羽駅前交番,131172,東京都,北区,赤羽１丁目,2020-05-03,14,その他,その他,70歳以上,その他,施錠せず
窃盗,自転車盗,赤羽,赤羽駅前交番,131172,東京都,北区,赤羽１丁目,2020-05-20,10,その他,駐車（輪）場,20歳代,その他,施錠せず
窃盗,自転車盗,赤羽,赤羽駅前交番,131172,東京都,北区,赤羽１丁目,2020-05-31,10,道路上,その他,65-69歳,その他,施錠せず
窃盗,自転車盗,赤羽,赤羽駅前交番,131172,東京都,北区,赤羽１丁目,2020-06-06,00,４階建て以上共同住宅,駐車（輪）場,40歳代,その他,施錠せず
窃盗,自転車盗,赤羽,赤羽駅前交番,131172,東京都,北区,赤羽１丁目,2020-06-07,18,駐車（輪）場,駐車（輪）場,20歳代,大学生,施錠せず
窃盗,自転車盗,赤羽,赤羽駅前交番,131172,東京都,北区,赤羽１丁目,2020-06-14,09,駐車（輪）場,駐車（輪）場,30歳代,その他,施錠せず
窃盗,自転車盗,赤羽,赤羽駅前交番,131172,東京都,北区,赤羽１丁目,2020-06-19,20,道路上,その他,10歳代,中学生,施錠せず
窃盗,自転車盗,赤羽,赤羽駅前交番,131172,東京都,北区,赤羽１丁目,2020-08-02,00,道路上,その他,30歳代,その他,施錠せず
窃盗,自転車盗,赤羽,赤羽駅前交番,131172,東京都,北区,赤羽１丁目,2020-08-24,19,４階建て以上共同住宅,駐車（輪）場,30歳代,その他,施錠せず
窃盗,自転車盗,赤羽,赤羽駅前交番,131172,東京都,北区,赤羽１丁目,2020-09-18,18,４階建て以上共同住宅,駐車（輪）場,30歳代,その他,施錠せず
窃盗,自転車盗,赤羽,赤羽駅前交番,131172,東京都,北区,赤羽１丁目,2020-09-26,22,道路上,その他,20歳代,その他,施錠せず
窃盗,自転車盗,赤羽,赤羽駅前交番,131172,東京都,北区,赤羽１丁目,2020-09-27,15,駐車（輪）場,駐車（輪）場,10歳代,高校生,施錠せず
窃盗,自転車盗,赤羽,赤羽駅前交番,131172,東京都,北区,赤羽１丁目,2020-10-08,07,駐車（輪）場,駐車（輪）場,10歳代,高校生,施錠せず
窃盗,自転車盗,赤羽,赤羽駅前交番,131172,東京都,北区,赤羽１丁目,2020-10-10,15,道路上,その他,30歳代,その他,施錠せず
窃盗,自転車盗,赤羽,赤羽駅前交番,131172,東京都,北区,赤羽１丁目,2020-10-21,14,駐車（輪）場,駐車（輪）場,10歳代,小学生,施錠せず
窃盗,自転車盗,赤羽,赤羽駅前交番,131172,東京都,北区,赤羽１丁目,2020-10-27,09,駐車（輪）場,駐車（輪）場,50歳代,その他,施錠せず
窃盗,自転車盗,赤羽,赤羽駅前交番,131172,東京都,北区,赤羽１丁目,2020-11-25,13,その他,駐車（輪）場,20歳代,大学生,施錠せず
窃盗,自転車盗,赤羽,赤羽駅前交番,131172,東京都,北区,赤羽１丁目,2020-12-16,17,駐車（輪）場,駐車（輪）場,20歳代,その他,施錠せず
窃盗,自転車盗,赤羽,赤羽駅前交番,131172,東京都,北区,赤羽２丁目,2019-12-05,01,道路上,その他,30歳代,その他,施錠せず
窃盗,自転車盗,赤羽,赤羽駅前交番,131172,東京都,北区,赤羽２丁目,2020-01-27,12,道路上,その他,50歳代,その他,施錠せず
窃盗,自転車盗,赤羽,赤羽駅前交番,131172,東京都,北区,赤羽２丁目,2020-02-20,01,道路上,その他,10歳代,高校生,施錠せず
窃盗,自転車盗,赤羽,赤羽駅前交番,131172,東京都,北区,赤羽２丁目,2020-02-20,15,道路上,その他,20歳代,その他,施錠せず
窃盗,自転車盗,赤羽,赤羽駅前交番,131172,東京都,北区,赤羽２丁目,2020-03-21,22,４階建て以上共同住宅,駐車（輪）場,10歳代,高校生,施錠せず
窃盗,自転車盗,赤羽,赤羽駅前交番,131172,東京都,北区,赤羽２丁目,2020-03-23,22,その他の住宅（３階建て以下共同住宅等）,その他,30歳代,その他,施錠せず
窃盗,自転車盗,赤羽,赤羽駅前交番,131172,東京都,北区,赤羽２丁目,2020-04-13,20,その他,駐車（輪）場,30歳代,その他,施錠せず
窃盗,自転車盗,赤羽,赤羽駅前交番,131172,東京都,北区,赤羽２丁目,2020-04-24,03,その他,駐車（輪）場,50歳代,その他,施錠せず
窃盗,自転車盗,赤羽,赤羽駅前交番,131172,東京都,北区,赤羽２丁目,2020-07-10,20,道路上,その他,20歳代,その他,施錠せず
窃盗,自転車盗,赤羽,赤羽駅前交番,131172,東京都,北区,赤羽２丁目,2020-08-28,12,その他,駐車（輪）場,30歳代,その他,施錠せず
窃盗,自転車盗,赤羽,赤羽駅前交番,131172,東京都,北区,赤羽２丁目,2020-11-16,18,駐車（輪）場,駐車（輪）場,30歳代,その他,施錠せず
窃盗,自転車盗,赤羽,赤羽駅前交番,131172,東京都,北区,赤羽２丁目,2020-11-26,15,駐車（輪）場,駐車（輪）場,20歳代,その他,施錠せず
窃盗,自転車盗,赤羽,赤羽駅前交番,131172,東京都,北区,赤羽３丁目,2020-08-11,16,その他の住宅（３階建て以下共同住宅等）,駐車（輪）場,10歳代,高校生,施錠せず
窃盗,自転車盗,赤羽,赤羽駅前交番,131172,東京都,北区,赤羽北１丁目,2020-02-08,12,駐車（輪）場,駐車（輪）場,20歳代,その他,施錠せず
窃盗,自転車盗,赤羽,赤羽駅前交番,131172,東京都,北区,赤羽北１丁目,2020-02-16,08,道路上,その他,20歳代,その他,施錠せず
窃盗,自転車盗,赤羽,赤羽駅前交番,131172,東京都,北区,赤羽西１丁目,2020-02-14,20,その他の住宅（３階建て以下共同住宅等）,その他,10歳代,小学生,施錠せず
窃盗,自転車盗,赤羽,赤羽駅前交番,131172,東京都,北区,赤羽西１丁目,2020-04-01,23,道路上,その他,20歳代,その他,施錠せず
窃盗,自転車盗,赤羽,赤羽駅前交番,131172,東京都,北区,赤羽西１丁目,2020-06-17,18,その他,駐車（輪）場,10歳代,大学生,施錠せず
窃盗,自転車盗,赤羽,赤羽駅前交番,131172,東京都,北区,赤羽西１丁目,2020-09-22,17,道路上,その他,10歳代,高校生,施錠せず
窃盗,自転車盗,赤羽,赤羽駅前交番,131172,東京都,北区,赤羽南１丁目,2020-08-01,15,駐車（輪）場,駐車（輪）場,70歳以上,その他,施錠せず
窃盗,自転車盗,赤羽,赤羽駅前交番,131172,東京都,北区,赤羽南１丁目,2020-08-04,22,一戸建住宅,駐車（輪）場,10歳代,中学生,施錠せず
窃盗,自転車盗,赤羽,赤羽駅前交番,131172,東京都,北区,赤羽南１丁目,2020-08-25,18,駐車（輪）場,駐車（輪）場,10歳代,高校生,施錠せず
窃盗,自転車盗,赤羽,赤羽駅前交番,131172,東京都,北区,赤羽南１丁目,2020-12-09,01,道路上,その他,20歳代,その他,施錠せず
窃盗,自転車盗,赤羽,赤羽駅前交番,131172,東京都,北区,赤羽南２丁目,2020-02-02,01,４階建て以上共同住宅,駐車（輪）場,60-64歳,その他,施錠せず
窃盗,自転車盗,赤羽,赤羽駅前交番,131172,東京都,北区,赤羽南２丁目,2020-09-14,22,４階建て以上共同住宅,駐車（輪）場,50歳代,その他,施錠せず
窃盗,自転車盗,赤羽,赤羽駅前交番,131172,東京都,北区,志茂５丁目,2020-04-14,09,一戸建住宅,その他,40歳代,その他,施錠せず
窃盗,自転車盗,赤羽,岩淵交番,131172,東京都,北区,赤羽１丁目,2020-06-04,21,駐車（輪）場,駐車（輪）場,30歳代,その他,施錠せず
窃盗,自転車盗,赤羽,岩淵交番,131172,東京都,北区,赤羽１丁目,2020-09-08,20,道路上,その他,10歳代,その他,施錠せず
窃盗,自転車盗,赤羽,岩淵交番,131172,東京都,北区,赤羽３丁目,2020-09-12,10,その他の住宅（３階建て以下共同住宅等）,その他,20歳代,その他,施錠せず
窃盗,自転車盗,赤羽,岩淵交番,131172,東京都,北区,岩淵町,2020-10-14,01,道路上,その他,20歳代,その他,施錠せず
窃盗,自転車盗,赤羽,岩淵交番,131172,東京都,北区,岩淵町,2020-10-21,08,その他,その他,50歳代,その他,施錠せず
窃盗,自転車盗,赤羽,宮堀交番,131172,東京都,北区,神谷１丁目,2020-03-21,12,４階建て以上共同住宅,その他,20歳代,その他,施錠せず
窃盗,自転車盗,赤羽,宮堀交番,131172,東京都,北区,神谷１丁目,2020-11-24,22,４階建て以上共同住宅,駐車（輪）場,20歳代,その他,施錠せず
窃盗,自転車盗,赤羽,宮堀交番,131172,東京都,北区,神谷１丁目,2020-12-19,18,４階建て以上共同住宅,その他,10歳代,小学生,施錠せず
窃盗,自転車盗,赤羽,宮堀交番,131172,東京都,北区,神谷２丁目,2020-01-08,17,一戸建住宅,その他,50歳代,その他,施錠せず
窃盗,自転車盗,赤羽,宮堀交番,131172,東京都,北区,神谷２丁目,2020-02-03,10,道路上,その他,60-64歳,その他,施錠せず
窃盗,自転車盗,赤羽,宮堀交番,131172,東京都,北区,神谷２丁目,2020-02-10,18,４階建て以上共同住宅,その他,40歳代,その他,施錠せず
窃盗,自転車盗,赤羽,宮堀交番,131172,東京都,北区,神谷２丁目,2020-04-04,12,その他の住宅（３階建て以下共同住宅等）,駐車（輪）場,40歳代,その他,施錠せず
窃盗,自転車盗,赤羽,宮堀交番,131172,東京都,北区,神谷２丁目,2020-05-14,17,その他の住宅（３階建て以下共同住宅等）,駐車（輪）場,20歳代,その他,施錠せず
窃盗,自転車盗,赤羽,宮堀交番,131172,東京都,北区,神谷２丁目,2020-07-04,17,４階建て以上共同住宅,駐車（輪）場,50歳代,その他,施錠せず
窃盗,自転車盗,赤羽,宮堀交番,131172,東京都,北区,神谷２丁目,2020-11-01,16,道路上,その他,10歳代,高校生,施錠せず
窃盗,自転車盗,赤羽,宮堀交番,131172,東京都,北区,神谷２丁目,2020-11-15,19,一戸建住宅,その他,50歳代,その他,施錠せず
窃盗,自転車盗,赤羽,宮堀交番,131172,東京都,北区,神谷３丁目,2020-02-10,16,その他,駐車（輪）場,10歳代,小学生,施錠せず
窃盗,自転車盗,赤羽,宮堀交番,131172,東京都,北区,神谷３丁目,2020-02-14,20,４階建て以上共同住宅,駐車（輪）場,50歳代,その他,施錠せず
窃盗,自転車盗,赤羽,宮堀交番,131172,東京都,北区,神谷３丁目,2020-02-15,00,４階建て以上共同住宅,その他,20歳代,大学生,施錠せず
窃盗,自転車盗,赤羽,宮堀交番,131172,東京都,北区,神谷３丁目,2020-03-06,13,４階建て以上共同住宅,駐車（輪）場,20歳代,その他,施錠せず
窃盗,自転車盗,赤羽,宮堀交番,131172,東京都,北区,神谷３丁目,2020-04-14,20,その他の住宅（３階建て以下共同住宅等）,その他,20歳代,その他,施錠せず
窃盗,自転車盗,赤羽,宮堀交番,131172,東京都,北区,神谷３丁目,2020-04-20,19,一戸建住宅,駐車（輪）場,10歳代,高校生,施錠せず
窃盗,自転車盗,赤羽,宮堀交番,131172,東京都,北区,神谷３丁目,2020-04-23,19,４階建て以上共同住宅,駐車（輪）場,20歳代,その他,施錠せず
窃盗,自転車盗,赤羽,宮堀交番,131172,東京都,北区,神谷３丁目,2020-09-11,00,道路上,その他,10歳代,大学生,施錠せず
窃盗,自転車盗,赤羽,宮堀交番,131172,東京都,北区,神谷３丁目,2020-09-26,01,道路上,その他,20歳代,その他,施錠せず
窃盗,自転車盗,赤羽,宮堀交番,131172,東京都,北区,神谷３丁目,2020-11-09,01,一戸建住宅,その他,10歳代,中学生,施錠せず
窃盗,自転車盗,赤羽,宮堀交番,131172,東京都,北区,神谷３丁目,2020-12-12,19,一戸建住宅,その他,30歳代,その他,施錠せず
窃盗,自転車盗,赤羽,宮堀交番,131172,東京都,北区,神谷３丁目,2020-12-18,18,４階建て以上共同住宅,駐車（輪）場,10歳代,小学生,施錠せず
窃盗,自転車盗,赤羽,赤羽西交番,131172,東京都,北区,赤羽西１丁目,2020-09-09,16,道路上,その他,60-64歳,その他,施錠せず
窃盗,自転車盗,赤羽,赤羽西交番,131172,東京都,北区,赤羽西３丁目,2020-06-02,10,道路上,その他,65-69歳,その他,施錠せず
窃盗,自転車盗,赤羽,赤羽西交番,131172,東京都,北区,赤羽西３丁目,2020-09-13,15,その他の住宅（３階建て以下共同住宅等）,駐車（輪）場,50歳代,その他,施錠せず
窃盗,自転車盗,赤羽,赤羽西交番,131172,東京都,北区,赤羽西４丁目,2020-08-27,02,道路上,その他,30歳代,その他,施錠せず
窃盗,自転車盗,赤羽,西が丘交番,131172,東京都,北区,赤羽西４丁目,2020-06-06,18,一戸建住宅,駐車（輪）場,30歳代,その他,施錠せず
窃盗,自転車盗,赤羽,西が丘交番,131172,東京都,北区,赤羽西４丁目,2020-08-08,18,一戸建住宅,駐車（輪）場,30歳代,その他,施錠せず
窃盗,自転車盗,赤羽,西が丘交番,131172,東京都,北区,赤羽西４丁目,2020-09-12,14,駐車（輪）場,駐車（輪）場,65-69歳,その他,施錠せず
窃盗,自転車盗,赤羽,西が丘交番,131172,東京都,北区,赤羽西５丁目,2020-08-19,19,道路上,その他,10歳代,その他,施錠せず
窃盗,自転車盗,赤羽,西が丘交番,131172,東京都,北区,西が丘１丁目,2020-01-21,18,一戸建住宅,その他,10歳代,中学生,施錠せず
窃盗,自転車盗,赤羽,西が丘交番,131172,東京都,北区,西が丘１丁目,2020-10-08,14,一戸建住宅,その他,10歳代,中学生,施錠せず
窃盗,自転車盗,赤羽,西が丘交番,131172,東京都,北区,西が丘１丁目,2020-11-10,20,道路上,その他,40歳代,その他,施錠せず
窃盗,自転車盗,赤羽,西が丘交番,131172,東京都,北区,西が丘２丁目,2020-01-21,18,４階建て以上共同住宅,駐車（輪）場,10歳代,中学生,施錠せず
窃盗,自転車盗,赤羽,西が丘交番,131172,東京都,北区,西が丘２丁目,2020-12-07,16,その他の住宅（３階建て以下共同住宅等）,駐車（輪）場,20歳代,大学生,施錠せず
窃盗,自転車盗,赤羽,西が丘交番,131172,東京都,北区,西が丘３丁目,2020-06-01,16,４階建て以上共同住宅,駐車（輪）場,10歳代,中学生,施錠せず
窃盗,自転車盗,赤羽,西が丘交番,131172,東京都,北区,西が丘３丁目,2020-07-29,17,道路上,その他,40歳代,その他,施錠せず
窃盗,自転車盗,赤羽,西が丘交番,131172,東京都,北区,西が丘３丁目,2020-09-04,16,その他,駐車（輪）場,30歳代,その他,施錠せず
窃盗,自転車盗,赤羽,法善寺交番,131172,東京都,北区,赤羽台２丁目,2020-04-25,18,４階建て以上共同住宅,その他,10歳代,大学生,施錠せず
窃盗,自転車盗,赤羽,法善寺交番,131172,東京都,北区,赤羽台２丁目,2020-09-21,12,４階建て以上共同住宅,駐車（輪）場,20歳代,大学生,施錠せず
窃盗,自転車盗,赤羽,法善寺交番,131172,東京都,北区,赤羽台３丁目,2020-07-26,14,一戸建住宅,その他,30歳代,その他,施錠せず
窃盗,自転車盗,赤羽,法善寺交番,131172,東京都,北区,赤羽台３丁目,2020-08-10,01,一戸建住宅,駐車（輪）場,30歳代,その他,施錠せず
窃盗,自転車盗,赤羽,法善寺交番,131172,東京都,北区,桐ケ丘１丁目,2020-09-11,19,４階建て以上共同住宅,駐車（輪）場,50歳代,その他,施錠せず
窃盗,自転車盗,赤羽,法善寺交番,131172,東京都,北区,桐ケ丘１丁目,2020-12-09,20,４階建て以上共同住宅,駐車（輪）場,50歳代,その他,施錠せず
窃盗,自転車盗,赤羽,赤羽北交番,131172,東京都,北区,赤羽２丁目,2020-02-12,22,４階建て以上共同住宅,その他,50歳代,その他,施錠せず
窃盗,自転車盗,赤羽,赤羽北交番,131172,東京都,北区,赤羽北１丁目,2020-08-21,21,道路上,その他,10歳代,小学生,施錠せず
窃盗,自転車盗,赤羽,赤羽北交番,131172,東京都,北区,赤羽北１丁目,2020-09-13,17,４階建て以上共同住宅,駐車（輪）場,20歳代,その他,施錠せず
窃盗,自転車盗,赤羽,赤羽北交番,131172,東京都,北区,赤羽北２丁目,2020-01-08,10,４階建て以上共同住宅,駐車（輪）場,30歳代,その他,施錠せず
窃盗,自転車盗,赤羽,赤羽北交番,131172,東京都,北区,赤羽北２丁目,2020-03-21,07,４階建て以上共同住宅,駐車（輪）場,30歳代,その他,施錠せず
窃盗,自転車盗,赤羽,赤羽北交番,131172,東京都,北区,赤羽北２丁目,2020-05-24,12,４階建て以上共同住宅,駐車（輪）場,30歳代,その他,施錠せず
窃盗,自転車盗,赤羽,赤羽北交番,131172,東京都,北区,赤羽北２丁目,2020-10-18,10,一戸建住宅,その他,40歳代,その他,施錠せず
窃盗,自転車盗,赤羽,浮間交番,131172,東京都,北区,浮間１丁目,2020-05-24,12,４階建て以上共同住宅,駐車（輪）場,65-69歳,その他,施錠せず
窃盗,自転車盗,赤羽,浮間交番,131172,東京都,北区,浮間１丁目,2020-06-20,01,道路上,その他,法人・団体、被害者なし,法人・団体、被害者なし,施錠せず
窃盗,自転車盗,赤羽,浮間交番,131172,東京都,北区,浮間１丁目,2020-06-23,17,その他の住宅（３階建て以下共同住宅等）,駐車（輪）場,50歳代,その他,施錠せず
窃盗,自転車盗,赤羽,浮間交番,131172,東京都,北区,浮間１丁目,2020-07-21,20,その他,その他,40歳代,その他,施錠せず
窃盗,自転車盗,赤羽,浮間交番,131172,東京都,北区,浮間１丁目,2020-09-29,14,４階建て以上共同住宅,駐車（輪）場,60-64歳,その他,施錠せず
窃盗,自転車盗,赤羽,浮間交番,131172,東京都,北区,浮間１丁目,2020-11-18,15,４階建て以上共同住宅,駐車（輪）場,10歳未満,小学生,施錠せず
窃盗,自転車盗,赤羽,浮間交番,131172,東京都,北区,浮間１丁目,2020-11-20,21,４階建て以上共同住宅,駐車（輪）場,10歳代,中学生,施錠せず
窃盗,自転車盗,赤羽,浮間交番,131172,東京都,北区,浮間１丁目,2020-11-25,08,道路上,その他,10歳代,高校生,施錠せず
窃盗,自転車盗,赤羽,浮間交番,131172,東京都,北区,浮間１丁目,2020-12-15,14,４階建て以上共同住宅,その他,70歳以上,その他,施錠せず
窃盗,自転車盗,赤羽,浮間交番,131172,東京都,北区,浮間１丁目,2020-12-16,10,一戸建住宅,駐車（輪）場,10歳代,小学生,施錠せず
窃盗,自転車盗,赤羽,浮間交番,131172,東京都,北区,浮間２丁目,2020-01-13,16,４階建て以上共同住宅,駐車（輪）場,10歳代,中学生,施錠せず
窃盗,自転車盗,赤羽,浮間交番,131172,東京都,北区,浮間２丁目,2020-08-17,15,その他,その他,50歳代,その他,施錠せず
窃盗,自転車盗,赤羽,浮間交番,131172,東京都,北区,浮間３丁目,2020-09-24,21,その他,駐車（輪）場,10歳代,小学生,施錠せず
窃盗,自転車盗,赤羽,浮間交番,131172,東京都,北区,浮間３丁目,2020-11-10,14,その他,駐車（輪）場,50歳代,その他,施錠せず
窃盗,自転車盗,赤羽,浮間交番,131172,東京都,北区,浮間３丁目,2020-11-29,00,その他,駐車（輪）場,10歳代,高校生,施錠せず
窃盗,自転車盗,赤羽,浮間交番,131172,東京都,北区,浮間４丁目,2020-05-03,10,その他,その他,10歳代,高校生,施錠せず
窃盗,自転車盗,赤羽,浮間交番,131172,東京都,北区,浮間４丁目,2020-06-16,13,４階建て以上共同住宅,駐車（輪）場,20歳代,その他,施錠せず
窃盗,自転車盗,赤羽,浮間交番,131172,東京都,北区,浮間４丁目,2020-10-19,20,４階建て以上共同住宅,駐車（輪）場,10歳代,高校生,施錠せず
窃盗,自転車盗,板橋,平尾交番,131199,東京都,板橋区,板橋１丁目,2019-12-16,09,道路上,その他,20歳代,その他,施錠せず
窃盗,自転車盗,板橋,平尾交番,131199,東京都,板橋区,板橋１丁目,2020-01-07,15,道路上,その他,60-64歳,その他,施錠せず
窃盗,自転車盗,板橋,平尾交番,131199,東京都,板橋区,板橋１丁目,2020-03-24,00,道路上,その他,20歳代,その他,施錠せず
窃盗,自転車盗,板橋,平尾交番,131199,東京都,板橋区,板橋１丁目,2020-03-26,05,駐車（輪）場,駐車（輪）場,40歳代,その他,施錠せず
窃盗,自転車盗,板橋,平尾交番,131199,東京都,板橋区,板橋１丁目,2020-06-26,22,道路上,その他,30歳代,その他,施錠せず
窃盗,自転車盗,板橋,平尾交番,131199,東京都,板橋区,板橋１丁目,2020-08-24,00,駐車（輪）場,駐車（輪）場,40歳代,その他,施錠せず
窃盗,自転車盗,板橋,平尾交番,131199,東京都,板橋区,板橋１丁目,2020-09-09,20,道路上,その他,30歳代,その他,施錠せず
窃盗,自転車盗,板橋,平尾交番,131199,東京都,板橋区,板橋１丁目,2020-10-31,22,道路上,その他,40歳代,その他,施錠せず
窃盗,自転車盗,板橋,平尾交番,131199,東京都,板橋区,板橋１丁目,2020-11-25,17,道路上,その他,10歳代,中学生,施錠せず
窃盗,自転車盗,板橋,平尾交番,131199,東京都,板橋区,板橋２丁目,2020-02-29,12,道路上,その他,40歳代,その他,施錠せず
窃盗,自転車盗,板橋,平尾交番,131199,東京都,板橋区,板橋２丁目,2020-03-30,13,道路上,その他,20歳代,大学生,施錠せず
窃盗,自転車盗,板橋,平尾交番,131199,東京都,板橋区,板橋２丁目,2020-04-30,12,その他の住宅（３階建て以下共同住宅等）,駐車（輪）場,30歳代,その他,施錠せず
窃盗,自転車盗,板橋,平尾交番,131199,東京都,板橋区,板橋２丁目,2020-11-03,18,一戸建住宅,その他,65-69歳,その他,施錠せず
窃盗,自転車盗,板橋,平尾交番,131199,東京都,板橋区,板橋３丁目,2020-01-06,22,道路上,その他,70歳以上,その他,施錠せず
窃盗,自転車盗,板橋,平尾交番,131199,東京都,板橋区,板橋３丁目,2020-04-04,07,道路上,その他,50歳代,その他,施錠せず
窃盗,自転車盗,板橋,平尾交番,131199,東京都,板橋区,板橋４丁目,2019-11-01,18,４階建て以上共同住宅,駐車（輪）場,30歳代,その他,施錠せず
窃盗,自転車盗,板橋,平尾交番,131199,東京都,板橋区,板橋４丁目,2020-03-22,14,一戸建住宅,その他,10歳未満,小学生,施錠せず
窃盗,自転車盗,板橋,平尾交番,131199,東京都,板橋区,板橋４丁目,2020-07-30,16,４階建て以上共同住宅,駐車（輪）場,70歳以上,その他,施錠せず
窃盗,自転車盗,板橋,平尾交番,131199,東京都,板橋区,板橋４丁目,2020-11-25,18,一戸建住宅,その他,20歳代,その他,施錠せず
窃盗,自転車盗,板橋,加賀交番,131199,東京都,板橋区,板橋３丁目,2020-01-01,10,一戸建住宅,その他,20歳代,大学生,施錠せず
窃盗,自転車盗,板橋,加賀交番,131199,東京都,板橋区,加賀１丁目,2020-07-05,14,４階建て以上共同住宅,駐車（輪）場,40歳代,その他,施錠せず
窃盗,自転車盗,板橋,加賀交番,131199,東京都,板橋区,加賀２丁目,2020-07-29,08,道路上,その他,10歳代,大学生,施錠せず
窃盗,自転車盗,板橋,加賀交番,131199,東京都,板橋区,加賀２丁目,2020-08-04,16,４階建て以上共同住宅,駐車（輪）場,10歳代,中学生,施錠せず
窃盗,自転車盗,板橋,板橋本町交番,131199,東京都,板橋区,稲荷台,2019-12-18,19,道路上,その他,40歳代,その他,施錠せず
窃盗,自転車盗,板橋,板橋本町交番,131199,東京都,板橋区,稲荷台,2020-02-12,19,道路上,その他,50歳代,その他,施錠せず
窃盗,自転車盗,板橋,板橋本町交番,131199,東京都,板橋区,稲荷台,2020-05-31,07,道路上,その他,70歳以上,その他,施錠せず
窃盗,自転車盗,板橋,板橋本町交番,131199,東京都,板橋区,稲荷台,2020-08-18,12,道路上,その他,10歳代,高校生,施錠せず
窃盗,自転車盗,板橋,板橋本町交番,131199,東京都,板橋区,稲荷台,2020-10-26,16,４階建て以上共同住宅,駐車（輪）場,20歳代,大学生,施錠せず
窃盗,自転車盗,板橋,板橋本町交番,131199,東京都,板橋区,常盤台１丁目,2020-09-21,00,道路上,その他,20歳代,その他,施錠せず
窃盗,自転車盗,板橋,板橋本町交番,131199,東京都,板橋区,仲宿,2020-01-19,21,道路上,その他,20歳代,その他,施錠せず
窃盗,自転車盗,板橋,板橋本町交番,131199,東京都,板橋区,仲宿,2020-07-30,14,４階建て以上共同住宅,駐車（輪）場,40歳代,その他,施錠せず
窃盗,自転車盗,板橋,板橋本町交番,131199,東京都,板橋区,仲宿,2020-09-04,16,その他,駐車（輪）場,50歳代,その他,施錠せず
窃盗,自転車盗,板橋,板橋本町交番,131199,東京都,板橋区,仲宿,2020-10-05,21,その他,その他,20歳代,その他,施錠せず
窃盗,自転車盗,板橋,板橋本町交番,131199,東京都,板橋区,双葉町,2019-12-20,03,４階建て以上共同住宅,駐車（輪）場,10歳代,小学生,施錠せず
窃盗,自転車盗,板橋,板橋本町交番,131199,東京都,板橋区,本町,2019-11-30,19,道路上,その他,10歳代,高校生,施錠せず
窃盗,自転車盗,板橋,板橋本町交番,131199,東京都,板橋区,本町,2020-09-05,17,その他,駐車（輪）場,20歳代,大学生,施錠せず
窃盗,自転車盗,板橋,板橋本町交番,131199,東京都,板橋区,大和町,2020-03-04,17,道路上,その他,20歳代,大学生,施錠せず
窃盗,自転車盗,板橋,板橋本町交番,131199,東京都,板橋区,大和町,2020-06-20,00,道路上,その他,70歳以上,その他,施錠せず
窃盗,自転車盗,板橋,板橋本町交番,131199,東京都,板橋区,大和町,2020-10-20,20,その他の住宅（３階建て以下共同住宅等）,駐車（輪）場,30歳代,その他,施錠せず
窃盗,自転車盗,板橋,熊野町交番,131199,東京都,板橋区,大山金井町,2020-01-28,22,４階建て以上共同住宅,駐車（輪）場,10歳代,高校生,施錠せず
窃盗,自転車盗,板橋,熊野町交番,131199,東京都,板橋区,大山金井町,2020-02-22,13,道路上,その他,20歳代,その他,施錠せず
窃盗,自転車盗,板橋,熊野町交番,131199,東京都,板橋区,大山金井町,2020-03-26,17,４階建て以上共同住宅,駐車（輪）場,10歳代,大学生,施錠せず
窃盗,自転車盗,板橋,熊野町交番,131199,東京都,板橋区,大山金井町,2020-08-06,05,４階建て以上共同住宅,駐車（輪）場,30歳代,その他,施錠せず
窃盗,自転車盗,板橋,熊野町交番,131199,東京都,板橋区,大山金井町,2020-08-31,12,４階建て以上共同住宅,駐車（輪）場,60-64歳,その他,施錠せず
窃盗,自転車盗,板橋,熊野町交番,131199,東京都,板橋区,大山金井町,2020-09-02,22,道路上,その他,10歳代,高校生,施錠せず
窃盗,自転車盗,板橋,熊野町交番,131199,東京都,板橋区,大山金井町,2020-09-04,19,その他の住宅（３階建て以下共同住宅等）,駐車（輪）場,40歳代,その他,施錠せず
窃盗,自転車盗,板橋,熊野町交番,131199,東京都,板橋区,大山金井町,2020-09-11,01,その他の住宅（３階建て以下共同住宅等）,駐車（輪）場,20歳代,その他,施錠せず
窃盗,自転車盗,板橋,熊野町交番,131199,東京都,板橋区,熊野町,2020-01-14,02,４階建て以上共同住宅,駐車（輪）場,10歳代,小学生,施錠せず
窃盗,自転車盗,板橋,熊野町交番,131199,東京都,板橋区,熊野町,2020-03-16,03,４階建て以上共同住宅,駐車（輪）場,10歳代,小学生,施錠せず
窃盗,自転車盗,板橋,熊野町交番,131199,東京都,板橋区,熊野町,2020-04-14,17,４階建て以上共同住宅,その他,20歳代,その他,施錠せず
窃盗,自転車盗,板橋,熊野町交番,131199,東京都,板橋区,熊野町,2020-07-07,16,４階建て以上共同住宅,駐車（輪）場,10歳代,中学生,施錠せず
窃盗,自転車盗,板橋,熊野町交番,131199,東京都,板橋区,熊野町,2020-07-20,21,４階建て以上共同住宅,駐車（輪）場,20歳代,その他,施錠せず
窃盗,自転車盗,板橋,熊野町交番,131199,東京都,板橋区,熊野町,2020-07-21,20,４階建て以上共同住宅,駐車（輪）場,40歳代,その他,施錠せず
窃盗,自転車盗,板橋,熊野町交番,131199,東京都,板橋区,熊野町,2020-09-29,10,道路上,その他,法人・団体、被害者なし,法人・団体、被害者なし,施錠せず
窃盗,自転車盗,板橋,熊野町交番,131199,東京都,板橋区,熊野町,2020-11-19,23,道路上,その他,50歳代,その他,施錠せず
窃盗,自転車盗,板橋,熊野町交番,131199,東京都,板橋区,中丸町,2020-01-09,18,４階建て以上共同住宅,駐車（輪）場,50歳代,その他,施錠せず
窃盗,自転車盗,板橋,熊野町交番,131199,東京都,板橋区,中丸町,2020-03-16,01,４階建て以上共同住宅,駐車（輪）場,30歳代,その他,施錠せず
窃盗,自転車盗,板橋,熊野町交番,131199,東京都,板橋区,中丸町,2020-03-23,14,道路上,その他,20歳代,その他,施錠せず
窃盗,自転車盗,板橋,熊野町交番,131199,東京都,板橋区,中丸町,2020-05-08,17,道路上,その他,70歳以上,その他,施錠せず
窃盗,自転車盗,板橋,熊野町交番,131199,東京都,板橋区,中丸町,2020-05-27,16,その他の住宅（３階建て以下共同住宅等）,駐車（輪）場,20歳代,その他,施錠せず
窃盗,自転車盗,板橋,熊野町交番,131199,東京都,板橋区,中丸町,2020-05-27,20,４階建て以上共同住宅,駐車（輪）場,40歳代,その他,施錠せず
窃盗,自転車盗,板橋,熊野町交番,131199,東京都,板橋区,中丸町,2020-06-24,05,道路上,その他,70歳以上,その他,施錠せず
窃盗,自転車盗,板橋,熊野町交番,131199,東京都,板橋区,中丸町,2020-07-05,18,一戸建住宅,駐車（輪）場,10歳代,中学生,施錠せず
窃盗,自転車盗,板橋,熊野町交番,131199,東京都,板橋区,中丸町,2020-07-13,11,一戸建住宅,その他,10歳代,高校生,施錠せず
窃盗,自転車盗,板橋,熊野町交番,131199,東京都,板橋区,中丸町,2020-11-23,16,一戸建住宅,その他,10歳代,中学生,施錠せず
窃盗,自転車盗,板橋,熊野町交番,131199,東京都,板橋区,南町,2020-06-23,18,４階建て以上共同住宅,駐車（輪）場,20歳代,その他,施錠せず
窃盗,自転車盗,板橋,熊野町交番,131199,東京都,板橋区,南町,2020-09-13,21,４階建て以上共同住宅,駐車（輪）場,20歳代,その他,施錠せず
窃盗,自転車盗,板橋,熊野町交番,131199,東京都,板橋区,南町,2020-10-04,01,道路上,その他,65-69歳,その他,施錠せず
窃盗,自転車盗,板橋,熊野町交番,131199,東京都,板橋区,南町,2020-10-11,06,道路上,その他,20歳代,大学生,施錠せず
窃盗,自転車盗,板橋,熊野町交番,131199,東京都,板橋区,南町,2020-10-18,22,その他の住宅（３階建て以下共同住宅等）,駐車（輪）場,20歳代,その他,施錠せず
窃盗,自転車盗,板橋,熊野町交番,131199,東京都,板橋区,南町,2020-10-25,23,一戸建住宅,その他,40歳代,その他,施錠せず
窃盗,自転車盗,板橋,熊野町交番,131199,東京都,板橋区,南町,2020-10-27,02,道路上,その他,30歳代,その他,施錠せず
窃盗,自転車盗,板橋,熊野町交番,131199,東京都,板橋区,弥生町,2020-08-14,11,４階建て以上共同住宅,駐車（輪）場,40歳代,その他,施錠せず
窃盗,自転車盗,板橋,養育院前交番,131199,東京都,板橋区,板橋２丁目,2020-02-02,18,４階建て以上共同住宅,駐車（輪）場,10歳代,中学生,施錠せず
窃盗,自転車盗,板橋,養育院前交番,131199,東京都,板橋区,板橋２丁目,2020-02-11,18,４階建て以上共同住宅,駐車（輪）場,20歳代,その他,施錠せず
窃盗,自転車盗,板橋,養育院前交番,131199,東京都,板橋区,板橋２丁目,2020-02-18,17,道路上,その他,10歳代,中学生,施錠せず
窃盗,自転車盗,板橋,養育院前交番,131199,東京都,板橋区,大山東町,2020-01-13,00,駐車（輪）場,駐車（輪）場,30歳代,その他,施錠せず
窃盗,自転車盗,板橋,養育院前交番,131199,東京都,板橋区,大山東町,2020-02-04,14,その他,駐車（輪）場,50歳代,その他,施錠せず
窃盗,自転車盗,板橋,養育院前交番,131199,東京都,板橋区,大山東町,2020-05-23,17,道路上,その他,10歳代,小学生,施錠せず
窃盗,自転車盗,板橋,養育院前交番,131199,東京都,板橋区,大山東町,2020-06-23,00,道路上,その他,20歳代,その他,施錠せず
窃盗,自転車盗,板橋,養育院前交番,131199,東京都,板橋区,大山東町,2020-08-02,19,４階建て以上共同住宅,駐車（輪）場,40歳代,その他,施錠せず
窃盗,自転車盗,板橋,養育院前交番,131199,東京都,板橋区,大山東町,2020-08-19,03,道路上,その他,40歳代,その他,施錠せず
窃盗,自転車盗,板橋,養育院前交番,131199,東京都,板橋区,大山東町,2020-09-01,07,その他,駐車（輪）場,40歳代,その他,施錠せず
窃盗,自転車盗,板橋,養育院前交番,131199,東京都,板橋区,大山東町,2020-10-07,17,４階建て以上共同住宅,駐車（輪）場,20歳代,大学生,施錠せず
窃盗,自転車盗,板橋,養育院前交番,131199,東京都,板橋区,大山東町,2020-10-11,00,道路上,その他,40歳代,その他,施錠せず
窃盗,自転車盗,板橋,養育院前交番,131199,東京都,板橋区,大山東町,2020-10-22,15,駐車（輪）場,駐車（輪）場,40歳代,その他,施錠せず
窃盗,自転車盗,板橋,養育院前交番,131199,東京都,板橋区,大山東町,2020-10-26,07,道路上,その他,10歳代,高校生,施錠せず
窃盗,自転車盗,板橋,養育院前交番,131199,東京都,板橋区,大山東町,2020-10-28,07,道路上,その他,10歳代,高校生,施錠せず
窃盗,自転車盗,板橋,養育院前交番,131199,東京都,板橋区,大山東町,2020-12-02,06,駐車（輪）場,駐車（輪）場,30歳代,その他,施錠せず
窃盗,自転車盗,板橋,養育院前交番,131199,東京都,板橋区,栄町,2020-04-04,15,その他,駐車（輪）場,20歳代,その他,施錠せず
窃盗,自転車盗,板橋,養育院前交番,131199,東京都,板橋区,栄町,2020-09-07,13,その他,駐車（輪）場,70歳以上,その他,施錠せず
窃盗,自転車盗,板橋,養育院前交番,131199,東京都,板橋区,栄町,2020-11-18,17,道路上,その他,30歳代,その他,施錠せず
窃盗,自転車盗,板橋,養育院前交番,131199,東京都,板橋区,仲宿,2020-02-21,21,道路上,その他,10歳代,大学生,施錠せず
窃盗,自転車盗,板橋,養育院前交番,131199,東京都,板橋区,仲宿,2020-08-02,12,４階建て以上共同住宅,駐車（輪）場,10歳代,小学生,施錠せず
窃盗,自転車盗,板橋,養育院前交番,131199,東京都,板橋区,仲宿,2020-12-28,03,一戸建住宅,駐車（輪）場,30歳代,その他,施錠せず
窃盗,自転車盗,板橋,養育院前交番,131199,東京都,板橋区,氷川町,2019-12-30,11,道路上,その他,40歳代,その他,施錠せず
窃盗,自転車盗,板橋,養育院前交番,131199,東京都,板橋区,氷川町,2020-09-18,00,道路上,その他,20歳代,その他,施錠せず
窃盗,自転車盗,板橋,養育院前交番,131199,東京都,板橋区,氷川町,2020-10-21,09,４階建て以上共同住宅,駐車（輪）場,10歳代,中学生,施錠せず
窃盗,自転車盗,板橋,養育院前交番,131199,東京都,板橋区,氷川町,2020-11-06,13,その他の住宅（３階建て以下共同住宅等）,駐車（輪）場,70歳以上,その他,施錠せず
窃盗,自転車盗,板橋,大山町交番,131199,東京都,板橋区,大山金井町,2020-05-31,07,一戸建住宅,その他,50歳代,その他,施錠せず
窃盗,自転車盗,板橋,大山町交番,131199,東京都,板橋区,大山金井町,2020-12-02,20,その他の住宅（３階建て以下共同住宅等）,その他,30歳代,その他,施錠せず
窃盗,自転車盗,板橋,大山町交番,131199,東京都,板橋区,大山西町,2018-03-01,不明,４階建て以上共同住宅,駐車（輪）場,20歳代,その他,施錠せず
窃盗,自転車盗,板橋,大山町交番,131199,東京都,板橋区,大山西町,2019-12-15,01,道路上,その他,50歳代,その他,施錠せず
窃盗,自転車盗,板橋,大山町交番,131199,東京都,板橋区,大山西町,2020-01-25,19,一戸建住宅,その他,30歳代,その他,施錠せず
窃盗,自転車盗,板橋,大山町交番,131199,東京都,板橋区,大山西町,2020-05-04,15,道路上,その他,70歳以上,その他,施錠せず
窃盗,自転車盗,板橋,大山町交番,131199,東京都,板橋区,大山西町,2020-06-01,20,道路上,その他,20歳代,その他,施錠せず
窃盗,自転車盗,板橋,大山町交番,131199,東京都,板橋区,大山西町,2020-08-24,05,その他,駐車（輪）場,70歳以上,その他,施錠せず
窃盗,自転車盗,板橋,大山町交番,131199,東京都,板橋区,大山西町,2020-10-09,15,道路上,その他,20歳代,大学生,施錠せず
窃盗,自転車盗,板橋,大山町交番,131199,東京都,板橋区,大山西町,2020-10-16,22,４階建て以上共同住宅,駐車（輪）場,30歳代,その他,施錠せず
窃盗,自転車盗,板橋,大山町交番,131199,東京都,板橋区,大山町,2020-01-14,19,道路上,その他,10歳代,その他,施錠せず
窃盗,自転車盗,板橋,大山町交番,131199,東京都,板橋区,大山町,2020-01-15,00,道路上,その他,40歳代,その他,施錠せず
窃盗,自転車盗,板橋,大山町交番,131199,東京都,板橋区,大山町,2020-01-29,11,道路上,その他,10歳代,高校生,施錠せず
窃盗,自転車盗,板橋,大山町交番,131199,東京都,板橋区,大山町,2020-03-17,00,道路上,その他,10歳代,中学生,施錠せず
窃盗,自転車盗,板橋,大山町交番,131199,東京都,板橋区,大山町,2020-04-20,10,一戸建住宅,その他,30歳代,その他,施錠せず
窃盗,自転車盗,板橋,大山町交番,131199,東京都,板橋区,大山町,2020-05-24,13,道路上,その他,40歳代,その他,施錠せず
窃盗,自転車盗,板橋,大山町交番,131199,東京都,板橋区,大山町,2020-07-22,22,道路上,その他,40歳代,その他,施錠せず
窃盗,自転車盗,板橋,大山町交番,131199,東京都,板橋区,大山町,2020-07-28,00,道路上,その他,60-64歳,その他,施錠せず
窃盗,自転車盗,板橋,大山町交番,131199,東京都,板橋区,大山町,2020-07-29,23,道路上,その他,20歳代,大学生,施錠せず
窃盗,自転車盗,板橋,大山町交番,131199,東京都,板橋区,大山町,2020-08-02,08,道路上,その他,10歳代,高校生,施錠せず
窃盗,自転車盗,板橋,大山町交番,131199,東京都,板橋区,大山町,2020-09-05,00,道路上,その他,60-64歳,その他,施錠せず
窃盗,自転車盗,板橋,大山町交番,131199,東京都,板橋区,大山町,2020-10-07,13,道路上,その他,40歳代,その他,施錠せず
窃盗,自転車盗,板橋,大山町交番,131199,東京都,板橋区,大山町,2020-10-11,12,道路上,その他,70歳以上,その他,施錠せず
窃盗,自転車盗,板橋,大山町交番,131199,東京都,板橋区,幸町,2020-01-10,12,４階建て以上共同住宅,駐車（輪）場,20歳代,その他,施錠せず
窃盗,自転車盗,板橋,大山町交番,131199,東京都,板橋区,幸町,2020-04-05,19,道路上,その他,30歳代,その他,施錠せず
窃盗,自転車盗,板橋,大山町交番,131199,東京都,板橋区,幸町,2020-10-29,15,道路上,その他,40歳代,その他,施錠せず
窃盗,自転車盗,板橋,大山町交番,131199,東京都,板橋区,向原１丁目,2020-10-26,14,駐車（輪）場,駐車（輪）場,70歳以上,その他,施錠せず
窃盗,自転車盗,板橋,大谷口交番,131199,東京都,板橋区,大谷口１丁目,2020-09-20,22,一戸建住宅,その他,30歳代,その他,施錠せず
窃盗,自転車盗,板橋,大谷口交番,131199,東京都,板橋区,大谷口１丁目,2020-10-25,17,４階建て以上共同住宅,駐車（輪）場,20歳代,その他,施錠せず
窃盗,自転車盗,板橋,大谷口交番,131199,東京都,板橋区,大谷口２丁目,2019-12-14,18,道路上,その他,30歳代,その他,施錠せず
窃盗,自転車盗,板橋,大谷口交番,131199,東京都,板橋区,大谷口２丁目,2020-02-27,13,一戸建住宅,その他,10歳代,高校生,施錠せず
窃盗,自転車盗,板橋,大谷口交番,131199,東京都,板橋区,大谷口２丁目,2020-04-02,22,その他の住宅（３階建て以下共同住宅等）,駐車（輪）場,20歳代,その他,施錠せず
窃盗,自転車盗,板橋,大谷口交番,131199,東京都,板橋区,大谷口上町,2020-01-20,16,その他,駐車（輪）場,20歳代,その他,施錠せず
窃盗,自転車盗,板橋,大谷口交番,131199,東京都,板橋区,大谷口上町,2020-02-15,10,その他,駐車（輪）場,30歳代,その他,施錠せず
窃盗,自転車盗,板橋,大谷口交番,131199,東京都,板橋区,大谷口北町,2020-10-21,16,４階建て以上共同住宅,駐車（輪）場,10歳代,小学生,施錠せず
窃盗,自転車盗,板橋,大谷口交番,131199,東京都,板橋区,幸町,2020-02-14,20,４階建て以上共同住宅,駐車（輪）場,40歳代,その他,施錠せず
窃盗,自転車盗,板橋,大谷口交番,131199,東京都,板橋区,向原１丁目,2020-08-09,22,その他の住宅（３階建て以下共同住宅等）,駐車（輪）場,40歳代,その他,施錠せず
窃盗,自転車盗,板橋,茂呂交番,131199,東京都,板橋区,小茂根１丁目,2020-09-10,14,その他の住宅（３階建て以下共同住宅等）,駐車（輪）場,20歳代,大学生,施錠せず
窃盗,自転車盗,板橋,茂呂交番,131199,東京都,板橋区,小茂根１丁目,2020-11-29,15,道路上,その他,20歳代,その他,施錠せず
窃盗,自転車盗,板橋,茂呂交番,131199,東京都,板橋区,小茂根２丁目,2019-10-21,20,道路上,その他,10歳代,高校生,施錠せず
窃盗,自転車盗,板橋,茂呂交番,131199,東京都,板橋区,小茂根２丁目,2019-12-29,23,その他の住宅（３階建て以下共同住宅等）,駐車（輪）場,30歳代,その他,施錠せず
窃盗,自転車盗,板橋,茂呂交番,131199,東京都,板橋区,小茂根２丁目,2020-03-25,13,４階建て以上共同住宅,駐車（輪）場,30歳代,その他,施錠せず
窃盗,自転車盗,板橋,茂呂交番,131199,東京都,板橋区,小茂根３丁目,2019-12-28,19,その他,駐車（輪）場,20歳代,大学生,施錠せず
窃盗,自転車盗,板橋,茂呂交番,131199,東京都,板橋区,小茂根３丁目,2020-05-02,13,４階建て以上共同住宅,駐車（輪）場,20歳代,その他,施錠せず
窃盗,自転車盗,板橋,茂呂交番,131199,東京都,板橋区,小茂根４丁目,2020-02-29,21,その他,駐車（輪）場,20歳代,大学生,施錠せず
窃盗,自転車盗,板橋,茂呂交番,131199,東京都,板橋区,小茂根４丁目,2020-03-03,20,その他の住宅（３階建て以下共同住宅等）,駐車（輪）場,20歳代,その他,施錠せず
窃盗,自転車盗,板橋,茂呂交番,131199,東京都,板橋区,小茂根４丁目,2020-08-30,02,４階建て以上共同住宅,駐車（輪）場,20歳代,その他,施錠せず
窃盗,自転車盗,板橋,茂呂交番,131199,東京都,板橋区,小茂根４丁目,2020-11-20,13,その他の住宅（３階建て以下共同住宅等）,駐車（輪）場,20歳代,大学生,施錠せず
窃盗,自転車盗,板橋,茂呂交番,131199,東京都,板橋区,向原２丁目,2020-08-25,06,駐車（輪）場,駐車（輪）場,40歳代,その他,施錠せず
窃盗,自転車盗,板橋,茂呂交番,131199,東京都,板橋区,向原２丁目,2020-10-18,15,４階建て以上共同住宅,その他,20歳代,その他,施錠せず
窃盗,自転車盗,板橋,茂呂交番,131199,東京都,板橋区,向原２丁目,2020-10-20,23,道路上,その他,40歳代,その他,施錠せず
窃盗,自転車盗,板橋,東山町交番,131199,東京都,板橋区,大谷口上町,2020-10-23,22,４階建て以上共同住宅,駐車（輪）場,30歳代,その他,施錠せず
窃盗,自転車盗,板橋,東山町交番,131199,東京都,板橋区,大谷口北町,2020-07-10,21,その他の住宅（３階建て以下共同住宅等）,駐車（輪）場,50歳代,その他,施錠せず
窃盗,自転車盗,板橋,東山町交番,131199,東京都,板橋区,大谷口北町,2020-11-17,02,４階建て以上共同住宅,その他,65-69歳,その他,施錠せず
窃盗,自転車盗,板橋,東山町交番,131199,東京都,板橋区,小茂根２丁目,2020-11-06,23,道路上,その他,30歳代,その他,施錠せず
窃盗,自転車盗,板橋,東山町交番,131199,東京都,板橋区,東新町１丁目,2020-03-21,12,その他,駐車（輪）場,50歳代,その他,施錠せず
窃盗,自転車盗,板橋,東山町交番,131199,東京都,板橋区,東新町１丁目,2020-06-15,12,その他,駐車（輪）場,10歳代,高校生,施錠せず
窃盗,自転車盗,板橋,東山町交番,131199,東京都,板橋区,東新町２丁目,2020-05-25,17,４階建て以上共同住宅,駐車（輪）場,30歳代,その他,施錠せず
窃盗,自転車盗,板橋,東山町交番,131199,東京都,板橋区,東新町２丁目,2020-08-08,18,その他の住宅（３階建て以下共同住宅等）,その他,30歳代,その他,施錠せず
窃盗,自転車盗,板橋,東山町交番,131199,東京都,板橋区,東新町２丁目,2020-08-18,09,道路上,その他,65-69歳,その他,施錠せず
窃盗,自転車盗,板橋,東山町交番,131199,東京都,板橋区,東新町２丁目,2020-10-03,12,一戸建住宅,その他,70歳以上,その他,施錠せず
窃盗,自転車盗,板橋,東山町交番,131199,東京都,板橋区,東新町２丁目,2020-11-15,19,４階建て以上共同住宅,駐車（輪）場,65-69歳,その他,施錠せず
窃盗,自転車盗,板橋,東山町交番,131199,東京都,板橋区,東新町２丁目,2020-11-18,16,その他,駐車（輪）場,20歳代,その他,施錠せず
窃盗,自転車盗,板橋,東山町交番,131199,東京都,板橋区,東山町,2020-08-15,22,道路上,その他,20歳代,その他,施錠せず
窃盗,自転車盗,板橋,東山町交番,131199,東京都,板橋区,東山町,2020-09-05,12,道路上,その他,10歳代,高校生,施錠せず
窃盗,自転車盗,板橋,東山町交番,131199,東京都,板橋区,東山町,2020-11-30,18,４階建て以上共同住宅,駐車（輪）場,20歳代,その他,施錠せず
窃盗,自転車盗,板橋,東山町交番,131199,東京都,板橋区,南常盤台１丁目,2019-12-31,21,４階建て以上共同住宅,駐車（輪）場,10歳代,大学生,施錠せず
窃盗,自転車盗,板橋,東山町交番,131199,東京都,板橋区,南常盤台１丁目,2020-06-09,16,道路上,その他,50歳代,その他,施錠せず
窃盗,自転車盗,板橋,東山町交番,131199,東京都,板橋区,弥生町,2020-12-02,22,４階建て以上共同住宅,駐車（輪）場,10歳代,高校生,施錠せず
窃盗,自転車盗,板橋,東山町交番,131199,東京都,板橋区,弥生町,2020-12-07,16,道路上,その他,50歳代,その他,施錠せず
窃盗,自転車盗,板橋,中板橋交番,131199,東京都,板橋区,中板橋,2020-03-20,17,道路上,その他,20歳代,大学生,施錠せず
窃盗,自転車盗,板橋,中板橋交番,131199,東京都,板橋区,中板橋,2020-07-26,20,４階建て以上共同住宅,駐車（輪）場,65-69歳,その他,施錠せず
窃盗,自転車盗,板橋,中板橋交番,131199,東京都,板橋区,中板橋,2020-08-25,11,道路上,その他,10歳代,高校生,施錠せず
窃盗,自転車盗,板橋,中板橋交番,131199,東京都,板橋区,中板橋,2020-10-08,19,道路上,その他,70歳以上,その他,施錠せず
窃盗,自転車盗,板橋,中板橋交番,131199,東京都,板橋区,中板橋,2020-11-06,11,道路上,その他,60-64歳,その他,施錠せず
窃盗,自転車盗,板橋,中板橋交番,131199,東京都,板橋区,双葉町,2020-02-28,19,道路上,その他,30歳代,その他,施錠せず
窃盗,自転車盗,板橋,中板橋交番,131199,東京都,板橋区,双葉町,2020-04-02,20,道路上,その他,30歳代,その他,施錠せず
窃盗,自転車盗,板橋,中板橋交番,131199,東京都,板橋区,双葉町,2020-07-02,09,４階建て以上共同住宅,その他,50歳代,その他,施錠せず
窃盗,自転車盗,板橋,中板橋交番,131199,東京都,板橋区,弥生町,2020-03-18,00,道路上,その他,20歳代,その他,施錠せず
窃盗,自転車盗,板橋,中板橋交番,131199,東京都,板橋区,弥生町,2020-07-31,18,４階建て以上共同住宅,駐車（輪）場,30歳代,その他,施錠せず
窃盗,自転車盗,板橋,中板橋交番,131199,東京都,板橋区,弥生町,2020-08-17,20,一戸建住宅,その他,30歳代,その他,施錠せず
窃盗,自転車盗,板橋,富士見交番,131199,東京都,板橋区,富士見町,2019-12-30,22,４階建て以上共同住宅,駐車（輪）場,50歳代,その他,施錠せず
窃盗,自転車盗,板橋,富士見交番,131199,東京都,板橋区,富士見町,2020-02-22,16,道路上,その他,30歳代,その他,施錠せず
窃盗,自転車盗,板橋,富士見交番,131199,東京都,板橋区,富士見町,2020-03-17,10,その他の住宅（３階建て以下共同住宅等）,その他,10歳代,中学生,施錠せず
窃盗,自転車盗,板橋,富士見交番,131199,東京都,板橋区,富士見町,2020-05-12,12,駐車（輪）場,駐車（輪）場,50歳代,その他,施錠せず
窃盗,自転車盗,板橋,富士見交番,131199,東京都,板橋区,富士見町,2020-11-22,16,一戸建住宅,駐車（輪）場,30歳代,その他,施錠せず
窃盗,自転車盗,板橋,富士見交番,131199,東京都,板橋区,富士見町,2020-11-30,16,その他の住宅（３階建て以下共同住宅等）,駐車（輪）場,65-69歳,その他,施錠せず
窃盗,自転車盗,板橋,富士見交番,131199,東京都,板橋区,双葉町,2020-03-01,19,４階建て以上共同住宅,駐車（輪）場,10歳代,中学生,施錠せず
窃盗,自転車盗,板橋,富士見交番,131199,東京都,板橋区,双葉町,2020-03-01,19,４階建て以上共同住宅,駐車（輪）場,40歳代,その他,施錠せず
窃盗,自転車盗,板橋,常盤台交番,131199,東京都,板橋区,常盤台１丁目,2020-01-26,14,道路上,その他,50歳代,その他,施錠せず
窃盗,自転車盗,板橋,常盤台交番,131199,東京都,板橋区,常盤台１丁目,2020-02-19,19,道路上,その他,10歳代,小学生,施錠せず
窃盗,自転車盗,板橋,常盤台交番,131199,東京都,板橋区,常盤台１丁目,2020-03-21,09,その他の住宅（３階建て以下共同住宅等）,駐車（輪）場,70歳以上,その他,施錠せず
窃盗,自転車盗,板橋,常盤台交番,131199,東京都,板橋区,常盤台１丁目,2020-05-06,02,道路上,その他,20歳代,その他,施錠せず
窃盗,自転車盗,板橋,常盤台交番,131199,東京都,板橋区,常盤台１丁目,2020-06-04,11,道路上,その他,20歳代,その他,施錠せず
窃盗,自転車盗,板橋,常盤台交番,131199,東京都,板橋区,常盤台１丁目,2020-09-06,17,その他,駐車（輪）場,20歳代,その他,施錠せず
窃盗,自転車盗,板橋,常盤台交番,131199,東京都,板橋区,常盤台１丁目,2020-11-07,16,道路上,その他,50歳代,その他,施錠せず
窃盗,自転車盗,板橋,常盤台交番,131199,東京都,板橋区,常盤台２丁目,2019-12-18,17,道路上,その他,40歳代,その他,施錠せず
窃盗,自転車盗,板橋,常盤台交番,131199,東京都,板橋区,常盤台２丁目,2020-01-11,17,道路上,その他,20歳代,大学生,施錠せず
窃盗,自転車盗,板橋,常盤台交番,131199,東京都,板橋区,常盤台２丁目,2020-02-01,23,道路上,その他,20歳代,大学生,施錠せず
窃盗,自転車盗,板橋,常盤台交番,131199,東京都,板橋区,常盤台２丁目,2020-07-09,17,４階建て以上共同住宅,その他,10歳代,小学生,施錠せず
窃盗,自転車盗,板橋,常盤台交番,131199,東京都,板橋区,常盤台２丁目,2020-08-19,18,その他,その他,30歳代,その他,施錠せず
窃盗,自転車盗,板橋,常盤台交番,131199,東京都,板橋区,常盤台２丁目,2020-08-25,20,道路上,その他,10歳代,中学生,施錠せず
窃盗,自転車盗,板橋,常盤台交番,131199,東京都,板橋区,常盤台２丁目,2020-09-29,00,その他,駐車（輪）場,30歳代,その他,施錠せず
窃盗,自転車盗,板橋,常盤台交番,131199,東京都,板橋区,常盤台２丁目,2020-10-12,22,道路上,その他,30歳代,その他,施錠せず
窃盗,自転車盗,板橋,常盤台交番,131199,東京都,板橋区,常盤台２丁目,2020-11-15,12,その他,駐車（輪）場,20歳代,大学生,施錠せず
窃盗,自転車盗,板橋,常盤台交番,131199,東京都,板橋区,常盤台３丁目,2020-06-25,16,その他,駐車（輪）場,10歳代,中学生,施錠せず
窃盗,自転車盗,板橋,常盤台交番,131199,東京都,板橋区,常盤台３丁目,2020-07-11,18,一戸建住宅,その他,40歳代,その他,施錠せず
窃盗,自転車盗,板橋,常盤台交番,131199,東京都,板橋区,常盤台３丁目,2020-07-20,22,その他の住宅（３階建て以下共同住宅等）,駐車（輪）場,30歳代,その他,施錠せず
窃盗,自転車盗,板橋,常盤台交番,131199,東京都,板橋区,常盤台３丁目,2020-08-10,12,その他,駐車（輪）場,70歳以上,その他,施錠せず
窃盗,自転車盗,板橋,常盤台交番,131199,東京都,板橋区,南常盤台１丁目,2020-07-16,17,４階建て以上共同住宅,駐車（輪）場,60-64歳,その他,施錠せず
窃盗,自転車盗,板橋,常盤台交番,131199,東京都,板橋区,南常盤台１丁目,2020-08-03,11,４階建て以上共同住宅,駐車（輪）場,20歳代,その他,施錠せず
窃盗,自転車盗,板橋,常盤台交番,131199,東京都,板橋区,南常盤台１丁目,2020-08-30,18,道路上,その他,70歳以上,その他,施錠せず
窃盗,自転車盗,板橋,常盤台交番,131199,東京都,板橋区,南常盤台１丁目,2020-09-29,07,その他の住宅（３階建て以下共同住宅等）,その他,70歳以上,その他,施錠せず
窃盗,自転車盗,板橋,上板橋駅前交番,131199,東京都,板橋区,上板橋１丁目,2020-01-13,16,４階建て以上共同住宅,駐車（輪）場,50歳代,その他,施錠せず
窃盗,自転車盗,板橋,上板橋駅前交番,131199,東京都,板橋区,上板橋１丁目,2020-03-03,17,道路上,その他,30歳代,その他,施錠せず
窃盗,自転車盗,板橋,上板橋駅前交番,131199,東京都,板橋区,上板橋１丁目,2020-08-04,11,その他の住宅（３階建て以下共同住宅等）,その他,70歳以上,その他,施錠せず
窃盗,自転車盗,板橋,上板橋駅前交番,131199,東京都,板橋区,上板橋１丁目,2020-08-15,14,その他,駐車（輪）場,30歳代,その他,施錠せず
窃盗,自転車盗,板橋,上板橋駅前交番,131199,東京都,板橋区,上板橋１丁目,2020-09-07,05,その他の住宅（３階建て以下共同住宅等）,その他,65-69歳,その他,施錠せず
窃盗,自転車盗,板橋,上板橋駅前交番,131199,東京都,板橋区,上板橋２丁目,2020-02-01,10,道路上,その他,20歳代,その他,施錠せず
窃盗,自転車盗,板橋,上板橋駅前交番,131199,東京都,板橋区,上板橋２丁目,2020-07-01,23,その他,駐車（輪）場,50歳代,その他,施錠せず
窃盗,自転車盗,板橋,上板橋駅前交番,131199,東京都,板橋区,上板橋２丁目,2020-07-21,16,道路上,その他,70歳以上,その他,施錠せず
窃盗,自転車盗,板橋,上板橋駅前交番,131199,東京都,板橋区,上板橋２丁目,2020-10-11,10,駐車（輪）場,駐車（輪）場,20歳代,大学生,施錠せず
窃盗,自転車盗,板橋,上板橋駅前交番,131199,東京都,板橋区,上板橋２丁目,2020-12-15,08,駐車（輪）場,駐車（輪）場,20歳代,その他,施錠せず
窃盗,自転車盗,板橋,上板橋駅前交番,131199,東京都,板橋区,上板橋３丁目,2019-12-14,19,道路上,その他,30歳代,その他,施錠せず
窃盗,自転車盗,板橋,上板橋駅前交番,131199,東京都,板橋区,上板橋３丁目,2020-03-19,18,その他の住宅（３階建て以下共同住宅等）,駐車（輪）場,30歳代,その他,施錠せず
窃盗,自転車盗,板橋,上板橋駅前交番,131199,東京都,板橋区,上板橋３丁目,2020-07-27,23,４階建て以上共同住宅,駐車（輪）場,70歳以上,その他,施錠せず
窃盗,自転車盗,板橋,上板橋駅前交番,131199,東京都,板橋区,上板橋３丁目,2020-10-13,08,駐車（輪）場,駐車（輪）場,30歳代,その他,施錠せず
窃盗,自転車盗,板橋,上板橋駅前交番,131199,東京都,板橋区,上板橋３丁目,2020-10-21,04,４階建て以上共同住宅,その他,30歳代,その他,施錠せず
窃盗,自転車盗,板橋,上板橋駅前交番,131199,東京都,板橋区,上板橋３丁目,2020-10-21,09,４階建て以上共同住宅,駐車（輪）場,40歳代,その他,施錠せず
窃盗,自転車盗,板橋,上板橋駅前交番,131199,東京都,板橋区,東新町１丁目,2019-11-11,不明,その他,駐車（輪）場,20歳代,その他,施錠せず
窃盗,自転車盗,板橋,上板橋駅前交番,131199,東京都,板橋区,東新町１丁目,2020-04-23,01,道路上,その他,30歳代,その他,施錠せず
窃盗,自転車盗,板橋,上板橋駅前交番,131199,東京都,板橋区,東新町１丁目,2020-09-12,03,道路上,その他,法人・団体、被害者なし,法人・団体、被害者なし,施錠せず
窃盗,自転車盗,板橋,上板橋駅前交番,131199,東京都,板橋区,東新町１丁目,2020-11-01,不明,４階建て以上共同住宅,駐車（輪）場,20歳代,その他,施錠せず
窃盗,自転車盗,板橋,上板橋駅前交番,131199,東京都,板橋区,常盤台４丁目,2019-12-28,17,その他,駐車（輪）場,40歳代,その他,施錠せず
窃盗,自転車盗,板橋,上板橋駅前交番,131199,東京都,板橋区,常盤台４丁目,2020-01-31,23,４階建て以上共同住宅,駐車（輪）場,30歳代,その他,施錠せず
窃盗,自転車盗,板橋,上板橋駅前交番,131199,東京都,板橋区,常盤台４丁目,2020-03-18,17,その他,駐車（輪）場,10歳代,小学生,施錠せず
窃盗,自転車盗,板橋,上板橋駅前交番,131199,東京都,板橋区,常盤台４丁目,2020-05-24,05,道路上,その他,10歳代,高校生,施錠せず
窃盗,自転車盗,板橋,上板橋駅前交番,131199,東京都,板橋区,常盤台４丁目,2020-06-12,21,４階建て以上共同住宅,駐車（輪）場,10歳代,高校生,施錠せず
窃盗,自転車盗,板橋,上板橋駅前交番,131199,東京都,板橋区,常盤台４丁目,2020-06-17,04,道路上,その他,20歳代,大学生,施錠せず
窃盗,自転車盗,板橋,上板橋駅前交番,131199,東京都,板橋区,常盤台４丁目,2020-07-02,11,道路上,その他,30歳代,その他,施錠せず
窃盗,自転車盗,板橋,上板橋駅前交番,131199,東京都,板橋区,常盤台４丁目,2020-08-09,19,その他,駐車（輪）場,10歳代,高校生,施錠せず
窃盗,自転車盗,板橋,上板橋駅前交番,131199,東京都,板橋区,常盤台４丁目,2020-12-02,18,その他,駐車（輪）場,50歳代,その他,施錠せず
窃盗,自転車盗,板橋,桜川三丁目駐在所,131199,東京都,板橋区,桜川１丁目,2020-08-05,18,その他,駐車（輪）場,10歳代,大学生,施錠せず
窃盗,自転車盗,板橋,桜川三丁目駐在所,131199,東京都,板橋区,桜川２丁目,2020-08-16,09,一戸建住宅,駐車（輪）場,40歳代,その他,施錠せず
窃盗,自転車盗,板橋,桜川三丁目駐在所,131199,東京都,板橋区,桜川２丁目,2020-10-07,19,４階建て以上共同住宅,駐車（輪）場,50歳代,その他,施錠せず
窃盗,自転車盗,板橋,桜川三丁目駐在所,131199,東京都,板橋区,桜川２丁目,2020-10-14,12,４階建て以上共同住宅,駐車（輪）場,10歳代,高校生,施錠せず
窃盗,自転車盗,板橋,桜川三丁目駐在所,131199,東京都,板橋区,桜川２丁目,2020-11-26,01,駐車（輪）場,駐車（輪）場,30歳代,その他,施錠せず
窃盗,自転車盗,板橋,桜川三丁目駐在所,131199,東京都,板橋区,桜川３丁目,2020-02-11,20,一戸建住宅,その他,40歳代,その他,施錠せず
窃盗,自転車盗,板橋,桜川三丁目駐在所,131199,東京都,板橋区,桜川３丁目,2020-08-21,09,その他,駐車（輪）場,70歳以上,その他,施錠せず
窃盗,自転車盗,板橋,桜川三丁目駐在所,131199,東京都,板橋区,桜川３丁目,2020-10-15,16,その他,駐車（輪）場,60-64歳,その他,施錠せず
窃盗,自転車盗,板橋,桜川三丁目駐在所,131199,東京都,板橋区,東新町２丁目,2020-01-21,09,その他の住宅（３階建て以下共同住宅等）,駐車（輪）場,40歳代,その他,施錠せず
窃盗,自転車盗,板橋,桜川三丁目駐在所,131199,東京都,板橋区,東新町２丁目,2020-12-17,06,４階建て以上共同住宅,駐車（輪）場,20歳代,その他,施錠せず
窃盗,自転車盗,志村,清水町交番,131199,東京都,板橋区,小豆沢１丁目,2020-01-11,20,駐車（輪）場,駐車（輪）場,40歳代,その他,施錠せず
窃盗,自転車盗,志村,清水町交番,131199,東京都,板橋区,泉町,2020-03-28,09,一戸建住宅,その他,10歳代,大学生,施錠せず
窃盗,自転車盗,志村,清水町交番,131199,東京都,板橋区,泉町,2020-06-13,17,その他の住宅（３階建て以下共同住宅等）,駐車（輪）場,20歳代,その他,施錠せず
窃盗,自転車盗,志村,清水町交番,131199,東京都,板橋区,泉町,2020-10-17,04,その他,その他,70歳以上,その他,施錠せず
窃盗,自転車盗,志村,清水町交番,131199,東京都,板橋区,泉町,2020-10-22,23,道路上,その他,20歳代,その他,施錠せず
窃盗,自転車盗,志村,清水町交番,131199,東京都,板橋区,大原町,2020-02-04,17,４階建て以上共同住宅,駐車（輪）場,10歳代,小学生,施錠せず
窃盗,自転車盗,志村,清水町交番,131199,東京都,板橋区,大原町,2020-09-09,11,４階建て以上共同住宅,駐車（輪）場,20歳代,その他,施錠せず
窃盗,自転車盗,志村,清水町交番,131199,東京都,板橋区,清水町,2020-03-11,不明,道路上,その他,40歳代,その他,施錠せず
窃盗,自転車盗,志村,清水町交番,131199,東京都,板橋区,宮本町,2020-01-04,16,４階建て以上共同住宅,駐車（輪）場,40歳代,その他,施錠せず
窃盗,自転車盗,志村,清水町交番,131199,東京都,板橋区,宮本町,2020-02-17,20,４階建て以上共同住宅,駐車（輪）場,10歳代,中学生,施錠せず
窃盗,自転車盗,志村,清水町交番,131199,東京都,板橋区,宮本町,2020-02-20,00,４階建て以上共同住宅,駐車（輪）場,50歳代,その他,施錠せず
窃盗,自転車盗,志村,清水町交番,131199,東京都,板橋区,宮本町,2020-06-27,19,その他の住宅（３階建て以下共同住宅等）,駐車（輪）場,40歳代,その他,施錠せず
窃盗,自転車盗,志村,小豆沢交番,131199,東京都,板橋区,小豆沢１丁目,2019-04-10,不明,４階建て以上共同住宅,駐車（輪）場,65-69歳,その他,施錠せず
窃盗,自転車盗,志村,小豆沢交番,131199,東京都,板橋区,小豆沢１丁目,2020-09-01,12,４階建て以上共同住宅,その他,40歳代,その他,施錠せず
窃盗,自転車盗,志村,小豆沢交番,131199,東京都,板橋区,小豆沢１丁目,2020-09-13,17,４階建て以上共同住宅,駐車（輪）場,10歳未満,小学生,施錠せず
窃盗,自転車盗,志村,小豆沢交番,131199,東京都,板橋区,小豆沢２丁目,2019-12-01,23,道路上,その他,10歳代,大学生,施錠せず
窃盗,自転車盗,志村,小豆沢交番,131199,東京都,板橋区,小豆沢２丁目,2020-06-27,12,その他,駐車（輪）場,20歳代,その他,施錠せず
窃盗,自転車盗,志村,小豆沢交番,131199,東京都,板橋区,小豆沢２丁目,2020-11-06,13,４階建て以上共同住宅,駐車（輪）場,40歳代,その他,施錠せず
窃盗,自転車盗,志村,小豆沢交番,131199,東京都,板橋区,小豆沢３丁目,2020-07-05,21,その他,駐車（輪）場,10歳代,高校生,施錠せず
窃盗,自転車盗,志村,小豆沢交番,131199,東京都,板橋区,小豆沢３丁目,2020-07-13,01,４階建て以上共同住宅,その他,30歳代,その他,施錠せず
窃盗,自転車盗,志村,小豆沢交番,131199,東京都,板橋区,小豆沢４丁目,2020-02-13,12,４階建て以上共同住宅,その他,70歳以上,その他,施錠せず
窃盗,自転車盗,志村,小豆沢交番,131199,東京都,板橋区,小豆沢４丁目,2020-12-16,18,４階建て以上共同住宅,その他,20歳代,その他,施錠せず
窃盗,自転車盗,志村,小豆沢交番,131199,東京都,板橋区,志村１丁目,2020-09-10,23,その他,駐車（輪）場,20歳代,その他,施錠せず
窃盗,自転車盗,志村,坂上交番,131199,東京都,板橋区,小豆沢２丁目,2020-08-07,08,その他,その他,20歳代,その他,施錠せず
窃盗,自転車盗,志村,坂上交番,131199,東京都,板橋区,坂下１丁目,2020-07-14,07,４階建て以上共同住宅,駐車（輪）場,30歳代,その他,施錠せず
窃盗,自転車盗,志村,坂上交番,131199,東京都,板橋区,坂下１丁目,2020-08-02,22,その他の住宅（３階建て以下共同住宅等）,駐車（輪）場,50歳代,その他,施錠せず
窃盗,自転車盗,志村,坂上交番,131199,東京都,板橋区,坂下１丁目,2020-09-04,07,４階建て以上共同住宅,駐車（輪）場,40歳代,その他,施錠せず
窃盗,自転車盗,志村,坂上交番,131199,東京都,板橋区,志村１丁目,2020-04-07,19,４階建て以上共同住宅,駐車（輪）場,20歳代,その他,施錠せず
窃盗,自転車盗,志村,坂上交番,131199,東京都,板橋区,志村１丁目,2020-07-22,23,その他の住宅（３階建て以下共同住宅等）,その他,20歳代,その他,施錠せず
窃盗,自転車盗,志村,坂上交番,131199,東京都,板橋区,志村２丁目,2020-09-19,17,道路上,その他,10歳代,大学生,施錠せず
窃盗,自転車盗,志村,坂上交番,131199,東京都,板橋区,志村３丁目,2020-01-08,12,その他,駐車（輪）場,10歳代,その他,施錠せず
窃盗,自転車盗,志村,坂上交番,131199,東京都,板橋区,東坂下１丁目,2020-08-06,12,道路上,その他,70歳以上,その他,施錠せず
窃盗,自転車盗,志村,坂上交番,131199,東京都,板橋区,東坂下１丁目,2020-11-12,20,４階建て以上共同住宅,駐車（輪）場,30歳代,その他,施錠せず
窃盗,自転車盗,志村,坂下交番,131199,東京都,板橋区,坂下２丁目,2020-02-29,15,４階建て以上共同住宅,その他,40歳代,その他,施錠せず
窃盗,自転車盗,志村,坂下交番,131199,東京都,板橋区,坂下２丁目,2020-06-14,10,４階建て以上共同住宅,駐車（輪）場,70歳以上,その他,施錠せず
窃盗,自転車盗,志村,坂下交番,131199,東京都,板橋区,坂下２丁目,2020-09-20,22,一戸建住宅,その他,50歳代,その他,施錠せず
窃盗,自転車盗,志村,坂下交番,131199,東京都,板橋区,坂下３丁目,2020-01-18,14,４階建て以上共同住宅,駐車（輪）場,40歳代,その他,施錠せず
窃盗,自転車盗,志村,坂下交番,131199,東京都,板橋区,坂下３丁目,2020-01-25,18,４階建て以上共同住宅,駐車（輪）場,50歳代,その他,施錠せず
窃盗,自転車盗,志村,坂下交番,131199,東京都,板橋区,坂下３丁目,2020-08-09,15,４階建て以上共同住宅,その他,10歳未満,小学生,施錠せず
窃盗,自転車盗,志村,坂下交番,131199,東京都,板橋区,坂下３丁目,2020-09-20,09,その他の住宅（３階建て以下共同住宅等）,駐車（輪）場,40歳代,その他,施錠せず
窃盗,自転車盗,志村,坂下交番,131199,東京都,板橋区,坂下３丁目,2020-10-16,06,一戸建住宅,駐車（輪）場,65-69歳,その他,施錠せず
窃盗,自転車盗,志村,坂下交番,131199,東京都,板橋区,坂下３丁目,2020-10-23,05,４階建て以上共同住宅,駐車（輪）場,50歳代,その他,施錠せず
窃盗,自転車盗,志村,坂下交番,131199,東京都,板橋区,東坂下２丁目,2020-07-11,10,道路上,その他,20歳代,その他,施錠せず
窃盗,自転車盗,志村,坂下交番,131199,東京都,板橋区,東坂下２丁目,2020-10-06,08,その他,駐車（輪）場,30歳代,その他,施錠せず
窃盗,自転車盗,志村,坂下交番,131199,東京都,板橋区,舟渡１丁目,2020-07-20,00,４階建て以上共同住宅,その他,20歳代,大学生,施錠せず
窃盗,自転車盗,志村,坂下交番,131199,東京都,板橋区,舟渡１丁目,2020-07-28,15,４階建て以上共同住宅,駐車（輪）場,20歳代,大学生,施錠せず
窃盗,自転車盗,志村,坂下交番,131199,東京都,板橋区,舟渡２丁目,2020-04-01,00,４階建て以上共同住宅,駐車（輪）場,50歳代,その他,施錠せず
窃盗,自転車盗,志村,坂下交番,131199,東京都,板橋区,舟渡３丁目,2020-02-18,19,道路上,その他,10歳未満,小学生,施錠せず
窃盗,自転車盗,志村,坂下交番,131199,東京都,板橋区,舟渡３丁目,2020-03-13,23,４階建て以上共同住宅,駐車（輪）場,20歳代,その他,施錠せず
窃盗,自転車盗,志村,坂下交番,131199,東京都,板橋区,舟渡３丁目,2020-07-13,07,その他,駐車（輪）場,20歳代,その他,施錠せず
窃盗,自転車盗,志村,坂下交番,131199,東京都,板橋区,舟渡４丁目,2020-03-16,17,道路上,その他,10歳代,中学生,施錠せず
窃盗,自転車盗,志村,蓮根交番,131199,東京都,板橋区,相生町,2020-02-07,17,４階建て以上共同住宅,駐車（輪）場,20歳代,その他,施錠せず
窃盗,自転車盗,志村,蓮根交番,131199,東京都,板橋区,相生町,2020-03-26,17,その他,駐車（輪）場,10歳代,その他,施錠せず
窃盗,自転車盗,志村,蓮根交番,131199,東京都,板橋区,相生町,2020-08-28,19,その他,駐車（輪）場,10歳代,大学生,施錠せず
窃盗,自転車盗,志村,蓮根交番,131199,東京都,板橋区,相生町,2020-09-06,09,その他,駐車（輪）場,10歳代,中学生,施錠せず
窃盗,自転車盗,志村,蓮根交番,131199,東京都,板橋区,相生町,2020-09-20,12,その他,駐車（輪）場,20歳代,その他,施錠せず
窃盗,自転車盗,志村,蓮根交番,131199,東京都,板橋区,坂下１丁目,2020-03-30,07,その他,駐車（輪）場,20歳代,大学生,施錠せず
窃盗,自転車盗,志村,蓮根交番,131199,東京都,板橋区,蓮根１丁目,2019-12-27,15,４階建て以上共同住宅,駐車（輪）場,60-64歳,その他,施錠せず
窃盗,自転車盗,志村,蓮根交番,131199,東京都,板橋区,蓮根１丁目,2020-06-03,19,４階建て以上共同住宅,駐車（輪）場,20歳代,その他,施錠せず
窃盗,自転車盗,志村,蓮根交番,131199,東京都,板橋区,蓮根３丁目,2019-12-12,18,その他,駐車（輪）場,40歳代,その他,施錠せず
窃盗,自転車盗,志村,蓮根交番,131199,東京都,板橋区,蓮根３丁目,2020-01-29,21,その他,駐車（輪）場,20歳代,その他,施錠せず
窃盗,自転車盗,志村,蓮根交番,131199,東京都,板橋区,前野町４丁目,2020-03-21,不明,４階建て以上共同住宅,その他,40歳代,その他,施錠せず
窃盗,自転車盗,志村,前野町交番,131199,東京都,板橋区,前野町１丁目,2019-12-29,12,４階建て以上共同住宅,駐車（輪）場,30歳代,その他,施錠せず
窃盗,自転車盗,志村,前野町交番,131199,東京都,板橋区,前野町１丁目,2020-08-07,18,その他の住宅（３階建て以下共同住宅等）,その他,20歳代,その他,施錠せず
窃盗,自転車盗,志村,前野町交番,131199,東京都,板橋区,前野町２丁目,2019-12-28,13,その他の住宅（３階建て以下共同住宅等）,駐車（輪）場,65-69歳,その他,施錠せず
窃盗,自転車盗,志村,前野町交番,131199,東京都,板橋区,前野町２丁目,2020-01-18,12,４階建て以上共同住宅,駐車（輪）場,30歳代,その他,施錠せず
窃盗,自転車盗,志村,前野町交番,131199,東京都,板橋区,前野町２丁目,2020-01-20,15,道路上,その他,70歳以上,その他,施錠せず
窃盗,自転車盗,志村,前野町交番,131199,東京都,板橋区,前野町２丁目,2020-02-11,07,その他の住宅（３階建て以下共同住宅等）,その他,60-64歳,その他,施錠せず
窃盗,自転車盗,志村,前野町交番,131199,東京都,板橋区,前野町２丁目,2020-02-16,20,４階建て以上共同住宅,その他,20歳代,大学生,施錠せず
窃盗,自転車盗,志村,前野町交番,131199,東京都,板橋区,前野町３丁目,2020-01-28,08,その他,駐車（輪）場,30歳代,その他,施錠せず
窃盗,自転車盗,志村,前野町交番,131199,東京都,板橋区,前野町３丁目,2020-02-01,13,その他の住宅（３階建て以下共同住宅等）,駐車（輪）場,10歳代,小学生,施錠せず
窃盗,自転車盗,志村,前野町交番,131199,東京都,板橋区,前野町３丁目,2020-03-23,20,４階建て以上共同住宅,駐車（輪）場,40歳代,その他,施錠せず
窃盗,自転車盗,志村,前野町交番,131199,東京都,板橋区,前野町３丁目,2020-05-21,16,一戸建住宅,その他,65-69歳,その他,施錠せず
窃盗,自転車盗,志村,前野町交番,131199,東京都,板橋区,前野町３丁目,2020-07-05,14,一戸建住宅,その他,40歳代,その他,施錠せず
窃盗,自転車盗,志村,前野町交番,131199,東京都,板橋区,前野町３丁目,2020-07-29,11,その他,駐車（輪）場,40歳代,その他,施錠せず
窃盗,自転車盗,志村,前野町交番,131199,東京都,板橋区,前野町３丁目,2020-09-15,17,４階建て以上共同住宅,駐車（輪）場,10歳代,高校生,施錠せず
窃盗,自転車盗,志村,前野町交番,131199,東京都,板橋区,前野町４丁目,2019-12-27,06,その他の住宅（３階建て以下共同住宅等）,駐車（輪）場,10歳代,大学生,施錠せず
窃盗,自転車盗,志村,前野町交番,131199,東京都,板橋区,前野町４丁目,2020-03-10,05,４階建て以上共同住宅,駐車（輪）場,10歳代,大学生,施錠せず
窃盗,自転車盗,志村,前野町交番,131199,東京都,板橋区,前野町５丁目,2020-03-11,18,４階建て以上共同住宅,駐車（輪）場,10歳代,中学生,施錠せず
窃盗,自転車盗,志村,前野町交番,131199,東京都,板橋区,前野町５丁目,2020-03-19,17,４階建て以上共同住宅,駐車（輪）場,20歳代,その他,施錠せず
窃盗,自転車盗,志村,前野町交番,131199,東京都,板橋区,前野町６丁目,2020-05-14,19,４階建て以上共同住宅,駐車（輪）場,20歳代,その他,施錠せず
窃盗,自転車盗,志村,前野町交番,131199,東京都,板橋区,前野町６丁目,2020-09-14,05,その他,その他,50歳代,その他,施錠せず
窃盗,自転車盗,志村,前野町交番,131199,東京都,板橋区,前野町６丁目,2020-10-28,17,その他,駐車（輪）場,10歳代,大学生,施錠せず
窃盗,自転車盗,志村,中台交番,131199,東京都,板橋区,中台１丁目,2020-01-08,18,一戸建住宅,その他,10歳代,中学生,施錠せず
窃盗,自転車盗,志村,中台交番,131199,東京都,板橋区,中台１丁目,2020-05-15,07,一戸建住宅,その他,70歳以上,その他,施錠せず
窃盗,自転車盗,志村,中台交番,131199,東京都,板橋区,中台１丁目,2020-07-03,08,一戸建住宅,その他,65-69歳,その他,施錠せず
窃盗,自転車盗,志村,中台交番,131199,東京都,板橋区,中台３丁目,2020-03-26,17,その他,その他,30歳代,その他,施錠せず
窃盗,自転車盗,志村,中台交番,131199,東京都,板橋区,前野町６丁目,2020-01-24,22,一戸建住宅,その他,10歳代,高校生,施錠せず
窃盗,自転車盗,志村,中台交番,131199,東京都,板橋区,前野町６丁目,2020-02-28,16,４階建て以上共同住宅,駐車（輪）場,10歳代,中学生,施錠せず
窃盗,自転車盗,志村,中台交番,131199,東京都,板橋区,前野町６丁目,2020-03-26,20,４階建て以上共同住宅,その他,20歳代,その他,施錠せず
窃盗,自転車盗,志村,中台交番,131199,東京都,板橋区,前野町６丁目,2020-04-13,22,その他の住宅（３階建て以下共同住宅等）,その他,20歳代,その他,施錠せず
窃盗,自転車盗,志村,中台交番,131199,東京都,板橋区,前野町６丁目,2020-09-08,19,一戸建住宅,その他,10歳代,小学生,施錠せず
窃盗,自転車盗,志村,中台交番,131199,東京都,板橋区,若木１丁目,2020-08-13,13,４階建て以上共同住宅,駐車（輪）場,40歳代,その他,施錠せず
窃盗,自転車盗,志村,中台交番,131199,東京都,板橋区,若木１丁目,2020-09-23,04,４階建て以上共同住宅,その他,40歳代,その他,施錠せず
窃盗,自転車盗,志村,西台交番,131199,東京都,板橋区,相生町,2020-06-24,13,その他,駐車（輪）場,10歳代,その他,施錠せず
窃盗,自転車盗,志村,西台交番,131199,東京都,板橋区,西台１丁目,2020-05-18,00,道路上,その他,10歳代,高校生,施錠せず
窃盗,自転車盗,志村,西台交番,131199,東京都,板橋区,西台１丁目,2020-06-27,16,４階建て以上共同住宅,駐車（輪）場,30歳代,その他,施錠せず
窃盗,自転車盗,志村,西台交番,131199,東京都,板橋区,西台２丁目,2020-06-21,13,４階建て以上共同住宅,駐車（輪）場,10歳代,中学生,施錠せず
窃盗,自転車盗,志村,西台交番,131199,東京都,板橋区,西台３丁目,2020-02-14,08,道路上,その他,30歳代,その他,施錠せず
窃盗,自転車盗,志村,西台交番,131199,東京都,板橋区,西台３丁目,2020-05-01,19,その他の住宅（３階建て以下共同住宅等）,その他,20歳代,その他,施錠せず
窃盗,自転車盗,志村,西台交番,131199,東京都,板橋区,西台４丁目,2020-05-27,16,４階建て以上共同住宅,駐車（輪）場,50歳代,その他,施錠せず
窃盗,自転車盗,志村,西台交番,131199,東京都,板橋区,西台４丁目,2020-07-20,23,４階建て以上共同住宅,駐車（輪）場,50歳代,その他,施錠せず
窃盗,自転車盗,志村,西台交番,131199,東京都,板橋区,若木２丁目,2020-11-21,18,道路上,その他,10歳代,高校生,施錠せず
窃盗,自転車盗,志村,西台交番,131199,東京都,板橋区,若木３丁目,2020-04-02,18,４階建て以上共同住宅,駐車（輪）場,40歳代,その他,施錠せず
窃盗,自転車盗,志村,中台三丁目交番,131199,東京都,板橋区,中台３丁目,2020-06-06,16,一戸建住宅,その他,20歳代,その他,施錠せず
窃盗,自転車盗,志村,中台三丁目交番,131199,東京都,板橋区,中台３丁目,2020-11-27,18,道路上,その他,10歳代,中学生,施錠せず
窃盗,自転車盗,練馬,貫井交番,131202,東京都,練馬区,向山１丁目,2020-08-01,09,４階建て以上共同住宅,駐車（輪）場,40歳代,その他,施錠せず
窃盗,自転車盗,練馬,貫井交番,131202,東京都,練馬区,向山２丁目,2020-03-12,14,一戸建住宅,駐車（輪）場,20歳代,その他,施錠せず
窃盗,自転車盗,練馬,貫井交番,131202,東京都,練馬区,向山２丁目,2020-09-06,20,その他,駐車（輪）場,10歳代,その他,施錠せず
窃盗,自転車盗,練馬,貫井交番,131202,東京都,練馬区,貫井２丁目,2020-04-06,18,その他の住宅（３階建て以下共同住宅等）,駐車（輪）場,30歳代,その他,施錠せず
窃盗,自転車盗,練馬,貫井交番,131202,東京都,練馬区,貫井４丁目,2020-08-03,22,一戸建住宅,その他,30歳代,その他,施錠せず
窃盗,自転車盗,練馬,貫井交番,131202,東京都,練馬区,貫井５丁目,2020-02-24,19,その他の住宅（３階建て以下共同住宅等）,駐車（輪）場,50歳代,その他,施錠せず
窃盗,自転車盗,練馬,貫井交番,131202,東京都,練馬区,貫井５丁目,2020-07-02,22,その他の住宅（３階建て以下共同住宅等）,駐車（輪）場,30歳代,その他,施錠せず
窃盗,自転車盗,練馬,中村橋交番,131202,東京都,練馬区,春日町３丁目,2020-02-28,19,その他,駐車（輪）場,30歳代,その他,施錠せず
窃盗,自転車盗,練馬,中村橋交番,131202,東京都,練馬区,中村２丁目,2020-05-12,23,４階建て以上共同住宅,その他,30歳代,その他,施錠せず
窃盗,自転車盗,練馬,中村橋交番,131202,東京都,練馬区,中村２丁目,2020-06-15,14,４階建て以上共同住宅,その他,10歳代,小学生,施錠せず
窃盗,自転車盗,練馬,中村橋交番,131202,東京都,練馬区,中村２丁目,2020-09-02,20,４階建て以上共同住宅,駐車（輪）場,50歳代,その他,施錠せず
窃盗,自転車盗,練馬,中村橋交番,131202,東京都,練馬区,中村２丁目,2020-12-09,23,４階建て以上共同住宅,駐車（輪）場,50歳代,その他,施錠せず
窃盗,自転車盗,練馬,中村橋交番,131202,東京都,練馬区,中村３丁目,2020-01-06,08,４階建て以上共同住宅,駐車（輪）場,50歳代,その他,施錠せず
窃盗,自転車盗,練馬,中村橋交番,131202,東京都,練馬区,中村３丁目,2020-02-12,19,道路上,その他,10歳代,中学生,施錠せず
窃盗,自転車盗,練馬,中村橋交番,131202,東京都,練馬区,中村３丁目,2020-06-09,17,道路上,その他,50歳代,その他,施錠せず
窃盗,自転車盗,練馬,中村橋交番,131202,東京都,練馬区,中村３丁目,2020-08-13,20,４階建て以上共同住宅,駐車（輪）場,20歳代,大学生,施錠せず
窃盗,自転車盗,練馬,中村橋交番,131202,東京都,練馬区,中村３丁目,2020-10-03,15,道路上,その他,65-69歳,その他,施錠せず
窃盗,自転車盗,練馬,中村橋交番,131202,東京都,練馬区,中村北２丁目,2020-02-26,10,４階建て以上共同住宅,駐車（輪）場,20歳代,その他,施錠せず
窃盗,自転車盗,練馬,中村橋交番,131202,東京都,練馬区,中村北３丁目,2020-03-08,16,その他の住宅（３階建て以下共同住宅等）,その他,30歳代,その他,施錠せず
窃盗,自転車盗,練馬,中村橋交番,131202,東京都,練馬区,中村北３丁目,2020-07-26,08,道路上,その他,10歳代,中学生,施錠せず
窃盗,自転車盗,練馬,中村橋交番,131202,東京都,練馬区,中村北４丁目,2020-07-09,17,４階建て以上共同住宅,駐車（輪）場,10歳代,中学生,施錠せず
窃盗,自転車盗,練馬,中村橋交番,131202,東京都,練馬区,中村南１丁目,2020-05-12,09,一戸建住宅,駐車（輪）場,30歳代,その他,施錠せず
窃盗,自転車盗,練馬,中村橋交番,131202,東京都,練馬区,中村南２丁目,2019-12-29,17,道路上,その他,70歳以上,その他,施錠せず
窃盗,自転車盗,練馬,中村橋交番,131202,東京都,練馬区,中村南２丁目,2020-09-27,03,道路上,その他,20歳代,その他,施錠せず
窃盗,自転車盗,練馬,中村橋交番,131202,東京都,練馬区,中村南３丁目,2020-03-21,23,一戸建住宅,その他,40歳代,その他,施錠せず
窃盗,自転車盗,練馬,中村橋交番,131202,東京都,練馬区,中村南３丁目,2020-04-06,19,その他,駐車（輪）場,50歳代,その他,施錠せず
窃盗,自転車盗,練馬,豊島園前交番,131202,東京都,練馬区,向山３丁目,2020-01-01,14,その他,駐車（輪）場,10歳代,大学生,施錠せず
窃盗,自転車盗,練馬,豊島園前交番,131202,東京都,練馬区,向山３丁目,2020-01-27,22,一戸建住宅,その他,10歳代,大学生,施錠せず
窃盗,自転車盗,練馬,豊島園前交番,131202,東京都,練馬区,向山３丁目,2020-04-12,21,道路上,その他,10歳代,中学生,施錠せず
窃盗,自転車盗,練馬,豊島園前交番,131202,東京都,練馬区,向山３丁目,2020-08-22,16,その他,駐車（輪）場,20歳代,その他,施錠せず
窃盗,自転車盗,練馬,豊島園前交番,131202,東京都,練馬区,向山３丁目,2020-09-21,18,道路上,その他,20歳代,その他,施錠せず
窃盗,自転車盗,練馬,豊島園前交番,131202,東京都,練馬区,練馬２丁目,2020-02-01,16,道路上,その他,40歳代,その他,施錠せず
窃盗,自転車盗,練馬,豊島園前交番,131202,東京都,練馬区,練馬２丁目,2020-08-25,15,一戸建住宅,その他,30歳代,その他,施錠せず
窃盗,自転車盗,練馬,豊島園前交番,131202,東京都,練馬区,練馬２丁目,2020-10-23,19,４階建て以上共同住宅,その他,30歳代,その他,施錠せず
窃盗,自転車盗,練馬,豊島園前交番,131202,東京都,練馬区,練馬３丁目,2020-08-02,01,その他,駐車（輪）場,20歳代,大学生,施錠せず
窃盗,自転車盗,練馬,豊島園前交番,131202,東京都,練馬区,練馬３丁目,2020-08-09,18,道路上,その他,10歳代,中学生,施錠せず
窃盗,自転車盗,練馬,豊島園前交番,131202,東京都,練馬区,練馬３丁目,2020-08-12,21,４階建て以上共同住宅,駐車（輪）場,30歳代,その他,施錠せず
窃盗,自転車盗,練馬,豊島園前交番,131202,東京都,練馬区,練馬４丁目,2020-03-22,01,道路上,その他,20歳代,その他,施錠せず
窃盗,自転車盗,練馬,豊島園前交番,131202,東京都,練馬区,練馬４丁目,2020-05-02,20,その他の住宅（３階建て以下共同住宅等）,駐車（輪）場,30歳代,その他,施錠せず
窃盗,自転車盗,練馬,豊島園前交番,131202,東京都,練馬区,練馬４丁目,2020-07-30,14,駐車（輪）場,駐車（輪）場,20歳代,その他,施錠せず
窃盗,自転車盗,練馬,練馬駅前交番,131202,東京都,練馬区,豊玉北５丁目,2020-03-16,23,道路上,その他,20歳代,その他,施錠せず
窃盗,自転車盗,練馬,練馬駅前交番,131202,東京都,練馬区,豊玉北５丁目,2020-04-06,00,道路上,その他,20歳代,その他,施錠せず
窃盗,自転車盗,練馬,練馬駅前交番,131202,東京都,練馬区,豊玉北５丁目,2020-08-15,09,４階建て以上共同住宅,その他,10歳代,高校生,施錠せず
窃盗,自転車盗,練馬,練馬駅前交番,131202,東京都,練馬区,豊玉北５丁目,2020-08-28,22,道路上,その他,10歳代,中学生,施錠せず
窃盗,自転車盗,練馬,練馬駅前交番,131202,東京都,練馬区,豊玉北５丁目,2020-09-20,00,道路上,その他,50歳代,その他,施錠せず
窃盗,自転車盗,練馬,練馬駅前交番,131202,東京都,練馬区,豊玉北５丁目,2020-09-28,20,駐車（輪）場,駐車（輪）場,65-69歳,その他,施錠せず
窃盗,自転車盗,練馬,練馬駅前交番,131202,東京都,練馬区,豊玉北５丁目,2020-09-28,21,道路上,その他,40歳代,その他,施錠せず
窃盗,自転車盗,練馬,練馬駅前交番,131202,東京都,練馬区,豊玉北５丁目,2020-10-26,20,その他,その他,10歳代,中学生,施錠せず
窃盗,自転車盗,練馬,練馬駅前交番,131202,東京都,練馬区,豊玉北５丁目,2020-11-30,18,道路上,その他,70歳以上,その他,施錠せず
窃盗,自転車盗,練馬,練馬駅前交番,131202,東京都,練馬区,豊玉北６丁目,2020-05-31,01,４階建て以上共同住宅,駐車（輪）場,30歳代,その他,施錠せず
窃盗,自転車盗,練馬,練馬駅前交番,131202,東京都,練馬区,豊玉北６丁目,2020-07-12,13,一戸建住宅,駐車（輪）場,10歳代,小学生,施錠せず
窃盗,自転車盗,練馬,練馬駅前交番,131202,東京都,練馬区,豊玉北６丁目,2020-08-21,16,４階建て以上共同住宅,駐車（輪）場,10歳代,中学生,施錠せず
窃盗,自転車盗,練馬,練馬駅前交番,131202,東京都,練馬区,豊玉北６丁目,2020-09-14,19,その他,駐車（輪）場,20歳代,大学生,施錠せず
窃盗,自転車盗,練馬,練馬駅前交番,131202,東京都,練馬区,豊玉北６丁目,2020-10-02,13,道路上,その他,50歳代,その他,施錠せず
窃盗,自転車盗,練馬,練馬駅前交番,131202,東京都,練馬区,豊玉北６丁目,2020-11-21,23,その他,駐車（輪）場,20歳代,その他,施錠せず
窃盗,自転車盗,練馬,練馬駅前交番,131202,東京都,練馬区,練馬１丁目,2020-01-14,09,その他,駐車（輪）場,10歳代,大学生,施錠せず
窃盗,自転車盗,練馬,練馬駅前交番,131202,東京都,練馬区,練馬１丁目,2020-06-02,19,その他,駐車（輪）場,20歳代,その他,施錠せず
窃盗,自転車盗,練馬,練馬駅前交番,131202,東京都,練馬区,練馬１丁目,2020-07-31,18,その他,駐車（輪）場,50歳代,その他,施錠せず
窃盗,自転車盗,練馬,練馬駅前交番,131202,東京都,練馬区,練馬１丁目,2020-09-05,01,その他,駐車（輪）場,10歳代,高校生,施錠せず
窃盗,自転車盗,練馬,練馬駅前交番,131202,東京都,練馬区,練馬１丁目,2020-09-28,17,その他,駐車（輪）場,10歳代,小学生,施錠せず
窃盗,自転車盗,練馬,練馬駅前交番,131202,東京都,練馬区,練馬１丁目,2020-10-03,20,道路上,その他,20歳代,その他,施錠せず
窃盗,自転車盗,練馬,練馬駅前交番,131202,東京都,練馬区,練馬１丁目,2020-11-21,10,その他,駐車（輪）場,40歳代,その他,施錠せず
窃盗,自転車盗,練馬,練馬駅前交番,131202,東京都,練馬区,練馬１丁目,2020-12-26,14,駐車（輪）場,駐車（輪）場,20歳代,大学生,施錠せず
窃盗,自転車盗,練馬,練馬駅前交番,131202,東京都,練馬区,練馬３丁目,2020-05-25,22,一戸建住宅,その他,40歳代,その他,施錠せず
窃盗,自転車盗,練馬,豊玉交番,131202,東京都,練馬区,豊玉上２丁目,2020-01-24,19,一戸建住宅,その他,10歳代,中学生,施錠せず
窃盗,自転車盗,練馬,豊玉交番,131202,東京都,練馬区,豊玉上２丁目,2020-03-12,14,道路上,その他,20歳代,その他,施錠せず
窃盗,自転車盗,練馬,豊玉交番,131202,東京都,練馬区,豊玉上２丁目,2020-06-02,19,４階建て以上共同住宅,駐車（輪）場,20歳代,その他,施錠せず
窃盗,自転車盗,練馬,豊玉交番,131202,東京都,練馬区,豊玉上２丁目,2020-06-21,00,その他の住宅（３階建て以下共同住宅等）,駐車（輪）場,20歳代,その他,施錠せず
窃盗,自転車盗,練馬,豊玉交番,131202,東京都,練馬区,豊玉上２丁目,2020-11-09,17,その他,その他,20歳代,その他,施錠せず
窃盗,自転車盗,練馬,豊玉交番,131202,東京都,練馬区,豊玉上２丁目,2020-11-30,19,４階建て以上共同住宅,駐車（輪）場,30歳代,その他,施錠せず
窃盗,自転車盗,練馬,豊玉交番,131202,東京都,練馬区,豊玉北２丁目,2020-10-13,23,４階建て以上共同住宅,その他,20歳代,その他,施錠せず
窃盗,自転車盗,練馬,豊玉交番,131202,東京都,練馬区,豊玉北２丁目,2020-11-09,21,その他の住宅（３階建て以下共同住宅等）,その他,30歳代,その他,施錠せず
窃盗,自転車盗,練馬,豊玉交番,131202,東京都,練馬区,豊玉北２丁目,2020-12-10,19,道路上,その他,20歳代,その他,施錠せず
窃盗,自転車盗,練馬,豊玉交番,131202,東京都,練馬区,豊玉北３丁目,2020-03-24,18,その他の住宅（３階建て以下共同住宅等）,駐車（輪）場,10歳代,小学生,施錠せず
窃盗,自転車盗,練馬,豊玉交番,131202,東京都,練馬区,豊玉北３丁目,2020-09-25,22,４階建て以上共同住宅,駐車（輪）場,20歳代,その他,施錠せず
窃盗,自転車盗,練馬,豊玉交番,131202,東京都,練馬区,豊玉北４丁目,2020-01-01,12,４階建て以上共同住宅,駐車（輪）場,20歳代,その他,施錠せず
窃盗,自転車盗,練馬,豊玉交番,131202,東京都,練馬区,豊玉北４丁目,2020-03-16,16,４階建て以上共同住宅,駐車（輪）場,20歳代,その他,施錠せず
窃盗,自転車盗,練馬,豊玉交番,131202,東京都,練馬区,豊玉北４丁目,2020-04-21,12,その他,駐車（輪）場,40歳代,その他,施錠せず
窃盗,自転車盗,練馬,豊玉交番,131202,東京都,練馬区,豊玉北４丁目,2020-05-16,01,４階建て以上共同住宅,駐車（輪）場,30歳代,その他,施錠せず
窃盗,自転車盗,練馬,豊玉交番,131202,東京都,練馬区,豊玉北４丁目,2020-08-18,22,道路上,その他,20歳代,その他,施錠せず
窃盗,自転車盗,練馬,桜台交番,131202,東京都,練馬区,桜台１丁目,2020-02-19,09,その他の住宅（３階建て以下共同住宅等）,その他,20歳代,その他,施錠せず
窃盗,自転車盗,練馬,桜台交番,131202,東京都,練馬区,桜台１丁目,2020-03-02,00,一戸建住宅,駐車（輪）場,50歳代,その他,施錠せず
窃盗,自転車盗,練馬,桜台交番,131202,東京都,練馬区,桜台２丁目,2020-05-14,21,その他の住宅（３階建て以下共同住宅等）,その他,20歳代,その他,施錠せず
窃盗,自転車盗,練馬,桜台交番,131202,東京都,練馬区,桜台３丁目,2020-02-27,20,道路上,その他,40歳代,その他,施錠せず
窃盗,自転車盗,練馬,桜台交番,131202,東京都,練馬区,桜台４丁目,2020-06-28,18,４階建て以上共同住宅,駐車（輪）場,20歳代,その他,施錠せず
窃盗,自転車盗,練馬,桜台交番,131202,東京都,練馬区,桜台４丁目,2020-10-01,17,一戸建住宅,その他,60-64歳,その他,施錠せず
窃盗,自転車盗,練馬,桜台交番,131202,東京都,練馬区,桜台６丁目,2020-06-23,18,道路上,その他,70歳以上,その他,施錠せず
窃盗,自転車盗,練馬,桜台交番,131202,東京都,練馬区,桜台６丁目,2020-09-04,01,その他の住宅（３階建て以下共同住宅等）,その他,30歳代,その他,施錠せず
窃盗,自転車盗,練馬,桜台交番,131202,東京都,練馬区,桜台６丁目,2020-10-25,13,その他の住宅（３階建て以下共同住宅等）,その他,10歳代,その他,施錠せず
窃盗,自転車盗,練馬,桜台交番,131202,東京都,練馬区,桜台６丁目,2020-11-26,18,その他の住宅（３階建て以下共同住宅等）,その他,20歳代,その他,施錠せず
窃盗,自転車盗,練馬,桜台交番,131202,東京都,練馬区,豊玉上２丁目,2020-04-08,14,その他,駐車（輪）場,20歳代,その他,施錠せず
窃盗,自転車盗,練馬,羽沢交番,131202,東京都,練馬区,桜台２丁目,2020-12-24,21,その他の住宅（３階建て以下共同住宅等）,駐車（輪）場,20歳代,その他,施錠せず
窃盗,自転車盗,練馬,羽沢交番,131202,東京都,練馬区,桜台３丁目,2019-12-28,18,その他の住宅（３階建て以下共同住宅等）,駐車（輪）場,20歳代,その他,施錠せず
窃盗,自転車盗,練馬,羽沢交番,131202,東京都,練馬区,桜台３丁目,2020-02-14,19,４階建て以上共同住宅,駐車（輪）場,10歳代,高校生,施錠せず
窃盗,自転車盗,練馬,羽沢交番,131202,東京都,練馬区,桜台３丁目,2020-10-30,15,その他の住宅（３階建て以下共同住宅等）,駐車（輪）場,20歳代,その他,施錠せず
窃盗,自転車盗,練馬,羽沢交番,131202,東京都,練馬区,桜台３丁目,2020-12-25,22,一戸建住宅,駐車（輪）場,65-69歳,その他,施錠せず
窃盗,自転車盗,練馬,羽沢交番,131202,東京都,練馬区,練馬３丁目,2020-08-17,08,その他,駐車（輪）場,30歳代,その他,施錠せず
窃盗,自転車盗,練馬,羽沢交番,131202,東京都,練馬区,羽沢２丁目,2020-06-08,10,道路上,その他,20歳代,その他,施錠せず
窃盗,自転車盗,練馬,羽沢交番,131202,東京都,練馬区,羽沢２丁目,2020-06-24,22,一戸建住宅,駐車（輪）場,10歳代,その他,施錠せず
窃盗,自転車盗,練馬,羽沢交番,131202,東京都,練馬区,羽沢２丁目,2020-10-17,00,道路上,その他,40歳代,その他,施錠せず
窃盗,自転車盗,練馬,羽沢交番,131202,東京都,練馬区,氷川台３丁目,2020-02-02,19,４階建て以上共同住宅,駐車（輪）場,20歳代,その他,施錠せず
窃盗,自転車盗,練馬,羽沢交番,131202,東京都,練馬区,氷川台３丁目,2020-03-22,18,４階建て以上共同住宅,駐車（輪）場,50歳代,その他,施錠せず
窃盗,自転車盗,練馬,羽沢交番,131202,東京都,練馬区,氷川台３丁目,2020-08-04,06,一戸建住宅,駐車（輪）場,50歳代,その他,施錠せず
窃盗,自転車盗,練馬,羽沢交番,131202,東京都,練馬区,氷川台３丁目,2020-10-06,13,道路上,その他,50歳代,その他,施錠せず
窃盗,自転車盗,練馬,江古田駅前交番,131202,東京都,練馬区,旭丘１丁目,2019-07-01,不明,道路上,その他,50歳代,その他,施錠せず
窃盗,自転車盗,練馬,江古田駅前交番,131202,東京都,練馬区,旭丘１丁目,2019-12-20,14,４階建て以上共同住宅,駐車（輪）場,10歳未満,小学生,施錠せず
窃盗,自転車盗,練馬,江古田駅前交番,131202,東京都,練馬区,旭丘１丁目,2020-02-10,14,道路上,その他,70歳以上,その他,施錠せず
窃盗,自転車盗,練馬,江古田駅前交番,131202,東京都,練馬区,旭丘１丁目,2020-04-03,09,４階建て以上共同住宅,その他,20歳代,その他,施錠せず
窃盗,自転車盗,練馬,江古田駅前交番,131202,東京都,練馬区,旭丘１丁目,2020-04-10,17,４階建て以上共同住宅,駐車（輪）場,10歳代,大学生,施錠せず
窃盗,自転車盗,練馬,江古田駅前交番,131202,東京都,練馬区,旭丘１丁目,2020-05-28,23,道路上,その他,30歳代,その他,施錠せず
窃盗,自転車盗,練馬,江古田駅前交番,131202,東京都,練馬区,旭丘１丁目,2020-06-24,03,道路上,その他,20歳代,その他,施錠せず
窃盗,自転車盗,練馬,江古田駅前交番,131202,東京都,練馬区,旭丘１丁目,2020-07-18,16,その他,その他,10歳代,大学生,施錠せず
窃盗,自転車盗,練馬,江古田駅前交番,131202,東京都,練馬区,旭丘１丁目,2020-07-21,20,その他の住宅（３階建て以下共同住宅等）,駐車（輪）場,20歳代,その他,施錠せず
窃盗,自転車盗,練馬,江古田駅前交番,131202,東京都,練馬区,旭丘１丁目,2020-07-26,19,道路上,その他,20歳代,その他,施錠せず
窃盗,自転車盗,練馬,江古田駅前交番,131202,東京都,練馬区,旭丘１丁目,2020-08-05,14,その他,駐車（輪）場,50歳代,その他,施錠せず
窃盗,自転車盗,練馬,江古田駅前交番,131202,東京都,練馬区,旭丘１丁目,2020-08-18,06,その他,駐車（輪）場,10歳代,小学生,施錠せず
窃盗,自転車盗,練馬,江古田駅前交番,131202,東京都,練馬区,旭丘１丁目,2020-08-21,12,道路上,その他,20歳代,その他,施錠せず
窃盗,自転車盗,練馬,江古田駅前交番,131202,東京都,練馬区,旭丘１丁目,2020-08-22,16,その他の住宅（３階建て以下共同住宅等）,その他,40歳代,その他,施錠せず
窃盗,自転車盗,練馬,江古田駅前交番,131202,東京都,練馬区,旭丘１丁目,2020-09-18,15,道路上,その他,10歳未満,小学生,施錠せず
窃盗,自転車盗,練馬,江古田駅前交番,131202,東京都,練馬区,旭丘１丁目,2020-10-28,01,道路上,その他,法人・団体、被害者なし,法人・団体、被害者なし,施錠せず
窃盗,自転車盗,練馬,江古田駅前交番,131202,東京都,練馬区,旭丘１丁目,2020-12-22,21,道路上,その他,20歳代,その他,施錠せず
窃盗,自転車盗,練馬,江古田駅前交番,131202,東京都,練馬区,旭丘２丁目,2020-11-26,12,一戸建住宅,その他,30歳代,その他,施錠せず
窃盗,自転車盗,練馬,江古田駅前交番,131202,東京都,練馬区,栄町,2019-12-31,15,その他,駐車（輪）場,40歳代,その他,施錠せず
窃盗,自転車盗,練馬,江古田駅前交番,131202,東京都,練馬区,栄町,2020-01-17,14,その他,駐車（輪）場,30歳代,その他,施錠せず
窃盗,自転車盗,練馬,江古田駅前交番,131202,東京都,練馬区,栄町,2020-02-05,20,その他の住宅（３階建て以下共同住宅等）,駐車（輪）場,50歳代,その他,施錠せず
窃盗,自転車盗,練馬,江古田駅前交番,131202,東京都,練馬区,栄町,2020-04-03,22,その他,その他,30歳代,その他,施錠せず
窃盗,自転車盗,練馬,江古田駅前交番,131202,東京都,練馬区,栄町,2020-04-12,20,道路上,その他,法人・団体、被害者なし,法人・団体、被害者なし,施錠せず
窃盗,自転車盗,練馬,江古田駅前交番,131202,東京都,練馬区,栄町,2020-05-27,21,道路上,その他,30歳代,その他,施錠せず
窃盗,自転車盗,練馬,江古田駅前交番,131202,東京都,練馬区,栄町,2020-08-25,15,一戸建住宅,その他,70歳以上,その他,施錠せず
窃盗,自転車盗,練馬,江古田駅前交番,131202,東京都,練馬区,豊玉上１丁目,2020-04-20,19,その他の住宅（３階建て以下共同住宅等）,駐車（輪）場,20歳代,その他,施錠せず
窃盗,自転車盗,練馬,江古田駅前交番,131202,東京都,練馬区,豊玉北１丁目,2020-04-07,18,一戸建住宅,駐車（輪）場,70歳以上,その他,施錠せず
窃盗,自転車盗,練馬,江古田駅前交番,131202,東京都,練馬区,豊玉北１丁目,2020-07-18,13,４階建て以上共同住宅,駐車（輪）場,10歳代,高校生,施錠せず
窃盗,自転車盗,練馬,江古田駅前交番,131202,東京都,練馬区,豊玉北１丁目,2020-09-20,18,４階建て以上共同住宅,駐車（輪）場,10歳代,その他,施錠せず
窃盗,自転車盗,練馬,小竹町交番,131202,東京都,練馬区,小竹町１丁目,2020-01-18,01,その他の住宅（３階建て以下共同住宅等）,駐車（輪）場,10歳代,大学生,施錠せず
窃盗,自転車盗,練馬,小竹町交番,131202,東京都,練馬区,小竹町１丁目,2020-01-20,20,道路上,その他,20歳代,その他,施錠せず
窃盗,自転車盗,練馬,小竹町交番,131202,東京都,練馬区,小竹町１丁目,2020-01-22,17,その他の住宅（３階建て以下共同住宅等）,駐車（輪）場,20歳代,その他,施錠せず
窃盗,自転車盗,練馬,小竹町交番,131202,東京都,練馬区,小竹町１丁目,2020-03-09,08,４階建て以上共同住宅,駐車（輪）場,30歳代,その他,施錠せず
窃盗,自転車盗,練馬,小竹町交番,131202,東京都,練馬区,小竹町１丁目,2020-03-30,17,その他,駐車（輪）場,40歳代,その他,施錠せず
窃盗,自転車盗,練馬,小竹町交番,131202,東京都,練馬区,小竹町１丁目,2020-08-11,19,一戸建住宅,駐車（輪）場,10歳代,高校生,施錠せず
窃盗,自転車盗,練馬,小竹町交番,131202,東京都,練馬区,小竹町１丁目,2020-11-30,16,道路上,その他,10歳代,小学生,施錠せず
窃盗,自転車盗,練馬,小竹町交番,131202,東京都,練馬区,小竹町２丁目,2020-02-06,07,駐車（輪）場,駐車（輪）場,20歳代,その他,施錠せず
窃盗,自転車盗,練馬,小竹町交番,131202,東京都,練馬区,小竹町２丁目,2020-03-30,17,その他の住宅（３階建て以下共同住宅等）,その他,30歳代,その他,施錠せず
窃盗,自転車盗,練馬,小竹町交番,131202,東京都,練馬区,小竹町２丁目,2020-08-13,14,一戸建住宅,駐車（輪）場,50歳代,その他,施錠せず
窃盗,自転車盗,練馬,小竹町交番,131202,東京都,練馬区,栄町,2020-03-09,20,道路上,その他,10歳代,高校生,施錠せず
窃盗,自転車盗,練馬,小竹町交番,131202,東京都,練馬区,羽沢１丁目,2020-12-02,18,４階建て以上共同住宅,駐車（輪）場,60-64歳,その他,施錠せず
窃盗,自転車盗,練馬,氷川台駐在所,131202,東京都,練馬区,氷川台２丁目,2020-04-17,21,その他の住宅（３階建て以下共同住宅等）,駐車（輪）場,20歳代,その他,施錠せず
窃盗,自転車盗,練馬,氷川台駐在所,131202,東京都,練馬区,氷川台２丁目,2020-05-02,21,一戸建住宅,その他,40歳代,その他,施錠せず
窃盗,自転車盗,練馬,氷川台駐在所,131202,東京都,練馬区,氷川台２丁目,2020-08-30,12,４階建て以上共同住宅,駐車（輪）場,30歳代,その他,施錠せず
窃盗,自転車盗,練馬,氷川台駐在所,131202,東京都,練馬区,氷川台２丁目,2020-11-20,18,４階建て以上共同住宅,駐車（輪）場,10歳代,中学生,施錠せず
窃盗,自転車盗,練馬,氷川台駐在所,131202,東京都,練馬区,氷川台３丁目,2020-11-17,08,４階建て以上共同住宅,駐車（輪）場,10歳代,中学生,施錠せず
窃盗,自転車盗,練馬,氷川台駐在所,131202,東京都,練馬区,氷川台４丁目,2020-01-26,12,その他の住宅（３階建て以下共同住宅等）,その他,20歳代,その他,施錠せず
窃盗,自転車盗,練馬,氷川台駐在所,131202,東京都,練馬区,氷川台４丁目,2020-08-19,07,道路上,その他,40歳代,その他,施錠せず
窃盗,自転車盗,練馬,氷川台駐在所,131202,東京都,練馬区,氷川台４丁目,2020-09-13,15,一戸建住宅,その他,20歳代,大学生,施錠せず
窃盗,自転車盗,練馬,氷川台駐在所,131202,東京都,練馬区,平和台１丁目,2020-05-29,20,一戸建住宅,その他,10歳代,中学生,施錠せず
窃盗,自転車盗,練馬,氷川台駐在所,131202,東京都,練馬区,平和台１丁目,2020-06-05,19,道路上,その他,20歳代,その他,施錠せず
窃盗,自転車盗,練馬,氷川台駐在所,131202,東京都,練馬区,平和台１丁目,2020-09-18,00,その他の住宅（３階建て以下共同住宅等）,その他,20歳代,その他,施錠せず
窃盗,自転車盗,練馬,氷川台駐在所,131202,東京都,練馬区,平和台１丁目,2020-11-01,09,その他,駐車（輪）場,10歳代,高校生,施錠せず
窃盗,自転車盗,練馬,氷川台駐在所,131202,東京都,練馬区,平和台２丁目,2020-08-06,08,一戸建住宅,その他,40歳代,その他,施錠せず
窃盗,自転車盗,練馬,氷川台駐在所,131202,東京都,練馬区,平和台２丁目,2020-09-07,08,その他,その他,60-64歳,その他,施錠せず
窃盗,自転車盗,練馬,氷川台駐在所,131202,東京都,練馬区,平和台２丁目,2020-09-19,18,その他,駐車（輪）場,10歳代,中学生,施錠せず
窃盗,自転車盗,練馬,春日町交番,131202,東京都,練馬区,春日町１丁目,2020-03-14,19,４階建て以上共同住宅,駐車（輪）場,40歳代,その他,施錠せず
窃盗,自転車盗,練馬,春日町交番,131202,東京都,練馬区,春日町１丁目,2020-09-06,00,その他の住宅（３階建て以下共同住宅等）,駐車（輪）場,30歳代,その他,施錠せず
窃盗,自転車盗,練馬,春日町交番,131202,東京都,練馬区,春日町１丁目,2020-11-09,09,その他,駐車（輪）場,30歳代,その他,施錠せず
窃盗,自転車盗,練馬,春日町交番,131202,東京都,練馬区,春日町２丁目,2020-02-20,14,その他の住宅（３階建て以下共同住宅等）,その他,50歳代,その他,施錠せず
窃盗,自転車盗,練馬,春日町交番,131202,東京都,練馬区,春日町２丁目,2020-02-27,19,一戸建住宅,その他,20歳代,大学生,施錠せず
窃盗,自転車盗,練馬,春日町交番,131202,東京都,練馬区,春日町２丁目,2020-09-03,19,その他,駐車（輪）場,10歳代,高校生,施錠せず
窃盗,自転車盗,練馬,春日町交番,131202,東京都,練馬区,春日町３丁目,2019-12-28,18,その他の住宅（３階建て以下共同住宅等）,駐車（輪）場,50歳代,その他,施錠せず
窃盗,自転車盗,練馬,春日町交番,131202,東京都,練馬区,春日町３丁目,2020-07-05,16,４階建て以上共同住宅,駐車（輪）場,10歳代,小学生,施錠せず
窃盗,自転車盗,練馬,春日町交番,131202,東京都,練馬区,春日町３丁目,2020-07-06,19,一戸建住宅,その他,60-64歳,その他,施錠せず
窃盗,自転車盗,練馬,春日町交番,131202,東京都,練馬区,春日町３丁目,2020-07-10,17,４階建て以上共同住宅,駐車（輪）場,70歳以上,その他,施錠せず
窃盗,自転車盗,練馬,春日町交番,131202,東京都,練馬区,春日町３丁目,2020-07-10,23,一戸建住宅,駐車（輪）場,20歳代,その他,施錠せず
窃盗,自転車盗,練馬,春日町交番,131202,東京都,練馬区,春日町３丁目,2020-10-01,18,４階建て以上共同住宅,その他,70歳以上,その他,施錠せず
窃盗,自転車盗,練馬,春日町交番,131202,東京都,練馬区,春日町４丁目,2019-12-01,不明,一戸建住宅,その他,10歳代,中学生,施錠せず
窃盗,自転車盗,練馬,春日町交番,131202,東京都,練馬区,春日町４丁目,2020-01-30,01,一戸建住宅,駐車（輪）場,50歳代,その他,施錠せず
窃盗,自転車盗,練馬,春日町交番,131202,東京都,練馬区,春日町４丁目,2020-02-17,08,その他の住宅（３階建て以下共同住宅等）,その他,20歳代,その他,施錠せず
窃盗,自転車盗,練馬,春日町交番,131202,東京都,練馬区,春日町４丁目,2020-03-27,13,道路上,その他,70歳以上,その他,施錠せず
窃盗,自転車盗,練馬,春日町交番,131202,東京都,練馬区,春日町４丁目,2020-03-28,10,一戸建住宅,その他,10歳代,高校生,施錠せず
窃盗,自転車盗,練馬,春日町交番,131202,東京都,練馬区,春日町４丁目,2020-04-06,09,その他の住宅（３階建て以下共同住宅等）,その他,40歳代,その他,施錠せず
窃盗,自転車盗,練馬,春日町交番,131202,東京都,練馬区,春日町４丁目,2020-04-23,14,一戸建住宅,その他,40歳代,その他,施錠せず
窃盗,自転車盗,練馬,春日町交番,131202,東京都,練馬区,春日町４丁目,2020-11-11,08,４階建て以上共同住宅,その他,70歳以上,その他,施錠せず
窃盗,自転車盗,練馬,春日町交番,131202,東京都,練馬区,春日町４丁目,2020-11-22,13,その他,駐車（輪）場,10歳代,大学生,施錠せず
窃盗,自転車盗,練馬,春日町交番,131202,東京都,練馬区,春日町５丁目,2019-12-30,11,その他の住宅（３階建て以下共同住宅等）,その他,30歳代,その他,施錠せず
窃盗,自転車盗,練馬,春日町交番,131202,東京都,練馬区,春日町５丁目,2019-12-31,17,その他の住宅（３階建て以下共同住宅等）,駐車（輪）場,70歳以上,その他,施錠せず
窃盗,自転車盗,練馬,春日町交番,131202,東京都,練馬区,春日町５丁目,2020-02-10,22,その他,その他,10歳代,高校生,施錠せず
窃盗,自転車盗,練馬,春日町交番,131202,東京都,練馬区,春日町５丁目,2020-03-26,16,４階建て以上共同住宅,駐車（輪）場,10歳代,高校生,施錠せず
窃盗,自転車盗,練馬,春日町交番,131202,東京都,練馬区,春日町５丁目,2020-05-04,12,その他,駐車（輪）場,40歳代,その他,施錠せず
窃盗,自転車盗,練馬,春日町交番,131202,東京都,練馬区,春日町５丁目,2020-06-09,23,その他の住宅（３階建て以下共同住宅等）,その他,20歳代,その他,施錠せず
窃盗,自転車盗,練馬,春日町交番,131202,東京都,練馬区,春日町５丁目,2020-07-20,18,その他,駐車（輪）場,20歳代,大学生,施錠せず
窃盗,自転車盗,練馬,春日町交番,131202,東京都,練馬区,春日町５丁目,2020-11-22,20,その他,駐車（輪）場,20歳代,その他,施錠せず
窃盗,自転車盗,練馬,春日町交番,131202,東京都,練馬区,春日町６丁目,2020-02-21,13,その他,駐車（輪）場,20歳代,その他,施錠せず
窃盗,自転車盗,練馬,春日町交番,131202,東京都,練馬区,春日町６丁目,2020-07-11,19,一戸建住宅,その他,10歳代,高校生,施錠せず
窃盗,自転車盗,練馬,春日町交番,131202,東京都,練馬区,春日町６丁目,2020-08-09,17,その他,駐車（輪）場,10歳代,高校生,施錠せず
窃盗,自転車盗,練馬,春日町交番,131202,東京都,練馬区,早宮４丁目,2020-06-07,03,４階建て以上共同住宅,駐車（輪）場,50歳代,その他,施錠せず
窃盗,自転車盗,練馬,春日町交番,131202,東京都,練馬区,早宮４丁目,2020-09-03,17,一戸建住宅,その他,40歳代,その他,施錠せず
窃盗,自転車盗,練馬,春日町交番,131202,東京都,練馬区,早宮４丁目,2020-10-20,12,一戸建住宅,駐車（輪）場,30歳代,その他,施錠せず
窃盗,自転車盗,練馬,春日町交番,131202,東京都,練馬区,早宮４丁目,2020-11-30,18,その他の住宅（３階建て以下共同住宅等）,駐車（輪）場,10歳代,その他,施錠せず
窃盗,自転車盗,練馬,早宮交番,131202,東京都,練馬区,早宮１丁目,2020-01-10,08,駐車（輪）場,駐車（輪）場,50歳代,その他,施錠せず
窃盗,自転車盗,練馬,早宮交番,131202,東京都,練馬区,早宮１丁目,2020-02-15,18,一戸建住宅,その他,30歳代,その他,施錠せず
窃盗,自転車盗,練馬,早宮交番,131202,東京都,練馬区,早宮１丁目,2020-04-03,10,４階建て以上共同住宅,駐車（輪）場,10歳代,高校生,施錠せず
窃盗,自転車盗,練馬,早宮交番,131202,東京都,練馬区,早宮１丁目,2020-04-13,10,４階建て以上共同住宅,駐車（輪）場,40歳代,その他,施錠せず
窃盗,自転車盗,練馬,早宮交番,131202,東京都,練馬区,早宮１丁目,2020-06-17,01,その他の住宅（３階建て以下共同住宅等）,駐車（輪）場,50歳代,その他,施錠せず
窃盗,自転車盗,練馬,早宮交番,131202,東京都,練馬区,早宮１丁目,2020-07-09,22,一戸建住宅,駐車（輪）場,10歳代,中学生,施錠せず
窃盗,自転車盗,練馬,早宮交番,131202,東京都,練馬区,早宮１丁目,2020-07-31,17,４階建て以上共同住宅,駐車（輪）場,50歳代,その他,施錠せず
窃盗,自転車盗,練馬,早宮交番,131202,東京都,練馬区,早宮１丁目,2020-11-13,21,４階建て以上共同住宅,駐車（輪）場,50歳代,その他,施錠せず
窃盗,自転車盗,練馬,早宮交番,131202,東京都,練馬区,早宮２丁目,2019-07-04,17,一戸建住宅,その他,70歳以上,その他,施錠せず
窃盗,自転車盗,練馬,早宮交番,131202,東京都,練馬区,早宮２丁目,2020-01-20,22,道路上,その他,60-64歳,その他,施錠せず
窃盗,自転車盗,練馬,早宮交番,131202,東京都,練馬区,早宮２丁目,2020-02-24,13,駐車（輪）場,駐車（輪）場,20歳代,大学生,施錠せず
窃盗,自転車盗,練馬,早宮交番,131202,東京都,練馬区,早宮２丁目,2020-07-25,17,道路上,その他,40歳代,その他,施錠せず
窃盗,自転車盗,練馬,早宮交番,131202,東京都,練馬区,早宮２丁目,2020-07-26,09,４階建て以上共同住宅,駐車（輪）場,10歳代,高校生,施錠せず
窃盗,自転車盗,練馬,早宮交番,131202,東京都,練馬区,早宮２丁目,2020-10-08,21,その他,駐車（輪）場,10歳代,中学生,施錠せず
窃盗,自転車盗,練馬,早宮交番,131202,東京都,練馬区,早宮３丁目,2019-12-31,18,一戸建住宅,その他,50歳代,その他,施錠せず
窃盗,自転車盗,練馬,早宮交番,131202,東京都,練馬区,早宮３丁目,2020-01-23,23,その他の住宅（３階建て以下共同住宅等）,駐車（輪）場,20歳代,大学生,施錠せず
窃盗,自転車盗,練馬,早宮交番,131202,東京都,練馬区,早宮３丁目,2020-02-28,12,４階建て以上共同住宅,駐車（輪）場,40歳代,その他,施錠せず
窃盗,自転車盗,練馬,早宮交番,131202,東京都,練馬区,早宮３丁目,2020-03-12,20,一戸建住宅,駐車（輪）場,50歳代,その他,施錠せず
窃盗,自転車盗,練馬,早宮交番,131202,東京都,練馬区,早宮３丁目,2020-07-06,18,その他,その他,50歳代,その他,施錠せず
窃盗,自転車盗,練馬,早宮交番,131202,東京都,練馬区,早宮３丁目,2020-08-04,15,一戸建住宅,その他,30歳代,その他,施錠せず
窃盗,自転車盗,練馬,早宮交番,131202,東京都,練馬区,早宮３丁目,2020-09-09,23,一戸建住宅,その他,10歳代,小学生,施錠せず
窃盗,自転車盗,練馬,早宮交番,131202,東京都,練馬区,早宮４丁目,2020-05-17,17,４階建て以上共同住宅,駐車（輪）場,50歳代,その他,施錠せず
窃盗,自転車盗,練馬,早宮交番,131202,東京都,練馬区,早宮４丁目,2020-05-22,16,その他,駐車（輪）場,10歳代,中学生,施錠せず
窃盗,自転車盗,練馬,早宮交番,131202,東京都,練馬区,早宮４丁目,2020-12-13,18,その他の住宅（３階建て以下共同住宅等）,駐車（輪）場,50歳代,その他,施錠せず
窃盗,自転車盗,練馬,早宮交番,131202,東京都,練馬区,氷川台４丁目,2020-01-26,15,駐車（輪）場,駐車（輪）場,20歳代,その他,施錠せず
窃盗,自転車盗,練馬,早宮交番,131202,東京都,練馬区,氷川台４丁目,2020-08-16,23,その他の住宅（３階建て以下共同住宅等）,その他,70歳以上,その他,施錠せず
窃盗,自転車盗,練馬,早宮交番,131202,東京都,練馬区,平和台３丁目,2020-01-24,07,４階建て以上共同住宅,駐車（輪）場,30歳代,その他,施錠せず
窃盗,自転車盗,練馬,早宮交番,131202,東京都,練馬区,平和台３丁目,2020-01-26,16,その他の住宅（３階建て以下共同住宅等）,その他,30歳代,その他,施錠せず
窃盗,自転車盗,練馬,早宮交番,131202,東京都,練馬区,平和台３丁目,2020-06-21,17,４階建て以上共同住宅,駐車（輪）場,40歳代,その他,施錠せず
窃盗,自転車盗,練馬,早宮交番,131202,東京都,練馬区,平和台３丁目,2020-08-30,20,一戸建住宅,その他,65-69歳,その他,施錠せず
窃盗,自転車盗,練馬,早宮交番,131202,東京都,練馬区,平和台３丁目,2020-09-11,21,４階建て以上共同住宅,駐車（輪）場,10歳代,中学生,施錠せず
窃盗,自転車盗,練馬,早宮交番,131202,東京都,練馬区,平和台４丁目,2020-01-04,17,その他,駐車（輪）場,20歳代,大学生,施錠せず
窃盗,自転車盗,練馬,早宮交番,131202,東京都,練馬区,平和台４丁目,2020-06-12,10,駐車（輪）場,駐車（輪）場,40歳代,その他,施錠せず
窃盗,自転車盗,練馬,早宮交番,131202,東京都,練馬区,平和台４丁目,2020-06-22,00,道路上,その他,20歳代,大学生,施錠せず
窃盗,自転車盗,練馬,早宮交番,131202,東京都,練馬区,平和台４丁目,2020-08-14,22,４階建て以上共同住宅,その他,40歳代,その他,施錠せず
窃盗,自転車盗,練馬,氷川神社前交番,131202,東京都,練馬区,豊玉中１丁目,2020-01-18,18,その他の住宅（３階建て以下共同住宅等）,駐車（輪）場,50歳代,その他,施錠せず
窃盗,自転車盗,練馬,氷川神社前交番,131202,東京都,練馬区,豊玉中１丁目,2020-03-29,08,その他,その他,50歳代,その他,施錠せず
窃盗,自転車盗,練馬,氷川神社前交番,131202,東京都,練馬区,豊玉中１丁目,2020-07-03,22,その他の住宅（３階建て以下共同住宅等）,その他,30歳代,その他,施錠せず
窃盗,自転車盗,練馬,氷川神社前交番,131202,東京都,練馬区,豊玉中２丁目,2020-03-14,20,４階建て以上共同住宅,駐車（輪）場,10歳代,中学生,施錠せず
窃盗,自転車盗,練馬,氷川神社前交番,131202,東京都,練馬区,豊玉中２丁目,2020-04-02,18,その他の住宅（３階建て以下共同住宅等）,駐車（輪）場,50歳代,その他,施錠せず
窃盗,自転車盗,練馬,氷川神社前交番,131202,東京都,練馬区,豊玉中２丁目,2020-05-28,18,４階建て以上共同住宅,駐車（輪）場,20歳代,その他,施錠せず
窃盗,自転車盗,練馬,氷川神社前交番,131202,東京都,練馬区,豊玉中３丁目,2020-03-14,00,その他の住宅（３階建て以下共同住宅等）,駐車（輪）場,20歳代,その他,施錠せず
窃盗,自転車盗,練馬,氷川神社前交番,131202,東京都,練馬区,豊玉中３丁目,2020-07-31,10,その他の住宅（３階建て以下共同住宅等）,駐車（輪）場,40歳代,その他,施錠せず
窃盗,自転車盗,練馬,氷川神社前交番,131202,東京都,練馬区,豊玉中４丁目,2020-04-13,21,その他の住宅（３階建て以下共同住宅等）,駐車（輪）場,20歳代,その他,施錠せず
窃盗,自転車盗,練馬,氷川神社前交番,131202,東京都,練馬区,豊玉南２丁目,2020-03-12,14,一戸建住宅,駐車（輪）場,70歳以上,その他,施錠せず
窃盗,自転車盗,練馬,氷川神社前交番,131202,東京都,練馬区,豊玉南３丁目,2020-02-23,00,その他の住宅（３階建て以下共同住宅等）,駐車（輪）場,20歳代,その他,施錠せず
窃盗,自転車盗,練馬,氷川神社前交番,131202,東京都,練馬区,豊玉南３丁目,2020-11-23,14,その他,駐車（輪）場,10歳代,小学生,施錠せず
窃盗,自転車盗,練馬,氷川神社前交番,131202,東京都,練馬区,中村１丁目,2020-05-25,15,道路上,その他,10歳代,中学生,施錠せず
窃盗,自転車盗,練馬,氷川神社前交番,131202,東京都,練馬区,中村１丁目,2020-07-26,18,一戸建住宅,その他,40歳代,その他,施錠せず
窃盗,自転車盗,練馬,氷川神社前交番,131202,東京都,練馬区,中村南１丁目,2020-03-01,06,駐車（輪）場,駐車（輪）場,70歳以上,その他,施錠せず
窃盗,自転車盗,練馬,氷川神社前交番,131202,東京都,練馬区,中村南１丁目,2020-03-26,08,駐車（輪）場,駐車（輪）場,20歳代,その他,施錠せず
窃盗,自転車盗,練馬,氷川神社前交番,131202,東京都,練馬区,中村南１丁目,2020-10-19,06,４階建て以上共同住宅,駐車（輪）場,50歳代,その他,施錠せず
窃盗,自転車盗,練馬,氷川神社前交番,131202,東京都,練馬区,中村南１丁目,2020-11-23,11,その他,駐車（輪）場,10歳代,小学生,施錠せず
窃盗,自転車盗,練馬,富士見台駅前交番,131202,東京都,練馬区,貫井１丁目,2020-02-22,10,４階建て以上共同住宅,駐車（輪）場,10歳代,中学生,施錠せず
窃盗,自転車盗,練馬,富士見台駅前交番,131202,東京都,練馬区,貫井１丁目,2020-05-12,11,駐車（輪）場,駐車（輪）場,50歳代,その他,施錠せず
窃盗,自転車盗,練馬,富士見台駅前交番,131202,東京都,練馬区,貫井１丁目,2020-08-30,01,その他,駐車（輪）場,20歳代,その他,施錠せず
窃盗,自転車盗,練馬,富士見台駅前交番,131202,東京都,練馬区,貫井１丁目,2020-09-30,17,その他,駐車（輪）場,10歳代,中学生,施錠せず
窃盗,自転車盗,練馬,富士見台駅前交番,131202,東京都,練馬区,貫井１丁目,2020-11-11,07,駐車（輪）場,駐車（輪）場,10歳代,高校生,施錠せず
窃盗,自転車盗,練馬,富士見台駅前交番,131202,東京都,練馬区,貫井１丁目,2020-11-29,18,４階建て以上共同住宅,駐車（輪）場,30歳代,その他,施錠せず
窃盗,自転車盗,練馬,富士見台駅前交番,131202,東京都,練馬区,貫井２丁目,2020-03-15,06,道路上,その他,30歳代,その他,施錠せず
窃盗,自転車盗,練馬,富士見台駅前交番,131202,東京都,練馬区,貫井３丁目,2020-03-05,09,一戸建住宅,駐車（輪）場,70歳以上,その他,施錠せず
窃盗,自転車盗,練馬,富士見台駅前交番,131202,東京都,練馬区,貫井３丁目,2020-07-19,22,その他の住宅（３階建て以下共同住宅等）,駐車（輪）場,40歳代,その他,施錠せず
窃盗,自転車盗,練馬,富士見台駅前交番,131202,東京都,練馬区,貫井３丁目,2020-09-23,14,その他,駐車（輪）場,70歳以上,その他,施錠せず
窃盗,自転車盗,練馬,富士見台駅前交番,131202,東京都,練馬区,貫井３丁目,2020-12-16,06,駐車（輪）場,駐車（輪）場,10歳代,高校生,施錠せず
窃盗,自転車盗,練馬,富士見台駅前交番,131202,東京都,練馬区,貫井３丁目,2020-12-30,23,道路上,その他,20歳代,その他,施錠せず
窃盗,自転車盗,練馬,富士見台駅前交番,131202,東京都,練馬区,貫井４丁目,2020-03-31,19,その他,駐車（輪）場,20歳代,その他,施錠せず
窃盗,自転車盗,練馬,富士見台駅前交番,131202,東京都,練馬区,貫井４丁目,2020-08-13,05,一戸建住宅,その他,30歳代,その他,施錠せず
窃盗,自転車盗,練馬,富士見台駅前交番,131202,東京都,練馬区,貫井４丁目,2020-11-27,21,一戸建住宅,その他,10歳代,高校生,施錠せず
窃盗,自転車盗,石神井,石神井公園駅前交番,131202,東京都,練馬区,上石神井３丁目,2020-04-15,12,その他の住宅（３階建て以下共同住宅等）,その他,70歳以上,その他,施錠せず
窃盗,自転車盗,石神井,石神井公園駅前交番,131202,東京都,練馬区,下石神井６丁目,2020-01-18,18,その他の住宅（３階建て以下共同住宅等）,駐車（輪）場,10歳代,高校生,施錠せず
窃盗,自転車盗,石神井,石神井公園駅前交番,131202,東京都,練馬区,下石神井６丁目,2020-12-14,00,その他の住宅（３階建て以下共同住宅等）,駐車（輪）場,50歳代,その他,施錠せず
窃盗,自転車盗,石神井,石神井公園駅前交番,131202,東京都,練馬区,石神井台１丁目,2020-01-08,16,その他,駐車（輪）場,10歳代,中学生,施錠せず
窃盗,自転車盗,石神井,石神井公園駅前交番,131202,東京都,練馬区,石神井台１丁目,2020-02-02,09,その他,駐車（輪）場,60-64歳,その他,施錠せず
窃盗,自転車盗,石神井,石神井公園駅前交番,131202,東京都,練馬区,石神井台１丁目,2020-03-22,12,その他,その他,30歳代,その他,施錠せず
窃盗,自転車盗,石神井,石神井公園駅前交番,131202,東京都,練馬区,石神井台１丁目,2020-09-14,18,その他の住宅（３階建て以下共同住宅等）,駐車（輪）場,20歳代,その他,施錠せず
窃盗,自転車盗,石神井,石神井公園駅前交番,131202,東京都,練馬区,石神井町１丁目,2020-05-28,15,駐車（輪）場,駐車（輪）場,30歳代,その他,施錠せず
窃盗,自転車盗,石神井,石神井公園駅前交番,131202,東京都,練馬区,石神井町２丁目,2019-12-17,20,道路上,その他,10歳代,高校生,施錠せず
窃盗,自転車盗,石神井,石神井公園駅前交番,131202,東京都,練馬区,石神井町２丁目,2019-12-30,09,道路上,その他,50歳代,その他,施錠せず
窃盗,自転車盗,石神井,石神井公園駅前交番,131202,東京都,練馬区,石神井町２丁目,2020-02-12,16,駐車（輪）場,駐車（輪）場,40歳代,その他,施錠せず
窃盗,自転車盗,石神井,石神井公園駅前交番,131202,東京都,練馬区,石神井町２丁目,2020-02-28,00,道路上,その他,50歳代,その他,施錠せず
窃盗,自転車盗,石神井,石神井公園駅前交番,131202,東京都,練馬区,石神井町２丁目,2020-03-07,20,道路上,その他,50歳代,その他,施錠せず
窃盗,自転車盗,石神井,石神井公園駅前交番,131202,東京都,練馬区,石神井町２丁目,2020-03-09,12,４階建て以上共同住宅,駐車（輪）場,10歳代,高校生,施錠せず
窃盗,自転車盗,石神井,石神井公園駅前交番,131202,東京都,練馬区,石神井町２丁目,2020-03-23,13,道路上,その他,70歳以上,その他,施錠せず
窃盗,自転車盗,石神井,石神井公園駅前交番,131202,東京都,練馬区,石神井町２丁目,2020-04-15,13,その他の住宅（３階建て以下共同住宅等）,駐車（輪）場,10歳代,高校生,施錠せず
窃盗,自転車盗,石神井,石神井公園駅前交番,131202,東京都,練馬区,石神井町２丁目,2020-06-11,19,駐車（輪）場,駐車（輪）場,20歳代,その他,施錠せず
窃盗,自転車盗,石神井,石神井公園駅前交番,131202,東京都,練馬区,石神井町２丁目,2020-10-06,16,道路上,その他,10歳代,高校生,施錠せず
窃盗,自転車盗,石神井,石神井公園駅前交番,131202,東京都,練馬区,石神井町２丁目,2020-11-02,07,駐車（輪）場,駐車（輪）場,60-64歳,その他,施錠せず
窃盗,自転車盗,石神井,石神井公園駅前交番,131202,東京都,練馬区,石神井町２丁目,2020-12-09,15,その他,駐車（輪）場,30歳代,その他,施錠せず
窃盗,自転車盗,石神井,石神井公園駅前交番,131202,東京都,練馬区,石神井町３丁目,2019-11-04,18,４階建て以上共同住宅,駐車（輪）場,10歳代,高校生,施錠せず
窃盗,自転車盗,石神井,石神井公園駅前交番,131202,東京都,練馬区,石神井町３丁目,2019-12-11,01,道路上,その他,40歳代,その他,施錠せず
窃盗,自転車盗,石神井,石神井公園駅前交番,131202,東京都,練馬区,石神井町３丁目,2020-01-05,22,駐車（輪）場,駐車（輪）場,30歳代,その他,施錠せず
窃盗,自転車盗,石神井,石神井公園駅前交番,131202,東京都,練馬区,石神井町３丁目,2020-01-19,22,道路上,その他,20歳代,その他,施錠せず
窃盗,自転車盗,石神井,石神井公園駅前交番,131202,東京都,練馬区,石神井町３丁目,2020-02-06,18,一戸建住宅,その他,70歳以上,その他,施錠せず
窃盗,自転車盗,石神井,石神井公園駅前交番,131202,東京都,練馬区,石神井町３丁目,2020-02-06,21,道路上,その他,30歳代,その他,施錠せず
窃盗,自転車盗,石神井,石神井公園駅前交番,131202,東京都,練馬区,石神井町３丁目,2020-02-07,17,駐車（輪）場,駐車（輪）場,40歳代,その他,施錠せず
窃盗,自転車盗,石神井,石神井公園駅前交番,131202,東京都,練馬区,石神井町３丁目,2020-02-20,11,駐車（輪）場,駐車（輪）場,50歳代,その他,施錠せず
窃盗,自転車盗,石神井,石神井公園駅前交番,131202,東京都,練馬区,石神井町３丁目,2020-03-26,17,道路上,その他,10歳代,高校生,施錠せず
窃盗,自転車盗,石神井,石神井公園駅前交番,131202,東京都,練馬区,石神井町３丁目,2020-03-30,13,道路上,その他,10歳代,中学生,施錠せず
窃盗,自転車盗,石神井,石神井公園駅前交番,131202,東京都,練馬区,石神井町３丁目,2020-06-11,18,駐車（輪）場,駐車（輪）場,20歳代,大学生,施錠せず
窃盗,自転車盗,石神井,石神井公園駅前交番,131202,東京都,練馬区,石神井町３丁目,2020-10-22,20,４階建て以上共同住宅,その他,20歳代,その他,施錠せず
窃盗,自転車盗,石神井,石神井公園駅前交番,131202,東京都,練馬区,石神井町３丁目,2020-11-03,18,４階建て以上共同住宅,駐車（輪）場,20歳代,その他,施錠せず
窃盗,自転車盗,石神井,石神井公園駅前交番,131202,東京都,練馬区,石神井町３丁目,2020-12-16,07,駐車（輪）場,駐車（輪）場,50歳代,その他,施錠せず
窃盗,自転車盗,石神井,石神井公園駅前交番,131202,東京都,練馬区,石神井町４丁目,2020-01-30,08,その他,駐車（輪）場,65-69歳,その他,施錠せず
窃盗,自転車盗,石神井,石神井公園駅前交番,131202,東京都,練馬区,石神井町４丁目,2020-01-30,19,駐車（輪）場,駐車（輪）場,40歳代,その他,施錠せず
窃盗,自転車盗,石神井,石神井公園駅前交番,131202,東京都,練馬区,石神井町４丁目,2020-02-06,18,その他,駐車（輪）場,40歳代,その他,施錠せず
窃盗,自転車盗,石神井,石神井公園駅前交番,131202,東京都,練馬区,石神井町４丁目,2020-03-12,08,駐車（輪）場,駐車（輪）場,20歳代,その他,施錠せず
窃盗,自転車盗,石神井,石神井公園駅前交番,131202,東京都,練馬区,石神井町４丁目,2020-03-23,19,一戸建住宅,その他,70歳以上,その他,施錠せず
窃盗,自転車盗,石神井,石神井公園駅前交番,131202,東京都,練馬区,石神井町４丁目,2020-04-07,17,駐車（輪）場,駐車（輪）場,20歳代,大学生,施錠せず
窃盗,自転車盗,石神井,石神井公園駅前交番,131202,東京都,練馬区,石神井町４丁目,2020-06-13,17,駐車（輪）場,駐車（輪）場,40歳代,その他,施錠せず
窃盗,自転車盗,石神井,石神井公園駅前交番,131202,東京都,練馬区,石神井町４丁目,2020-09-04,19,４階建て以上共同住宅,駐車（輪）場,30歳代,その他,施錠せず
窃盗,自転車盗,石神井,石神井公園駅前交番,131202,東京都,練馬区,石神井町４丁目,2020-11-07,20,一戸建住宅,その他,70歳以上,その他,施錠せず
窃盗,自転車盗,石神井,石神井公園駅前交番,131202,東京都,練馬区,石神井町４丁目,2020-11-19,19,一戸建住宅,駐車（輪）場,50歳代,その他,施錠せず
窃盗,自転車盗,石神井,石神井公園駅前交番,131202,東京都,練馬区,石神井町５丁目,2020-03-13,20,その他の住宅（３階建て以下共同住宅等）,駐車（輪）場,30歳代,その他,施錠せず
窃盗,自転車盗,石神井,石神井公園駅前交番,131202,東京都,練馬区,石神井町５丁目,2020-04-05,14,その他,駐車（輪）場,10歳代,中学生,施錠せず
窃盗,自転車盗,石神井,石神井公園駅前交番,131202,東京都,練馬区,石神井町５丁目,2020-05-20,12,その他,駐車（輪）場,40歳代,その他,施錠せず
窃盗,自転車盗,石神井,石神井公園駅前交番,131202,東京都,練馬区,石神井町５丁目,2020-07-12,15,その他,駐車（輪）場,10歳未満,小学生,施錠せず
窃盗,自転車盗,石神井,石神井公園駅前交番,131202,東京都,練馬区,石神井町５丁目,2020-08-07,14,道路上,その他,65-69歳,その他,施錠せず
窃盗,自転車盗,石神井,石神井公園駅前交番,131202,東京都,練馬区,石神井町５丁目,2020-10-29,09,駐車（輪）場,駐車（輪）場,30歳代,その他,施錠せず
窃盗,自転車盗,石神井,石神井公園駅前交番,131202,東京都,練馬区,石神井町７丁目,2020-01-17,19,その他,駐車（輪）場,10歳代,高校生,施錠せず
窃盗,自転車盗,石神井,石神井公園駅前交番,131202,東京都,練馬区,石神井町７丁目,2020-02-14,17,その他,駐車（輪）場,50歳代,その他,施錠せず
窃盗,自転車盗,石神井,石神井公園駅前交番,131202,東京都,練馬区,石神井町７丁目,2020-09-13,01,４階建て以上共同住宅,駐車（輪）場,30歳代,その他,施錠せず
窃盗,自転車盗,石神井,石神井公園駅前交番,131202,東京都,練馬区,石神井町８丁目,2020-02-11,21,４階建て以上共同住宅,駐車（輪）場,30歳代,その他,施錠せず
窃盗,自転車盗,石神井,石神井公園駅前交番,131202,東京都,練馬区,石神井町８丁目,2020-03-10,16,その他の住宅（３階建て以下共同住宅等）,駐車（輪）場,30歳代,その他,施錠せず
窃盗,自転車盗,石神井,石神井公園駅前交番,131202,東京都,練馬区,石神井町８丁目,2020-04-05,18,その他の住宅（３階建て以下共同住宅等）,駐車（輪）場,30歳代,その他,施錠せず
窃盗,自転車盗,石神井,石神井公園駅前交番,131202,東京都,練馬区,石神井町８丁目,2020-04-09,17,４階建て以上共同住宅,駐車（輪）場,20歳代,その他,施錠せず
窃盗,自転車盗,石神井,石神井公園駅前交番,131202,東京都,練馬区,石神井町８丁目,2020-04-20,09,一戸建住宅,駐車（輪）場,10歳代,小学生,施錠せず
窃盗,自転車盗,石神井,石神井公園駅前交番,131202,東京都,練馬区,石神井町８丁目,2020-04-26,23,その他の住宅（３階建て以下共同住宅等）,駐車（輪）場,30歳代,その他,施錠せず
窃盗,自転車盗,石神井,石神井公園駅前交番,131202,東京都,練馬区,石神井町８丁目,2020-04-27,05,一戸建住宅,その他,10歳代,小学生,施錠せず
窃盗,自転車盗,石神井,石神井公園駅前交番,131202,東京都,練馬区,石神井町８丁目,2020-04-30,15,一戸建住宅,その他,10歳代,大学生,施錠せず
窃盗,自転車盗,石神井,石神井公園駅前交番,131202,東京都,練馬区,石神井町８丁目,2020-05-08,20,一戸建住宅,駐車（輪）場,65-69歳,その他,施錠せず
窃盗,自転車盗,石神井,石神井公園駅前交番,131202,東京都,練馬区,石神井町８丁目,2020-05-22,18,一戸建住宅,その他,50歳代,その他,施錠せず
窃盗,自転車盗,石神井,石神井公園駅前交番,131202,東京都,練馬区,石神井町８丁目,2020-05-29,23,一戸建住宅,駐車（輪）場,70歳以上,その他,施錠せず
窃盗,自転車盗,石神井,石神井公園駅前交番,131202,東京都,練馬区,石神井町８丁目,2020-06-04,19,道路上,その他,40歳代,その他,施錠せず
窃盗,自転車盗,石神井,石神井公園駅前交番,131202,東京都,練馬区,石神井町８丁目,2020-07-02,18,４階建て以上共同住宅,駐車（輪）場,30歳代,その他,施錠せず
窃盗,自転車盗,石神井,石神井公園駅前交番,131202,東京都,練馬区,石神井町８丁目,2020-07-16,18,４階建て以上共同住宅,駐車（輪）場,50歳代,その他,施錠せず
窃盗,自転車盗,石神井,石神井公園駅前交番,131202,東京都,練馬区,石神井町８丁目,2020-07-27,00,一戸建住宅,その他,20歳代,その他,施錠せず
窃盗,自転車盗,石神井,石神井公園駅前交番,131202,東京都,練馬区,石神井町８丁目,2020-11-28,10,一戸建住宅,駐車（輪）場,60-64歳,その他,施錠せず
窃盗,自転車盗,石神井,大泉学園駅前交番,131202,東京都,練馬区,西大泉１丁目,2020-06-28,16,その他の住宅（３階建て以下共同住宅等）,その他,40歳代,その他,施錠せず
窃盗,自転車盗,石神井,大泉学園駅前交番,131202,東京都,練馬区,西大泉３丁目,2020-08-29,20,その他の住宅（３階建て以下共同住宅等）,駐車（輪）場,30歳代,その他,施錠せず
窃盗,自転車盗,石神井,大泉学園駅前交番,131202,東京都,練馬区,東大泉１丁目,2019-12-26,20,道路上,その他,10歳代,小学生,施錠せず
窃盗,自転車盗,石神井,大泉学園駅前交番,131202,東京都,練馬区,東大泉１丁目,2020-02-01,09,駐車（輪）場,駐車（輪）場,20歳代,その他,施錠せず
窃盗,自転車盗,石神井,大泉学園駅前交番,131202,東京都,練馬区,東大泉１丁目,2020-02-01,18,道路上,その他,20歳代,大学生,施錠せず
窃盗,自転車盗,石神井,大泉学園駅前交番,131202,東京都,練馬区,東大泉１丁目,2020-02-09,12,駐車（輪）場,駐車（輪）場,10歳代,中学生,施錠せず
窃盗,自転車盗,石神井,大泉学園駅前交番,131202,東京都,練馬区,東大泉１丁目,2020-02-12,08,４階建て以上共同住宅,駐車（輪）場,10歳代,大学生,施錠せず
窃盗,自転車盗,石神井,大泉学園駅前交番,131202,東京都,練馬区,東大泉１丁目,2020-09-12,23,道路上,その他,法人・団体、被害者なし,法人・団体、被害者なし,施錠せず
窃盗,自転車盗,石神井,大泉学園駅前交番,131202,東京都,練馬区,東大泉１丁目,2020-09-17,12,その他の住宅（３階建て以下共同住宅等）,駐車（輪）場,70歳以上,その他,施錠せず
窃盗,自転車盗,石神井,大泉学園駅前交番,131202,東京都,練馬区,東大泉１丁目,2020-10-05,18,４階建て以上共同住宅,駐車（輪）場,10歳代,中学生,施錠せず
窃盗,自転車盗,石神井,大泉学園駅前交番,131202,東京都,練馬区,東大泉１丁目,2020-10-05,18,その他,駐車（輪）場,10歳代,中学生,施錠せず
窃盗,自転車盗,石神井,大泉学園駅前交番,131202,東京都,練馬区,東大泉１丁目,2020-11-09,17,道路上,その他,10歳代,大学生,施錠せず
窃盗,自転車盗,石神井,大泉学園駅前交番,131202,東京都,練馬区,東大泉１丁目,2020-12-24,12,その他,駐車（輪）場,10歳代,その他,施錠せず
窃盗,自転車盗,石神井,大泉学園駅前交番,131202,東京都,練馬区,東大泉２丁目,2020-08-31,19,その他,駐車（輪）場,10歳代,高校生,施錠せず
窃盗,自転車盗,石神井,大泉学園駅前交番,131202,東京都,練馬区,東大泉３丁目,2020-01-21,19,道路上,その他,10歳代,中学生,施錠せず
窃盗,自転車盗,石神井,大泉学園駅前交番,131202,東京都,練馬区,東大泉３丁目,2020-05-27,23,道路上,その他,30歳代,その他,施錠せず
窃盗,自転車盗,石神井,大泉学園駅前交番,131202,東京都,練馬区,東大泉３丁目,2020-07-20,13,その他,駐車（輪）場,50歳代,その他,施錠せず
窃盗,自転車盗,石神井,大泉学園駅前交番,131202,東京都,練馬区,東大泉４丁目,2020-01-19,15,その他,駐車（輪）場,65-69歳,その他,施錠せず
窃盗,自転車盗,石神井,大泉学園駅前交番,131202,東京都,練馬区,東大泉４丁目,2020-11-18,10,駐車（輪）場,駐車（輪）場,20歳代,その他,施錠せず
窃盗,自転車盗,石神井,大泉学園駅前交番,131202,東京都,練馬区,東大泉５丁目,2020-01-04,20,その他,その他,65-69歳,その他,施錠せず
窃盗,自転車盗,石神井,大泉学園駅前交番,131202,東京都,練馬区,東大泉５丁目,2020-01-16,17,その他,駐車（輪）場,10歳代,高校生,施錠せず
窃盗,自転車盗,石神井,大泉学園駅前交番,131202,東京都,練馬区,東大泉５丁目,2020-01-20,20,一戸建住宅,その他,10歳代,中学生,施錠せず
窃盗,自転車盗,石神井,大泉学園駅前交番,131202,東京都,練馬区,東大泉５丁目,2020-02-01,18,４階建て以上共同住宅,駐車（輪）場,20歳代,大学生,施錠せず
窃盗,自転車盗,石神井,大泉学園駅前交番,131202,東京都,練馬区,東大泉５丁目,2020-02-11,07,その他の住宅（３階建て以下共同住宅等）,駐車（輪）場,30歳代,その他,施錠せず
窃盗,自転車盗,石神井,大泉学園駅前交番,131202,東京都,練馬区,東大泉５丁目,2020-02-18,16,４階建て以上共同住宅,駐車（輪）場,10歳代,高校生,施錠せず
窃盗,自転車盗,石神井,大泉学園駅前交番,131202,東京都,練馬区,東大泉５丁目,2020-07-18,22,その他,駐車（輪）場,40歳代,その他,施錠せず
窃盗,自転車盗,石神井,大泉学園駅前交番,131202,東京都,練馬区,東大泉５丁目,2020-08-24,15,４階建て以上共同住宅,駐車（輪）場,10歳代,高校生,施錠せず
窃盗,自転車盗,石神井,大泉学園駅前交番,131202,東京都,練馬区,東大泉５丁目,2020-09-06,20,その他の住宅（３階建て以下共同住宅等）,駐車（輪）場,30歳代,その他,施錠せず
窃盗,自転車盗,石神井,大泉学園駅前交番,131202,東京都,練馬区,東大泉５丁目,2020-10-13,20,道路上,その他,10歳代,中学生,施錠せず
窃盗,自転車盗,石神井,大泉学園駅前交番,131202,東京都,練馬区,東大泉５丁目,2020-11-25,23,４階建て以上共同住宅,駐車（輪）場,20歳代,その他,施錠せず
窃盗,自転車盗,石神井,大泉学園駅前交番,131202,東京都,練馬区,東大泉６丁目,2020-01-08,15,その他,駐車（輪）場,10歳代,高校生,施錠せず
窃盗,自転車盗,石神井,大泉学園駅前交番,131202,東京都,練馬区,東大泉６丁目,2020-01-16,19,その他の住宅（３階建て以下共同住宅等）,その他,30歳代,その他,施錠せず
窃盗,自転車盗,石神井,大泉学園駅前交番,131202,東京都,練馬区,東大泉６丁目,2020-01-29,17,その他,駐車（輪）場,10歳代,高校生,施錠せず
窃盗,自転車盗,石神井,大泉学園駅前交番,131202,東京都,練馬区,東大泉６丁目,2020-03-05,16,その他,駐車（輪）場,20歳代,大学生,施錠せず
窃盗,自転車盗,石神井,大泉学園駅前交番,131202,東京都,練馬区,東大泉６丁目,2020-03-11,14,その他,駐車（輪）場,10歳代,大学生,施錠せず
窃盗,自転車盗,石神井,大泉学園駅前交番,131202,東京都,練馬区,東大泉６丁目,2020-03-11,17,その他,駐車（輪）場,20歳代,大学生,施錠せず
窃盗,自転車盗,石神井,大泉学園駅前交番,131202,東京都,練馬区,東大泉６丁目,2020-04-08,14,その他,駐車（輪）場,10歳代,大学生,施錠せず
窃盗,自転車盗,石神井,大泉学園駅前交番,131202,東京都,練馬区,東大泉６丁目,2020-07-13,16,一戸建住宅,駐車（輪）場,10歳代,小学生,施錠せず
窃盗,自転車盗,石神井,大泉学園駅前交番,131202,東京都,練馬区,東大泉６丁目,2020-09-04,18,その他の住宅（３階建て以下共同住宅等）,駐車（輪）場,10歳未満,小学生,施錠せず
窃盗,自転車盗,石神井,大泉学園駅前交番,131202,東京都,練馬区,東大泉６丁目,2020-11-05,18,その他の住宅（３階建て以下共同住宅等）,駐車（輪）場,30歳代,その他,施錠せず
窃盗,自転車盗,石神井,大泉学園駅前交番,131202,東京都,練馬区,東大泉６丁目,2020-11-16,19,その他の住宅（３階建て以下共同住宅等）,駐車（輪）場,20歳代,その他,施錠せず
窃盗,自転車盗,石神井,武蔵関駅前交番,131202,東京都,練馬区,石神井台７丁目,2020-08-07,06,その他の住宅（３階建て以下共同住宅等）,駐車（輪）場,20歳代,その他,施錠せず
窃盗,自転車盗,石神井,武蔵関駅前交番,131202,東京都,練馬区,関町北２丁目,2020-01-18,23,その他,駐車（輪）場,30歳代,その他,施錠せず
窃盗,自転車盗,石神井,武蔵関駅前交番,131202,東京都,練馬区,関町北２丁目,2020-02-23,19,４階建て以上共同住宅,駐車（輪）場,70歳以上,その他,施錠せず
窃盗,自転車盗,石神井,武蔵関駅前交番,131202,東京都,練馬区,関町北２丁目,2020-03-07,19,その他の住宅（３階建て以下共同住宅等）,駐車（輪）場,20歳代,その他,施錠せず
窃盗,自転車盗,石神井,武蔵関駅前交番,131202,東京都,練馬区,関町北２丁目,2020-06-12,16,道路上,その他,10歳代,高校生,施錠せず
窃盗,自転車盗,石神井,武蔵関駅前交番,131202,東京都,練馬区,関町北２丁目,2020-07-11,08,その他,駐車（輪）場,40歳代,その他,施錠せず
窃盗,自転車盗,石神井,武蔵関駅前交番,131202,東京都,練馬区,関町北２丁目,2020-09-10,10,道路上,その他,65-69歳,その他,施錠せず
窃盗,自転車盗,石神井,武蔵関駅前交番,131202,東京都,練馬区,関町北２丁目,2020-12-23,05,その他,駐車（輪）場,70歳以上,その他,施錠せず
窃盗,自転車盗,石神井,武蔵関駅前交番,131202,東京都,練馬区,関町北３丁目,2020-06-06,17,道路上,その他,70歳以上,その他,施錠せず
窃盗,自転車盗,石神井,武蔵関駅前交番,131202,東京都,練馬区,関町北４丁目,2020-01-03,19,駐車（輪）場,駐車（輪）場,30歳代,その他,施錠せず
窃盗,自転車盗,石神井,武蔵関駅前交番,131202,東京都,練馬区,関町北４丁目,2020-01-09,06,駐車（輪）場,駐車（輪）場,10歳代,高校生,施錠せず
窃盗,自転車盗,石神井,武蔵関駅前交番,131202,東京都,練馬区,関町北４丁目,2020-03-19,13,その他の住宅（３階建て以下共同住宅等）,駐車（輪）場,70歳以上,その他,施錠せず
窃盗,自転車盗,石神井,武蔵関駅前交番,131202,東京都,練馬区,関町北４丁目,2020-08-07,09,駐車（輪）場,駐車（輪）場,10歳代,高校生,施錠せず
窃盗,自転車盗,石神井,武蔵関駅前交番,131202,東京都,練馬区,関町北４丁目,2020-08-11,20,その他の住宅（３階建て以下共同住宅等）,駐車（輪）場,20歳代,その他,施錠せず
窃盗,自転車盗,石神井,武蔵関駅前交番,131202,東京都,練馬区,関町北４丁目,2020-09-15,07,その他の住宅（３階建て以下共同住宅等）,駐車（輪）場,10歳代,高校生,施錠せず
窃盗,自転車盗,石神井,武蔵関駅前交番,131202,東京都,練馬区,関町北５丁目,2020-04-04,16,４階建て以上共同住宅,駐車（輪）場,20歳代,その他,施錠せず
窃盗,自転車盗,石神井,武蔵関駅前交番,131202,東京都,練馬区,関町北５丁目,2020-04-11,14,一戸建住宅,駐車（輪）場,70歳以上,その他,施錠せず
窃盗,自転車盗,石神井,武蔵関駅前交番,131202,東京都,練馬区,関町北５丁目,2020-05-22,16,その他,駐車（輪）場,10歳代,高校生,施錠せず
窃盗,自転車盗,石神井,武蔵関駅前交番,131202,東京都,練馬区,関町北５丁目,2020-06-20,12,４階建て以上共同住宅,駐車（輪）場,20歳代,大学生,施錠せず
窃盗,自転車盗,石神井,武蔵関駅前交番,131202,東京都,練馬区,関町北５丁目,2020-09-11,14,４階建て以上共同住宅,駐車（輪）場,10歳代,高校生,施錠せず
窃盗,自転車盗,石神井,武蔵関駅前交番,131202,東京都,練馬区,関町北５丁目,2020-12-23,19,４階建て以上共同住宅,駐車（輪）場,10歳代,中学生,施錠せず
窃盗,自転車盗,石神井,武蔵関駅前交番,131202,東京都,練馬区,関町東２丁目,2020-10-15,08,４階建て以上共同住宅,駐車（輪）場,50歳代,その他,施錠せず
窃盗,自転車盗,石神井,上石神井駅前交番,131202,東京都,練馬区,上石神井１丁目,2020-06-26,19,その他の住宅（３階建て以下共同住宅等）,駐車（輪）場,30歳代,その他,施錠せず
窃盗,自転車盗,石神井,上石神井駅前交番,131202,東京都,練馬区,上石神井１丁目,2020-07-24,14,その他,駐車（輪）場,30歳代,その他,施錠せず
窃盗,自転車盗,石神井,上石神井駅前交番,131202,東京都,練馬区,上石神井１丁目,2020-08-23,14,一戸建住宅,その他,65-69歳,その他,施錠せず
窃盗,自転車盗,石神井,上石神井駅前交番,131202,東京都,練馬区,上石神井１丁目,2020-10-01,07,道路上,その他,30歳代,その他,施錠せず
窃盗,自転車盗,石神井,上石神井駅前交番,131202,東京都,練馬区,上石神井１丁目,2020-10-12,17,その他,駐車（輪）場,10歳代,中学生,施錠せず
窃盗,自転車盗,石神井,上石神井駅前交番,131202,東京都,練馬区,上石神井１丁目,2020-10-13,23,その他の住宅（３階建て以下共同住宅等）,その他,20歳代,大学生,施錠せず
窃盗,自転車盗,石神井,上石神井駅前交番,131202,東京都,練馬区,上石神井１丁目,2020-10-21,18,その他,駐車（輪）場,40歳代,その他,施錠せず
窃盗,自転車盗,石神井,上石神井駅前交番,131202,東京都,練馬区,上石神井１丁目,2020-11-12,12,その他,駐車（輪）場,70歳以上,その他,施錠せず
窃盗,自転車盗,石神井,上石神井駅前交番,131202,東京都,練馬区,上石神井２丁目,2020-01-21,01,その他,駐車（輪）場,10歳代,大学生,施錠せず
窃盗,自転車盗,石神井,上石神井駅前交番,131202,東京都,練馬区,上石神井２丁目,2020-01-21,22,その他の住宅（３階建て以下共同住宅等）,その他,10歳代,高校生,施錠せず
窃盗,自転車盗,石神井,上石神井駅前交番,131202,東京都,練馬区,上石神井２丁目,2020-01-30,17,駐車（輪）場,駐車（輪）場,40歳代,その他,施錠せず
窃盗,自転車盗,石神井,上石神井駅前交番,131202,東京都,練馬区,上石神井２丁目,2020-02-29,16,一戸建住宅,その他,30歳代,その他,施錠せず
窃盗,自転車盗,石神井,上石神井駅前交番,131202,東京都,練馬区,上石神井２丁目,2020-03-27,15,駐車（輪）場,駐車（輪）場,10歳代,高校生,施錠せず
窃盗,自転車盗,石神井,上石神井駅前交番,131202,東京都,練馬区,上石神井２丁目,2020-07-01,12,駐車（輪）場,駐車（輪）場,20歳代,大学生,施錠せず
窃盗,自転車盗,石神井,上石神井駅前交番,131202,東京都,練馬区,上石神井２丁目,2020-10-20,18,４階建て以上共同住宅,駐車（輪）場,10歳代,その他,施錠せず
窃盗,自転車盗,石神井,上石神井駅前交番,131202,東京都,練馬区,上石神井２丁目,2020-12-26,03,駐車（輪）場,駐車（輪）場,20歳代,その他,施錠せず
窃盗,自転車盗,石神井,上石神井駅前交番,131202,東京都,練馬区,上石神井３丁目,2019-12-26,19,４階建て以上共同住宅,駐車（輪）場,30歳代,その他,施錠せず
窃盗,自転車盗,石神井,上石神井駅前交番,131202,東京都,練馬区,上石神井３丁目,2020-02-09,20,その他の住宅（３階建て以下共同住宅等）,駐車（輪）場,40歳代,その他,施錠せず
窃盗,自転車盗,石神井,上石神井駅前交番,131202,東京都,練馬区,上石神井４丁目,2020-06-09,20,その他の住宅（３階建て以下共同住宅等）,駐車（輪）場,20歳代,その他,施錠せず
窃盗,自転車盗,石神井,大泉学園交番,131202,東京都,練馬区,大泉学園町１丁目,2020-03-31,07,その他,駐車（輪）場,10歳代,大学生,施錠せず
窃盗,自転車盗,石神井,大泉学園交番,131202,東京都,練馬区,大泉学園町１丁目,2020-06-26,09,その他,駐車（輪）場,40歳代,その他,施錠せず
窃盗,自転車盗,石神井,大泉学園交番,131202,東京都,練馬区,大泉学園町１丁目,2020-09-18,22,一戸建住宅,その他,10歳代,高校生,施錠せず
窃盗,自転車盗,石神井,大泉学園交番,131202,東京都,練馬区,大泉学園町１丁目,2020-09-20,18,４階建て以上共同住宅,駐車（輪）場,20歳代,その他,施錠せず
窃盗,自転車盗,石神井,大泉学園交番,131202,東京都,練馬区,大泉学園町１丁目,2020-09-25,17,道路上,その他,20歳代,大学生,施錠せず
窃盗,自転車盗,石神井,大泉学園交番,131202,東京都,練馬区,大泉学園町２丁目,2020-05-24,20,４階建て以上共同住宅,駐車（輪）場,20歳代,その他,施錠せず
窃盗,自転車盗,石神井,大泉学園交番,131202,東京都,練馬区,大泉学園町４丁目,2020-05-20,09,その他の住宅（３階建て以下共同住宅等）,駐車（輪）場,60-64歳,その他,施錠せず
窃盗,自転車盗,石神井,大泉学園交番,131202,東京都,練馬区,大泉学園町４丁目,2020-06-07,19,その他の住宅（３階建て以下共同住宅等）,駐車（輪）場,20歳代,その他,施錠せず
窃盗,自転車盗,石神井,大泉学園交番,131202,東京都,練馬区,大泉学園町５丁目,2019-12-16,20,４階建て以上共同住宅,駐車（輪）場,10歳代,中学生,施錠せず
窃盗,自転車盗,石神井,大泉学園交番,131202,東京都,練馬区,大泉学園町５丁目,2020-03-23,20,一戸建住宅,駐車（輪）場,20歳代,その他,施錠せず
窃盗,自転車盗,石神井,大泉学園交番,131202,東京都,練馬区,大泉学園町５丁目,2020-11-02,19,一戸建住宅,その他,10歳代,高校生,施錠せず
窃盗,自転車盗,石神井,大泉学園交番,131202,東京都,練馬区,大泉学園町６丁目,2020-04-02,07,その他,駐車（輪）場,40歳代,その他,施錠せず
窃盗,自転車盗,石神井,大泉学園交番,131202,東京都,練馬区,大泉学園町６丁目,2020-09-23,19,一戸建住宅,その他,50歳代,その他,施錠せず
窃盗,自転車盗,石神井,大泉学園交番,131202,東京都,練馬区,大泉学園町７丁目,2020-04-03,12,道路上,その他,65-69歳,その他,施錠せず
窃盗,自転車盗,石神井,大泉学園交番,131202,東京都,練馬区,大泉学園町７丁目,2020-10-23,17,その他の住宅（３階建て以下共同住宅等）,その他,10歳代,中学生,施錠せず
窃盗,自転車盗,石神井,大泉学園交番,131202,東京都,練馬区,大泉学園町７丁目,2020-11-30,20,４階建て以上共同住宅,駐車（輪）場,50歳代,その他,施錠せず
窃盗,自転車盗,石神井,大泉学園交番,131202,東京都,練馬区,大泉学園町７丁目,2020-12-21,16,その他の住宅（３階建て以下共同住宅等）,その他,10歳代,高校生,施錠せず
窃盗,自転車盗,石神井,大泉学園交番,131202,東京都,練馬区,大泉学園町８丁目,2019-12-31,14,その他の住宅（３階建て以下共同住宅等）,駐車（輪）場,70歳以上,その他,施錠せず
窃盗,自転車盗,石神井,大泉学園交番,131202,東京都,練馬区,大泉学園町８丁目,2020-01-31,16,その他の住宅（３階建て以下共同住宅等）,駐車（輪）場,10歳代,小学生,施錠せず
窃盗,自転車盗,石神井,大泉学園交番,131202,東京都,練馬区,大泉学園町８丁目,2020-05-26,10,その他の住宅（３階建て以下共同住宅等）,駐車（輪）場,40歳代,その他,施錠せず
窃盗,自転車盗,石神井,大泉学園交番,131202,東京都,練馬区,大泉学園町８丁目,2020-06-29,19,一戸建住宅,その他,40歳代,その他,施錠せず
窃盗,自転車盗,石神井,大泉学園交番,131202,東京都,練馬区,大泉学園町８丁目,2020-07-13,19,４階建て以上共同住宅,その他,40歳代,その他,施錠せず
窃盗,自転車盗,石神井,大泉学園交番,131202,東京都,練馬区,大泉学園町８丁目,2020-09-13,03,一戸建住宅,その他,10歳代,その他,施錠せず
窃盗,自転車盗,石神井,大泉学園交番,131202,東京都,練馬区,大泉学園町８丁目,2020-10-15,11,一戸建住宅,その他,10歳代,小学生,施錠せず
窃盗,自転車盗,石神井,関町交番,131202,東京都,練馬区,上石神井１丁目,2020-01-26,18,一戸建住宅,駐車（輪）場,40歳代,その他,施錠せず
窃盗,自転車盗,石神井,関町交番,131202,東京都,練馬区,関町北１丁目,2020-01-31,11,４階建て以上共同住宅,駐車（輪）場,50歳代,その他,施錠せず
窃盗,自転車盗,石神井,関町交番,131202,東京都,練馬区,関町北１丁目,2020-02-13,14,４階建て以上共同住宅,駐車（輪）場,10歳代,その他,施錠せず
窃盗,自転車盗,石神井,関町交番,131202,東京都,練馬区,関町北１丁目,2020-04-02,19,道路上,その他,30歳代,その他,施錠せず
窃盗,自転車盗,石神井,関町交番,131202,東京都,練馬区,関町北１丁目,2020-09-28,18,その他の住宅（３階建て以下共同住宅等）,駐車（輪）場,40歳代,その他,施錠せず
窃盗,自転車盗,石神井,関町交番,131202,東京都,練馬区,関町北１丁目,2020-11-03,17,その他,駐車（輪）場,10歳代,中学生,施錠せず
窃盗,自転車盗,石神井,関町交番,131202,東京都,練馬区,立野町,2020-05-22,19,一戸建住宅,その他,70歳以上,その他,施錠せず
窃盗,自転車盗,石神井,関町交番,131202,東京都,練馬区,立野町,2020-08-21,14,４階建て以上共同住宅,駐車（輪）場,10歳代,高校生,施錠せず
窃盗,自転車盗,石神井,関町交番,131202,東京都,練馬区,立野町,2020-09-24,23,４階建て以上共同住宅,駐車（輪）場,20歳代,大学生,施錠せず
窃盗,自転車盗,石神井,関町交番,131202,東京都,練馬区,関町南１丁目,2020-07-10,09,４階建て以上共同住宅,駐車（輪）場,20歳代,その他,施錠せず
窃盗,自転車盗,石神井,関町交番,131202,東京都,練馬区,関町南１丁目,2020-07-10,17,４階建て以上共同住宅,その他,30歳代,その他,施錠せず
窃盗,自転車盗,石神井,関町交番,131202,東京都,練馬区,関町南１丁目,2020-12-10,21,その他の住宅（３階建て以下共同住宅等）,駐車（輪）場,20歳代,その他,施錠せず
窃盗,自転車盗,石神井,関町交番,131202,東京都,練馬区,関町南１丁目,2020-12-25,05,その他,駐車（輪）場,法人・団体、被害者なし,法人・団体、被害者なし,施錠せず
窃盗,自転車盗,石神井,関町交番,131202,東京都,練馬区,関町南２丁目,2020-05-11,20,一戸建住宅,その他,10歳代,中学生,施錠せず
窃盗,自転車盗,石神井,関町交番,131202,東京都,練馬区,関町南３丁目,2020-03-05,17,その他の住宅（３階建て以下共同住宅等）,その他,40歳代,その他,施錠せず
窃盗,自転車盗,石神井,関町交番,131202,東京都,練馬区,関町南３丁目,2020-05-14,19,一戸建住宅,その他,40歳代,その他,施錠せず
窃盗,自転車盗,石神井,関町交番,131202,東京都,練馬区,関町南３丁目,2020-05-24,14,その他,その他,10歳代,高校生,施錠せず
窃盗,自転車盗,石神井,関町交番,131202,東京都,練馬区,関町南３丁目,2020-08-18,10,その他の住宅（３階建て以下共同住宅等）,駐車（輪）場,10歳代,大学生,施錠せず
窃盗,自転車盗,石神井,関町交番,131202,東京都,練馬区,関町南４丁目,2020-04-21,18,その他の住宅（３階建て以下共同住宅等）,駐車（輪）場,20歳代,その他,施錠せず
窃盗,自転車盗,石神井,関町交番,131202,東京都,練馬区,関町南４丁目,2020-08-10,22,道路上,その他,20歳代,その他,施錠せず
窃盗,自転車盗,石神井,関町交番,131202,東京都,練馬区,関町南４丁目,2020-10-22,19,４階建て以上共同住宅,駐車（輪）場,70歳以上,その他,施錠せず
窃盗,自転車盗,石神井,関町交番,131202,東京都,練馬区,関町東１丁目,2020-01-19,12,その他,駐車（輪）場,10歳代,その他,施錠せず
窃盗,自転車盗,石神井,関町交番,131202,東京都,練馬区,関町東１丁目,2020-07-28,21,その他の住宅（３階建て以下共同住宅等）,駐車（輪）場,10歳代,高校生,施錠せず
窃盗,自転車盗,石神井,関町交番,131202,東京都,練馬区,関町東１丁目,2020-08-16,23,その他の住宅（３階建て以下共同住宅等）,駐車（輪）場,30歳代,その他,施錠せず
窃盗,自転車盗,石神井,関町交番,131202,東京都,練馬区,関町東１丁目,2020-11-24,07,その他の住宅（３階建て以下共同住宅等）,駐車（輪）場,30歳代,その他,施錠せず
窃盗,自転車盗,石神井,東大泉駐在所,131202,東京都,練馬区,東大泉２丁目,2019-12-24,23,４階建て以上共同住宅,駐車（輪）場,20歳代,大学生,施錠せず
窃盗,自転車盗,石神井,東大泉駐在所,131202,東京都,練馬区,東大泉２丁目,2020-02-05,19,その他,駐車（輪）場,40歳代,その他,施錠せず
窃盗,自転車盗,石神井,東大泉駐在所,131202,東京都,練馬区,東大泉２丁目,2020-03-01,16,４階建て以上共同住宅,駐車（輪）場,40歳代,その他,施錠せず
窃盗,自転車盗,石神井,東大泉駐在所,131202,東京都,練馬区,東大泉２丁目,2020-03-11,18,４階建て以上共同住宅,駐車（輪）場,10歳代,小学生,施錠せず
窃盗,自転車盗,石神井,東大泉駐在所,131202,東京都,練馬区,東大泉２丁目,2020-03-24,06,道路上,その他,40歳代,その他,施錠せず
窃盗,自転車盗,石神井,東大泉駐在所,131202,東京都,練馬区,東大泉２丁目,2020-03-26,14,その他,駐車（輪）場,10歳代,中学生,施錠せず
窃盗,自転車盗,石神井,東大泉駐在所,131202,東京都,練馬区,東大泉２丁目,2020-04-10,16,その他,駐車（輪）場,20歳代,大学生,施錠せず
窃盗,自転車盗,石神井,東大泉駐在所,131202,東京都,練馬区,東大泉２丁目,2020-04-25,22,４階建て以上共同住宅,駐車（輪）場,10歳代,高校生,施錠せず
窃盗,自転車盗,石神井,東大泉駐在所,131202,東京都,練馬区,東大泉２丁目,2020-05-26,10,４階建て以上共同住宅,駐車（輪）場,10歳代,中学生,施錠せず
窃盗,自転車盗,石神井,東大泉駐在所,131202,東京都,練馬区,東大泉２丁目,2020-07-06,18,その他,駐車（輪）場,20歳代,その他,施錠せず
窃盗,自転車盗,石神井,東大泉駐在所,131202,東京都,練馬区,東大泉２丁目,2020-08-23,16,４階建て以上共同住宅,駐車（輪）場,10歳代,その他,施錠せず
窃盗,自転車盗,石神井,東大泉駐在所,131202,東京都,練馬区,東大泉２丁目,2020-09-09,07,一戸建住宅,その他,50歳代,その他,施錠せず
窃盗,自転車盗,石神井,東大泉駐在所,131202,東京都,練馬区,東大泉２丁目,2020-09-13,08,４階建て以上共同住宅,駐車（輪）場,40歳代,その他,施錠せず
窃盗,自転車盗,石神井,東大泉駐在所,131202,東京都,練馬区,東大泉２丁目,2020-09-28,21,４階建て以上共同住宅,駐車（輪）場,10歳代,中学生,施錠せず
窃盗,自転車盗,石神井,東大泉駐在所,131202,東京都,練馬区,東大泉２丁目,2020-10-24,16,その他,駐車（輪）場,10歳代,高校生,施錠せず
窃盗,自転車盗,石神井,東大泉駐在所,131202,東京都,練馬区,東大泉２丁目,2020-11-06,23,その他,駐車（輪）場,20歳代,その他,施錠せず
窃盗,自転車盗,石神井,北大泉交番,131202,東京都,練馬区,大泉町２丁目,2020-01-17,07,一戸建住宅,その他,10歳代,大学生,施錠せず
窃盗,自転車盗,石神井,北大泉交番,131202,東京都,練馬区,大泉町２丁目,2020-01-25,18,一戸建住宅,駐車（輪）場,30歳代,その他,施錠せず
窃盗,自転車盗,石神井,北大泉交番,131202,東京都,練馬区,大泉町２丁目,2020-01-31,14,一戸建住宅,駐車（輪）場,20歳代,大学生,施錠せず
窃盗,自転車盗,石神井,北大泉交番,131202,東京都,練馬区,大泉町２丁目,2020-02-29,00,その他の住宅（３階建て以下共同住宅等）,駐車（輪）場,30歳代,その他,施錠せず
窃盗,自転車盗,石神井,北大泉交番,131202,東京都,練馬区,大泉町２丁目,2020-06-02,19,その他の住宅（３階建て以下共同住宅等）,駐車（輪）場,30歳代,その他,施錠せず
窃盗,自転車盗,石神井,北大泉交番,131202,東京都,練馬区,大泉町２丁目,2020-06-04,09,一戸建住宅,その他,10歳代,中学生,施錠せず
窃盗,自転車盗,石神井,北大泉交番,131202,東京都,練馬区,大泉町２丁目,2020-06-07,18,一戸建住宅,その他,10歳代,高校生,施錠せず
窃盗,自転車盗,石神井,北大泉交番,131202,東京都,練馬区,大泉町２丁目,2020-06-30,00,その他,駐車（輪）場,50歳代,その他,施錠せず
窃盗,自転車盗,石神井,北大泉交番,131202,東京都,練馬区,大泉町２丁目,2020-12-06,13,その他,駐車（輪）場,50歳代,その他,施錠せず
窃盗,自転車盗,石神井,北大泉交番,131202,東京都,練馬区,大泉町３丁目,2020-03-14,07,一戸建住宅,その他,40歳代,その他,施錠せず
窃盗,自転車盗,石神井,北大泉交番,131202,東京都,練馬区,大泉町３丁目,2020-05-08,12,その他の住宅（３階建て以下共同住宅等）,その他,10歳代,大学生,施錠せず
窃盗,自転車盗,石神井,北大泉交番,131202,東京都,練馬区,大泉町３丁目,2020-06-28,11,一戸建住宅,駐車（輪）場,20歳代,その他,施錠せず
窃盗,自転車盗,石神井,北大泉交番,131202,東京都,練馬区,大泉町３丁目,2020-08-21,20,一戸建住宅,その他,30歳代,その他,施錠せず
窃盗,自転車盗,石神井,北大泉交番,131202,東京都,練馬区,大泉町４丁目,2020-06-02,20,一戸建住宅,その他,40歳代,その他,施錠せず
窃盗,自転車盗,石神井,北大泉交番,131202,東京都,練馬区,大泉町４丁目,2020-11-07,12,４階建て以上共同住宅,駐車（輪）場,20歳代,その他,施錠せず
窃盗,自転車盗,石神井,北大泉交番,131202,東京都,練馬区,大泉町６丁目,2020-03-15,23,４階建て以上共同住宅,その他,20歳代,その他,施錠せず
窃盗,自転車盗,石神井,北大泉交番,131202,東京都,練馬区,大泉町６丁目,2020-06-01,11,その他,その他,法人・団体、被害者なし,法人・団体、被害者なし,施錠せず
窃盗,自転車盗,石神井,北大泉交番,131202,東京都,練馬区,大泉町６丁目,2020-12-05,15,その他,その他,法人・団体、被害者なし,法人・団体、被害者なし,施錠せず
窃盗,自転車盗,石神井,西大泉交番,131202,東京都,練馬区,大泉学園町２丁目,2020-05-10,14,その他の住宅（３階建て以下共同住宅等）,駐車（輪）場,10歳代,中学生,施錠せず
窃盗,自転車盗,石神井,西大泉交番,131202,東京都,練馬区,西大泉２丁目,2020-08-10,13,その他の住宅（３階建て以下共同住宅等）,その他,10歳代,高校生,施錠せず
窃盗,自転車盗,石神井,西大泉交番,131202,東京都,練馬区,西大泉２丁目,2020-10-04,22,一戸建住宅,駐車（輪）場,10歳代,中学生,施錠せず
窃盗,自転車盗,石神井,西大泉交番,131202,東京都,練馬区,西大泉３丁目,2020-05-09,11,その他,駐車（輪）場,30歳代,その他,施錠せず
窃盗,自転車盗,石神井,西大泉交番,131202,東京都,練馬区,西大泉３丁目,2020-09-16,15,４階建て以上共同住宅,駐車（輪）場,20歳代,大学生,施錠せず
窃盗,自転車盗,石神井,西大泉交番,131202,東京都,練馬区,西大泉４丁目,2019-12-22,22,一戸建住宅,駐車（輪）場,40歳代,その他,施錠せず
窃盗,自転車盗,石神井,西大泉交番,131202,東京都,練馬区,西大泉４丁目,2020-02-28,19,一戸建住宅,その他,50歳代,その他,施錠せず
窃盗,自転車盗,石神井,西大泉交番,131202,東京都,練馬区,西大泉４丁目,2020-03-14,21,その他の住宅（３階建て以下共同住宅等）,駐車（輪）場,65-69歳,その他,施錠せず
窃盗,自転車盗,石神井,西大泉交番,131202,東京都,練馬区,西大泉６丁目,2020-09-15,17,一戸建住宅,その他,50歳代,その他,施錠せず
窃盗,自転車盗,石神井,南大泉交番,131202,東京都,練馬区,東大泉６丁目,2020-09-25,08,４階建て以上共同住宅,その他,30歳代,その他,施錠せず
窃盗,自転車盗,石神井,南大泉交番,131202,東京都,練馬区,東大泉７丁目,2020-01-20,15,その他,駐車（輪）場,70歳以上,その他,施錠せず
窃盗,自転車盗,石神井,南大泉交番,131202,東京都,練馬区,東大泉７丁目,2020-02-07,22,その他の住宅（３階建て以下共同住宅等）,駐車（輪）場,20歳代,その他,施錠せず
窃盗,自転車盗,石神井,南大泉交番,131202,東京都,練馬区,東大泉７丁目,2020-08-16,16,その他の住宅（３階建て以下共同住宅等）,駐車（輪）場,10歳代,中学生,施錠せず
窃盗,自転車盗,石神井,南大泉交番,131202,東京都,練馬区,東大泉７丁目,2020-11-09,20,４階建て以上共同住宅,駐車（輪）場,30歳代,その他,施錠せず
窃盗,自転車盗,石神井,南大泉交番,131202,東京都,練馬区,南大泉１丁目,2020-02-12,15,その他,駐車（輪）場,40歳代,その他,施錠せず
窃盗,自転車盗,石神井,南大泉交番,131202,東京都,練馬区,南大泉１丁目,2020-02-29,17,その他,駐車（輪）場,65-69歳,その他,施錠せず
窃盗,自転車盗,石神井,南大泉交番,131202,東京都,練馬区,南大泉１丁目,2020-04-09,15,一戸建住宅,駐車（輪）場,65-69歳,その他,施錠せず
窃盗,自転車盗,石神井,南大泉交番,131202,東京都,練馬区,南大泉１丁目,2020-10-07,15,一戸建住宅,駐車（輪）場,10歳代,小学生,施錠せず
窃盗,自転車盗,石神井,南大泉交番,131202,東京都,練馬区,南大泉１丁目,2020-11-03,18,その他,駐車（輪）場,10歳代,高校生,施錠せず
窃盗,自転車盗,石神井,南大泉交番,131202,東京都,練馬区,南大泉１丁目,2020-11-25,18,道路上,その他,30歳代,その他,施錠せず
窃盗,自転車盗,石神井,南大泉交番,131202,東京都,練馬区,南大泉２丁目,2019-12-15,00,道路上,その他,20歳代,大学生,施錠せず
窃盗,自転車盗,石神井,南大泉交番,131202,東京都,練馬区,南大泉３丁目,2020-02-22,19,駐車（輪）場,駐車（輪）場,20歳代,その他,施錠せず
窃盗,自転車盗,石神井,南大泉交番,131202,東京都,練馬区,南大泉３丁目,2020-02-25,08,その他の住宅（３階建て以下共同住宅等）,その他,50歳代,その他,施錠せず
窃盗,自転車盗,石神井,南大泉交番,131202,東京都,練馬区,南大泉３丁目,2020-05-30,17,その他の住宅（３階建て以下共同住宅等）,駐車（輪）場,10歳代,中学生,施錠せず
窃盗,自転車盗,石神井,南大泉交番,131202,東京都,練馬区,南大泉３丁目,2020-10-22,07,駐車（輪）場,駐車（輪）場,20歳代,その他,施錠せず
窃盗,自転車盗,石神井,南大泉交番,131202,東京都,練馬区,南大泉３丁目,2020-11-16,19,その他,駐車（輪）場,10歳代,中学生,施錠せず
窃盗,自転車盗,石神井,南大泉交番,131202,東京都,練馬区,南大泉４丁目,2020-01-10,14,一戸建住宅,その他,50歳代,その他,施錠せず
窃盗,自転車盗,石神井,南大泉交番,131202,東京都,練馬区,南大泉４丁目,2020-02-02,01,４階建て以上共同住宅,駐車（輪）場,20歳代,その他,施錠せず
窃盗,自転車盗,石神井,南大泉交番,131202,東京都,練馬区,南大泉４丁目,2020-04-28,19,４階建て以上共同住宅,駐車（輪）場,10歳代,大学生,施錠せず
窃盗,自転車盗,石神井,南大泉交番,131202,東京都,練馬区,南大泉４丁目,2020-06-20,23,その他の住宅（３階建て以下共同住宅等）,駐車（輪）場,30歳代,その他,施錠せず
窃盗,自転車盗,石神井,南大泉交番,131202,東京都,練馬区,南大泉４丁目,2020-10-18,19,４階建て以上共同住宅,駐車（輪）場,20歳代,その他,施錠せず
窃盗,自転車盗,石神井,南大泉交番,131202,東京都,練馬区,南大泉４丁目,2020-12-20,14,一戸建住宅,その他,20歳代,大学生,施錠せず
窃盗,自転車盗,石神井,南大泉交番,131202,東京都,練馬区,南大泉５丁目,2019-12-29,19,その他,駐車（輪）場,30歳代,その他,施錠せず
窃盗,自転車盗,石神井,南大泉交番,131202,東京都,練馬区,南大泉５丁目,2020-04-18,20,一戸建住宅,駐車（輪）場,40歳代,その他,施錠せず
窃盗,自転車盗,石神井,南大泉交番,131202,東京都,練馬区,南大泉５丁目,2020-06-25,16,その他の住宅（３階建て以下共同住宅等）,駐車（輪）場,40歳代,その他,施錠せず
窃盗,自転車盗,石神井,南大泉交番,131202,東京都,練馬区,南大泉５丁目,2020-11-01,01,その他,駐車（輪）場,30歳代,その他,施錠せず
窃盗,自転車盗,石神井,富士街道交番,131202,東京都,練馬区,石神井台２丁目,2020-02-11,18,一戸建住宅,その他,30歳代,その他,施錠せず
窃盗,自転車盗,石神井,富士街道交番,131202,東京都,練馬区,石神井台２丁目,2020-02-23,17,一戸建住宅,その他,30歳代,その他,施錠せず
窃盗,自転車盗,石神井,富士街道交番,131202,東京都,練馬区,石神井台２丁目,2020-05-03,12,４階建て以上共同住宅,駐車（輪）場,30歳代,その他,施錠せず
窃盗,自転車盗,石神井,富士街道交番,131202,東京都,練馬区,石神井台３丁目,2020-06-11,16,４階建て以上共同住宅,駐車（輪）場,70歳以上,その他,施錠せず
窃盗,自転車盗,石神井,富士街道交番,131202,東京都,練馬区,石神井台４丁目,2019-12-01,12,４階建て以上共同住宅,駐車（輪）場,65-69歳,その他,施錠せず
窃盗,自転車盗,石神井,富士街道交番,131202,東京都,練馬区,石神井台４丁目,2020-06-01,13,４階建て以上共同住宅,駐車（輪）場,70歳以上,その他,施錠せず
窃盗,自転車盗,石神井,富士街道交番,131202,東京都,練馬区,石神井台４丁目,2020-09-19,23,その他の住宅（３階建て以下共同住宅等）,駐車（輪）場,40歳代,その他,施錠せず
窃盗,自転車盗,石神井,富士街道交番,131202,東京都,練馬区,石神井台４丁目,2020-09-26,10,その他の住宅（３階建て以下共同住宅等）,駐車（輪）場,20歳代,その他,施錠せず
窃盗,自転車盗,石神井,富士街道交番,131202,東京都,練馬区,石神井台５丁目,2020-01-08,18,その他の住宅（３階建て以下共同住宅等）,駐車（輪）場,10歳代,小学生,施錠せず
窃盗,自転車盗,石神井,富士街道交番,131202,東京都,練馬区,石神井台５丁目,2020-01-21,18,その他,駐車（輪）場,30歳代,その他,施錠せず
窃盗,自転車盗,石神井,富士街道交番,131202,東京都,練馬区,石神井台６丁目,2019-11-28,08,一戸建住宅,その他,60-64歳,その他,施錠せず
窃盗,自転車盗,石神井,富士街道交番,131202,東京都,練馬区,石神井台６丁目,2020-04-23,12,４階建て以上共同住宅,駐車（輪）場,40歳代,その他,施錠せず
窃盗,自転車盗,石神井,富士街道交番,131202,東京都,練馬区,石神井台６丁目,2020-06-16,20,一戸建住宅,その他,40歳代,その他,施錠せず
窃盗,自転車盗,石神井,富士街道交番,131202,東京都,練馬区,石神井台６丁目,2020-08-31,12,一戸建住宅,その他,50歳代,その他,施錠せず
窃盗,自転車盗,石神井,富士街道交番,131202,東京都,練馬区,石神井台８丁目,2020-03-09,12,４階建て以上共同住宅,駐車（輪）場,30歳代,その他,施錠せず
窃盗,自転車盗,石神井,富士街道交番,131202,東京都,練馬区,石神井台８丁目,2020-09-19,12,一戸建住宅,駐車（輪）場,10歳代,その他,施錠せず
窃盗,自転車盗,石神井,富士街道交番,131202,東京都,練馬区,石神井台８丁目,2020-11-28,23,その他の住宅（３階建て以下共同住宅等）,駐車（輪）場,40歳代,その他,施錠せず
窃盗,自転車盗,石神井,富士街道交番,131202,東京都,練馬区,石神井町８丁目,2020-03-27,21,その他の住宅（３階建て以下共同住宅等）,駐車（輪）場,30歳代,その他,施錠せず
窃盗,自転車盗,石神井,武蔵関駐在所,131202,東京都,練馬区,関町北３丁目,2019-12-12,16,その他,駐車（輪）場,10歳代,その他,施錠せず
窃盗,自転車盗,石神井,武蔵関駐在所,131202,東京都,練馬区,関町北３丁目,2020-03-17,16,４階建て以上共同住宅,駐車（輪）場,10歳代,高校生,施錠せず
窃盗,自転車盗,石神井,武蔵関駐在所,131202,東京都,練馬区,関町北３丁目,2020-03-19,18,その他,駐車（輪）場,10歳代,中学生,施錠せず
窃盗,自転車盗,石神井,武蔵関駐在所,131202,東京都,練馬区,関町北３丁目,2020-10-16,20,一戸建住宅,その他,20歳代,その他,施錠せず
窃盗,自転車盗,石神井,武蔵関駐在所,131202,東京都,練馬区,関町南４丁目,2020-02-23,16,一戸建住宅,その他,50歳代,その他,施錠せず
窃盗,自転車盗,石神井,武蔵関駐在所,131202,東京都,練馬区,関町南４丁目,2020-04-06,02,その他,駐車（輪）場,40歳代,その他,施錠せず
窃盗,自転車盗,石神井,武蔵関駐在所,131202,東京都,練馬区,関町南４丁目,2020-04-21,19,４階建て以上共同住宅,駐車（輪）場,40歳代,その他,施錠せず
窃盗,自転車盗,石神井,石神井南駐在所,131202,東京都,練馬区,下石神井１丁目,2020-01-26,19,一戸建住宅,駐車（輪）場,70歳以上,その他,施錠せず
窃盗,自転車盗,石神井,石神井南駐在所,131202,東京都,練馬区,下石神井１丁目,2020-05-21,18,その他,その他,50歳代,その他,施錠せず
窃盗,自転車盗,石神井,石神井南駐在所,131202,東京都,練馬区,下石神井１丁目,2020-08-01,09,その他,駐車（輪）場,60-64歳,その他,施錠せず
窃盗,自転車盗,石神井,石神井南駐在所,131202,東京都,練馬区,下石神井２丁目,2020-01-25,14,一戸建住宅,その他,10歳代,高校生,施錠せず
窃盗,自転車盗,石神井,石神井南駐在所,131202,東京都,練馬区,下石神井２丁目,2020-04-15,20,道路上,その他,70歳以上,その他,施錠せず
窃盗,自転車盗,石神井,石神井南駐在所,131202,東京都,練馬区,下石神井４丁目,2020-02-12,01,その他,その他,40歳代,その他,施錠せず
窃盗,自転車盗,石神井,石神井南駐在所,131202,東京都,練馬区,下石神井４丁目,2020-03-07,11,４階建て以上共同住宅,駐車（輪）場,40歳代,その他,施錠せず
窃盗,自転車盗,石神井,石神井南駐在所,131202,東京都,練馬区,下石神井４丁目,2020-07-18,23,４階建て以上共同住宅,駐車（輪）場,20歳代,その他,施錠せず
窃盗,自転車盗,石神井,石神井南駐在所,131202,東京都,練馬区,下石神井４丁目,2020-11-25,12,その他の住宅（３階建て以下共同住宅等）,駐車（輪）場,20歳代,大学生,施錠せず
窃盗,自転車盗,石神井,石神井南駐在所,131202,東京都,練馬区,下石神井５丁目,2020-01-10,19,一戸建住宅,その他,10歳代,小学生,施錠せず
窃盗,自転車盗,高島平,高島平駅前交番,131199,東京都,板橋区,新河岸１丁目,2020-12-01,19,４階建て以上共同住宅,駐車（輪）場,40歳代,その他,施錠せず
窃盗,自転車盗,高島平,高島平駅前交番,131199,東京都,板橋区,高島平２丁目,2020-01-21,16,その他,駐車（輪）場,70歳以上,その他,施錠せず
窃盗,自転車盗,高島平,高島平駅前交番,131199,東京都,板橋区,高島平２丁目,2020-02-16,06,その他,駐車（輪）場,30歳代,その他,施錠せず
窃盗,自転車盗,高島平,高島平駅前交番,131199,東京都,板橋区,高島平２丁目,2020-03-09,16,４階建て以上共同住宅,駐車（輪）場,20歳代,その他,施錠せず
窃盗,自転車盗,高島平,高島平駅前交番,131199,東京都,板橋区,高島平２丁目,2020-05-16,15,４階建て以上共同住宅,駐車（輪）場,50歳代,その他,施錠せず
窃盗,自転車盗,高島平,高島平駅前交番,131199,東京都,板橋区,高島平２丁目,2020-06-18,07,４階建て以上共同住宅,駐車（輪）場,10歳代,その他,施錠せず
窃盗,自転車盗,高島平,高島平駅前交番,131199,東京都,板橋区,高島平２丁目,2020-07-07,16,４階建て以上共同住宅,駐車（輪）場,70歳以上,その他,施錠せず
窃盗,自転車盗,高島平,高島平駅前交番,131199,東京都,板橋区,高島平２丁目,2020-08-15,12,４階建て以上共同住宅,駐車（輪）場,60-64歳,その他,施錠せず
窃盗,自転車盗,高島平,高島平駅前交番,131199,東京都,板橋区,高島平２丁目,2020-09-02,16,４階建て以上共同住宅,駐車（輪）場,70歳以上,その他,施錠せず
窃盗,自転車盗,高島平,高島平駅前交番,131199,東京都,板橋区,高島平２丁目,2020-09-03,19,４階建て以上共同住宅,駐車（輪）場,50歳代,その他,施錠せず
窃盗,自転車盗,高島平,高島平駅前交番,131199,東京都,板橋区,高島平２丁目,2020-10-11,17,４階建て以上共同住宅,駐車（輪）場,50歳代,その他,施錠せず
窃盗,自転車盗,高島平,高島平駅前交番,131199,東京都,板橋区,高島平３丁目,2020-10-09,21,その他,駐車（輪）場,50歳代,その他,施錠せず
窃盗,自転車盗,高島平,高島平駅前交番,131199,東京都,板橋区,高島平５丁目,2020-02-29,22,４階建て以上共同住宅,駐車（輪）場,40歳代,その他,施錠せず
窃盗,自転車盗,高島平,高島平駅前交番,131199,東京都,板橋区,高島平７丁目,2020-01-26,11,道路上,その他,10歳代,中学生,施錠せず
窃盗,自転車盗,高島平,高島平駅前交番,131199,東京都,板橋区,高島平７丁目,2020-12-03,21,道路上,その他,20歳代,その他,施錠せず
窃盗,自転車盗,高島平,高島平駅前交番,131199,東京都,板橋区,高島平８丁目,2020-01-06,15,その他,駐車（輪）場,20歳代,大学生,施錠せず
窃盗,自転車盗,高島平,高島平駅前交番,131199,東京都,板橋区,高島平８丁目,2020-02-16,10,駐車（輪）場,駐車（輪）場,20歳代,大学生,施錠せず
窃盗,自転車盗,高島平,高島平駅前交番,131199,東京都,板橋区,高島平８丁目,2020-04-17,18,駐車（輪）場,駐車（輪）場,10歳代,その他,施錠せず
窃盗,自転車盗,高島平,高島平駅前交番,131199,東京都,板橋区,高島平８丁目,2020-06-16,17,４階建て以上共同住宅,駐車（輪）場,20歳代,その他,施錠せず
窃盗,自転車盗,高島平,高島平駅前交番,131199,東京都,板橋区,高島平８丁目,2020-06-19,21,駐車（輪）場,駐車（輪）場,40歳代,その他,施錠せず
窃盗,自転車盗,高島平,高島平駅前交番,131199,東京都,板橋区,高島平８丁目,2020-06-26,08,駐車（輪）場,駐車（輪）場,10歳代,大学生,施錠せず
窃盗,自転車盗,高島平,高島平駅前交番,131199,東京都,板橋区,高島平８丁目,2020-09-10,07,駐車（輪）場,駐車（輪）場,60-64歳,その他,施錠せず
窃盗,自転車盗,高島平,高島平駅前交番,131199,東京都,板橋区,高島平８丁目,2020-11-28,14,道路上,その他,10歳代,中学生,施錠せず
窃盗,自転車盗,高島平,高島平駅前交番,131199,東京都,板橋区,高島平８丁目,2020-12-05,18,道路上,その他,20歳代,その他,施錠せず
窃盗,自転車盗,高島平,高島平駅前交番,131199,東京都,板橋区,高島平８丁目,2020-12-12,13,駐車（輪）場,駐車（輪）場,40歳代,その他,施錠せず
窃盗,自転車盗,高島平,高島平駅前交番,131199,東京都,板橋区,徳丸８丁目,2020-03-20,19,４階建て以上共同住宅,駐車（輪）場,10歳代,中学生,施錠せず
窃盗,自転車盗,高島平,西台駅前交番,131199,東京都,板橋区,高島平１丁目,2020-01-21,01,道路上,その他,70歳以上,その他,施錠せず
窃盗,自転車盗,高島平,西台駅前交番,131199,東京都,板橋区,高島平１丁目,2020-02-09,18,道路上,その他,10歳代,小学生,施錠せず
窃盗,自転車盗,高島平,西台駅前交番,131199,東京都,板橋区,高島平１丁目,2020-02-17,19,その他の住宅（３階建て以下共同住宅等）,駐車（輪）場,10歳代,中学生,施錠せず
窃盗,自転車盗,高島平,西台駅前交番,131199,東京都,板橋区,高島平１丁目,2020-03-30,09,道路上,その他,65-69歳,その他,施錠せず
窃盗,自転車盗,高島平,西台駅前交番,131199,東京都,板橋区,高島平１丁目,2020-05-01,17,道路上,その他,20歳代,その他,施錠せず
窃盗,自転車盗,高島平,西台駅前交番,131199,東京都,板橋区,高島平１丁目,2020-07-04,22,その他の住宅（３階建て以下共同住宅等）,駐車（輪）場,20歳代,その他,施錠せず
窃盗,自転車盗,高島平,西台駅前交番,131199,東京都,板橋区,高島平１丁目,2020-07-27,11,４階建て以上共同住宅,駐車（輪）場,30歳代,その他,施錠せず
窃盗,自転車盗,高島平,西台駅前交番,131199,東京都,板橋区,高島平１丁目,2020-08-02,17,４階建て以上共同住宅,駐車（輪）場,10歳未満,小学生,施錠せず
窃盗,自転車盗,高島平,西台駅前交番,131199,東京都,板橋区,高島平１丁目,2020-08-03,07,道路上,その他,10歳代,大学生,施錠せず
窃盗,自転車盗,高島平,西台駅前交番,131199,東京都,板橋区,高島平１丁目,2020-08-14,00,４階建て以上共同住宅,駐車（輪）場,20歳代,大学生,施錠せず
窃盗,自転車盗,高島平,西台駅前交番,131199,東京都,板橋区,高島平１丁目,2020-09-13,17,一戸建住宅,駐車（輪）場,10歳代,小学生,施錠せず
窃盗,自転車盗,高島平,西台駅前交番,131199,東京都,板橋区,高島平１丁目,2020-09-23,19,その他の住宅（３階建て以下共同住宅等）,駐車（輪）場,30歳代,その他,施錠せず
窃盗,自転車盗,高島平,西台駅前交番,131199,東京都,板橋区,高島平１丁目,2020-11-29,14,４階建て以上共同住宅,駐車（輪）場,10歳代,小学生,施錠せず
窃盗,自転車盗,高島平,西台駅前交番,131199,東京都,板橋区,高島平１丁目,2020-12-07,18,道路上,その他,65-69歳,その他,施錠せず
窃盗,自転車盗,高島平,西台駅前交番,131199,東京都,板橋区,高島平９丁目,2020-03-01,16,一戸建住宅,駐車（輪）場,40歳代,その他,施錠せず
窃盗,自転車盗,高島平,西台駅前交番,131199,東京都,板橋区,高島平９丁目,2020-04-09,01,４階建て以上共同住宅,駐車（輪）場,20歳代,その他,施錠せず
窃盗,自転車盗,高島平,西台駅前交番,131199,東京都,板橋区,高島平９丁目,2020-04-25,17,道路上,その他,40歳代,その他,施錠せず
窃盗,自転車盗,高島平,西台駅前交番,131199,東京都,板橋区,高島平９丁目,2020-05-11,17,その他,駐車（輪）場,10歳代,中学生,施錠せず
窃盗,自転車盗,高島平,西台駅前交番,131199,東京都,板橋区,高島平９丁目,2020-07-16,07,その他,その他,30歳代,その他,施錠せず
窃盗,自転車盗,高島平,西台駅前交番,131199,東京都,板橋区,高島平９丁目,2020-09-06,14,４階建て以上共同住宅,駐車（輪）場,30歳代,その他,施錠せず
窃盗,自転車盗,高島平,新河岸交番,131199,東京都,板橋区,新河岸１丁目,2020-01-13,15,４階建て以上共同住宅,駐車（輪）場,40歳代,その他,施錠せず
窃盗,自転車盗,高島平,笹目橋交番,131199,東京都,板橋区,高島平５丁目,2019-12-23,17,その他,その他,10歳代,小学生,施錠せず
窃盗,自転車盗,高島平,笹目橋交番,131199,東京都,板橋区,高島平５丁目,2020-05-07,14,一戸建住宅,駐車（輪）場,10歳代,高校生,施錠せず
窃盗,自転車盗,高島平,笹目橋交番,131199,東京都,板橋区,高島平６丁目,2020-04-03,12,その他,その他,40歳代,その他,施錠せず
窃盗,自転車盗,高島平,笹目橋交番,131199,東京都,板橋区,高島平６丁目,2020-05-26,06,駐車（輪）場,駐車（輪）場,50歳代,その他,施錠せず
窃盗,自転車盗,高島平,笹目橋交番,131199,東京都,板橋区,高島平６丁目,2020-09-24,07,駐車（輪）場,駐車（輪）場,30歳代,その他,施錠せず
窃盗,自転車盗,高島平,笹目橋交番,131199,東京都,板橋区,高島平７丁目,2019-12-26,12,４階建て以上共同住宅,駐車（輪）場,60-64歳,その他,施錠せず
窃盗,自転車盗,高島平,笹目橋交番,131199,東京都,板橋区,三園１丁目,2020-02-26,05,その他の住宅（３階建て以下共同住宅等）,駐車（輪）場,20歳代,その他,施錠せず
窃盗,自転車盗,高島平,笹目橋交番,131199,東京都,板橋区,三園１丁目,2020-04-07,08,その他,その他,50歳代,その他,施錠せず
窃盗,自転車盗,高島平,笹目橋交番,131199,東京都,板橋区,三園１丁目,2020-04-09,13,道路上,その他,40歳代,その他,施錠せず
窃盗,自転車盗,高島平,笹目橋交番,131199,東京都,板橋区,三園１丁目,2020-04-28,18,一戸建住宅,駐車（輪）場,50歳代,その他,施錠せず
窃盗,自転車盗,高島平,北野交番,131199,東京都,板橋区,赤塚新町３丁目,2020-06-20,不明,４階建て以上共同住宅,駐車（輪）場,10歳代,中学生,施錠せず
窃盗,自転車盗,高島平,北野交番,131199,東京都,板橋区,徳丸１丁目,2020-01-17,18,４階建て以上共同住宅,駐車（輪）場,65-69歳,その他,施錠せず
窃盗,自転車盗,高島平,北野交番,131199,東京都,板橋区,徳丸１丁目,2020-02-02,13,道路上,その他,60-64歳,その他,施錠せず
窃盗,自転車盗,高島平,北野交番,131199,東京都,板橋区,徳丸１丁目,2020-06-30,07,一戸建住宅,駐車（輪）場,10歳代,高校生,施錠せず
窃盗,自転車盗,高島平,北野交番,131199,東京都,板橋区,徳丸１丁目,2020-12-17,20,その他の住宅（３階建て以下共同住宅等）,駐車（輪）場,20歳代,その他,施錠せず
窃盗,自転車盗,高島平,北野交番,131199,東京都,板橋区,徳丸２丁目,2020-01-09,20,４階建て以上共同住宅,駐車（輪）場,20歳代,大学生,施錠せず
窃盗,自転車盗,高島平,北野交番,131199,東京都,板橋区,徳丸２丁目,2020-01-22,17,その他,駐車（輪）場,30歳代,その他,施錠せず
窃盗,自転車盗,高島平,北野交番,131199,東京都,板橋区,徳丸２丁目,2020-01-28,08,道路上,その他,40歳代,その他,施錠せず
窃盗,自転車盗,高島平,北野交番,131199,東京都,板橋区,徳丸２丁目,2020-02-22,16,駐車（輪）場,駐車（輪）場,20歳代,その他,施錠せず
窃盗,自転車盗,高島平,北野交番,131199,東京都,板橋区,徳丸２丁目,2020-02-22,23,駐車（輪）場,駐車（輪）場,20歳代,その他,施錠せず
窃盗,自転車盗,高島平,北野交番,131199,東京都,板橋区,徳丸２丁目,2020-03-07,13,道路上,その他,10歳代,中学生,施錠せず
窃盗,自転車盗,高島平,北野交番,131199,東京都,板橋区,徳丸２丁目,2020-03-28,18,道路上,その他,30歳代,その他,施錠せず
窃盗,自転車盗,高島平,北野交番,131199,東京都,板橋区,徳丸２丁目,2020-07-08,16,その他,駐車（輪）場,10歳代,中学生,施錠せず
窃盗,自転車盗,高島平,北野交番,131199,東京都,板橋区,徳丸２丁目,2020-07-12,16,その他,駐車（輪）場,40歳代,その他,施錠せず
窃盗,自転車盗,高島平,北野交番,131199,東京都,板橋区,徳丸２丁目,2020-07-13,19,その他,駐車（輪）場,20歳代,その他,施錠せず
窃盗,自転車盗,高島平,北野交番,131199,東京都,板橋区,徳丸２丁目,2020-07-27,18,４階建て以上共同住宅,駐車（輪）場,20歳代,その他,施錠せず
窃盗,自転車盗,高島平,北野交番,131199,東京都,板橋区,徳丸２丁目,2020-08-18,06,その他,駐車（輪）場,20歳代,その他,施錠せず
窃盗,自転車盗,高島平,北野交番,131199,東京都,板橋区,徳丸２丁目,2020-08-18,14,その他,駐車（輪）場,10歳代,中学生,施錠せず
窃盗,自転車盗,高島平,北野交番,131199,東京都,板橋区,徳丸２丁目,2020-08-29,18,その他,駐車（輪）場,10歳代,高校生,施錠せず
窃盗,自転車盗,高島平,北野交番,131199,東京都,板橋区,徳丸２丁目,2020-09-21,15,その他の住宅（３階建て以下共同住宅等）,駐車（輪）場,10歳代,その他,施錠せず
窃盗,自転車盗,高島平,北野交番,131199,東京都,板橋区,徳丸２丁目,2020-10-04,06,駐車（輪）場,駐車（輪）場,40歳代,その他,施錠せず
窃盗,自転車盗,高島平,北野交番,131199,東京都,板橋区,徳丸２丁目,2020-10-17,14,道路上,その他,50歳代,その他,施錠せず
窃盗,自転車盗,高島平,北野交番,131199,東京都,板橋区,徳丸２丁目,2020-10-22,00,その他,その他,法人・団体、被害者なし,法人・団体、被害者なし,施錠せず
窃盗,自転車盗,高島平,北野交番,131199,東京都,板橋区,徳丸２丁目,2020-10-27,08,駐車（輪）場,駐車（輪）場,30歳代,その他,施錠せず
窃盗,自転車盗,高島平,北野交番,131199,東京都,板橋区,徳丸２丁目,2020-11-08,12,道路上,その他,40歳代,その他,施錠せず
窃盗,自転車盗,高島平,北野交番,131199,東京都,板橋区,徳丸３丁目,2020-03-09,12,道路上,その他,70歳以上,その他,施錠せず
窃盗,自転車盗,高島平,北野交番,131199,東京都,板橋区,徳丸３丁目,2020-05-08,12,道路上,その他,70歳以上,その他,施錠せず
窃盗,自転車盗,高島平,北野交番,131199,東京都,板橋区,徳丸３丁目,2020-08-09,18,４階建て以上共同住宅,駐車（輪）場,20歳代,その他,施錠せず
窃盗,自転車盗,高島平,北野交番,131199,東京都,板橋区,徳丸３丁目,2020-08-10,23,４階建て以上共同住宅,駐車（輪）場,10歳代,大学生,施錠せず
窃盗,自転車盗,高島平,北野交番,131199,東京都,板橋区,徳丸３丁目,2020-10-14,16,４階建て以上共同住宅,駐車（輪）場,10歳代,高校生,施錠せず
窃盗,自転車盗,高島平,北野交番,131199,東京都,板橋区,徳丸３丁目,2020-12-11,19,一戸建住宅,駐車（輪）場,10歳代,中学生,施錠せず
窃盗,自転車盗,高島平,北野交番,131199,東京都,板橋区,徳丸４丁目,2020-04-07,15,４階建て以上共同住宅,駐車（輪）場,10歳代,中学生,施錠せず
窃盗,自転車盗,高島平,北野交番,131199,東京都,板橋区,徳丸４丁目,2020-10-20,20,一戸建住宅,駐車（輪）場,10歳代,小学生,施錠せず
窃盗,自転車盗,高島平,北野交番,131199,東京都,板橋区,徳丸４丁目,2020-11-20,20,４階建て以上共同住宅,駐車（輪）場,20歳代,その他,施錠せず
窃盗,自転車盗,高島平,北野交番,131199,東京都,板橋区,徳丸４丁目,2020-12-04,08,一戸建住宅,駐車（輪）場,40歳代,その他,施錠せず
窃盗,自転車盗,高島平,北野交番,131199,東京都,板橋区,徳丸６丁目,2020-01-15,22,その他の住宅（３階建て以下共同住宅等）,駐車（輪）場,40歳代,その他,施錠せず
窃盗,自転車盗,高島平,北野交番,131199,東京都,板橋区,徳丸６丁目,2020-04-15,16,４階建て以上共同住宅,駐車（輪）場,30歳代,その他,施錠せず
窃盗,自転車盗,高島平,北野交番,131199,東京都,板橋区,成増３丁目,2020-09-10,11,その他,駐車（輪）場,20歳代,大学生,施錠せず
窃盗,自転車盗,高島平,下赤塚交番,131199,東京都,板橋区,赤塚１丁目,2020-02-28,12,駐車（輪）場,駐車（輪）場,10歳代,大学生,施錠せず
窃盗,自転車盗,高島平,下赤塚交番,131199,東京都,板橋区,赤塚１丁目,2020-03-12,10,その他,その他,60-64歳,その他,施錠せず
窃盗,自転車盗,高島平,下赤塚交番,131199,東京都,板橋区,赤塚２丁目,2019-12-26,12,道路上,その他,30歳代,その他,施錠せず
窃盗,自転車盗,高島平,下赤塚交番,131199,東京都,板橋区,赤塚２丁目,2019-12-28,17,道路上,その他,30歳代,その他,施錠せず
窃盗,自転車盗,高島平,下赤塚交番,131199,東京都,板橋区,赤塚２丁目,2019-12-29,12,一戸建住宅,その他,40歳代,その他,施錠せず
窃盗,自転車盗,高島平,下赤塚交番,131199,東京都,板橋区,赤塚２丁目,2020-03-23,19,一戸建住宅,駐車（輪）場,70歳以上,その他,施錠せず
窃盗,自転車盗,高島平,下赤塚交番,131199,東京都,板橋区,赤塚２丁目,2020-07-03,17,その他の住宅（３階建て以下共同住宅等）,その他,10歳代,中学生,施錠せず
窃盗,自転車盗,高島平,下赤塚交番,131199,東京都,板橋区,赤塚２丁目,2020-10-14,16,道路上,その他,10歳代,小学生,施錠せず
窃盗,自転車盗,高島平,下赤塚交番,131199,東京都,板橋区,赤塚６丁目,2020-08-09,22,その他の住宅（３階建て以下共同住宅等）,その他,20歳代,その他,施錠せず
窃盗,自転車盗,高島平,下赤塚交番,131199,東京都,板橋区,赤塚６丁目,2020-11-25,19,４階建て以上共同住宅,駐車（輪）場,50歳代,その他,施錠せず
窃盗,自転車盗,高島平,下赤塚交番,131199,東京都,板橋区,赤塚６丁目,2020-11-29,16,４階建て以上共同住宅,駐車（輪）場,20歳代,その他,施錠せず
窃盗,自転車盗,高島平,下赤塚交番,131199,東京都,板橋区,赤塚７丁目,2020-09-22,20,その他の住宅（３階建て以下共同住宅等）,駐車（輪）場,40歳代,その他,施錠せず
窃盗,自転車盗,高島平,下赤塚交番,131199,東京都,板橋区,赤塚７丁目,2020-10-23,21,その他,駐車（輪）場,20歳代,大学生,施錠せず
窃盗,自転車盗,高島平,下赤塚交番,131199,東京都,板橋区,赤塚新町１丁目,2020-01-13,23,駐車（輪）場,駐車（輪）場,20歳代,その他,施錠せず
窃盗,自転車盗,高島平,下赤塚交番,131199,東京都,板橋区,赤塚新町１丁目,2020-02-27,22,道路上,その他,50歳代,その他,施錠せず
窃盗,自転車盗,高島平,下赤塚交番,131199,東京都,板橋区,赤塚新町１丁目,2020-04-02,11,その他,駐車（輪）場,20歳代,その他,施錠せず
窃盗,自転車盗,高島平,下赤塚交番,131199,東京都,板橋区,赤塚新町１丁目,2020-08-20,18,道路上,その他,10歳代,大学生,施錠せず
窃盗,自転車盗,高島平,下赤塚交番,131199,東京都,板橋区,赤塚新町１丁目,2020-11-26,09,駐車（輪）場,駐車（輪）場,10歳代,大学生,施錠せず
窃盗,自転車盗,高島平,下赤塚交番,131199,東京都,板橋区,赤塚新町２丁目,2020-02-10,16,４階建て以上共同住宅,駐車（輪）場,30歳代,その他,施錠せず
窃盗,自転車盗,高島平,下赤塚交番,131199,東京都,板橋区,赤塚新町２丁目,2020-10-26,23,その他,駐車（輪）場,40歳代,その他,施錠せず
窃盗,自転車盗,高島平,下赤塚交番,131199,東京都,板橋区,赤塚新町３丁目,2019-07-13,18,道路上,その他,20歳代,その他,施錠せず
窃盗,自転車盗,高島平,下赤塚交番,131199,東京都,板橋区,赤塚新町３丁目,2019-12-21,17,４階建て以上共同住宅,駐車（輪）場,50歳代,その他,施錠せず
窃盗,自転車盗,高島平,下赤塚交番,131199,東京都,板橋区,赤塚新町３丁目,2020-08-19,11,４階建て以上共同住宅,駐車（輪）場,70歳以上,その他,施錠せず
窃盗,自転車盗,高島平,下赤塚交番,131199,東京都,板橋区,赤塚新町３丁目,2020-10-10,17,４階建て以上共同住宅,駐車（輪）場,30歳代,その他,施錠せず
窃盗,自転車盗,高島平,赤塚交番,131199,東京都,板橋区,赤塚３丁目,2019-12-20,20,一戸建住宅,その他,10歳代,中学生,施錠せず
窃盗,自転車盗,高島平,赤塚交番,131199,東京都,板橋区,赤塚３丁目,2020-08-10,18,その他の住宅（３階建て以下共同住宅等）,駐車（輪）場,30歳代,その他,施錠せず
窃盗,自転車盗,高島平,赤塚交番,131199,東京都,板橋区,赤塚３丁目,2020-11-27,14,一戸建住宅,駐車（輪）場,10歳代,小学生,施錠せず
窃盗,自転車盗,高島平,赤塚交番,131199,東京都,板橋区,赤塚新町３丁目,2020-05-27,20,４階建て以上共同住宅,駐車（輪）場,20歳代,その他,施錠せず
窃盗,自転車盗,高島平,赤塚交番,131199,東京都,板橋区,赤塚新町３丁目,2020-08-11,20,４階建て以上共同住宅,駐車（輪）場,30歳代,その他,施錠せず
窃盗,自転車盗,高島平,赤塚交番,131199,東京都,板橋区,赤塚新町３丁目,2020-08-26,06,４階建て以上共同住宅,駐車（輪）場,10歳代,その他,施錠せず
窃盗,自転車盗,高島平,成増駅前交番,131199,東京都,板橋区,赤塚新町３丁目,2020-01-21,23,一戸建住宅,その他,50歳代,その他,施錠せず
窃盗,自転車盗,高島平,成増駅前交番,131199,東京都,板橋区,赤塚新町３丁目,2020-08-22,06,４階建て以上共同住宅,駐車（輪）場,20歳代,その他,施錠せず
窃盗,自転車盗,高島平,成増駅前交番,131199,東京都,板橋区,成増１丁目,2020-02-23,21,一戸建住宅,その他,10歳代,中学生,施錠せず
窃盗,自転車盗,高島平,成増駅前交番,131199,東京都,板橋区,成増１丁目,2020-04-24,21,その他の住宅（３階建て以下共同住宅等）,駐車（輪）場,30歳代,その他,施錠せず
窃盗,自転車盗,高島平,成増駅前交番,131199,東京都,板橋区,成増１丁目,2020-07-07,19,４階建て以上共同住宅,駐車（輪）場,30歳代,その他,施錠せず
窃盗,自転車盗,高島平,成増駅前交番,131199,東京都,板橋区,成増１丁目,2020-08-25,19,その他の住宅（３階建て以下共同住宅等）,駐車（輪）場,30歳代,その他,施錠せず
窃盗,自転車盗,高島平,成増駅前交番,131199,東京都,板橋区,成増１丁目,2020-11-21,17,駐車（輪）場,駐車（輪）場,20歳代,その他,施錠せず
窃盗,自転車盗,高島平,成増駅前交番,131199,東京都,板橋区,成増１丁目,2020-12-23,10,その他,駐車（輪）場,20歳代,その他,施錠せず
窃盗,自転車盗,高島平,成増駅前交番,131199,東京都,板橋区,成増２丁目,2019-09-16,21,４階建て以上共同住宅,駐車（輪）場,10歳代,高校生,施錠せず
窃盗,自転車盗,高島平,成増駅前交番,131199,東京都,板橋区,成増２丁目,2020-01-09,02,道路上,その他,30歳代,その他,施錠せず
窃盗,自転車盗,高島平,成増駅前交番,131199,東京都,板橋区,成増２丁目,2020-02-07,12,駐車（輪）場,駐車（輪）場,30歳代,その他,施錠せず
窃盗,自転車盗,高島平,成増駅前交番,131199,東京都,板橋区,成増２丁目,2020-04-04,21,道路上,その他,40歳代,その他,施錠せず
窃盗,自転車盗,高島平,成増駅前交番,131199,東京都,板橋区,成増２丁目,2020-06-08,17,道路上,その他,30歳代,その他,施錠せず
窃盗,自転車盗,高島平,成増駅前交番,131199,東京都,板橋区,成増２丁目,2020-09-09,12,一戸建住宅,駐車（輪）場,70歳以上,その他,施錠せず
窃盗,自転車盗,高島平,成増駅前交番,131199,東京都,板橋区,成増２丁目,2020-09-18,09,道路上,その他,40歳代,その他,施錠せず
窃盗,自転車盗,高島平,成増駅前交番,131199,東京都,板橋区,成増２丁目,2020-09-24,07,駐車（輪）場,駐車（輪）場,10歳代,高校生,施錠せず
窃盗,自転車盗,高島平,成増駅前交番,131199,東京都,板橋区,成増２丁目,2020-09-29,07,駐車（輪）場,駐車（輪）場,20歳代,その他,施錠せず
窃盗,自転車盗,高島平,成増駅前交番,131199,東京都,板橋区,成増２丁目,2020-11-01,22,その他の住宅（３階建て以下共同住宅等）,駐車（輪）場,40歳代,その他,施錠せず
窃盗,自転車盗,高島平,成増駅前交番,131199,東京都,板橋区,成増２丁目,2020-11-18,08,駐車（輪）場,駐車（輪）場,10歳代,高校生,施錠せず
窃盗,自転車盗,高島平,成増駅前交番,131199,東京都,板橋区,成増３丁目,2020-01-08,07,駐車（輪）場,駐車（輪）場,30歳代,その他,施錠せず
窃盗,自転車盗,高島平,成増駅前交番,131199,東京都,板橋区,成増３丁目,2020-07-16,21,駐車（輪）場,駐車（輪）場,10歳代,高校生,施錠せず
窃盗,自転車盗,高島平,成増駅前交番,131199,東京都,板橋区,成増３丁目,2020-09-20,10,４階建て以上共同住宅,駐車（輪）場,30歳代,その他,施錠せず
窃盗,自転車盗,高島平,成増駅前交番,131199,東京都,板橋区,成増３丁目,2020-09-23,05,駐車（輪）場,駐車（輪）場,20歳代,その他,施錠せず
窃盗,自転車盗,高島平,成増駅前交番,131199,東京都,板橋区,成増３丁目,2020-10-30,17,駐車（輪）場,駐車（輪）場,20歳代,大学生,施錠せず
窃盗,自転車盗,高島平,成増駅前交番,131199,東京都,板橋区,成増３丁目,2020-11-09,21,その他の住宅（３階建て以下共同住宅等）,駐車（輪）場,20歳代,その他,施錠せず
窃盗,自転車盗,高島平,上赤塚交番,131199,東京都,板橋区,赤塚３丁目,2020-05-04,16,その他の住宅（３階建て以下共同住宅等）,駐車（輪）場,10歳未満,小学生,施錠せず
窃盗,自転車盗,高島平,上赤塚交番,131199,東京都,板橋区,赤塚３丁目,2020-08-30,00,道路上,その他,30歳代,その他,施錠せず
窃盗,自転車盗,高島平,上赤塚交番,131199,東京都,板橋区,赤塚４丁目,2020-03-03,20,４階建て以上共同住宅,駐車（輪）場,10歳代,中学生,施錠せず
窃盗,自転車盗,高島平,上赤塚交番,131199,東京都,板橋区,成増４丁目,2020-03-12,02,その他の住宅（３階建て以下共同住宅等）,駐車（輪）場,40歳代,その他,施錠せず
窃盗,自転車盗,高島平,上赤塚交番,131199,東京都,板橋区,成増４丁目,2020-09-08,21,４階建て以上共同住宅,駐車（輪）場,20歳代,その他,施錠せず
窃盗,自転車盗,高島平,上赤塚交番,131199,東京都,板橋区,成増５丁目,2020-02-26,14,道路上,その他,70歳以上,その他,施錠せず
窃盗,自転車盗,高島平,松月院前交番,131199,東京都,板橋区,赤塚５丁目,2020-08-13,14,その他,その他,50歳代,その他,施錠せず
窃盗,自転車盗,高島平,松月院前交番,131199,東京都,板橋区,赤塚５丁目,2020-08-15,21,一戸建住宅,駐車（輪）場,10歳代,高校生,施錠せず
窃盗,自転車盗,高島平,松月院前交番,131199,東京都,板橋区,赤塚５丁目,2020-11-17,14,一戸建住宅,駐車（輪）場,20歳代,その他,施錠せず
窃盗,自転車盗,高島平,松月院前交番,131199,東京都,板橋区,赤塚６丁目,2020-05-18,12,その他の住宅（３階建て以下共同住宅等）,その他,10歳代,高校生,施錠せず
窃盗,自転車盗,高島平,松月院前交番,131199,東京都,板橋区,赤塚６丁目,2020-10-06,12,その他,その他,30歳代,その他,施錠せず
窃盗,自転車盗,高島平,松月院前交番,131199,東京都,板橋区,赤塚８丁目,2020-03-28,11,その他の住宅（３階建て以下共同住宅等）,駐車（輪）場,30歳代,その他,施錠せず
窃盗,自転車盗,高島平,松月院前交番,131199,東京都,板橋区,大門,2020-01-21,16,一戸建住宅,その他,10歳代,中学生,施錠せず
窃盗,自転車盗,高島平,松月院前交番,131199,東京都,板橋区,四葉１丁目,2020-08-18,23,道路上,その他,40歳代,その他,施錠せず
窃盗,自転車盗,高島平,松月院前交番,131199,東京都,板橋区,四葉１丁目,2020-11-25,15,一戸建住宅,駐車（輪）場,10歳代,高校生,施錠せず
窃盗,自転車盗,高島平,松月院前交番,131199,東京都,板橋区,四葉２丁目,2020-06-17,11,その他の住宅（３階建て以下共同住宅等）,駐車（輪）場,50歳代,その他,施錠せず
窃盗,自転車盗,高島平,徳丸駐在所,131199,東京都,板橋区,徳丸６丁目,2020-01-25,09,一戸建住宅,駐車（輪）場,50歳代,その他,施錠せず
窃盗,自転車盗,高島平,徳丸駐在所,131199,東京都,板橋区,徳丸６丁目,2020-02-23,09,その他,駐車（輪）場,60-64歳,その他,施錠せず
窃盗,自転車盗,高島平,徳丸駐在所,131199,東京都,板橋区,徳丸６丁目,2020-07-23,14,一戸建住宅,駐車（輪）場,20歳代,その他,施錠せず
窃盗,自転車盗,高島平,徳丸駐在所,131199,東京都,板橋区,徳丸７丁目,2020-06-17,19,４階建て以上共同住宅,駐車（輪）場,40歳代,その他,施錠せず
窃盗,自転車盗,高島平,徳丸駐在所,131199,東京都,板橋区,徳丸８丁目,2020-03-18,22,一戸建住宅,その他,10歳代,高校生,施錠せず
窃盗,自転車盗,光が丘,北町交番,131202,東京都,練馬区,北町１丁目,2019-12-30,18,一戸建住宅,その他,50歳代,その他,施錠せず
窃盗,自転車盗,光が丘,北町交番,131202,東京都,練馬区,北町１丁目,2020-03-15,16,一戸建住宅,その他,40歳代,その他,施錠せず
窃盗,自転車盗,光が丘,北町交番,131202,東京都,練馬区,北町１丁目,2020-03-21,15,その他の住宅（３階建て以下共同住宅等）,駐車（輪）場,40歳代,その他,施錠せず
窃盗,自転車盗,光が丘,北町交番,131202,東京都,練馬区,北町１丁目,2020-06-01,11,一戸建住宅,その他,10歳代,高校生,施錠せず
窃盗,自転車盗,光が丘,北町交番,131202,東京都,練馬区,北町１丁目,2020-10-23,21,４階建て以上共同住宅,駐車（輪）場,30歳代,その他,施錠せず
窃盗,自転車盗,光が丘,北町交番,131202,東京都,練馬区,北町１丁目,2020-11-27,17,道路上,その他,60-64歳,その他,施錠せず
窃盗,自転車盗,光が丘,北町交番,131202,東京都,練馬区,北町１丁目,2020-12-13,21,４階建て以上共同住宅,駐車（輪）場,30歳代,その他,施錠せず
窃盗,自転車盗,光が丘,北町交番,131202,東京都,練馬区,北町２丁目,2020-01-20,20,４階建て以上共同住宅,その他,20歳代,その他,施錠せず
窃盗,自転車盗,光が丘,北町交番,131202,東京都,練馬区,北町２丁目,2020-05-30,18,４階建て以上共同住宅,駐車（輪）場,10歳代,大学生,施錠せず
窃盗,自転車盗,光が丘,北町交番,131202,東京都,練馬区,北町２丁目,2020-08-06,00,一戸建住宅,駐車（輪）場,40歳代,その他,施錠せず
窃盗,自転車盗,光が丘,北町交番,131202,東京都,練馬区,北町２丁目,2020-08-24,14,４階建て以上共同住宅,その他,50歳代,その他,施錠せず
窃盗,自転車盗,光が丘,北町交番,131202,東京都,練馬区,北町２丁目,2020-09-01,16,その他,駐車（輪）場,50歳代,その他,施錠せず
窃盗,自転車盗,光が丘,北町交番,131202,東京都,練馬区,北町２丁目,2020-11-09,16,道路上,その他,10歳代,大学生,施錠せず
窃盗,自転車盗,光が丘,北町交番,131202,東京都,練馬区,北町２丁目,2020-11-24,08,道路上,その他,70歳以上,その他,施錠せず
窃盗,自転車盗,光が丘,北町交番,131202,東京都,練馬区,北町３丁目,2020-03-18,17,一戸建住宅,駐車（輪）場,10歳代,高校生,施錠せず
窃盗,自転車盗,光が丘,北町交番,131202,東京都,練馬区,北町３丁目,2020-08-16,21,４階建て以上共同住宅,駐車（輪）場,40歳代,その他,施錠せず
窃盗,自転車盗,光が丘,北町交番,131202,東京都,練馬区,北町５丁目,2019-09-10,08,４階建て以上共同住宅,駐車（輪）場,20歳代,その他,施錠せず
窃盗,自転車盗,光が丘,北町交番,131202,東京都,練馬区,北町５丁目,2020-02-18,13,一戸建住宅,その他,30歳代,その他,施錠せず
窃盗,自転車盗,光が丘,北町交番,131202,東京都,練馬区,北町５丁目,2020-10-28,20,４階建て以上共同住宅,駐車（輪）場,40歳代,その他,施錠せず
窃盗,自転車盗,光が丘,北町交番,131202,東京都,練馬区,北町６丁目,2019-12-27,22,その他,駐車（輪）場,20歳代,その他,施錠せず
窃盗,自転車盗,光が丘,北町交番,131202,東京都,練馬区,北町６丁目,2020-01-04,20,４階建て以上共同住宅,駐車（輪）場,30歳代,その他,施錠せず
窃盗,自転車盗,光が丘,北町交番,131202,東京都,練馬区,北町６丁目,2020-01-31,12,その他,駐車（輪）場,20歳代,その他,施錠せず
窃盗,自転車盗,光が丘,北町交番,131202,東京都,練馬区,北町６丁目,2020-02-20,07,その他,駐車（輪）場,10歳代,高校生,施錠せず
窃盗,自転車盗,光が丘,北町交番,131202,東京都,練馬区,北町６丁目,2020-02-28,22,４階建て以上共同住宅,駐車（輪）場,10歳代,その他,施錠せず
窃盗,自転車盗,光が丘,北町交番,131202,東京都,練馬区,北町６丁目,2020-07-04,17,４階建て以上共同住宅,その他,30歳代,その他,施錠せず
窃盗,自転車盗,光が丘,北町交番,131202,東京都,練馬区,北町６丁目,2020-11-18,19,その他,駐車（輪）場,10歳代,中学生,施錠せず
窃盗,自転車盗,光が丘,北町交番,131202,東京都,練馬区,北町８丁目,2020-08-21,00,その他の住宅（３階建て以下共同住宅等）,その他,10歳代,高校生,施錠せず
窃盗,自転車盗,光が丘,北町交番,131202,東京都,練馬区,田柄２丁目,2020-01-13,13,道路上,その他,20歳代,その他,施錠せず
窃盗,自転車盗,光が丘,北町交番,131202,東京都,練馬区,錦１丁目,2020-08-14,20,一戸建住宅,その他,10歳代,高校生,施錠せず
窃盗,自転車盗,光が丘,北町交番,131202,東京都,練馬区,錦１丁目,2020-12-09,22,４階建て以上共同住宅,その他,40歳代,その他,施錠せず
窃盗,自転車盗,光が丘,北町交番,131202,東京都,練馬区,錦２丁目,2020-07-10,21,その他,駐車（輪）場,20歳代,その他,施錠せず
窃盗,自転車盗,光が丘,北町交番,131202,東京都,練馬区,錦２丁目,2020-09-19,17,その他,駐車（輪）場,10歳代,大学生,施錠せず
窃盗,自転車盗,光が丘,北町交番,131202,東京都,練馬区,錦２丁目,2020-12-13,12,一戸建住宅,駐車（輪）場,50歳代,その他,施錠せず
窃盗,自転車盗,光が丘,田柄交番,131202,東京都,練馬区,北町８丁目,2020-02-22,20,一戸建住宅,その他,40歳代,その他,施錠せず
窃盗,自転車盗,光が丘,田柄交番,131202,東京都,練馬区,北町８丁目,2020-06-05,17,その他の住宅（３階建て以下共同住宅等）,駐車（輪）場,70歳以上,その他,施錠せず
窃盗,自転車盗,光が丘,田柄交番,131202,東京都,練馬区,北町８丁目,2020-08-06,15,４階建て以上共同住宅,駐車（輪）場,70歳以上,その他,施錠せず
窃盗,自転車盗,光が丘,田柄交番,131202,東京都,練馬区,北町８丁目,2020-08-27,19,一戸建住宅,その他,10歳代,高校生,施錠せず
窃盗,自転車盗,光が丘,田柄交番,131202,東京都,練馬区,田柄１丁目,2020-03-09,12,一戸建住宅,その他,60-64歳,その他,施錠せず
窃盗,自転車盗,光が丘,田柄交番,131202,東京都,練馬区,田柄１丁目,2020-03-23,13,一戸建住宅,駐車（輪）場,10歳代,高校生,施錠せず
窃盗,自転車盗,光が丘,田柄交番,131202,東京都,練馬区,田柄１丁目,2020-04-20,22,一戸建住宅,その他,40歳代,その他,施錠せず
窃盗,自転車盗,光が丘,田柄交番,131202,東京都,練馬区,田柄１丁目,2020-04-25,16,道路上,その他,70歳以上,その他,施錠せず
窃盗,自転車盗,光が丘,田柄交番,131202,東京都,練馬区,田柄１丁目,2020-06-10,12,一戸建住宅,駐車（輪）場,10歳代,高校生,施錠せず
窃盗,自転車盗,光が丘,田柄交番,131202,東京都,練馬区,田柄１丁目,2020-09-14,22,４階建て以上共同住宅,駐車（輪）場,40歳代,その他,施錠せず
窃盗,自転車盗,光が丘,田柄交番,131202,東京都,練馬区,田柄１丁目,2020-10-05,18,道路上,その他,60-64歳,その他,施錠せず
窃盗,自転車盗,光が丘,田柄交番,131202,東京都,練馬区,田柄１丁目,2020-11-16,09,一戸建住宅,その他,10歳代,高校生,施錠せず
窃盗,自転車盗,光が丘,田柄交番,131202,東京都,練馬区,田柄２丁目,2020-02-01,23,４階建て以上共同住宅,駐車（輪）場,20歳代,大学生,施錠せず
窃盗,自転車盗,光が丘,田柄交番,131202,東京都,練馬区,田柄２丁目,2020-02-19,22,道路上,その他,10歳代,大学生,施錠せず
窃盗,自転車盗,光が丘,田柄交番,131202,東京都,練馬区,田柄２丁目,2020-04-14,16,４階建て以上共同住宅,駐車（輪）場,20歳代,大学生,施錠せず
窃盗,自転車盗,光が丘,田柄交番,131202,東京都,練馬区,田柄２丁目,2020-06-05,10,一戸建住宅,その他,70歳以上,その他,施錠せず
窃盗,自転車盗,光が丘,田柄交番,131202,東京都,練馬区,田柄２丁目,2020-08-14,13,その他の住宅（３階建て以下共同住宅等）,その他,法人・団体、被害者なし,法人・団体、被害者なし,施錠せず
窃盗,自転車盗,光が丘,田柄交番,131202,東京都,練馬区,田柄２丁目,2020-09-03,19,道路上,その他,50歳代,その他,施錠せず
窃盗,自転車盗,光が丘,田柄交番,131202,東京都,練馬区,田柄２丁目,2020-10-02,16,一戸建住宅,駐車（輪）場,10歳代,小学生,施錠せず
窃盗,自転車盗,光が丘,田柄交番,131202,東京都,練馬区,田柄２丁目,2020-11-05,19,４階建て以上共同住宅,駐車（輪）場,20歳代,その他,施錠せず
窃盗,自転車盗,光が丘,田柄交番,131202,東京都,練馬区,田柄２丁目,2020-11-10,12,４階建て以上共同住宅,その他,10歳代,その他,施錠せず
窃盗,自転車盗,光が丘,田柄交番,131202,東京都,練馬区,田柄２丁目,2020-11-12,14,その他,駐車（輪）場,10歳代,その他,施錠せず
窃盗,自転車盗,光が丘,田柄交番,131202,東京都,練馬区,田柄２丁目,2020-11-27,10,一戸建住宅,その他,40歳代,その他,施錠せず
窃盗,自転車盗,光が丘,田柄交番,131202,東京都,練馬区,田柄３丁目,2020-02-19,19,４階建て以上共同住宅,駐車（輪）場,30歳代,その他,施錠せず
窃盗,自転車盗,光が丘,田柄交番,131202,東京都,練馬区,田柄３丁目,2020-03-06,21,４階建て以上共同住宅,駐車（輪）場,10歳代,高校生,施錠せず
窃盗,自転車盗,光が丘,田柄交番,131202,東京都,練馬区,田柄３丁目,2020-03-24,21,道路上,その他,40歳代,その他,施錠せず
窃盗,自転車盗,光が丘,田柄交番,131202,東京都,練馬区,田柄３丁目,2020-03-30,22,その他の住宅（３階建て以下共同住宅等）,その他,30歳代,その他,施錠せず
窃盗,自転車盗,光が丘,田柄交番,131202,東京都,練馬区,田柄３丁目,2020-03-31,21,道路上,その他,10歳代,高校生,施錠せず
窃盗,自転車盗,光が丘,田柄交番,131202,東京都,練馬区,田柄３丁目,2020-04-01,11,道路上,その他,20歳代,大学生,施錠せず
窃盗,自転車盗,光が丘,田柄交番,131202,東京都,練馬区,田柄３丁目,2020-05-07,10,その他,駐車（輪）場,20歳代,その他,施錠せず
窃盗,自転車盗,光が丘,田柄交番,131202,東京都,練馬区,田柄３丁目,2020-05-22,22,４階建て以上共同住宅,駐車（輪）場,30歳代,その他,施錠せず
窃盗,自転車盗,光が丘,田柄交番,131202,東京都,練馬区,田柄３丁目,2020-06-10,14,一戸建住宅,その他,10歳代,高校生,施錠せず
窃盗,自転車盗,光が丘,田柄交番,131202,東京都,練馬区,田柄３丁目,2020-08-02,20,４階建て以上共同住宅,駐車（輪）場,10歳代,高校生,施錠せず
窃盗,自転車盗,光が丘,田柄交番,131202,東京都,練馬区,田柄３丁目,2020-10-12,07,一戸建住宅,その他,10歳代,小学生,施錠せず
窃盗,自転車盗,光が丘,田柄交番,131202,東京都,練馬区,田柄３丁目,2020-10-12,19,４階建て以上共同住宅,駐車（輪）場,10歳代,小学生,施錠せず
窃盗,自転車盗,光が丘,田柄交番,131202,東京都,練馬区,田柄３丁目,2020-10-19,08,４階建て以上共同住宅,駐車（輪）場,10歳代,中学生,施錠せず
窃盗,自転車盗,光が丘,田柄交番,131202,東京都,練馬区,田柄３丁目,2020-11-09,11,道路上,その他,70歳以上,その他,施錠せず
窃盗,自転車盗,光が丘,田柄交番,131202,東京都,練馬区,田柄３丁目,2020-12-20,13,４階建て以上共同住宅,駐車（輪）場,30歳代,その他,施錠せず
窃盗,自転車盗,光が丘,田柄交番,131202,東京都,練馬区,田柄４丁目,2020-04-24,14,道路上,その他,20歳代,その他,施錠せず
窃盗,自転車盗,光が丘,田柄交番,131202,東京都,練馬区,田柄４丁目,2020-07-02,20,その他の住宅（３階建て以下共同住宅等）,駐車（輪）場,10歳代,中学生,施錠せず
窃盗,自転車盗,光が丘,田柄交番,131202,東京都,練馬区,田柄４丁目,2020-10-31,20,その他の住宅（３階建て以下共同住宅等）,駐車（輪）場,10歳代,その他,施錠せず
窃盗,自転車盗,光が丘,田柄交番,131202,東京都,練馬区,田柄４丁目,2020-11-03,00,その他の住宅（３階建て以下共同住宅等）,その他,30歳代,その他,施錠せず
窃盗,自転車盗,光が丘,田柄交番,131202,東京都,練馬区,田柄４丁目,2020-11-20,19,４階建て以上共同住宅,駐車（輪）場,65-69歳,その他,施錠せず
窃盗,自転車盗,光が丘,田柄交番,131202,東京都,練馬区,田柄４丁目,2020-11-30,21,一戸建住宅,その他,40歳代,その他,施錠せず
窃盗,自転車盗,光が丘,田柄交番,131202,東京都,練馬区,光が丘１丁目,2020-04-30,17,４階建て以上共同住宅,駐車（輪）場,10歳代,小学生,施錠せず
窃盗,自転車盗,光が丘,田柄交番,131202,東京都,練馬区,光が丘２丁目,2020-01-20,20,４階建て以上共同住宅,駐車（輪）場,10歳代,中学生,施錠せず
窃盗,自転車盗,光が丘,田柄交番,131202,東京都,練馬区,光が丘２丁目,2020-02-09,11,４階建て以上共同住宅,駐車（輪）場,40歳代,その他,施錠せず
窃盗,自転車盗,光が丘,田柄交番,131202,東京都,練馬区,光が丘２丁目,2020-06-22,15,その他の住宅（３階建て以下共同住宅等）,駐車（輪）場,70歳以上,その他,施錠せず
窃盗,自転車盗,光が丘,田柄交番,131202,東京都,練馬区,光が丘２丁目,2020-09-01,18,４階建て以上共同住宅,駐車（輪）場,10歳代,中学生,施錠せず
窃盗,自転車盗,光が丘,田柄交番,131202,東京都,練馬区,光が丘４丁目,2020-03-21,11,その他,駐車（輪）場,60-64歳,その他,施錠せず
窃盗,自転車盗,光が丘,田柄交番,131202,東京都,練馬区,光が丘４丁目,2020-06-05,16,その他,駐車（輪）場,10歳代,その他,施錠せず
窃盗,自転車盗,光が丘,田柄交番,131202,東京都,練馬区,光が丘４丁目,2020-09-27,13,その他,駐車（輪）場,10歳代,高校生,施錠せず
窃盗,自転車盗,光が丘,光が丘三丁目交番,131202,東京都,練馬区,高松４丁目,2020-01-01,20,その他の住宅（３階建て以下共同住宅等）,駐車（輪）場,30歳代,その他,施錠せず
窃盗,自転車盗,光が丘,光が丘三丁目交番,131202,東京都,練馬区,高松４丁目,2020-03-28,16,その他の住宅（３階建て以下共同住宅等）,駐車（輪）場,20歳代,大学生,施錠せず
窃盗,自転車盗,光が丘,光が丘三丁目交番,131202,東京都,練馬区,高松４丁目,2020-09-26,07,その他,その他,30歳代,その他,施錠せず
窃盗,自転車盗,光が丘,光が丘三丁目交番,131202,東京都,練馬区,高松４丁目,2020-11-08,23,一戸建住宅,駐車（輪）場,10歳代,高校生,施錠せず
窃盗,自転車盗,光が丘,光が丘三丁目交番,131202,東京都,練馬区,高松５丁目,2020-02-12,14,その他の住宅（３階建て以下共同住宅等）,その他,10歳代,高校生,施錠せず
窃盗,自転車盗,光が丘,光が丘三丁目交番,131202,東京都,練馬区,高松５丁目,2020-05-14,10,その他,駐車（輪）場,10歳代,大学生,施錠せず
窃盗,自転車盗,光が丘,光が丘三丁目交番,131202,東京都,練馬区,田柄３丁目,2020-05-16,16,一戸建住宅,駐車（輪）場,50歳代,その他,施錠せず
窃盗,自転車盗,光が丘,光が丘三丁目交番,131202,東京都,練馬区,田柄３丁目,2020-07-06,19,その他,駐車（輪）場,20歳代,その他,施錠せず
窃盗,自転車盗,光が丘,光が丘三丁目交番,131202,東京都,練馬区,田柄３丁目,2020-07-16,17,４階建て以上共同住宅,駐車（輪）場,30歳代,その他,施錠せず
窃盗,自転車盗,光が丘,光が丘三丁目交番,131202,東京都,練馬区,田柄３丁目,2020-07-30,19,その他,駐車（輪）場,10歳代,高校生,施錠せず
窃盗,自転車盗,光が丘,光が丘三丁目交番,131202,東京都,練馬区,田柄３丁目,2020-08-23,17,４階建て以上共同住宅,駐車（輪）場,30歳代,その他,施錠せず
窃盗,自転車盗,光が丘,光が丘三丁目交番,131202,東京都,練馬区,田柄３丁目,2020-11-02,22,４階建て以上共同住宅,駐車（輪）場,30歳代,その他,施錠せず
窃盗,自転車盗,光が丘,光が丘三丁目交番,131202,東京都,練馬区,田柄５丁目,2020-01-10,18,その他の住宅（３階建て以下共同住宅等）,駐車（輪）場,10歳代,小学生,施錠せず
窃盗,自転車盗,光が丘,光が丘三丁目交番,131202,東京都,練馬区,田柄５丁目,2020-06-03,16,４階建て以上共同住宅,駐車（輪）場,70歳以上,その他,施錠せず
窃盗,自転車盗,光が丘,光が丘三丁目交番,131202,東京都,練馬区,田柄５丁目,2020-07-09,09,その他の住宅（３階建て以下共同住宅等）,駐車（輪）場,20歳代,その他,施錠せず
窃盗,自転車盗,光が丘,光が丘三丁目交番,131202,東京都,練馬区,田柄５丁目,2020-08-07,18,４階建て以上共同住宅,駐車（輪）場,10歳代,高校生,施錠せず
窃盗,自転車盗,光が丘,光が丘三丁目交番,131202,東京都,練馬区,田柄５丁目,2020-11-07,15,その他の住宅（３階建て以下共同住宅等）,駐車（輪）場,40歳代,その他,施錠せず
窃盗,自転車盗,光が丘,光が丘三丁目交番,131202,東京都,練馬区,光が丘２丁目,2020-02-23,12,駐車（輪）場,駐車（輪）場,20歳代,大学生,施錠せず
窃盗,自転車盗,光が丘,光が丘三丁目交番,131202,東京都,練馬区,光が丘２丁目,2020-02-27,23,駐車（輪）場,駐車（輪）場,10歳代,大学生,施錠せず
窃盗,自転車盗,光が丘,光が丘三丁目交番,131202,東京都,練馬区,光が丘２丁目,2020-03-08,14,駐車（輪）場,駐車（輪）場,50歳代,その他,施錠せず
窃盗,自転車盗,光が丘,光が丘三丁目交番,131202,東京都,練馬区,光が丘２丁目,2020-04-03,15,４階建て以上共同住宅,駐車（輪）場,10歳代,小学生,施錠せず
窃盗,自転車盗,光が丘,光が丘三丁目交番,131202,東京都,練馬区,光が丘２丁目,2020-04-06,14,その他,駐車（輪）場,20歳代,その他,施錠せず
窃盗,自転車盗,光が丘,光が丘三丁目交番,131202,東京都,練馬区,光が丘２丁目,2020-04-14,16,４階建て以上共同住宅,駐車（輪）場,70歳以上,その他,施錠せず
窃盗,自転車盗,光が丘,光が丘三丁目交番,131202,東京都,練馬区,光が丘２丁目,2020-04-15,13,４階建て以上共同住宅,駐車（輪）場,20歳代,その他,施錠せず
窃盗,自転車盗,光が丘,光が丘三丁目交番,131202,東京都,練馬区,光が丘２丁目,2020-05-10,08,その他,駐車（輪）場,20歳代,その他,施錠せず
窃盗,自転車盗,光が丘,光が丘三丁目交番,131202,東京都,練馬区,光が丘２丁目,2020-07-19,16,４階建て以上共同住宅,駐車（輪）場,30歳代,その他,施錠せず
窃盗,自転車盗,光が丘,光が丘三丁目交番,131202,東京都,練馬区,光が丘２丁目,2020-07-23,18,４階建て以上共同住宅,駐車（輪）場,70歳以上,その他,施錠せず
窃盗,自転車盗,光が丘,光が丘三丁目交番,131202,東京都,練馬区,光が丘２丁目,2020-09-12,13,その他,駐車（輪）場,10歳未満,小学生,施錠せず
窃盗,自転車盗,光が丘,光が丘三丁目交番,131202,東京都,練馬区,光が丘２丁目,2020-11-21,11,その他,駐車（輪）場,50歳代,その他,施錠せず
窃盗,自転車盗,光が丘,光が丘三丁目交番,131202,東京都,練馬区,光が丘２丁目,2020-12-07,18,その他,駐車（輪）場,20歳代,その他,施錠せず
窃盗,自転車盗,光が丘,光が丘三丁目交番,131202,東京都,練馬区,光が丘３丁目,2019-12-26,06,駐車（輪）場,駐車（輪）場,10歳代,大学生,施錠せず
窃盗,自転車盗,光が丘,光が丘三丁目交番,131202,東京都,練馬区,光が丘３丁目,2020-02-02,18,４階建て以上共同住宅,駐車（輪）場,30歳代,その他,施錠せず
窃盗,自転車盗,光が丘,光が丘三丁目交番,131202,東京都,練馬区,光が丘３丁目,2020-02-29,17,その他,駐車（輪）場,10歳代,その他,施錠せず
窃盗,自転車盗,光が丘,光が丘三丁目交番,131202,東京都,練馬区,光が丘３丁目,2020-04-01,13,駐車（輪）場,駐車（輪）場,30歳代,その他,施錠せず
窃盗,自転車盗,光が丘,光が丘三丁目交番,131202,東京都,練馬区,光が丘３丁目,2020-05-08,15,駐車（輪）場,駐車（輪）場,50歳代,その他,施錠せず
窃盗,自転車盗,光が丘,光が丘三丁目交番,131202,東京都,練馬区,光が丘３丁目,2020-08-30,17,４階建て以上共同住宅,駐車（輪）場,65-69歳,その他,施錠せず
窃盗,自転車盗,光が丘,光が丘三丁目交番,131202,東京都,練馬区,光が丘３丁目,2020-09-08,08,４階建て以上共同住宅,駐車（輪）場,10歳未満,小学生,施錠せず
窃盗,自転車盗,光が丘,光が丘三丁目交番,131202,東京都,練馬区,光が丘３丁目,2020-10-24,14,４階建て以上共同住宅,駐車（輪）場,40歳代,その他,施錠せず
窃盗,自転車盗,光が丘,光が丘三丁目交番,131202,東京都,練馬区,光が丘３丁目,2020-10-25,15,４階建て以上共同住宅,駐車（輪）場,10歳未満,小学生,施錠せず
窃盗,自転車盗,光が丘,光が丘三丁目交番,131202,東京都,練馬区,光が丘３丁目,2020-11-26,16,その他,その他,40歳代,その他,施錠せず
窃盗,自転車盗,光が丘,光が丘三丁目交番,131202,東京都,練馬区,光が丘３丁目,2020-12-09,18,４階建て以上共同住宅,駐車（輪）場,10歳代,小学生,施錠せず
窃盗,自転車盗,光が丘,光が丘三丁目交番,131202,東京都,練馬区,光が丘５丁目,2019-12-20,13,４階建て以上共同住宅,駐車（輪）場,30歳代,その他,施錠せず
窃盗,自転車盗,光が丘,光が丘三丁目交番,131202,東京都,練馬区,光が丘５丁目,2020-01-04,15,駐車（輪）場,駐車（輪）場,10歳代,高校生,施錠せず
窃盗,自転車盗,光が丘,光が丘三丁目交番,131202,東京都,練馬区,光が丘５丁目,2020-01-09,13,駐車（輪）場,駐車（輪）場,40歳代,その他,施錠せず
窃盗,自転車盗,光が丘,光が丘三丁目交番,131202,東京都,練馬区,光が丘５丁目,2020-01-10,10,４階建て以上共同住宅,駐車（輪）場,40歳代,その他,施錠せず
窃盗,自転車盗,光が丘,光が丘三丁目交番,131202,東京都,練馬区,光が丘５丁目,2020-01-18,13,その他,駐車（輪）場,20歳代,大学生,施錠せず
窃盗,自転車盗,光が丘,光が丘三丁目交番,131202,東京都,練馬区,光が丘５丁目,2020-01-27,00,４階建て以上共同住宅,駐車（輪）場,70歳以上,その他,施錠せず
窃盗,自転車盗,光が丘,光が丘三丁目交番,131202,東京都,練馬区,光が丘５丁目,2020-02-10,17,４階建て以上共同住宅,駐車（輪）場,10歳代,高校生,施錠せず
窃盗,自転車盗,光が丘,光が丘三丁目交番,131202,東京都,練馬区,光が丘５丁目,2020-02-20,18,その他,駐車（輪）場,10歳代,高校生,施錠せず
窃盗,自転車盗,光が丘,光が丘三丁目交番,131202,東京都,練馬区,光が丘５丁目,2020-02-29,07,駐車（輪）場,駐車（輪）場,30歳代,その他,施錠せず
窃盗,自転車盗,光が丘,光が丘三丁目交番,131202,東京都,練馬区,光が丘５丁目,2020-03-01,12,その他,駐車（輪）場,30歳代,その他,施錠せず
窃盗,自転車盗,光が丘,光が丘三丁目交番,131202,東京都,練馬区,光が丘５丁目,2020-03-15,14,４階建て以上共同住宅,駐車（輪）場,10歳代,高校生,施錠せず
窃盗,自転車盗,光が丘,光が丘三丁目交番,131202,東京都,練馬区,光が丘５丁目,2020-03-26,23,駐車（輪）場,駐車（輪）場,20歳代,その他,施錠せず
窃盗,自転車盗,光が丘,光が丘三丁目交番,131202,東京都,練馬区,光が丘５丁目,2020-04-14,12,４階建て以上共同住宅,駐車（輪）場,30歳代,その他,施錠せず
窃盗,自転車盗,光が丘,光が丘三丁目交番,131202,東京都,練馬区,光が丘５丁目,2020-04-18,18,その他,駐車（輪）場,40歳代,その他,施錠せず
窃盗,自転車盗,光が丘,光が丘三丁目交番,131202,東京都,練馬区,光が丘５丁目,2020-06-22,07,その他,駐車（輪）場,30歳代,その他,施錠せず
窃盗,自転車盗,光が丘,光が丘三丁目交番,131202,東京都,練馬区,光が丘５丁目,2020-06-24,08,その他,駐車（輪）場,30歳代,その他,施錠せず
窃盗,自転車盗,光が丘,光が丘三丁目交番,131202,東京都,練馬区,光が丘５丁目,2020-06-25,06,駐車（輪）場,駐車（輪）場,40歳代,その他,施錠せず
窃盗,自転車盗,光が丘,光が丘三丁目交番,131202,東京都,練馬区,光が丘５丁目,2020-09-08,12,その他,駐車（輪）場,20歳代,大学生,施錠せず
窃盗,自転車盗,光が丘,光が丘三丁目交番,131202,東京都,練馬区,光が丘５丁目,2020-11-21,10,その他,駐車（輪）場,30歳代,その他,施錠せず
窃盗,自転車盗,光が丘,光が丘三丁目交番,131202,東京都,練馬区,光が丘７丁目,2020-02-10,20,４階建て以上共同住宅,駐車（輪）場,60-64歳,その他,施錠せず
窃盗,自転車盗,光が丘,光が丘三丁目交番,131202,東京都,練馬区,光が丘７丁目,2020-03-05,14,４階建て以上共同住宅,駐車（輪）場,20歳代,その他,施錠せず
窃盗,自転車盗,光が丘,光が丘三丁目交番,131202,東京都,練馬区,光が丘７丁目,2020-11-17,18,４階建て以上共同住宅,駐車（輪）場,30歳代,その他,施錠せず
窃盗,自転車盗,光が丘,練馬高野台駅前交番,131202,東京都,練馬区,高野台１丁目,2020-01-14,08,４階建て以上共同住宅,駐車（輪）場,50歳代,その他,施錠せず
窃盗,自転車盗,光が丘,練馬高野台駅前交番,131202,東京都,練馬区,高野台１丁目,2020-04-09,20,その他,駐車（輪）場,30歳代,その他,施錠せず
窃盗,自転車盗,光が丘,練馬高野台駅前交番,131202,東京都,練馬区,高野台１丁目,2020-05-08,11,その他,駐車（輪）場,50歳代,その他,施錠せず
窃盗,自転車盗,光が丘,練馬高野台駅前交番,131202,東京都,練馬区,高野台１丁目,2020-05-12,19,一戸建住宅,その他,40歳代,その他,施錠せず
窃盗,自転車盗,光が丘,練馬高野台駅前交番,131202,東京都,練馬区,高野台１丁目,2020-05-30,10,道路上,その他,10歳代,中学生,施錠せず
窃盗,自転車盗,光が丘,練馬高野台駅前交番,131202,東京都,練馬区,高野台１丁目,2020-06-03,13,４階建て以上共同住宅,駐車（輪）場,10歳代,高校生,施錠せず
窃盗,自転車盗,光が丘,練馬高野台駅前交番,131202,東京都,練馬区,高野台１丁目,2020-06-17,10,その他,駐車（輪）場,20歳代,その他,施錠せず
窃盗,自転車盗,光が丘,練馬高野台駅前交番,131202,東京都,練馬区,高野台１丁目,2020-08-01,15,その他,その他,20歳代,その他,施錠せず
窃盗,自転車盗,光が丘,練馬高野台駅前交番,131202,東京都,練馬区,高野台１丁目,2020-08-04,20,４階建て以上共同住宅,駐車（輪）場,10歳代,高校生,施錠せず
窃盗,自転車盗,光が丘,練馬高野台駅前交番,131202,東京都,練馬区,高野台１丁目,2020-08-14,13,４階建て以上共同住宅,駐車（輪）場,10歳代,高校生,施錠せず
窃盗,自転車盗,光が丘,練馬高野台駅前交番,131202,東京都,練馬区,高野台１丁目,2020-08-28,20,駐車（輪）場,駐車（輪）場,20歳代,その他,施錠せず
窃盗,自転車盗,光が丘,練馬高野台駅前交番,131202,東京都,練馬区,高野台１丁目,2020-12-01,07,その他,駐車（輪）場,10歳代,その他,施錠せず
窃盗,自転車盗,光が丘,練馬高野台駅前交番,131202,東京都,練馬区,高野台１丁目,2020-12-07,21,４階建て以上共同住宅,駐車（輪）場,20歳代,大学生,施錠せず
窃盗,自転車盗,光が丘,練馬高野台駅前交番,131202,東京都,練馬区,高野台２丁目,2020-01-27,20,４階建て以上共同住宅,駐車（輪）場,30歳代,その他,施錠せず
窃盗,自転車盗,光が丘,練馬高野台駅前交番,131202,東京都,練馬区,高野台２丁目,2020-04-15,12,駐車（輪）場,駐車（輪）場,40歳代,その他,施錠せず
窃盗,自転車盗,光が丘,練馬高野台駅前交番,131202,東京都,練馬区,高野台３丁目,2020-03-27,06,その他,駐車（輪）場,50歳代,その他,施錠せず
窃盗,自転車盗,光が丘,練馬高野台駅前交番,131202,東京都,練馬区,高野台５丁目,2020-10-05,21,４階建て以上共同住宅,駐車（輪）場,20歳代,その他,施錠せず
窃盗,自転車盗,光が丘,練馬高野台駅前交番,131202,東京都,練馬区,富士見台１丁目,2020-01-24,18,一戸建住宅,その他,10歳代,高校生,施錠せず
窃盗,自転車盗,光が丘,練馬高野台駅前交番,131202,東京都,練馬区,富士見台１丁目,2020-05-02,19,４階建て以上共同住宅,駐車（輪）場,40歳代,その他,施錠せず
窃盗,自転車盗,光が丘,練馬高野台駅前交番,131202,東京都,練馬区,富士見台３丁目,2020-05-28,12,その他,駐車（輪）場,20歳代,その他,施錠せず
窃盗,自転車盗,光が丘,練馬高野台駅前交番,131202,東京都,練馬区,富士見台３丁目,2020-05-28,15,４階建て以上共同住宅,駐車（輪）場,30歳代,その他,施錠せず
窃盗,自転車盗,光が丘,練馬高野台駅前交番,131202,東京都,練馬区,富士見台３丁目,2020-07-29,08,その他,その他,法人・団体、被害者なし,法人・団体、被害者なし,施錠せず
窃盗,自転車盗,光が丘,練馬高野台駅前交番,131202,東京都,練馬区,富士見台３丁目,2020-08-28,20,４階建て以上共同住宅,駐車（輪）場,40歳代,その他,施錠せず
窃盗,自転車盗,光が丘,練馬高野台駅前交番,131202,東京都,練馬区,富士見台３丁目,2020-09-23,20,４階建て以上共同住宅,駐車（輪）場,30歳代,その他,施錠せず
窃盗,自転車盗,光が丘,練馬高野台駅前交番,131202,東京都,練馬区,富士見台４丁目,2020-04-24,08,一戸建住宅,駐車（輪）場,20歳代,大学生,施錠せず
窃盗,自転車盗,光が丘,練馬高野台駅前交番,131202,東京都,練馬区,南田中１丁目,2020-06-05,05,その他の住宅（３階建て以下共同住宅等）,駐車（輪）場,40歳代,その他,施錠せず
窃盗,自転車盗,光が丘,練馬高野台駅前交番,131202,東京都,練馬区,南田中１丁目,2020-08-22,23,その他,駐車（輪）場,20歳代,その他,施錠せず
窃盗,自転車盗,光が丘,練馬高野台駅前交番,131202,東京都,練馬区,南田中１丁目,2020-08-28,22,一戸建住宅,その他,50歳代,その他,施錠せず
窃盗,自転車盗,光が丘,練馬高野台駅前交番,131202,東京都,練馬区,南田中２丁目,2020-02-29,13,その他の住宅（３階建て以下共同住宅等）,その他,10歳代,高校生,施錠せず
窃盗,自転車盗,光が丘,練馬高野台駅前交番,131202,東京都,練馬区,南田中２丁目,2020-05-08,12,その他,駐車（輪）場,20歳代,その他,施錠せず
窃盗,自転車盗,光が丘,練馬高野台駅前交番,131202,東京都,練馬区,南田中２丁目,2020-08-18,15,４階建て以上共同住宅,駐車（輪）場,20歳代,その他,施錠せず
窃盗,自転車盗,光が丘,練馬高野台駅前交番,131202,東京都,練馬区,南田中２丁目,2020-09-11,02,４階建て以上共同住宅,駐車（輪）場,10歳代,その他,施錠せず
窃盗,自転車盗,光が丘,練馬高野台駅前交番,131202,東京都,練馬区,南田中４丁目,2020-01-02,13,一戸建住宅,その他,10歳代,小学生,施錠せず
窃盗,自転車盗,光が丘,練馬高野台駅前交番,131202,東京都,練馬区,南田中４丁目,2020-01-29,20,その他の住宅（３階建て以下共同住宅等）,駐車（輪）場,10歳代,高校生,施錠せず
窃盗,自転車盗,光が丘,練馬高野台駅前交番,131202,東京都,練馬区,南田中４丁目,2020-04-05,19,その他の住宅（３階建て以下共同住宅等）,駐車（輪）場,30歳代,その他,施錠せず
窃盗,自転車盗,光が丘,練馬高野台駅前交番,131202,東京都,練馬区,南田中４丁目,2020-09-09,08,一戸建住宅,駐車（輪）場,10歳代,中学生,施錠せず
窃盗,自転車盗,光が丘,谷原交番,131202,東京都,練馬区,高野台１丁目,2020-07-19,18,４階建て以上共同住宅,駐車（輪）場,65-69歳,その他,施錠せず
窃盗,自転車盗,光が丘,谷原交番,131202,東京都,練馬区,高野台２丁目,2020-01-20,17,その他,駐車（輪）場,20歳代,その他,施錠せず
窃盗,自転車盗,光が丘,谷原交番,131202,東京都,練馬区,高野台２丁目,2020-05-21,08,一戸建住宅,その他,60-64歳,その他,施錠せず
窃盗,自転車盗,光が丘,谷原交番,131202,東京都,練馬区,高野台２丁目,2020-07-16,06,４階建て以上共同住宅,駐車（輪）場,20歳代,その他,施錠せず
窃盗,自転車盗,光が丘,谷原交番,131202,東京都,練馬区,高野台２丁目,2020-09-16,12,その他の住宅（３階建て以下共同住宅等）,駐車（輪）場,30歳代,その他,施錠せず
窃盗,自転車盗,光が丘,谷原交番,131202,東京都,練馬区,高野台４丁目,2020-01-20,07,道路上,その他,20歳代,その他,施錠せず
窃盗,自転車盗,光が丘,谷原交番,131202,東京都,練馬区,高野台４丁目,2020-05-10,14,その他,その他,20歳代,大学生,施錠せず
窃盗,自転車盗,光が丘,谷原交番,131202,東京都,練馬区,高野台４丁目,2020-12-19,00,４階建て以上共同住宅,駐車（輪）場,20歳代,その他,施錠せず
窃盗,自転車盗,光が丘,谷原交番,131202,東京都,練馬区,高野台５丁目,2020-02-07,20,４階建て以上共同住宅,その他,60-64歳,その他,施錠せず
窃盗,自転車盗,光が丘,谷原交番,131202,東京都,練馬区,高野台５丁目,2020-04-20,15,一戸建住宅,駐車（輪）場,40歳代,その他,施錠せず
窃盗,自転車盗,光が丘,谷原交番,131202,東京都,練馬区,高野台５丁目,2020-05-29,13,４階建て以上共同住宅,駐車（輪）場,20歳代,大学生,施錠せず
窃盗,自転車盗,光が丘,谷原交番,131202,東京都,練馬区,富士見台４丁目,2020-04-16,17,一戸建住宅,その他,10歳代,高校生,施錠せず
窃盗,自転車盗,光が丘,谷原交番,131202,東京都,練馬区,富士見台４丁目,2020-07-19,11,４階建て以上共同住宅,駐車（輪）場,20歳代,その他,施錠せず
窃盗,自転車盗,光が丘,谷原交番,131202,東京都,練馬区,三原台３丁目,2020-03-02,19,その他の住宅（３階建て以下共同住宅等）,駐車（輪）場,20歳代,その他,施錠せず
窃盗,自転車盗,光が丘,谷原交番,131202,東京都,練馬区,谷原１丁目,2020-01-16,20,道路上,その他,30歳代,その他,施錠せず
窃盗,自転車盗,光が丘,谷原交番,131202,東京都,練馬区,谷原１丁目,2020-07-19,15,その他,駐車（輪）場,10歳代,中学生,施錠せず
窃盗,自転車盗,光が丘,谷原交番,131202,東京都,練馬区,谷原１丁目,2020-08-26,16,その他,駐車（輪）場,40歳代,その他,施錠せず
窃盗,自転車盗,光が丘,谷原交番,131202,東京都,練馬区,谷原１丁目,2020-10-13,14,その他,駐車（輪）場,20歳代,その他,施錠せず
窃盗,自転車盗,光が丘,谷原交番,131202,東京都,練馬区,谷原１丁目,2020-10-18,15,その他,駐車（輪）場,10歳代,中学生,施錠せず
窃盗,自転車盗,光が丘,谷原交番,131202,東京都,練馬区,谷原１丁目,2020-11-15,16,その他,駐車（輪）場,40歳代,その他,施錠せず
窃盗,自転車盗,光が丘,谷原交番,131202,東京都,練馬区,谷原１丁目,2020-11-18,16,４階建て以上共同住宅,駐車（輪）場,10歳代,中学生,施錠せず
窃盗,自転車盗,光が丘,谷原交番,131202,東京都,練馬区,谷原１丁目,2020-11-29,14,その他,駐車（輪）場,50歳代,その他,施錠せず
窃盗,自転車盗,光が丘,谷原交番,131202,東京都,練馬区,谷原１丁目,2020-12-01,18,その他,駐車（輪）場,40歳代,その他,施錠せず
窃盗,自転車盗,光が丘,谷原交番,131202,東京都,練馬区,谷原４丁目,2020-04-19,13,一戸建住宅,その他,50歳代,その他,施錠せず
窃盗,自転車盗,光が丘,谷原交番,131202,東京都,練馬区,谷原５丁目,2020-07-06,07,その他の住宅（３階建て以下共同住宅等）,駐車（輪）場,20歳代,その他,施錠せず
窃盗,自転車盗,光が丘,土支田交番,131202,東京都,練馬区,旭町１丁目,2020-01-12,21,一戸建住宅,その他,70歳以上,その他,施錠せず
窃盗,自転車盗,光が丘,土支田交番,131202,東京都,練馬区,旭町１丁目,2020-01-27,07,４階建て以上共同住宅,駐車（輪）場,20歳代,その他,施錠せず
窃盗,自転車盗,光が丘,土支田交番,131202,東京都,練馬区,旭町１丁目,2020-03-07,17,一戸建住宅,駐車（輪）場,40歳代,その他,施錠せず
窃盗,自転車盗,光が丘,土支田交番,131202,東京都,練馬区,旭町１丁目,2020-05-08,10,一戸建住宅,駐車（輪）場,40歳代,その他,施錠せず
窃盗,自転車盗,光が丘,土支田交番,131202,東京都,練馬区,旭町１丁目,2020-05-15,16,一戸建住宅,駐車（輪）場,65-69歳,その他,施錠せず
窃盗,自転車盗,光が丘,土支田交番,131202,東京都,練馬区,旭町１丁目,2020-05-19,18,一戸建住宅,その他,20歳代,大学生,施錠せず
窃盗,自転車盗,光が丘,土支田交番,131202,東京都,練馬区,旭町１丁目,2020-05-28,12,４階建て以上共同住宅,駐車（輪）場,30歳代,その他,施錠せず
窃盗,自転車盗,光が丘,土支田交番,131202,東京都,練馬区,旭町１丁目,2020-06-23,08,その他,その他,20歳代,その他,施錠せず
窃盗,自転車盗,光が丘,土支田交番,131202,東京都,練馬区,旭町１丁目,2020-06-28,15,一戸建住宅,その他,10歳代,高校生,施錠せず
窃盗,自転車盗,光が丘,土支田交番,131202,東京都,練馬区,旭町１丁目,2020-07-19,14,４階建て以上共同住宅,駐車（輪）場,10歳代,中学生,施錠せず
窃盗,自転車盗,光が丘,土支田交番,131202,東京都,練馬区,旭町１丁目,2020-08-12,22,一戸建住宅,その他,40歳代,その他,施錠せず
窃盗,自転車盗,光が丘,土支田交番,131202,東京都,練馬区,旭町１丁目,2020-08-19,14,その他の住宅（３階建て以下共同住宅等）,その他,20歳代,その他,施錠せず
窃盗,自転車盗,光が丘,土支田交番,131202,東京都,練馬区,旭町１丁目,2020-08-25,19,一戸建住宅,その他,70歳以上,その他,施錠せず
窃盗,自転車盗,光が丘,土支田交番,131202,東京都,練馬区,旭町１丁目,2020-09-06,14,４階建て以上共同住宅,駐車（輪）場,65-69歳,その他,施錠せず
窃盗,自転車盗,光が丘,土支田交番,131202,東京都,練馬区,旭町２丁目,2019-12-24,00,その他,駐車（輪）場,10歳代,高校生,施錠せず
窃盗,自転車盗,光が丘,土支田交番,131202,東京都,練馬区,旭町２丁目,2020-04-21,12,一戸建住宅,その他,10歳代,小学生,施錠せず
窃盗,自転車盗,光が丘,土支田交番,131202,東京都,練馬区,旭町２丁目,2020-05-11,12,４階建て以上共同住宅,駐車（輪）場,30歳代,その他,施錠せず
窃盗,自転車盗,光が丘,土支田交番,131202,東京都,練馬区,旭町２丁目,2020-08-02,14,一戸建住宅,その他,20歳代,その他,施錠せず
窃盗,自転車盗,光が丘,土支田交番,131202,東京都,練馬区,旭町２丁目,2020-08-29,13,道路上,その他,10歳代,中学生,施錠せず
窃盗,自転車盗,光が丘,土支田交番,131202,東京都,練馬区,高松５丁目,2020-01-18,22,一戸建住宅,駐車（輪）場,20歳代,その他,施錠せず
窃盗,自転車盗,光が丘,土支田交番,131202,東京都,練馬区,高松５丁目,2020-01-20,13,その他,駐車（輪）場,10歳代,高校生,施錠せず
窃盗,自転車盗,光が丘,土支田交番,131202,東京都,練馬区,高松５丁目,2020-09-02,18,その他,駐車（輪）場,10歳代,高校生,施錠せず
窃盗,自転車盗,光が丘,土支田交番,131202,東京都,練馬区,高松５丁目,2020-11-24,20,４階建て以上共同住宅,駐車（輪）場,10歳代,中学生,施錠せず
窃盗,自転車盗,光が丘,土支田交番,131202,東京都,練馬区,高松６丁目,2020-04-28,10,その他,駐車（輪）場,60-64歳,その他,施錠せず
窃盗,自転車盗,光が丘,土支田交番,131202,東京都,練馬区,土支田２丁目,2020-01-20,08,一戸建住宅,駐車（輪）場,20歳代,大学生,施錠せず
窃盗,自転車盗,光が丘,土支田交番,131202,東京都,練馬区,土支田２丁目,2020-04-22,22,４階建て以上共同住宅,駐車（輪）場,40歳代,その他,施錠せず
窃盗,自転車盗,光が丘,土支田交番,131202,東京都,練馬区,土支田４丁目,2020-03-11,12,一戸建住宅,その他,10歳代,高校生,施錠せず
窃盗,自転車盗,光が丘,土支田交番,131202,東京都,練馬区,光が丘４丁目,2020-04-21,06,その他,その他,30歳代,その他,施錠せず
窃盗,自転車盗,光が丘,三原台交番,131202,東京都,練馬区,土支田２丁目,2020-12-07,15,一戸建住宅,駐車（輪）場,70歳以上,その他,施錠せず
窃盗,自転車盗,光が丘,三原台交番,131202,東京都,練馬区,土支田３丁目,2020-07-11,14,一戸建住宅,駐車（輪）場,10歳代,高校生,施錠せず
窃盗,自転車盗,光が丘,三原台交番,131202,東京都,練馬区,土支田３丁目,2020-08-11,21,一戸建住宅,その他,50歳代,その他,施錠せず
窃盗,自転車盗,光が丘,三原台交番,131202,東京都,練馬区,土支田３丁目,2020-10-28,12,４階建て以上共同住宅,駐車（輪）場,70歳以上,その他,施錠せず
窃盗,自転車盗,光が丘,三原台交番,131202,東京都,練馬区,土支田３丁目,2020-12-23,18,その他,駐車（輪）場,10歳代,高校生,施錠せず
窃盗,自転車盗,光が丘,三原台交番,131202,東京都,練馬区,光が丘４丁目,2020-01-05,15,その他,駐車（輪）場,10歳代,高校生,施錠せず
窃盗,自転車盗,光が丘,三原台交番,131202,東京都,練馬区,三原台１丁目,2019-12-29,19,その他の住宅（３階建て以下共同住宅等）,駐車（輪）場,30歳代,その他,施錠せず
窃盗,自転車盗,光が丘,三原台交番,131202,東京都,練馬区,三原台１丁目,2020-02-16,01,４階建て以上共同住宅,駐車（輪）場,30歳代,その他,施錠せず
窃盗,自転車盗,光が丘,三原台交番,131202,東京都,練馬区,三原台１丁目,2020-12-20,20,４階建て以上共同住宅,その他,40歳代,その他,施錠せず
窃盗,自転車盗,光が丘,三原台交番,131202,東京都,練馬区,三原台２丁目,2020-01-02,16,その他の住宅（３階建て以下共同住宅等）,駐車（輪）場,50歳代,その他,施錠せず
窃盗,自転車盗,光が丘,三原台交番,131202,東京都,練馬区,三原台２丁目,2020-06-30,18,一戸建住宅,その他,10歳代,中学生,施錠せず
窃盗,自転車盗,光が丘,三原台交番,131202,東京都,練馬区,三原台３丁目,2020-02-07,20,一戸建住宅,駐車（輪）場,30歳代,その他,施錠せず
窃盗,自転車盗,光が丘,三原台交番,131202,東京都,練馬区,三原台３丁目,2020-02-09,14,一戸建住宅,その他,50歳代,その他,施錠せず
窃盗,自転車盗,光が丘,三原台交番,131202,東京都,練馬区,三原台３丁目,2020-02-21,07,一戸建住宅,その他,10歳代,高校生,施錠せず
窃盗,自転車盗,光が丘,三原台交番,131202,東京都,練馬区,三原台３丁目,2020-03-31,05,その他の住宅（３階建て以下共同住宅等）,駐車（輪）場,50歳代,その他,施錠せず
窃盗,自転車盗,光が丘,三原台交番,131202,東京都,練馬区,三原台３丁目,2020-04-10,15,４階建て以上共同住宅,駐車（輪）場,65-69歳,その他,施錠せず
窃盗,自転車盗,光が丘,三原台交番,131202,東京都,練馬区,三原台３丁目,2020-05-01,17,４階建て以上共同住宅,駐車（輪）場,10歳代,中学生,施錠せず
窃盗,自転車盗,光が丘,三原台交番,131202,東京都,練馬区,三原台３丁目,2020-06-13,19,４階建て以上共同住宅,駐車（輪）場,20歳代,その他,施錠せず
窃盗,自転車盗,光が丘,三原台交番,131202,東京都,練馬区,三原台３丁目,2020-06-16,21,その他の住宅（３階建て以下共同住宅等）,駐車（輪）場,30歳代,その他,施錠せず
窃盗,自転車盗,光が丘,三原台交番,131202,東京都,練馬区,三原台３丁目,2020-09-28,09,一戸建住宅,その他,10歳代,中学生,施錠せず
窃盗,自転車盗,光が丘,三原台交番,131202,東京都,練馬区,谷原３丁目,2020-10-22,16,一戸建住宅,その他,10歳代,その他,施錠せず
窃盗,自転車盗,光が丘,三原台交番,131202,東京都,練馬区,谷原４丁目,2020-05-12,20,一戸建住宅,駐車（輪）場,40歳代,その他,施錠せず
窃盗,自転車盗,光が丘,三原台交番,131202,東京都,練馬区,谷原６丁目,2020-06-28,17,一戸建住宅,その他,40歳代,その他,施錠せず
窃盗,自転車盗,光が丘,三原台交番,131202,東京都,練馬区,谷原６丁目,2020-10-30,16,一戸建住宅,駐車（輪）場,10歳代,大学生,施錠せず
窃盗,自転車盗,光が丘,高松駐在所,131202,東京都,練馬区,高松２丁目,2020-01-13,11,その他の住宅（３階建て以下共同住宅等）,その他,40歳代,その他,施錠せず
窃盗,自転車盗,光が丘,高松駐在所,131202,東京都,練馬区,高松４丁目,2020-03-06,23,一戸建住宅,その他,10歳代,高校生,施錠せず
窃盗,自転車盗,光が丘,旭町駐在所,131202,東京都,練馬区,旭町１丁目,2020-08-06,14,４階建て以上共同住宅,駐車（輪）場,65-69歳,その他,施錠せず
窃盗,自転車盗,光が丘,旭町駐在所,131202,東京都,練馬区,旭町２丁目,2020-05-03,18,その他の住宅（３階建て以下共同住宅等）,その他,20歳代,その他,施錠せず
窃盗,自転車盗,光が丘,旭町駐在所,131202,東京都,練馬区,旭町２丁目,2020-08-08,21,その他の住宅（３階建て以下共同住宅等）,駐車（輪）場,20歳代,その他,施錠せず
窃盗,自転車盗,光が丘,旭町駐在所,131202,東京都,練馬区,旭町２丁目,2020-11-29,20,その他の住宅（３階建て以下共同住宅等）,その他,20歳代,その他,施錠せず
窃盗,自転車盗,光が丘,旭町駐在所,131202,東京都,練馬区,旭町３丁目,2019-11-15,22,その他,駐車（輪）場,20歳代,大学生,施錠せず
窃盗,自転車盗,光が丘,旭町駐在所,131202,東京都,練馬区,旭町３丁目,2020-01-06,17,一戸建住宅,その他,10歳代,高校生,施錠せず
窃盗,自転車盗,光が丘,旭町駐在所,131202,東京都,練馬区,旭町３丁目,2020-01-20,21,一戸建住宅,駐車（輪）場,40歳代,その他,施錠せず
窃盗,自転車盗,光が丘,旭町駐在所,131202,東京都,練馬区,旭町３丁目,2020-01-22,01,一戸建住宅,その他,50歳代,その他,施錠せず
窃盗,自転車盗,光が丘,旭町駐在所,131202,東京都,練馬区,旭町３丁目,2020-02-11,17,道路上,その他,50歳代,その他,施錠せず
窃盗,自転車盗,光が丘,旭町駐在所,131202,東京都,練馬区,旭町３丁目,2020-02-13,19,その他の住宅（３階建て以下共同住宅等）,駐車（輪）場,20歳代,その他,施錠せず
窃盗,自転車盗,光が丘,旭町駐在所,131202,東京都,練馬区,旭町３丁目,2020-08-15,06,道路上,その他,20歳代,その他,施錠せず
窃盗,自転車盗,光が丘,旭町駐在所,131202,東京都,練馬区,旭町３丁目,2020-09-20,21,その他の住宅（３階建て以下共同住宅等）,駐車（輪）場,20歳代,その他,施錠せず
窃盗,自転車盗,上野,稲荷町交番,131067,東京都,台東区,東上野３丁目,2020-04-19,17,道路上,その他,30歳代,その他,施錠せず
窃盗,自転車盗,上野,稲荷町交番,131067,東京都,台東区,東上野３丁目,2020-07-29,21,道路上,その他,40歳代,その他,施錠せず
窃盗,自転車盗,上野,稲荷町交番,131067,東京都,台東区,東上野３丁目,2020-09-30,00,４階建て以上共同住宅,駐車（輪）場,20歳代,その他,施錠せず
窃盗,自転車盗,上野,稲荷町交番,131067,東京都,台東区,東上野４丁目,2020-03-17,02,道路上,その他,40歳代,その他,施錠せず
窃盗,自転車盗,上野,稲荷町交番,131067,東京都,台東区,東上野５丁目,2020-07-05,16,道路上,その他,20歳代,その他,施錠せず
窃盗,自転車盗,上野,稲荷町交番,131067,東京都,台東区,東上野５丁目,2020-08-06,01,４階建て以上共同住宅,その他,30歳代,その他,施錠せず
窃盗,自転車盗,上野,稲荷町交番,131067,東京都,台東区,東上野５丁目,2020-08-08,08,駐車（輪）場,駐車（輪）場,40歳代,その他,施錠せず
窃盗,自転車盗,上野,稲荷町交番,131067,東京都,台東区,東上野５丁目,2020-10-03,11,道路上,その他,20歳代,その他,施錠せず
窃盗,自転車盗,上野,台東交番,131067,東京都,台東区,秋葉原,2020-07-09,09,その他,駐車（輪）場,40歳代,その他,施錠せず
窃盗,自転車盗,上野,台東交番,131067,東京都,台東区,上野５丁目,2020-09-07,21,道路上,その他,40歳代,その他,施錠せず
窃盗,自転車盗,上野,台東交番,131067,東京都,台東区,上野５丁目,2020-12-01,10,その他,駐車（輪）場,30歳代,その他,施錠せず
窃盗,自転車盗,上野,台東交番,131067,東京都,台東区,台東２丁目,2020-05-29,18,４階建て以上共同住宅,駐車（輪）場,20歳代,その他,施錠せず
窃盗,自転車盗,上野,台東交番,131067,東京都,台東区,台東２丁目,2020-07-13,07,道路上,その他,50歳代,その他,施錠せず
窃盗,自転車盗,上野,台東交番,131067,東京都,台東区,台東２丁目,2020-09-09,01,道路上,その他,法人・団体、被害者なし,法人・団体、被害者なし,施錠せず
窃盗,自転車盗,上野,台東交番,131067,東京都,台東区,台東３丁目,2020-03-21,13,道路上,その他,70歳以上,その他,施錠せず
窃盗,自転車盗,上野,台東交番,131067,東京都,台東区,台東３丁目,2020-06-06,14,４階建て以上共同住宅,駐車（輪）場,40歳代,その他,施錠せず
窃盗,自転車盗,上野,台東交番,131067,東京都,台東区,台東３丁目,2020-08-30,09,その他の住宅（３階建て以下共同住宅等）,駐車（輪）場,20歳代,大学生,施錠せず
窃盗,自転車盗,上野,台東交番,131067,東京都,台東区,台東３丁目,2020-09-01,16,道路上,その他,30歳代,その他,施錠せず
窃盗,自転車盗,上野,黒門交番,131067,東京都,台東区,上野１丁目,2020-08-07,13,道路上,その他,70歳以上,その他,施錠せず
窃盗,自転車盗,上野,黒門交番,131067,東京都,台東区,上野３丁目,2019-10-03,17,道路上,その他,20歳代,その他,施錠せず
窃盗,自転車盗,上野,黒門交番,131067,東京都,台東区,上野３丁目,2019-12-15,15,道路上,その他,20歳代,大学生,施錠せず
窃盗,自転車盗,上野,黒門交番,131067,東京都,台東区,上野３丁目,2020-03-15,13,道路上,その他,30歳代,その他,施錠せず
窃盗,自転車盗,上野,黒門交番,131067,東京都,台東区,上野３丁目,2020-05-01,14,道路上,その他,20歳代,その他,施錠せず
窃盗,自転車盗,上野,黒門交番,131067,東京都,台東区,上野３丁目,2020-08-02,14,道路上,その他,30歳代,その他,施錠せず
窃盗,自転車盗,上野,黒門交番,131067,東京都,台東区,上野３丁目,2020-09-20,22,道路上,その他,20歳代,その他,施錠せず
窃盗,自転車盗,上野,黒門交番,131067,東京都,台東区,上野３丁目,2020-09-23,18,道路上,その他,30歳代,その他,施錠せず
窃盗,自転車盗,上野,黒門交番,131067,東京都,台東区,上野３丁目,2020-10-02,09,道路上,その他,40歳代,その他,施錠せず
窃盗,自転車盗,上野,黒門交番,131067,東京都,台東区,上野３丁目,2020-10-02,11,その他,駐車（輪）場,70歳以上,その他,施錠せず
窃盗,自転車盗,上野,黒門交番,131067,東京都,台東区,上野３丁目,2020-12-24,16,４階建て以上共同住宅,駐車（輪）場,10歳代,高校生,施錠せず
窃盗,自転車盗,上野,御徒町交番,131067,東京都,台東区,上野３丁目,2020-04-12,16,駐車（輪）場,駐車（輪）場,20歳代,その他,施錠せず
窃盗,自転車盗,上野,御徒町交番,131067,東京都,台東区,上野５丁目,2019-12-04,11,道路上,その他,50歳代,その他,施錠せず
窃盗,自転車盗,上野,御徒町交番,131067,東京都,台東区,上野５丁目,2019-12-20,09,道路上,その他,20歳代,その他,施錠せず
窃盗,自転車盗,上野,御徒町交番,131067,東京都,台東区,上野５丁目,2020-02-04,16,道路上,その他,60-64歳,その他,施錠せず
窃盗,自転車盗,上野,御徒町交番,131067,東京都,台東区,上野５丁目,2020-02-08,11,駐車（輪）場,駐車（輪）場,20歳代,その他,施錠せず
窃盗,自転車盗,上野,御徒町交番,131067,東京都,台東区,台東１丁目,2019-12-20,01,道路上,その他,40歳代,その他,施錠せず
窃盗,自転車盗,上野,御徒町交番,131067,東京都,台東区,台東２丁目,2019-12-19,18,道路上,その他,50歳代,その他,施錠せず
窃盗,自転車盗,上野,御徒町交番,131067,東京都,台東区,台東３丁目,2020-01-09,18,４階建て以上共同住宅,駐車（輪）場,65-69歳,その他,施錠せず
窃盗,自転車盗,上野,御徒町交番,131067,東京都,台東区,台東３丁目,2020-03-03,12,道路上,その他,40歳代,その他,施錠せず
窃盗,自転車盗,上野,御徒町交番,131067,東京都,台東区,台東３丁目,2020-10-09,18,４階建て以上共同住宅,駐車（輪）場,法人・団体、被害者なし,法人・団体、被害者なし,施錠せず
窃盗,自転車盗,上野,御徒町交番,131067,東京都,台東区,台東４丁目,2020-04-19,12,道路上,その他,30歳代,その他,施錠せず
窃盗,自転車盗,上野,御徒町交番,131067,東京都,台東区,台東４丁目,2020-10-02,00,その他,駐車（輪）場,30歳代,その他,施錠せず
窃盗,自転車盗,上野,御徒町交番,131067,東京都,台東区,東上野１丁目,2019-12-13,12,道路上,その他,40歳代,その他,施錠せず
窃盗,自転車盗,上野,御徒町交番,131067,東京都,台東区,東上野１丁目,2020-01-30,21,道路上,その他,50歳代,その他,施錠せず
窃盗,自転車盗,上野,御徒町交番,131067,東京都,台東区,東上野１丁目,2020-04-01,22,４階建て以上共同住宅,駐車（輪）場,20歳代,大学生,施錠せず
窃盗,自転車盗,上野,御徒町交番,131067,東京都,台東区,東上野１丁目,2020-09-13,09,道路上,その他,30歳代,その他,施錠せず
窃盗,自転車盗,上野,御徒町交番,131067,東京都,台東区,東上野１丁目,2020-10-06,01,その他,その他,65-69歳,その他,施錠せず
窃盗,自転車盗,上野,御徒町交番,131067,東京都,台東区,東上野１丁目,2020-12-16,12,その他,駐車（輪）場,30歳代,その他,施錠せず
窃盗,自転車盗,上野,御徒町交番,131067,東京都,台東区,東上野２丁目,2020-02-01,10,道路上,その他,30歳代,その他,施錠せず
窃盗,自転車盗,上野,御徒町交番,131067,東京都,台東区,東上野２丁目,2020-03-24,16,道路上,その他,40歳代,その他,施錠せず
窃盗,自転車盗,上野,公園前交番,131067,東京都,台東区,上野２丁目,2020-04-03,20,道路上,その他,70歳以上,その他,施錠せず
窃盗,自転車盗,上野,公園前交番,131067,東京都,台東区,上野２丁目,2020-08-11,00,道路上,その他,20歳代,その他,施錠せず
窃盗,自転車盗,上野,公園前交番,131067,東京都,台東区,上野２丁目,2020-10-12,19,道路上,その他,20歳代,その他,施錠せず
窃盗,自転車盗,上野,公園前交番,131067,東京都,台東区,上野２丁目,2020-10-13,10,道路上,その他,20歳代,その他,施錠せず
窃盗,自転車盗,上野,公園前交番,131067,東京都,台東区,上野２丁目,2020-11-28,01,道路上,その他,40歳代,その他,施錠せず
窃盗,自転車盗,上野,公園前交番,131067,東京都,台東区,上野４丁目,2020-02-25,17,道路上,その他,20歳代,その他,施錠せず
窃盗,自転車盗,上野,公園前交番,131067,東京都,台東区,上野４丁目,2020-08-10,13,道路上,その他,10歳代,高校生,施錠せず
窃盗,自転車盗,上野,公園前交番,131067,東京都,台東区,上野４丁目,2020-08-10,22,道路上,その他,40歳代,その他,施錠せず
窃盗,自転車盗,上野,公園前交番,131067,東京都,台東区,上野６丁目,2020-09-17,15,その他,駐車（輪）場,30歳代,その他,施錠せず
窃盗,自転車盗,上野,公園前交番,131067,東京都,台東区,上野６丁目,2020-09-18,18,駐車（輪）場,駐車（輪）場,60-64歳,その他,施錠せず
窃盗,自転車盗,上野,公園前交番,131067,東京都,台東区,上野６丁目,2020-10-11,01,駐車（輪）場,駐車（輪）場,30歳代,その他,施錠せず
窃盗,自転車盗,上野,池之端交番,131067,東京都,台東区,池之端１丁目,2020-06-18,17,その他,駐車（輪）場,40歳代,その他,施錠せず
窃盗,自転車盗,上野,池之端交番,131067,東京都,台東区,池之端１丁目,2020-09-13,03,４階建て以上共同住宅,駐車（輪）場,30歳代,その他,施錠せず
窃盗,自転車盗,上野,池之端交番,131067,東京都,台東区,池之端３丁目,2020-11-05,02,４階建て以上共同住宅,駐車（輪）場,30歳代,その他,施錠せず
窃盗,自転車盗,上野,動物園前交番,131067,東京都,台東区,上野公園,2019-12-01,12,その他,その他,70歳以上,その他,施錠せず
窃盗,自転車盗,上野,動物園前交番,131067,東京都,台東区,上野公園,2020-02-21,15,その他,その他,20歳代,大学生,施錠せず
窃盗,自転車盗,上野,動物園前交番,131067,東京都,台東区,上野公園,2020-11-14,12,道路上,その他,60-64歳,その他,施錠せず
窃盗,自転車盗,上野,上野駅交番,131067,東京都,台東区,上野７丁目,2019-12-19,15,道路上,その他,50歳代,その他,施錠せず
窃盗,自転車盗,上野,上野駅交番,131067,東京都,台東区,上野７丁目,2020-05-07,09,その他,駐車（輪）場,40歳代,その他,施錠せず
窃盗,自転車盗,上野,上野駅交番,131067,東京都,台東区,上野７丁目,2020-06-16,23,道路上,その他,30歳代,その他,施錠せず
窃盗,自転車盗,上野,上野駅交番,131067,東京都,台東区,上野７丁目,2020-06-25,18,道路上,その他,40歳代,その他,施錠せず
窃盗,自転車盗,上野,上野駅交番,131067,東京都,台東区,上野７丁目,2020-08-01,00,道路上,その他,10歳代,大学生,施錠せず
窃盗,自転車盗,上野,上野駅交番,131067,東京都,台東区,上野７丁目,2020-08-30,18,道路上,その他,65-69歳,その他,施錠せず
窃盗,自転車盗,上野,上野駅交番,131067,東京都,台東区,上野７丁目,2020-09-22,12,駐車（輪）場,駐車（輪）場,20歳代,その他,施錠せず
窃盗,自転車盗,上野,上野駅交番,131067,東京都,台東区,上野７丁目,2020-09-27,00,道路上,その他,20歳代,その他,施錠せず
窃盗,自転車盗,上野,上野駅交番,131067,東京都,台東区,上野７丁目,2020-10-02,19,駐車（輪）場,駐車（輪）場,法人・団体、被害者なし,法人・団体、被害者なし,施錠せず
窃盗,自転車盗,上野,上野駅交番,131067,東京都,台東区,上野７丁目,2020-10-08,15,その他,駐車（輪）場,20歳代,大学生,施錠せず
窃盗,自転車盗,上野,上野駅交番,131067,東京都,台東区,上野７丁目,2020-10-26,08,４階建て以上共同住宅,駐車（輪）場,法人・団体、被害者なし,法人・団体、被害者なし,施錠せず
窃盗,自転車盗,上野,上野駅交番,131067,東京都,台東区,上野７丁目,2020-11-14,01,道路上,その他,20歳代,その他,施錠せず
窃盗,自転車盗,上野,上野駅交番,131067,東京都,台東区,東上野３丁目,2020-02-14,18,その他,駐車（輪）場,法人・団体、被害者なし,法人・団体、被害者なし,施錠せず
窃盗,自転車盗,下谷,三ノ輪交番,131067,東京都,台東区,根岸５丁目,2019-12-30,20,道路上,その他,10歳代,高校生,施錠せず
窃盗,自転車盗,下谷,三ノ輪交番,131067,東京都,台東区,根岸５丁目,2020-01-12,22,道路上,その他,20歳代,その他,施錠せず
窃盗,自転車盗,下谷,三ノ輪交番,131067,東京都,台東区,根岸５丁目,2020-01-29,21,道路上,その他,50歳代,その他,施錠せず
窃盗,自転車盗,下谷,三ノ輪交番,131067,東京都,台東区,根岸５丁目,2020-02-29,20,その他,駐車（輪）場,60-64歳,その他,施錠せず
窃盗,自転車盗,下谷,三ノ輪交番,131067,東京都,台東区,根岸５丁目,2020-03-11,不明,４階建て以上共同住宅,駐車（輪）場,20歳代,その他,施錠せず
窃盗,自転車盗,下谷,三ノ輪交番,131067,東京都,台東区,根岸５丁目,2020-07-20,07,その他,駐車（輪）場,30歳代,その他,施錠せず
窃盗,自転車盗,下谷,三ノ輪交番,131067,東京都,台東区,根岸５丁目,2020-08-03,19,道路上,その他,30歳代,その他,施錠せず
窃盗,自転車盗,下谷,三ノ輪交番,131067,東京都,台東区,根岸５丁目,2020-08-06,22,４階建て以上共同住宅,駐車（輪）場,10歳代,中学生,施錠せず
窃盗,自転車盗,下谷,三ノ輪交番,131067,東京都,台東区,根岸５丁目,2020-08-26,18,道路上,その他,70歳以上,その他,施錠せず
窃盗,自転車盗,下谷,三ノ輪交番,131067,東京都,台東区,根岸５丁目,2020-10-21,21,道路上,その他,30歳代,その他,施錠せず
窃盗,自転車盗,下谷,三ノ輪交番,131067,東京都,台東区,根岸５丁目,2020-11-17,21,４階建て以上共同住宅,その他,30歳代,その他,施錠せず
窃盗,自転車盗,下谷,三ノ輪交番,131067,東京都,台東区,三ノ輪１丁目,2020-01-30,22,道路上,その他,20歳代,その他,施錠せず
窃盗,自転車盗,下谷,三ノ輪交番,131067,東京都,台東区,三ノ輪１丁目,2020-07-21,19,道路上,その他,20歳代,その他,施錠せず
窃盗,自転車盗,下谷,三ノ輪交番,131067,東京都,台東区,三ノ輪１丁目,2020-08-03,19,道路上,その他,40歳代,その他,施錠せず
窃盗,自転車盗,下谷,三ノ輪交番,131067,東京都,台東区,三ノ輪１丁目,2020-09-18,23,道路上,その他,50歳代,その他,施錠せず
窃盗,自転車盗,下谷,三ノ輪交番,131067,東京都,台東区,三ノ輪１丁目,2020-09-28,20,道路上,その他,50歳代,その他,施錠せず
窃盗,自転車盗,下谷,三ノ輪交番,131067,東京都,台東区,三ノ輪１丁目,2020-10-07,19,道路上,その他,10歳代,中学生,施錠せず
窃盗,自転車盗,下谷,三ノ輪交番,131067,東京都,台東区,三ノ輪２丁目,2019-12-29,04,道路上,その他,50歳代,その他,施錠せず
窃盗,自転車盗,下谷,三ノ輪交番,131067,東京都,台東区,三ノ輪２丁目,2020-03-19,11,道路上,その他,10歳代,大学生,施錠せず
窃盗,自転車盗,下谷,三ノ輪交番,131067,東京都,台東区,三ノ輪２丁目,2020-07-25,19,道路上,その他,10歳代,中学生,施錠せず
窃盗,自転車盗,下谷,三ノ輪交番,131067,東京都,台東区,三ノ輪２丁目,2020-09-01,16,一戸建住宅,駐車（輪）場,10歳代,小学生,施錠せず
窃盗,自転車盗,下谷,三ノ輪交番,131067,東京都,台東区,竜泉２丁目,2020-01-11,00,道路上,その他,20歳代,その他,施錠せず
窃盗,自転車盗,下谷,三ノ輪交番,131067,東京都,台東区,竜泉２丁目,2020-02-01,17,道路上,その他,40歳代,その他,施錠せず
窃盗,自転車盗,下谷,三ノ輪交番,131067,東京都,台東区,竜泉２丁目,2020-02-11,01,一戸建住宅,駐車（輪）場,10歳代,中学生,施錠せず
窃盗,自転車盗,下谷,三ノ輪交番,131067,東京都,台東区,竜泉２丁目,2020-03-03,17,４階建て以上共同住宅,駐車（輪）場,60-64歳,その他,施錠せず
窃盗,自転車盗,下谷,三ノ輪交番,131067,東京都,台東区,竜泉２丁目,2020-05-01,18,４階建て以上共同住宅,駐車（輪）場,20歳代,その他,施錠せず
窃盗,自転車盗,下谷,三ノ輪交番,131067,東京都,台東区,竜泉３丁目,2019-12-31,22,道路上,その他,50歳代,その他,施錠せず
窃盗,自転車盗,下谷,三ノ輪交番,131067,東京都,台東区,竜泉３丁目,2020-01-20,22,道路上,その他,65-69歳,その他,施錠せず
窃盗,自転車盗,下谷,三ノ輪交番,131067,東京都,台東区,竜泉３丁目,2020-04-02,10,一戸建住宅,駐車（輪）場,40歳代,その他,施錠せず
窃盗,自転車盗,下谷,三ノ輪交番,131067,東京都,台東区,竜泉３丁目,2020-04-29,11,４階建て以上共同住宅,その他,20歳代,その他,施錠せず
窃盗,自転車盗,下谷,入谷東交番,131067,東京都,台東区,入谷１丁目,2020-03-02,09,道路上,その他,40歳代,その他,施錠せず
窃盗,自転車盗,下谷,入谷東交番,131067,東京都,台東区,入谷１丁目,2020-07-01,00,道路上,その他,40歳代,その他,施錠せず
窃盗,自転車盗,下谷,入谷東交番,131067,東京都,台東区,入谷１丁目,2020-09-08,14,道路上,その他,50歳代,その他,施錠せず
窃盗,自転車盗,下谷,入谷東交番,131067,東京都,台東区,入谷１丁目,2020-11-19,17,４階建て以上共同住宅,駐車（輪）場,50歳代,その他,施錠せず
窃盗,自転車盗,下谷,入谷東交番,131067,東京都,台東区,入谷２丁目,2020-08-19,13,道路上,その他,50歳代,その他,施錠せず
窃盗,自転車盗,下谷,入谷東交番,131067,東京都,台東区,入谷２丁目,2020-10-26,18,４階建て以上共同住宅,駐車（輪）場,30歳代,その他,施錠せず
窃盗,自転車盗,下谷,入谷東交番,131067,東京都,台東区,下谷３丁目,2020-02-26,20,道路上,その他,65-69歳,その他,施錠せず
窃盗,自転車盗,下谷,入谷東交番,131067,東京都,台東区,松が谷３丁目,2020-05-10,23,一戸建住宅,駐車（輪）場,50歳代,その他,施錠せず
窃盗,自転車盗,下谷,入谷東交番,131067,東京都,台東区,松が谷４丁目,2020-08-17,18,その他の住宅（３階建て以下共同住宅等）,駐車（輪）場,法人・団体、被害者なし,法人・団体、被害者なし,施錠せず
窃盗,自転車盗,下谷,入谷東交番,131067,東京都,台東区,松が谷４丁目,2020-10-12,18,一戸建住宅,駐車（輪）場,50歳代,その他,施錠せず
窃盗,自転車盗,下谷,入谷東交番,131067,東京都,台東区,竜泉１丁目,2020-01-28,08,４階建て以上共同住宅,駐車（輪）場,50歳代,その他,施錠せず
窃盗,自転車盗,下谷,入谷東交番,131067,東京都,台東区,竜泉１丁目,2020-09-06,19,道路上,その他,30歳代,その他,施錠せず
窃盗,自転車盗,下谷,入谷西交番,131067,東京都,台東区,入谷１丁目,2019-12-08,09,道路上,その他,20歳代,その他,施錠せず
窃盗,自転車盗,下谷,入谷西交番,131067,東京都,台東区,入谷１丁目,2020-03-24,16,道路上,その他,10歳代,その他,施錠せず
窃盗,自転車盗,下谷,入谷西交番,131067,東京都,台東区,入谷１丁目,2020-07-10,20,道路上,その他,10歳代,高校生,施錠せず
窃盗,自転車盗,下谷,入谷西交番,131067,東京都,台東区,入谷１丁目,2020-08-26,07,道路上,その他,10歳代,高校生,施錠せず
窃盗,自転車盗,下谷,入谷西交番,131067,東京都,台東区,入谷２丁目,2020-09-01,22,道路上,その他,30歳代,その他,施錠せず
窃盗,自転車盗,下谷,入谷西交番,131067,東京都,台東区,北上野１丁目,2020-07-08,17,道路上,その他,60-64歳,その他,施錠せず
窃盗,自転車盗,下谷,入谷西交番,131067,東京都,台東区,北上野２丁目,2020-04-26,16,４階建て以上共同住宅,駐車（輪）場,40歳代,その他,施錠せず
窃盗,自転車盗,下谷,入谷西交番,131067,東京都,台東区,北上野２丁目,2020-08-11,07,一戸建住宅,駐車（輪）場,30歳代,その他,施錠せず
窃盗,自転車盗,下谷,入谷西交番,131067,東京都,台東区,北上野２丁目,2020-09-11,19,道路上,その他,70歳以上,その他,施錠せず
窃盗,自転車盗,下谷,入谷西交番,131067,東京都,台東区,北上野２丁目,2020-11-16,01,４階建て以上共同住宅,駐車（輪）場,30歳代,その他,施錠せず
窃盗,自転車盗,下谷,入谷西交番,131067,東京都,台東区,北上野２丁目,2020-11-28,12,４階建て以上共同住宅,駐車（輪）場,20歳代,その他,施錠せず
窃盗,自転車盗,下谷,入谷西交番,131067,東京都,台東区,下谷１丁目,2020-02-11,12,道路上,その他,10歳代,中学生,施錠せず
窃盗,自転車盗,下谷,入谷西交番,131067,東京都,台東区,下谷２丁目,2020-02-15,18,４階建て以上共同住宅,駐車（輪）場,30歳代,その他,施錠せず
窃盗,自転車盗,下谷,入谷西交番,131067,東京都,台東区,下谷２丁目,2020-03-18,19,４階建て以上共同住宅,その他,40歳代,その他,施錠せず
窃盗,自転車盗,下谷,入谷西交番,131067,東京都,台東区,下谷２丁目,2020-06-04,12,道路上,その他,20歳代,その他,施錠せず
窃盗,自転車盗,下谷,入谷西交番,131067,東京都,台東区,下谷２丁目,2020-07-25,17,道路上,その他,10歳代,その他,施錠せず
窃盗,自転車盗,下谷,入谷西交番,131067,東京都,台東区,根岸４丁目,2020-06-05,14,４階建て以上共同住宅,駐車（輪）場,20歳代,その他,施錠せず
窃盗,自転車盗,下谷,鶯谷駅前交番,131067,東京都,台東区,入谷１丁目,2020-02-02,14,道路上,その他,70歳以上,その他,施錠せず
窃盗,自転車盗,下谷,鶯谷駅前交番,131067,東京都,台東区,根岸１丁目,2020-02-11,13,道路上,その他,50歳代,その他,施錠せず
窃盗,自転車盗,下谷,鶯谷駅前交番,131067,東京都,台東区,根岸１丁目,2020-02-19,23,道路上,その他,20歳代,大学生,施錠せず
窃盗,自転車盗,下谷,鶯谷駅前交番,131067,東京都,台東区,根岸１丁目,2020-03-04,00,道路上,その他,30歳代,その他,施錠せず
窃盗,自転車盗,下谷,鶯谷駅前交番,131067,東京都,台東区,根岸１丁目,2020-03-12,08,道路上,その他,20歳代,その他,施錠せず
窃盗,自転車盗,下谷,鶯谷駅前交番,131067,東京都,台東区,根岸１丁目,2020-05-22,06,道路上,その他,10歳代,その他,施錠せず
窃盗,自転車盗,下谷,鶯谷駅前交番,131067,東京都,台東区,根岸１丁目,2020-06-18,00,道路上,その他,65-69歳,その他,施錠せず
窃盗,自転車盗,下谷,鶯谷駅前交番,131067,東京都,台東区,根岸１丁目,2020-07-25,00,道路上,その他,40歳代,その他,施錠せず
窃盗,自転車盗,下谷,鶯谷駅前交番,131067,東京都,台東区,根岸１丁目,2020-07-27,01,道路上,その他,30歳代,その他,施錠せず
窃盗,自転車盗,下谷,鶯谷駅前交番,131067,東京都,台東区,根岸１丁目,2020-08-06,15,道路上,その他,40歳代,その他,施錠せず
窃盗,自転車盗,下谷,鶯谷駅前交番,131067,東京都,台東区,根岸１丁目,2020-08-28,10,その他,その他,40歳代,その他,施錠せず
窃盗,自転車盗,下谷,鶯谷駅前交番,131067,東京都,台東区,根岸１丁目,2020-09-26,22,道路上,その他,20歳代,その他,施錠せず
窃盗,自転車盗,下谷,鶯谷駅前交番,131067,東京都,台東区,根岸２丁目,2020-09-04,20,道路上,その他,20歳代,その他,施錠せず
窃盗,自転車盗,下谷,鶯谷駅前交番,131067,東京都,台東区,根岸２丁目,2020-11-14,22,４階建て以上共同住宅,駐車（輪）場,30歳代,その他,施錠せず
窃盗,自転車盗,下谷,鶯谷駅前交番,131067,東京都,台東区,根岸３丁目,2019-12-27,21,道路上,その他,20歳代,大学生,施錠せず
窃盗,自転車盗,下谷,鶯谷駅前交番,131067,東京都,台東区,根岸３丁目,2020-01-05,21,４階建て以上共同住宅,駐車（輪）場,50歳代,その他,施錠せず
窃盗,自転車盗,下谷,鶯谷駅前交番,131067,東京都,台東区,根岸３丁目,2020-06-01,00,道路上,その他,30歳代,その他,施錠せず
窃盗,自転車盗,下谷,鶯谷駅前交番,131067,東京都,台東区,根岸３丁目,2020-07-07,18,一戸建住宅,駐車（輪）場,40歳代,その他,施錠せず
窃盗,自転車盗,下谷,鶯谷駅前交番,131067,東京都,台東区,根岸３丁目,2020-08-21,10,道路上,その他,10歳代,大学生,施錠せず
窃盗,自転車盗,下谷,鶯谷駅前交番,131067,東京都,台東区,根岸３丁目,2020-11-13,20,道路上,その他,20歳代,その他,施錠せず
窃盗,自転車盗,下谷,鶯谷駅前交番,131067,東京都,台東区,根岸４丁目,2020-01-18,18,道路上,その他,50歳代,その他,施錠せず
窃盗,自転車盗,下谷,鶯谷駅前交番,131067,東京都,台東区,根岸４丁目,2020-06-12,18,一戸建住宅,その他,10歳代,中学生,施錠せず
窃盗,自転車盗,下谷,鶯谷駅前交番,131067,東京都,台東区,根岸４丁目,2020-08-28,22,道路上,その他,50歳代,その他,施錠せず
窃盗,自転車盗,下谷,鶯谷駅前交番,131067,東京都,台東区,根岸５丁目,2020-08-18,20,一戸建住宅,駐車（輪）場,50歳代,その他,施錠せず
窃盗,自転車盗,下谷,初音交番,131067,東京都,台東区,谷中５丁目,2020-09-08,12,その他の住宅（３階建て以下共同住宅等）,駐車（輪）場,20歳代,その他,施錠せず
窃盗,自転車盗,下谷,天王寺駐在所,131067,東京都,台東区,谷中７丁目,2020-01-17,07,駐車（輪）場,駐車（輪）場,20歳代,その他,施錠せず
窃盗,自転車盗,下谷,谷中交番,131067,東京都,台東区,池之端４丁目,2020-08-17,16,４階建て以上共同住宅,駐車（輪）場,10歳代,中学生,施錠せず
窃盗,自転車盗,下谷,谷中交番,131067,東京都,台東区,上野桜木２丁目,2020-04-07,20,道路上,その他,20歳代,その他,施錠せず
窃盗,自転車盗,浅草,日本堤交番,131067,東京都,台東区,清川１丁目,2020-01-28,17,道路上,その他,40歳代,その他,施錠せず
窃盗,自転車盗,浅草,日本堤交番,131067,東京都,台東区,清川１丁目,2020-08-19,22,道路上,その他,70歳以上,その他,施錠せず
窃盗,自転車盗,浅草,日本堤交番,131067,東京都,台東区,清川２丁目,2020-06-13,22,その他,駐車（輪）場,70歳以上,その他,施錠せず
窃盗,自転車盗,浅草,日本堤交番,131067,東京都,台東区,清川２丁目,2020-08-11,08,一戸建住宅,その他,65-69歳,その他,施錠せず
窃盗,自転車盗,浅草,日本堤交番,131067,東京都,台東区,千束３丁目,2020-05-01,19,４階建て以上共同住宅,駐車（輪）場,50歳代,その他,施錠せず
窃盗,自転車盗,浅草,日本堤交番,131067,東京都,台東区,日本堤１丁目,2020-02-09,17,その他,駐車（輪）場,20歳代,大学生,施錠せず
窃盗,自転車盗,浅草,日本堤交番,131067,東京都,台東区,日本堤１丁目,2020-02-15,17,道路上,その他,40歳代,その他,施錠せず
窃盗,自転車盗,浅草,日本堤交番,131067,東京都,台東区,日本堤１丁目,2020-05-25,17,道路上,その他,60-64歳,その他,施錠せず
窃盗,自転車盗,浅草,日本堤交番,131067,東京都,台東区,日本堤１丁目,2020-06-01,16,道路上,その他,50歳代,その他,施錠せず
窃盗,自転車盗,浅草,日本堤交番,131067,東京都,台東区,日本堤１丁目,2020-06-18,17,道路上,その他,70歳以上,その他,施錠せず
窃盗,自転車盗,浅草,日本堤交番,131067,東京都,台東区,日本堤１丁目,2020-07-16,19,その他,駐車（輪）場,65-69歳,その他,施錠せず
窃盗,自転車盗,浅草,日本堤交番,131067,東京都,台東区,日本堤２丁目,2019-12-08,15,道路上,その他,70歳以上,その他,施錠せず
窃盗,自転車盗,浅草,日本堤交番,131067,東京都,台東区,日本堤２丁目,2020-02-05,17,４階建て以上共同住宅,駐車（輪）場,50歳代,その他,施錠せず
窃盗,自転車盗,浅草,日本堤交番,131067,東京都,台東区,日本堤２丁目,2020-10-03,08,４階建て以上共同住宅,駐車（輪）場,10歳代,小学生,施錠せず
窃盗,自転車盗,浅草,日本堤交番,131067,東京都,台東区,橋場２丁目,2020-09-06,10,その他の住宅（３階建て以下共同住宅等）,駐車（輪）場,20歳代,その他,施錠せず
窃盗,自転車盗,浅草,日本堤交番,131067,東京都,台東区,東浅草２丁目,2020-06-07,20,道路上,その他,10歳代,小学生,施錠せず
窃盗,自転車盗,浅草,日本堤交番,131067,東京都,台東区,東浅草２丁目,2020-08-07,13,その他,その他,70歳以上,その他,施錠せず
窃盗,自転車盗,浅草,日本堤交番,131067,東京都,台東区,東浅草２丁目,2020-08-08,17,一戸建住宅,駐車（輪）場,40歳代,その他,施錠せず
窃盗,自転車盗,浅草,吉原交番,131067,東京都,台東区,千束３丁目,2020-01-22,00,４階建て以上共同住宅,その他,20歳代,その他,施錠せず
窃盗,自転車盗,浅草,吉原交番,131067,東京都,台東区,千束３丁目,2020-01-24,07,道路上,その他,10歳代,高校生,施錠せず
窃盗,自転車盗,浅草,吉原交番,131067,東京都,台東区,千束３丁目,2020-05-04,20,道路上,その他,20歳代,大学生,施錠せず
窃盗,自転車盗,浅草,吉原交番,131067,東京都,台東区,千束３丁目,2020-07-02,21,４階建て以上共同住宅,駐車（輪）場,10歳代,その他,施錠せず
窃盗,自転車盗,浅草,吉原交番,131067,東京都,台東区,千束３丁目,2020-10-24,02,道路上,その他,30歳代,その他,施錠せず
窃盗,自転車盗,浅草,吉原交番,131067,東京都,台東区,千束３丁目,2020-11-22,21,道路上,その他,65-69歳,その他,施錠せず
窃盗,自転車盗,浅草,吉原交番,131067,東京都,台東区,千束４丁目,2020-02-18,11,その他,駐車（輪）場,50歳代,その他,施錠せず
窃盗,自転車盗,浅草,吉原交番,131067,東京都,台東区,千束４丁目,2020-03-30,02,道路上,その他,20歳代,大学生,施錠せず
窃盗,自転車盗,浅草,吉原交番,131067,東京都,台東区,千束４丁目,2020-04-11,22,道路上,その他,40歳代,その他,施錠せず
窃盗,自転車盗,浅草,吉原交番,131067,東京都,台東区,千束４丁目,2020-09-03,00,４階建て以上共同住宅,駐車（輪）場,40歳代,その他,施錠せず
窃盗,自転車盗,浅草,吉原交番,131067,東京都,台東区,千束４丁目,2020-09-16,20,道路上,その他,50歳代,その他,施錠せず
窃盗,自転車盗,浅草,吉原交番,131067,東京都,台東区,千束４丁目,2020-09-28,17,一戸建住宅,駐車（輪）場,10歳代,高校生,施錠せず
窃盗,自転車盗,浅草,東浅草交番,131067,東京都,台東区,浅草５丁目,2020-02-07,22,道路上,その他,10歳代,中学生,施錠せず
窃盗,自転車盗,浅草,東浅草交番,131067,東京都,台東区,浅草５丁目,2020-05-30,00,４階建て以上共同住宅,駐車（輪）場,40歳代,その他,施錠せず
窃盗,自転車盗,浅草,東浅草交番,131067,東京都,台東区,浅草５丁目,2020-05-30,17,道路上,その他,50歳代,その他,施錠せず
窃盗,自転車盗,浅草,東浅草交番,131067,東京都,台東区,浅草５丁目,2020-06-13,18,道路上,その他,40歳代,その他,施錠せず
窃盗,自転車盗,浅草,東浅草交番,131067,東京都,台東区,浅草５丁目,2020-09-02,17,道路上,その他,20歳代,その他,施錠せず
窃盗,自転車盗,浅草,東浅草交番,131067,東京都,台東区,浅草５丁目,2020-09-19,22,道路上,その他,10歳代,高校生,施錠せず
窃盗,自転車盗,浅草,東浅草交番,131067,東京都,台東区,浅草６丁目,2020-04-18,19,道路上,その他,50歳代,その他,施錠せず
窃盗,自転車盗,浅草,東浅草交番,131067,東京都,台東区,今戸２丁目,2020-03-20,00,道路上,その他,40歳代,その他,施錠せず
窃盗,自転車盗,浅草,東浅草交番,131067,東京都,台東区,東浅草１丁目,2020-01-13,19,道路上,その他,40歳代,その他,施錠せず
窃盗,自転車盗,浅草,東浅草交番,131067,東京都,台東区,東浅草１丁目,2020-06-23,17,４階建て以上共同住宅,その他,70歳以上,その他,施錠せず
窃盗,自転車盗,浅草,東浅草交番,131067,東京都,台東区,東浅草１丁目,2020-08-12,17,その他,駐車（輪）場,70歳以上,その他,施錠せず
窃盗,自転車盗,浅草,東浅草交番,131067,東京都,台東区,東浅草１丁目,2020-08-31,07,道路上,その他,40歳代,その他,施錠せず
窃盗,自転車盗,浅草,西浅草三丁目交番,131067,東京都,台東区,浅草３丁目,2019-12-16,14,道路上,その他,60-64歳,その他,施錠せず
窃盗,自転車盗,浅草,西浅草三丁目交番,131067,東京都,台東区,浅草３丁目,2020-01-01,19,４階建て以上共同住宅,その他,40歳代,その他,施錠せず
窃盗,自転車盗,浅草,西浅草三丁目交番,131067,東京都,台東区,浅草３丁目,2020-10-25,18,その他,駐車（輪）場,50歳代,その他,施錠せず
窃盗,自転車盗,浅草,西浅草三丁目交番,131067,東京都,台東区,浅草３丁目,2020-10-31,22,４階建て以上共同住宅,駐車（輪）場,50歳代,その他,施錠せず
窃盗,自転車盗,浅草,西浅草三丁目交番,131067,東京都,台東区,浅草４丁目,2019-12-13,15,道路上,その他,30歳代,その他,施錠せず
窃盗,自転車盗,浅草,西浅草三丁目交番,131067,東京都,台東区,浅草４丁目,2020-01-20,02,道路上,その他,50歳代,その他,施錠せず
窃盗,自転車盗,浅草,西浅草三丁目交番,131067,東京都,台東区,浅草４丁目,2020-01-21,12,道路上,その他,40歳代,その他,施錠せず
窃盗,自転車盗,浅草,西浅草三丁目交番,131067,東京都,台東区,浅草４丁目,2020-02-04,22,道路上,その他,30歳代,その他,施錠せず
窃盗,自転車盗,浅草,西浅草三丁目交番,131067,東京都,台東区,浅草４丁目,2020-02-16,10,道路上,その他,50歳代,その他,施錠せず
窃盗,自転車盗,浅草,西浅草三丁目交番,131067,東京都,台東区,浅草４丁目,2020-05-28,20,一戸建住宅,駐車（輪）場,40歳代,その他,施錠せず
窃盗,自転車盗,浅草,西浅草三丁目交番,131067,東京都,台東区,浅草４丁目,2020-06-05,21,道路上,その他,30歳代,その他,施錠せず
窃盗,自転車盗,浅草,西浅草三丁目交番,131067,東京都,台東区,浅草４丁目,2020-06-21,18,４階建て以上共同住宅,駐車（輪）場,10歳代,大学生,施錠せず
窃盗,自転車盗,浅草,西浅草三丁目交番,131067,東京都,台東区,浅草４丁目,2020-07-14,18,道路上,その他,10歳代,高校生,施錠せず
窃盗,自転車盗,浅草,西浅草三丁目交番,131067,東京都,台東区,浅草４丁目,2020-07-19,12,道路上,その他,70歳以上,その他,施錠せず
窃盗,自転車盗,浅草,西浅草三丁目交番,131067,東京都,台東区,浅草４丁目,2020-08-23,16,道路上,その他,20歳代,その他,施錠せず
窃盗,自転車盗,浅草,西浅草三丁目交番,131067,東京都,台東区,浅草５丁目,2020-06-02,19,駐車（輪）場,駐車（輪）場,60-64歳,その他,施錠せず
窃盗,自転車盗,浅草,西浅草三丁目交番,131067,東京都,台東区,浅草５丁目,2020-08-12,09,その他の住宅（３階建て以下共同住宅等）,その他,70歳以上,その他,施錠せず
窃盗,自転車盗,浅草,西浅草三丁目交番,131067,東京都,台東区,千束１丁目,2020-04-16,22,４階建て以上共同住宅,駐車（輪）場,20歳代,大学生,施錠せず
窃盗,自転車盗,浅草,西浅草三丁目交番,131067,東京都,台東区,千束１丁目,2020-11-25,18,４階建て以上共同住宅,駐車（輪）場,20歳代,その他,施錠せず
窃盗,自転車盗,浅草,西浅草三丁目交番,131067,東京都,台東区,千束２丁目,2020-08-22,16,道路上,その他,10歳代,その他,施錠せず
窃盗,自転車盗,浅草,西浅草三丁目交番,131067,東京都,台東区,西浅草３丁目,2020-05-09,08,道路上,その他,40歳代,その他,施錠せず
窃盗,自転車盗,浅草,西浅草三丁目交番,131067,東京都,台東区,西浅草３丁目,2020-10-12,17,その他,駐車（輪）場,30歳代,その他,施錠せず
窃盗,自転車盗,浅草,公園六区交番,131067,東京都,台東区,浅草１丁目,2019-11-15,18,道路上,その他,60-64歳,その他,施錠せず
窃盗,自転車盗,浅草,公園六区交番,131067,東京都,台東区,浅草１丁目,2019-12-29,14,道路上,その他,10歳代,小学生,施錠せず
窃盗,自転車盗,浅草,公園六区交番,131067,東京都,台東区,浅草１丁目,2020-01-21,10,道路上,その他,50歳代,その他,施錠せず
窃盗,自転車盗,浅草,公園六区交番,131067,東京都,台東区,浅草１丁目,2020-02-27,19,その他,駐車（輪）場,50歳代,その他,施錠せず
窃盗,自転車盗,浅草,公園六区交番,131067,東京都,台東区,浅草１丁目,2020-06-04,14,道路上,その他,30歳代,その他,施錠せず
窃盗,自転車盗,浅草,公園六区交番,131067,東京都,台東区,浅草１丁目,2020-07-28,15,一戸建住宅,その他,10歳代,中学生,施錠せず
窃盗,自転車盗,浅草,公園六区交番,131067,東京都,台東区,浅草１丁目,2020-11-01,22,道路上,その他,20歳代,その他,施錠せず
窃盗,自転車盗,浅草,公園六区交番,131067,東京都,台東区,浅草１丁目,2020-11-16,18,道路上,その他,65-69歳,その他,施錠せず
窃盗,自転車盗,浅草,公園六区交番,131067,東京都,台東区,浅草２丁目,2020-01-28,08,道路上,その他,70歳以上,その他,施錠せず
窃盗,自転車盗,浅草,公園六区交番,131067,東京都,台東区,浅草２丁目,2020-02-03,18,一戸建住宅,その他,20歳代,その他,施錠せず
窃盗,自転車盗,浅草,公園六区交番,131067,東京都,台東区,浅草２丁目,2020-02-13,04,道路上,その他,10歳代,大学生,施錠せず
窃盗,自転車盗,浅草,公園六区交番,131067,東京都,台東区,浅草２丁目,2020-02-15,11,道路上,その他,40歳代,その他,施錠せず
窃盗,自転車盗,浅草,公園六区交番,131067,東京都,台東区,浅草２丁目,2020-03-10,12,道路上,その他,70歳以上,その他,施錠せず
窃盗,自転車盗,浅草,公園六区交番,131067,東京都,台東区,浅草２丁目,2020-03-28,06,道路上,その他,20歳代,その他,施錠せず
窃盗,自転車盗,浅草,公園六区交番,131067,東京都,台東区,浅草２丁目,2020-04-21,23,道路上,その他,30歳代,その他,施錠せず
窃盗,自転車盗,浅草,公園六区交番,131067,東京都,台東区,浅草２丁目,2020-05-04,14,道路上,その他,70歳以上,その他,施錠せず
窃盗,自転車盗,浅草,公園六区交番,131067,東京都,台東区,浅草２丁目,2020-09-01,23,その他,駐車（輪）場,法人・団体、被害者なし,法人・団体、被害者なし,施錠せず
窃盗,自転車盗,浅草,公園六区交番,131067,東京都,台東区,浅草２丁目,2020-09-06,04,道路上,その他,20歳代,その他,施錠せず
窃盗,自転車盗,浅草,公園六区交番,131067,東京都,台東区,浅草２丁目,2020-09-11,18,道路上,その他,40歳代,その他,施錠せず
窃盗,自転車盗,浅草,公園六区交番,131067,東京都,台東区,浅草２丁目,2020-10-11,21,道路上,その他,50歳代,その他,施錠せず
窃盗,自転車盗,浅草,公園六区交番,131067,東京都,台東区,浅草２丁目,2020-11-02,00,道路上,その他,30歳代,その他,施錠せず
窃盗,自転車盗,浅草,公園六区交番,131067,東京都,台東区,浅草３丁目,2020-01-24,23,道路上,その他,30歳代,その他,施錠せず
窃盗,自転車盗,浅草,公園六区交番,131067,東京都,台東区,浅草３丁目,2020-12-09,16,道路上,その他,30歳代,その他,施錠せず
窃盗,自転車盗,浅草,公園六区交番,131067,東京都,台東区,西浅草３丁目,2020-01-18,08,その他,駐車（輪）場,20歳代,その他,施錠せず
窃盗,自転車盗,浅草,公園六区交番,131067,東京都,台東区,西浅草３丁目,2020-08-07,16,その他,駐車（輪）場,40歳代,その他,施錠せず
窃盗,自転車盗,浅草,公園六区交番,131067,東京都,台東区,西浅草３丁目,2020-08-21,01,道路上,その他,30歳代,その他,施錠せず
窃盗,自転車盗,浅草,公園六区交番,131067,東京都,台東区,西浅草３丁目,2020-10-21,11,道路上,その他,50歳代,その他,施錠せず
窃盗,自転車盗,浅草,雷門交番,131067,東京都,台東区,浅草１丁目,2020-02-01,18,道路上,その他,40歳代,その他,施錠せず
窃盗,自転車盗,浅草,雷門交番,131067,東京都,台東区,浅草１丁目,2020-03-26,08,道路上,その他,40歳代,その他,施錠せず
窃盗,自転車盗,浅草,雷門交番,131067,東京都,台東区,浅草１丁目,2020-07-12,13,道路上,その他,70歳以上,その他,施錠せず
窃盗,自転車盗,浅草,雷門交番,131067,東京都,台東区,浅草１丁目,2020-08-15,20,道路上,その他,70歳以上,その他,施錠せず
窃盗,自転車盗,浅草,雷門交番,131067,東京都,台東区,浅草１丁目,2020-09-26,22,道路上,その他,20歳代,その他,施錠せず
窃盗,自転車盗,浅草,雷門交番,131067,東京都,台東区,浅草２丁目,2020-08-14,02,道路上,その他,30歳代,その他,施錠せず
窃盗,自転車盗,浅草,雷門交番,131067,東京都,台東区,浅草４丁目,2020-11-01,08,その他,その他,30歳代,その他,施錠せず
窃盗,自転車盗,浅草,雷門交番,131067,東京都,台東区,雷門１丁目,2019-12-28,21,道路上,その他,50歳代,その他,施錠せず
窃盗,自転車盗,浅草,雷門交番,131067,東京都,台東区,雷門２丁目,2020-08-18,13,道路上,その他,10歳代,中学生,施錠せず
窃盗,自転車盗,浅草,雷門交番,131067,東京都,台東区,雷門２丁目,2020-09-20,17,道路上,その他,10歳代,中学生,施錠せず
窃盗,自転車盗,浅草,花川戸交番,131067,東京都,台東区,浅草２丁目,2020-08-26,00,道路上,その他,70歳以上,その他,施錠せず
窃盗,自転車盗,浅草,花川戸交番,131067,東京都,台東区,雷門２丁目,2020-04-02,13,道路上,その他,10歳代,高校生,施錠せず
窃盗,自転車盗,浅草,花川戸交番,131067,東京都,台東区,花川戸１丁目,2020-03-05,10,道路上,その他,30歳代,その他,施錠せず
窃盗,自転車盗,浅草,花川戸交番,131067,東京都,台東区,花川戸１丁目,2020-07-22,16,道路上,その他,10歳代,小学生,施錠せず
窃盗,自転車盗,浅草,花川戸交番,131067,東京都,台東区,花川戸１丁目,2020-08-12,17,その他,駐車（輪）場,20歳代,大学生,施錠せず
窃盗,自転車盗,浅草,花川戸交番,131067,東京都,台東区,花川戸２丁目,2020-09-25,20,道路上,その他,60-64歳,その他,施錠せず
窃盗,自転車盗,浅草,聖天町交番,131067,東京都,台東区,浅草４丁目,2020-03-01,00,道路上,その他,40歳代,その他,施錠せず
窃盗,自転車盗,浅草,聖天町交番,131067,東京都,台東区,浅草４丁目,2020-04-25,04,道路上,その他,40歳代,その他,施錠せず
窃盗,自転車盗,浅草,聖天町交番,131067,東京都,台東区,浅草４丁目,2020-05-08,00,道路上,その他,30歳代,その他,施錠せず
窃盗,自転車盗,浅草,聖天町交番,131067,東京都,台東区,浅草５丁目,2020-02-02,21,道路上,その他,30歳代,その他,施錠せず
窃盗,自転車盗,浅草,聖天町交番,131067,東京都,台東区,浅草５丁目,2020-10-20,22,４階建て以上共同住宅,駐車（輪）場,20歳代,その他,施錠せず
窃盗,自転車盗,浅草,聖天町交番,131067,東京都,台東区,浅草６丁目,2019-12-19,18,道路上,その他,30歳代,その他,施錠せず
窃盗,自転車盗,浅草,聖天町交番,131067,東京都,台東区,浅草６丁目,2020-03-09,18,道路上,その他,60-64歳,その他,施錠せず
窃盗,自転車盗,浅草,聖天町交番,131067,東京都,台東区,浅草６丁目,2020-06-01,09,道路上,その他,50歳代,その他,施錠せず
窃盗,自転車盗,浅草,聖天町交番,131067,東京都,台東区,浅草６丁目,2020-09-15,21,４階建て以上共同住宅,駐車（輪）場,30歳代,その他,施錠せず
窃盗,自転車盗,浅草,聖天町交番,131067,東京都,台東区,浅草６丁目,2020-10-31,12,４階建て以上共同住宅,駐車（輪）場,30歳代,その他,施錠せず
窃盗,自転車盗,浅草,聖天町交番,131067,東京都,台東区,浅草７丁目,2020-07-11,15,４階建て以上共同住宅,その他,30歳代,その他,施錠せず
窃盗,自転車盗,浅草,聖天町交番,131067,東京都,台東区,浅草７丁目,2020-09-13,13,その他,駐車（輪）場,20歳代,その他,施錠せず
窃盗,自転車盗,浅草,聖天町交番,131067,東京都,台東区,今戸１丁目,2020-01-22,17,その他,駐車（輪）場,10歳代,中学生,施錠せず
窃盗,自転車盗,浅草,聖天町交番,131067,東京都,台東区,今戸１丁目,2020-05-19,20,その他,駐車（輪）場,10歳代,その他,施錠せず
窃盗,自転車盗,浅草,聖天町交番,131067,東京都,台東区,今戸１丁目,2020-08-13,10,その他,駐車（輪）場,10歳代,中学生,施錠せず
窃盗,自転車盗,浅草,聖天町交番,131067,東京都,台東区,今戸１丁目,2020-08-18,14,その他,その他,40歳代,その他,施錠せず
窃盗,自転車盗,浅草,聖天町交番,131067,東京都,台東区,今戸１丁目,2020-10-04,16,道路上,その他,40歳代,その他,施錠せず
窃盗,自転車盗,浅草,聖天町交番,131067,東京都,台東区,今戸１丁目,2020-11-01,19,その他の住宅（３階建て以下共同住宅等）,駐車（輪）場,30歳代,その他,施錠せず
窃盗,自転車盗,浅草,橋場交番,131067,東京都,台東区,今戸２丁目,2020-01-02,11,道路上,その他,65-69歳,その他,施錠せず
窃盗,自転車盗,浅草,橋場交番,131067,東京都,台東区,今戸２丁目,2020-06-12,18,一戸建住宅,その他,40歳代,その他,施錠せず
窃盗,自転車盗,浅草,橋場交番,131067,東京都,台東区,今戸２丁目,2020-09-15,20,道路上,その他,20歳代,大学生,施錠せず
窃盗,自転車盗,浅草,橋場交番,131067,東京都,台東区,今戸２丁目,2020-10-24,17,道路上,その他,70歳以上,その他,施錠せず
窃盗,自転車盗,浅草,橋場交番,131067,東京都,台東区,清川１丁目,2020-07-31,20,一戸建住宅,その他,20歳代,その他,施錠せず
窃盗,自転車盗,浅草,橋場交番,131067,東京都,台東区,橋場１丁目,2019-12-02,21,道路上,その他,60-64歳,その他,施錠せず
窃盗,自転車盗,浅草,橋場交番,131067,東京都,台東区,橋場１丁目,2020-01-17,09,４階建て以上共同住宅,その他,30歳代,その他,施錠せず
窃盗,自転車盗,浅草,橋場交番,131067,東京都,台東区,橋場１丁目,2020-08-09,06,道路上,その他,50歳代,その他,施錠せず
窃盗,自転車盗,浅草,橋場交番,131067,東京都,台東区,橋場１丁目,2020-10-13,08,道路上,その他,30歳代,その他,施錠せず
窃盗,自転車盗,浅草,橋場交番,131067,東京都,台東区,橋場１丁目,2020-10-15,07,道路上,その他,10歳未満,小学生,施錠せず
窃盗,自転車盗,浅草,橋場交番,131067,東京都,台東区,橋場１丁目,2020-10-16,17,その他,駐車（輪）場,30歳代,その他,施錠せず
窃盗,自転車盗,浅草,橋場交番,131067,東京都,台東区,橋場１丁目,2020-11-13,12,道路上,その他,70歳以上,その他,施錠せず
窃盗,自転車盗,浅草,橋場交番,131067,東京都,台東区,橋場１丁目,2020-12-01,17,その他,駐車（輪）場,70歳以上,その他,施錠せず
窃盗,自転車盗,蔵前,田原町交番,131067,東京都,台東区,寿１丁目,2020-09-06,00,４階建て以上共同住宅,駐車（輪）場,20歳代,その他,施錠せず
窃盗,自転車盗,蔵前,田原町交番,131067,東京都,台東区,寿１丁目,2020-12-18,09,駐車（輪）場,駐車（輪）場,50歳代,その他,施錠せず
窃盗,自転車盗,蔵前,田原町交番,131067,東京都,台東区,寿２丁目,2020-08-20,09,道路上,その他,20歳代,その他,施錠せず
窃盗,自転車盗,蔵前,田原町交番,131067,東京都,台東区,寿４丁目,2020-07-05,21,道路上,その他,40歳代,その他,施錠せず
窃盗,自転車盗,蔵前,田原町交番,131067,東京都,台東区,西浅草２丁目,2020-05-18,10,道路上,その他,20歳代,その他,施錠せず
窃盗,自転車盗,蔵前,田原町交番,131067,東京都,台東区,西浅草２丁目,2020-08-06,09,道路上,その他,20歳代,その他,施錠せず
窃盗,自転車盗,蔵前,田原町交番,131067,東京都,台東区,西浅草２丁目,2020-08-09,10,４階建て以上共同住宅,駐車（輪）場,40歳代,その他,施錠せず
窃盗,自転車盗,蔵前,田原町交番,131067,東京都,台東区,西浅草２丁目,2020-08-09,22,４階建て以上共同住宅,駐車（輪）場,30歳代,その他,施錠せず
窃盗,自転車盗,蔵前,田原町交番,131067,東京都,台東区,西浅草２丁目,2020-08-16,10,道路上,その他,40歳代,その他,施錠せず
窃盗,自転車盗,蔵前,田原町交番,131067,東京都,台東区,西浅草２丁目,2020-08-17,22,４階建て以上共同住宅,駐車（輪）場,20歳代,その他,施錠せず
窃盗,自転車盗,蔵前,田原町交番,131067,東京都,台東区,西浅草２丁目,2020-11-17,14,４階建て以上共同住宅,その他,50歳代,その他,施錠せず
窃盗,自転車盗,蔵前,田原町交番,131067,東京都,台東区,西浅草２丁目,2020-12-17,17,道路上,その他,20歳代,その他,施錠せず
窃盗,自転車盗,蔵前,菊屋橋交番,131067,東京都,台東区,寿２丁目,2020-02-08,11,４階建て以上共同住宅,駐車（輪）場,20歳代,その他,施錠せず
窃盗,自転車盗,蔵前,菊屋橋交番,131067,東京都,台東区,東上野６丁目,2020-07-08,22,その他,駐車（輪）場,30歳代,その他,施錠せず
窃盗,自転車盗,蔵前,菊屋橋交番,131067,東京都,台東区,東上野６丁目,2020-11-14,16,４階建て以上共同住宅,その他,40歳代,その他,施錠せず
窃盗,自転車盗,蔵前,菊屋橋交番,131067,東京都,台東区,松が谷１丁目,2020-05-25,10,４階建て以上共同住宅,その他,法人・団体、被害者なし,法人・団体、被害者なし,施錠せず
窃盗,自転車盗,蔵前,菊屋橋交番,131067,東京都,台東区,松が谷１丁目,2020-05-31,21,その他,その他,10歳代,大学生,施錠せず
窃盗,自転車盗,蔵前,菊屋橋交番,131067,東京都,台東区,松が谷１丁目,2020-07-03,23,４階建て以上共同住宅,駐車（輪）場,50歳代,その他,施錠せず
窃盗,自転車盗,蔵前,菊屋橋交番,131067,東京都,台東区,元浅草１丁目,2020-05-05,05,４階建て以上共同住宅,その他,50歳代,その他,施錠せず
窃盗,自転車盗,蔵前,菊屋橋交番,131067,東京都,台東区,元浅草３丁目,2019-12-26,22,一戸建住宅,その他,40歳代,その他,施錠せず
窃盗,自転車盗,蔵前,菊屋橋交番,131067,東京都,台東区,元浅草４丁目,2020-03-04,16,４階建て以上共同住宅,駐車（輪）場,30歳代,その他,施錠せず
窃盗,自転車盗,蔵前,菊屋橋交番,131067,東京都,台東区,元浅草４丁目,2020-04-20,08,その他の住宅（３階建て以下共同住宅等）,その他,50歳代,その他,施錠せず
窃盗,自転車盗,蔵前,菊屋橋交番,131067,東京都,台東区,元浅草４丁目,2020-05-15,17,４階建て以上共同住宅,駐車（輪）場,10歳代,小学生,施錠せず
窃盗,自転車盗,蔵前,菊屋橋交番,131067,東京都,台東区,元浅草４丁目,2020-11-15,17,道路上,その他,30歳代,その他,施錠せず
窃盗,自転車盗,蔵前,小島二丁目交番,131067,東京都,台東区,小島２丁目,2020-03-04,15,道路上,その他,20歳代,その他,施錠せず
窃盗,自転車盗,蔵前,小島二丁目交番,131067,東京都,台東区,鳥越１丁目,2020-03-18,19,道路上,その他,30歳代,その他,施錠せず
窃盗,自転車盗,蔵前,小島二丁目交番,131067,東京都,台東区,鳥越１丁目,2020-03-21,14,道路上,その他,30歳代,その他,施錠せず
窃盗,自転車盗,蔵前,小島二丁目交番,131067,東京都,台東区,鳥越１丁目,2020-09-29,23,一戸建住宅,その他,30歳代,その他,施錠せず
窃盗,自転車盗,蔵前,小島二丁目交番,131067,東京都,台東区,鳥越２丁目,2020-03-28,20,道路上,その他,40歳代,その他,施錠せず
窃盗,自転車盗,蔵前,小島二丁目交番,131067,東京都,台東区,西浅草２丁目,2020-06-20,19,道路上,その他,70歳以上,その他,施錠せず
窃盗,自転車盗,蔵前,小島二丁目交番,131067,東京都,台東区,三筋２丁目,2019-10-26,14,４階建て以上共同住宅,その他,30歳代,その他,施錠せず
窃盗,自転車盗,蔵前,小島二丁目交番,131067,東京都,台東区,三筋２丁目,2020-03-14,16,一戸建住宅,その他,30歳代,その他,施錠せず
窃盗,自転車盗,蔵前,小島二丁目交番,131067,東京都,台東区,三筋２丁目,2020-06-10,17,道路上,その他,65-69歳,その他,施錠せず
窃盗,自転車盗,蔵前,小島二丁目交番,131067,東京都,台東区,元浅草１丁目,2020-01-02,21,道路上,その他,20歳代,その他,施錠せず
窃盗,自転車盗,蔵前,小島二丁目交番,131067,東京都,台東区,元浅草１丁目,2020-02-18,12,４階建て以上共同住宅,駐車（輪）場,20歳代,その他,施錠せず
窃盗,自転車盗,蔵前,小島二丁目交番,131067,東京都,台東区,元浅草１丁目,2020-02-21,23,４階建て以上共同住宅,駐車（輪）場,20歳代,大学生,施錠せず
窃盗,自転車盗,蔵前,小島二丁目交番,131067,東京都,台東区,元浅草４丁目,2020-01-04,01,４階建て以上共同住宅,駐車（輪）場,20歳代,大学生,施錠せず
窃盗,自転車盗,蔵前,蔵前二丁目交番,131067,東京都,台東区,蔵前２丁目,2020-10-28,18,４階建て以上共同住宅,駐車（輪）場,法人・団体、被害者なし,法人・団体、被害者なし,施錠せず
窃盗,自転車盗,蔵前,蔵前二丁目交番,131067,東京都,台東区,蔵前２丁目,2020-12-15,17,駐車（輪）場,駐車（輪）場,20歳代,その他,施錠せず
窃盗,自転車盗,蔵前,蔵前二丁目交番,131067,東京都,台東区,蔵前３丁目,2020-04-21,19,４階建て以上共同住宅,駐車（輪）場,40歳代,その他,施錠せず
窃盗,自転車盗,蔵前,蔵前二丁目交番,131067,東京都,台東区,蔵前４丁目,2020-05-28,11,４階建て以上共同住宅,その他,30歳代,その他,施錠せず
窃盗,自転車盗,蔵前,蔵前二丁目交番,131067,東京都,台東区,蔵前４丁目,2020-07-08,06,一戸建住宅,その他,40歳代,その他,施錠せず
窃盗,自転車盗,蔵前,蔵前二丁目交番,131067,東京都,台東区,蔵前４丁目,2020-12-28,23,道路上,その他,20歳代,その他,施錠せず
窃盗,自転車盗,蔵前,蔵前二丁目交番,131067,東京都,台東区,寿４丁目,2020-02-01,09,４階建て以上共同住宅,駐車（輪）場,30歳代,その他,施錠せず
窃盗,自転車盗,蔵前,蔵前二丁目交番,131067,東京都,台東区,駒形１丁目,2020-03-11,18,道路上,その他,60-64歳,その他,施錠せず
窃盗,自転車盗,蔵前,蔵前二丁目交番,131067,東京都,台東区,駒形１丁目,2020-07-01,12,道路上,その他,70歳以上,その他,施錠せず
窃盗,自転車盗,蔵前,蔵前二丁目交番,131067,東京都,台東区,駒形１丁目,2020-12-14,18,道路上,その他,30歳代,その他,施錠せず
窃盗,自転車盗,蔵前,蔵前二丁目交番,131067,東京都,台東区,駒形２丁目,2020-10-25,12,４階建て以上共同住宅,その他,40歳代,その他,施錠せず
窃盗,自転車盗,蔵前,須賀橋交番,131067,東京都,台東区,浅草橋１丁目,2020-08-01,16,道路上,その他,40歳代,その他,施錠せず
窃盗,自転車盗,蔵前,須賀橋交番,131067,東京都,台東区,浅草橋１丁目,2020-11-21,22,道路上,その他,40歳代,その他,施錠せず
窃盗,自転車盗,蔵前,須賀橋交番,131067,東京都,台東区,浅草橋２丁目,2020-04-04,13,道路上,その他,30歳代,その他,施錠せず
窃盗,自転車盗,蔵前,須賀橋交番,131067,東京都,台東区,浅草橋２丁目,2020-04-14,13,道路上,その他,65-69歳,その他,施錠せず
窃盗,自転車盗,蔵前,須賀橋交番,131067,東京都,台東区,浅草橋３丁目,2020-04-25,19,道路上,その他,20歳代,その他,施錠せず
窃盗,自転車盗,蔵前,須賀橋交番,131067,東京都,台東区,浅草橋３丁目,2020-07-01,18,道路上,その他,65-69歳,その他,施錠せず
窃盗,自転車盗,蔵前,須賀橋交番,131067,東京都,台東区,浅草橋５丁目,2020-10-31,15,道路上,その他,20歳代,その他,施錠せず
窃盗,自転車盗,蔵前,須賀橋交番,131067,東京都,台東区,柳橋１丁目,2020-07-30,20,道路上,その他,40歳代,その他,施錠せず
窃盗,自転車盗,蔵前,須賀橋交番,131067,東京都,台東区,柳橋２丁目,2020-08-15,20,道路上,その他,50歳代,その他,施錠せず
窃盗,自転車盗,尾久,熊野前交番,131181,東京都,荒川区,西尾久３丁目,2020-04-17,16,道路上,その他,65-69歳,その他,施錠せず
窃盗,自転車盗,尾久,熊野前交番,131181,東京都,荒川区,西尾久３丁目,2020-06-21,19,一戸建住宅,駐車（輪）場,50歳代,その他,施錠せず
窃盗,自転車盗,尾久,熊野前交番,131181,東京都,荒川区,東尾久５丁目,2019-12-21,16,道路上,その他,20歳代,その他,施錠せず
窃盗,自転車盗,尾久,熊野前交番,131181,東京都,荒川区,東尾久５丁目,2020-06-04,22,道路上,その他,法人・団体、被害者なし,法人・団体、被害者なし,施錠せず
窃盗,自転車盗,尾久,熊野前交番,131181,東京都,荒川区,東尾久６丁目,2019-12-19,20,駐車（輪）場,駐車（輪）場,20歳代,大学生,施錠せず
窃盗,自転車盗,尾久,熊野前交番,131181,東京都,荒川区,東尾久６丁目,2020-02-03,05,４階建て以上共同住宅,駐車（輪）場,20歳代,その他,施錠せず
窃盗,自転車盗,尾久,熊野前交番,131181,東京都,荒川区,東尾久６丁目,2020-02-20,20,一戸建住宅,駐車（輪）場,40歳代,その他,施錠せず
窃盗,自転車盗,尾久,熊野前交番,131181,東京都,荒川区,東尾久６丁目,2020-03-26,18,その他,駐車（輪）場,10歳代,高校生,施錠せず
窃盗,自転車盗,尾久,熊野前交番,131181,東京都,荒川区,東尾久８丁目,2020-02-01,17,その他の住宅（３階建て以下共同住宅等）,駐車（輪）場,10歳代,小学生,施錠せず
窃盗,自転車盗,尾久,熊野前交番,131181,東京都,荒川区,東尾久８丁目,2020-03-15,11,その他,駐車（輪）場,70歳以上,その他,施錠せず
窃盗,自転車盗,尾久,熊野前交番,131181,東京都,荒川区,東尾久８丁目,2020-03-22,20,４階建て以上共同住宅,駐車（輪）場,30歳代,その他,施錠せず
窃盗,自転車盗,尾久,尾竹橋交番,131181,東京都,荒川区,東尾久７丁目,2020-08-14,10,道路上,その他,10歳代,中学生,施錠せず
窃盗,自転車盗,尾久,尾竹橋交番,131181,東京都,荒川区,町屋５丁目,2019-11-15,08,その他の住宅（３階建て以下共同住宅等）,駐車（輪）場,20歳代,その他,施錠せず
窃盗,自転車盗,尾久,尾竹橋交番,131181,東京都,荒川区,町屋５丁目,2020-01-13,19,４階建て以上共同住宅,駐車（輪）場,30歳代,その他,施錠せず
窃盗,自転車盗,尾久,尾竹橋交番,131181,東京都,荒川区,町屋５丁目,2020-02-07,18,４階建て以上共同住宅,駐車（輪）場,40歳代,その他,施錠せず
窃盗,自転車盗,尾久,尾竹橋交番,131181,東京都,荒川区,町屋５丁目,2020-04-16,12,４階建て以上共同住宅,駐車（輪）場,20歳代,大学生,施錠せず
窃盗,自転車盗,尾久,尾竹橋交番,131181,東京都,荒川区,町屋５丁目,2020-06-03,11,一戸建住宅,駐車（輪）場,60-64歳,その他,施錠せず
窃盗,自転車盗,尾久,尾竹橋交番,131181,東京都,荒川区,町屋６丁目,2020-02-03,10,４階建て以上共同住宅,駐車（輪）場,50歳代,その他,施錠せず
窃盗,自転車盗,尾久,尾竹橋交番,131181,東京都,荒川区,町屋６丁目,2020-03-17,14,その他,駐車（輪）場,10歳代,高校生,施錠せず
窃盗,自転車盗,尾久,尾竹橋交番,131181,東京都,荒川区,町屋６丁目,2020-04-26,20,その他の住宅（３階建て以下共同住宅等）,駐車（輪）場,30歳代,その他,施錠せず
窃盗,自転車盗,尾久,尾竹橋交番,131181,東京都,荒川区,町屋６丁目,2020-05-01,10,道路上,その他,70歳以上,その他,施錠せず
窃盗,自転車盗,尾久,尾竹橋交番,131181,東京都,荒川区,町屋７丁目,2020-04-12,17,道路上,その他,10歳代,大学生,施錠せず
窃盗,自転車盗,尾久,赤土交番,131181,東京都,荒川区,西尾久１丁目,2020-06-22,00,駐車（輪）場,駐車（輪）場,10歳代,高校生,施錠せず
窃盗,自転車盗,尾久,赤土交番,131181,東京都,荒川区,西尾久４丁目,2020-03-25,23,道路上,その他,10歳代,その他,施錠せず
窃盗,自転車盗,尾久,赤土交番,131181,東京都,荒川区,東尾久１丁目,2019-12-08,21,４階建て以上共同住宅,駐車（輪）場,50歳代,その他,施錠せず
窃盗,自転車盗,尾久,赤土交番,131181,東京都,荒川区,東尾久１丁目,2020-01-17,14,一戸建住宅,駐車（輪）場,10歳代,その他,施錠せず
窃盗,自転車盗,尾久,赤土交番,131181,東京都,荒川区,東尾久１丁目,2020-07-08,18,４階建て以上共同住宅,駐車（輪）場,10歳代,小学生,施錠せず
窃盗,自転車盗,尾久,赤土交番,131181,東京都,荒川区,東尾久１丁目,2020-07-17,17,道路上,その他,10歳代,大学生,施錠せず
窃盗,自転車盗,尾久,赤土交番,131181,東京都,荒川区,東尾久２丁目,2020-01-17,06,道路上,その他,70歳以上,その他,施錠せず
窃盗,自転車盗,尾久,赤土交番,131181,東京都,荒川区,東尾久２丁目,2020-07-05,19,４階建て以上共同住宅,駐車（輪）場,50歳代,その他,施錠せず
窃盗,自転車盗,尾久,赤土交番,131181,東京都,荒川区,東尾久２丁目,2020-07-29,19,一戸建住宅,駐車（輪）場,40歳代,その他,施錠せず
窃盗,自転車盗,尾久,赤土交番,131181,東京都,荒川区,東尾久２丁目,2020-10-14,20,その他の住宅（３階建て以下共同住宅等）,その他,20歳代,その他,施錠せず
窃盗,自転車盗,尾久,赤土交番,131181,東京都,荒川区,東尾久３丁目,2020-01-19,17,一戸建住宅,駐車（輪）場,70歳以上,その他,施錠せず
窃盗,自転車盗,尾久,赤土交番,131181,東京都,荒川区,東尾久３丁目,2020-02-18,17,一戸建住宅,駐車（輪）場,50歳代,その他,施錠せず
窃盗,自転車盗,尾久,赤土交番,131181,東京都,荒川区,東尾久３丁目,2020-03-04,18,一戸建住宅,駐車（輪）場,40歳代,その他,施錠せず
窃盗,自転車盗,尾久,赤土交番,131181,東京都,荒川区,東尾久４丁目,2019-12-14,00,道路上,その他,30歳代,その他,施錠せず
窃盗,自転車盗,尾久,赤土交番,131181,東京都,荒川区,東尾久４丁目,2020-03-15,21,その他の住宅（３階建て以下共同住宅等）,駐車（輪）場,20歳代,大学生,施錠せず
窃盗,自転車盗,尾久,赤土交番,131181,東京都,荒川区,東尾久４丁目,2020-08-30,18,道路上,その他,40歳代,その他,施錠せず
窃盗,自転車盗,尾久,赤土交番,131181,東京都,荒川区,東尾久５丁目,2020-02-09,20,一戸建住宅,駐車（輪）場,10歳代,大学生,施錠せず
窃盗,自転車盗,尾久,赤土交番,131181,東京都,荒川区,東尾久８丁目,2020-08-05,22,４階建て以上共同住宅,駐車（輪）場,40歳代,その他,施錠せず
窃盗,自転車盗,尾久,西尾久交番,131181,東京都,荒川区,西尾久１丁目,2020-04-17,19,その他の住宅（３階建て以下共同住宅等）,駐車（輪）場,70歳以上,その他,施錠せず
窃盗,自転車盗,尾久,西尾久交番,131181,東京都,荒川区,西尾久１丁目,2020-05-30,19,道路上,その他,40歳代,その他,施錠せず
窃盗,自転車盗,尾久,西尾久交番,131181,東京都,荒川区,西尾久１丁目,2020-06-22,09,一戸建住宅,駐車（輪）場,40歳代,その他,施錠せず
窃盗,自転車盗,尾久,西尾久交番,131181,東京都,荒川区,西尾久１丁目,2020-10-02,17,一戸建住宅,その他,20歳代,その他,施錠せず
窃盗,自転車盗,尾久,西尾久交番,131181,東京都,荒川区,西尾久２丁目,2020-06-27,20,道路上,その他,30歳代,その他,施錠せず
窃盗,自転車盗,尾久,西尾久交番,131181,東京都,荒川区,西尾久４丁目,2020-04-03,21,道路上,その他,30歳代,その他,施錠せず
窃盗,自転車盗,尾久,西尾久交番,131181,東京都,荒川区,東尾久５丁目,2020-07-01,21,一戸建住宅,その他,60-64歳,その他,施錠せず
窃盗,自転車盗,尾久,荒川遊園前交番,131181,東京都,荒川区,西尾久５丁目,2020-04-15,23,一戸建住宅,駐車（輪）場,50歳代,その他,施錠せず
窃盗,自転車盗,尾久,荒川遊園前交番,131181,東京都,荒川区,西尾久５丁目,2020-10-02,19,一戸建住宅,その他,20歳代,その他,施錠せず
窃盗,自転車盗,尾久,荒川遊園前交番,131181,東京都,荒川区,西尾久６丁目,2019-11-17,23,道路上,その他,10歳代,高校生,施錠せず
窃盗,自転車盗,尾久,荒川遊園前交番,131181,東京都,荒川区,西尾久６丁目,2020-09-14,16,道路上,その他,40歳代,その他,施錠せず
窃盗,自転車盗,尾久,荒川遊園前交番,131181,東京都,荒川区,西尾久６丁目,2020-09-16,11,道路上,その他,65-69歳,その他,施錠せず
窃盗,自転車盗,尾久,荒川遊園前交番,131181,東京都,荒川区,西尾久７丁目,2020-02-17,12,その他の住宅（３階建て以下共同住宅等）,駐車（輪）場,40歳代,その他,施錠せず
窃盗,自転車盗,尾久,荒川遊園前交番,131181,東京都,荒川区,西尾久７丁目,2020-05-17,17,道路上,その他,20歳代,その他,施錠せず
窃盗,自転車盗,尾久,荒川遊園前交番,131181,東京都,荒川区,西尾久７丁目,2020-05-27,17,一戸建住宅,駐車（輪）場,65-69歳,その他,施錠せず
窃盗,自転車盗,尾久,荒川遊園前交番,131181,東京都,荒川区,西尾久７丁目,2020-07-24,18,道路上,その他,30歳代,その他,施錠せず
窃盗,自転車盗,尾久,荒川遊園前交番,131181,東京都,荒川区,西尾久８丁目,2020-01-24,17,一戸建住宅,その他,40歳代,その他,施錠せず
窃盗,自転車盗,尾久,荒川遊園前交番,131181,東京都,荒川区,西尾久８丁目,2020-02-25,18,一戸建住宅,駐車（輪）場,10歳代,中学生,施錠せず
窃盗,自転車盗,尾久,荒川遊園前交番,131181,東京都,荒川区,西尾久８丁目,2020-08-10,08,４階建て以上共同住宅,駐車（輪）場,70歳以上,その他,施錠せず
窃盗,自転車盗,南千住,天王前交番,131181,東京都,荒川区,南千住６丁目,2020-02-25,09,その他,駐車（輪）場,20歳代,その他,施錠せず
窃盗,自転車盗,南千住,天王前交番,131181,東京都,荒川区,南千住６丁目,2020-02-25,18,その他,駐車（輪）場,20歳代,その他,施錠せず
窃盗,自転車盗,南千住,南千住一丁目交番,131181,東京都,荒川区,東日暮里１丁目,2020-03-24,10,その他,駐車（輪）場,70歳以上,その他,施錠せず
窃盗,自転車盗,南千住,南千住一丁目交番,131181,東京都,荒川区,東日暮里１丁目,2020-04-27,15,４階建て以上共同住宅,その他,50歳代,その他,施錠せず
窃盗,自転車盗,南千住,南千住一丁目交番,131181,東京都,荒川区,東日暮里１丁目,2020-05-11,16,一戸建住宅,駐車（輪）場,40歳代,その他,施錠せず
窃盗,自転車盗,南千住,南千住一丁目交番,131181,東京都,荒川区,東日暮里１丁目,2020-09-30,11,道路上,その他,20歳代,その他,施錠せず
窃盗,自転車盗,南千住,南千住一丁目交番,131181,東京都,荒川区,南千住１丁目,2020-05-05,01,道路上,その他,20歳代,その他,施錠せず
窃盗,自転車盗,南千住,南千住一丁目交番,131181,東京都,荒川区,南千住１丁目,2020-05-30,23,道路上,その他,10歳代,その他,施錠せず
窃盗,自転車盗,南千住,南千住一丁目交番,131181,東京都,荒川区,南千住１丁目,2020-07-28,22,４階建て以上共同住宅,駐車（輪）場,20歳代,その他,施錠せず
窃盗,自転車盗,南千住,南千住一丁目交番,131181,東京都,荒川区,南千住１丁目,2020-09-09,23,道路上,その他,20歳代,その他,施錠せず
窃盗,自転車盗,南千住,南千住一丁目交番,131181,東京都,荒川区,南千住１丁目,2020-10-15,09,道路上,その他,法人・団体、被害者なし,法人・団体、被害者なし,施錠せず
窃盗,自転車盗,南千住,南千住一丁目交番,131181,東京都,荒川区,南千住１丁目,2020-11-12,18,一戸建住宅,その他,20歳代,大学生,施錠せず
窃盗,自転車盗,南千住,南千住八丁目交番,131181,東京都,荒川区,南千住８丁目,2020-04-27,17,４階建て以上共同住宅,駐車（輪）場,40歳代,その他,施錠せず
窃盗,自転車盗,南千住,南千住八丁目交番,131181,東京都,荒川区,南千住８丁目,2020-04-29,01,４階建て以上共同住宅,駐車（輪）場,70歳以上,その他,施錠せず
窃盗,自転車盗,南千住,南千住八丁目交番,131181,東京都,荒川区,南千住８丁目,2020-04-29,18,その他,その他,60-64歳,その他,施錠せず
窃盗,自転車盗,南千住,南千住八丁目交番,131181,東京都,荒川区,南千住８丁目,2020-08-23,12,４階建て以上共同住宅,駐車（輪）場,30歳代,その他,施錠せず
窃盗,自転車盗,南千住,南千住八丁目交番,131181,東京都,荒川区,南千住８丁目,2020-09-30,06,４階建て以上共同住宅,駐車（輪）場,20歳代,大学生,施錠せず
窃盗,自転車盗,南千住,南千住八丁目交番,131181,東京都,荒川区,南千住８丁目,2020-10-01,19,駐車（輪）場,駐車（輪）場,10歳代,高校生,施錠せず
窃盗,自転車盗,南千住,南千住八丁目交番,131181,東京都,荒川区,南千住８丁目,2020-11-22,19,４階建て以上共同住宅,駐車（輪）場,40歳代,その他,施錠せず
窃盗,自転車盗,南千住,南千住八丁目交番,131181,東京都,荒川区,南千住８丁目,2020-12-13,13,４階建て以上共同住宅,駐車（輪）場,40歳代,その他,施錠せず
窃盗,自転車盗,南千住,南千住三丁目交番,131181,東京都,荒川区,南千住２丁目,2020-01-29,05,４階建て以上共同住宅,駐車（輪）場,30歳代,その他,施錠せず
窃盗,自転車盗,南千住,南千住三丁目交番,131181,東京都,荒川区,南千住２丁目,2020-03-28,07,道路上,その他,20歳代,その他,施錠せず
窃盗,自転車盗,南千住,南千住三丁目交番,131181,東京都,荒川区,南千住３丁目,2020-05-09,07,道路上,その他,70歳以上,その他,施錠せず
窃盗,自転車盗,南千住,南千住三丁目交番,131181,東京都,荒川区,南千住３丁目,2020-07-16,09,道路上,その他,40歳代,その他,施錠せず
窃盗,自転車盗,南千住,南千住三丁目交番,131181,東京都,荒川区,南千住３丁目,2020-08-10,17,一戸建住宅,その他,法人・団体、被害者なし,法人・団体、被害者なし,施錠せず
窃盗,自転車盗,南千住,南千住三丁目交番,131181,東京都,荒川区,南千住４丁目,2020-08-04,10,その他,駐車（輪）場,20歳代,その他,施錠せず
窃盗,自転車盗,南千住,南千住駅東口交番,131181,東京都,荒川区,南千住４丁目,2020-04-29,15,道路上,その他,20歳代,その他,施錠せず
窃盗,自転車盗,南千住,南千住駅東口交番,131181,東京都,荒川区,南千住４丁目,2020-06-09,19,その他,駐車（輪）場,30歳代,その他,施錠せず
窃盗,自転車盗,南千住,南千住駅東口交番,131181,東京都,荒川区,南千住４丁目,2020-07-31,10,駐車（輪）場,駐車（輪）場,20歳代,その他,施錠せず
窃盗,自転車盗,南千住,南千住駅東口交番,131181,東京都,荒川区,南千住４丁目,2020-11-08,14,その他,駐車（輪）場,10歳代,中学生,施錠せず
窃盗,自転車盗,南千住,南千住駅東口交番,131181,東京都,荒川区,南千住５丁目,2020-07-16,18,一戸建住宅,駐車（輪）場,65-69歳,その他,施錠せず
窃盗,自転車盗,南千住,南千住駅東口交番,131181,東京都,荒川区,南千住５丁目,2020-11-14,23,一戸建住宅,駐車（輪）場,50歳代,その他,施錠せず
窃盗,自転車盗,南千住,南千住駅東口交番,131181,東京都,荒川区,南千住７丁目,2020-01-20,03,道路上,その他,50歳代,その他,施錠せず
窃盗,自転車盗,南千住,南千住駅東口交番,131181,東京都,荒川区,南千住７丁目,2020-12-02,10,駐車（輪）場,駐車（輪）場,70歳以上,その他,施錠せず
窃盗,自転車盗,荒川,三河島駅前交番,131181,東京都,荒川区,荒川１丁目,2020-02-18,19,４階建て以上共同住宅,駐車（輪）場,50歳代,その他,施錠せず
窃盗,自転車盗,荒川,三河島駅前交番,131181,東京都,荒川区,荒川３丁目,2020-01-16,08,道路上,その他,10歳代,その他,施錠せず
窃盗,自転車盗,荒川,三河島駅前交番,131181,東京都,荒川区,荒川３丁目,2020-02-22,17,道路上,その他,20歳代,その他,施錠せず
窃盗,自転車盗,荒川,三河島駅前交番,131181,東京都,荒川区,荒川３丁目,2020-08-12,20,４階建て以上共同住宅,駐車（輪）場,30歳代,その他,施錠せず
窃盗,自転車盗,荒川,三河島駅前交番,131181,東京都,荒川区,荒川３丁目,2020-08-22,14,４階建て以上共同住宅,駐車（輪）場,20歳代,その他,施錠せず
窃盗,自転車盗,荒川,三河島駅前交番,131181,東京都,荒川区,荒川３丁目,2020-10-30,08,一戸建住宅,駐車（輪）場,30歳代,その他,施錠せず
窃盗,自転車盗,荒川,三河島駅前交番,131181,東京都,荒川区,西日暮里１丁目,2019-12-06,19,４階建て以上共同住宅,駐車（輪）場,20歳代,大学生,施錠せず
窃盗,自転車盗,荒川,三河島駅前交番,131181,東京都,荒川区,西日暮里１丁目,2020-09-10,15,道路上,その他,10歳代,小学生,施錠せず
窃盗,自転車盗,荒川,三河島駅前交番,131181,東京都,荒川区,西日暮里１丁目,2020-09-23,19,４階建て以上共同住宅,駐車（輪）場,10歳代,高校生,施錠せず
窃盗,自転車盗,荒川,三河島駅前交番,131181,東京都,荒川区,西日暮里１丁目,2020-10-01,14,一戸建住宅,駐車（輪）場,40歳代,その他,施錠せず
窃盗,自転車盗,荒川,三河島駅前交番,131181,東京都,荒川区,西日暮里１丁目,2020-11-06,20,駐車（輪）場,駐車（輪）場,法人・団体、被害者なし,法人・団体、被害者なし,施錠せず
窃盗,自転車盗,荒川,三河島駅前交番,131181,東京都,荒川区,東日暮里３丁目,2019-11-29,10,４階建て以上共同住宅,駐車（輪）場,20歳代,その他,施錠せず
窃盗,自転車盗,荒川,三河島駅前交番,131181,東京都,荒川区,東日暮里３丁目,2020-05-06,19,４階建て以上共同住宅,駐車（輪）場,20歳代,その他,施錠せず
窃盗,自転車盗,荒川,三河島駅前交番,131181,東京都,荒川区,東日暮里６丁目,2019-12-02,23,道路上,その他,70歳以上,その他,施錠せず
窃盗,自転車盗,荒川,三河島駅前交番,131181,東京都,荒川区,東日暮里６丁目,2019-12-21,17,その他の住宅（３階建て以下共同住宅等）,駐車（輪）場,65-69歳,その他,施錠せず
窃盗,自転車盗,荒川,三河島駅前交番,131181,東京都,荒川区,東日暮里６丁目,2020-01-04,19,道路上,その他,30歳代,その他,施錠せず
窃盗,自転車盗,荒川,三河島駅前交番,131181,東京都,荒川区,東日暮里６丁目,2020-01-06,21,一戸建住宅,その他,10歳代,高校生,施錠せず
窃盗,自転車盗,荒川,三河島駅前交番,131181,東京都,荒川区,東日暮里６丁目,2020-06-16,15,一戸建住宅,駐車（輪）場,30歳代,その他,施錠せず
窃盗,自転車盗,荒川,東日暮里交番,131181,東京都,荒川区,東日暮里１丁目,2020-03-26,16,４階建て以上共同住宅,駐車（輪）場,30歳代,その他,施錠せず
窃盗,自転車盗,荒川,東日暮里交番,131181,東京都,荒川区,東日暮里１丁目,2020-04-22,00,４階建て以上共同住宅,駐車（輪）場,20歳代,その他,施錠せず
窃盗,自転車盗,荒川,東日暮里交番,131181,東京都,荒川区,東日暮里１丁目,2020-07-19,16,４階建て以上共同住宅,駐車（輪）場,20歳代,その他,施錠せず
窃盗,自転車盗,荒川,東日暮里交番,131181,東京都,荒川区,東日暮里１丁目,2020-09-27,22,その他,駐車（輪）場,30歳代,その他,施錠せず
窃盗,自転車盗,荒川,東日暮里交番,131181,東京都,荒川区,東日暮里２丁目,2019-12-01,20,その他の住宅（３階建て以下共同住宅等）,駐車（輪）場,30歳代,その他,施錠せず
窃盗,自転車盗,荒川,東日暮里交番,131181,東京都,荒川区,東日暮里２丁目,2020-02-18,15,その他,駐車（輪）場,65-69歳,その他,施錠せず
窃盗,自転車盗,荒川,東日暮里交番,131181,東京都,荒川区,東日暮里３丁目,2020-08-26,01,道路上,その他,30歳代,その他,施錠せず
窃盗,自転車盗,荒川,町屋交番,131181,東京都,荒川区,荒川６丁目,2020-06-13,05,駐車（輪）場,駐車（輪）場,40歳代,その他,施錠せず
窃盗,自転車盗,荒川,町屋交番,131181,東京都,荒川区,荒川６丁目,2020-09-20,17,道路上,その他,20歳代,大学生,施錠せず
窃盗,自転車盗,荒川,町屋交番,131181,東京都,荒川区,町屋１丁目,2019-10-22,17,道路上,その他,30歳代,その他,施錠せず
窃盗,自転車盗,荒川,町屋交番,131181,東京都,荒川区,町屋１丁目,2019-12-01,12,道路上,その他,30歳代,その他,施錠せず
窃盗,自転車盗,荒川,町屋交番,131181,東京都,荒川区,町屋１丁目,2019-12-08,18,道路上,その他,20歳代,その他,施錠せず
窃盗,自転車盗,荒川,町屋交番,131181,東京都,荒川区,町屋１丁目,2019-12-10,20,その他,駐車（輪）場,20歳代,大学生,施錠せず
窃盗,自転車盗,荒川,町屋交番,131181,東京都,荒川区,町屋１丁目,2020-06-14,23,道路上,その他,20歳代,その他,施錠せず
窃盗,自転車盗,荒川,町屋交番,131181,東京都,荒川区,町屋１丁目,2020-07-10,15,４階建て以上共同住宅,駐車（輪）場,40歳代,その他,施錠せず
窃盗,自転車盗,荒川,町屋交番,131181,東京都,荒川区,町屋１丁目,2020-11-17,08,道路上,その他,40歳代,その他,施錠せず
窃盗,自転車盗,荒川,町屋交番,131181,東京都,荒川区,町屋２丁目,2019-12-06,19,道路上,その他,40歳代,その他,施錠せず
窃盗,自転車盗,荒川,町屋交番,131181,東京都,荒川区,町屋２丁目,2020-02-09,08,その他,その他,10歳代,中学生,施錠せず
窃盗,自転車盗,荒川,町屋交番,131181,東京都,荒川区,町屋２丁目,2020-03-02,18,道路上,その他,20歳代,その他,施錠せず
窃盗,自転車盗,荒川,町屋交番,131181,東京都,荒川区,町屋２丁目,2020-07-13,08,道路上,その他,10歳代,高校生,施錠せず
窃盗,自転車盗,荒川,町屋交番,131181,東京都,荒川区,町屋２丁目,2020-08-18,19,道路上,その他,10歳代,高校生,施錠せず
窃盗,自転車盗,荒川,町屋交番,131181,東京都,荒川区,町屋３丁目,2020-01-30,08,４階建て以上共同住宅,駐車（輪）場,30歳代,その他,施錠せず
窃盗,自転車盗,荒川,町屋交番,131181,東京都,荒川区,町屋３丁目,2020-06-15,18,一戸建住宅,駐車（輪）場,70歳以上,その他,施錠せず
窃盗,自転車盗,荒川,町屋交番,131181,東京都,荒川区,町屋３丁目,2020-08-01,16,道路上,その他,10歳代,小学生,施錠せず
窃盗,自転車盗,荒川,町屋交番,131181,東京都,荒川区,町屋４丁目,2020-01-13,10,一戸建住宅,駐車（輪）場,10歳代,中学生,施錠せず
窃盗,自転車盗,荒川,町屋交番,131181,東京都,荒川区,町屋４丁目,2020-01-22,19,その他の住宅（３階建て以下共同住宅等）,駐車（輪）場,40歳代,その他,施錠せず
窃盗,自転車盗,荒川,町屋交番,131181,東京都,荒川区,町屋４丁目,2020-02-01,00,その他の住宅（３階建て以下共同住宅等）,駐車（輪）場,30歳代,その他,施錠せず
窃盗,自転車盗,荒川,荒川五丁目交番,131181,東京都,荒川区,荒川１丁目,2019-12-12,14,その他,駐車（輪）場,20歳代,その他,施錠せず
窃盗,自転車盗,荒川,荒川五丁目交番,131181,東京都,荒川区,荒川１丁目,2020-04-07,14,その他,駐車（輪）場,10歳代,その他,施錠せず
窃盗,自転車盗,荒川,荒川五丁目交番,131181,東京都,荒川区,荒川１丁目,2020-06-18,07,道路上,その他,20歳代,その他,施錠せず
窃盗,自転車盗,荒川,荒川五丁目交番,131181,東京都,荒川区,荒川１丁目,2020-10-05,17,その他,駐車（輪）場,20歳代,その他,施錠せず
窃盗,自転車盗,荒川,荒川五丁目交番,131181,東京都,荒川区,荒川２丁目,2019-12-09,10,その他,駐車（輪）場,10歳代,その他,施錠せず
窃盗,自転車盗,荒川,荒川五丁目交番,131181,東京都,荒川区,荒川２丁目,2020-04-14,12,道路上,その他,10歳代,中学生,施錠せず
窃盗,自転車盗,荒川,荒川五丁目交番,131181,東京都,荒川区,荒川２丁目,2020-10-04,01,一戸建住宅,駐車（輪）場,20歳代,その他,施錠せず
窃盗,自転車盗,荒川,荒川五丁目交番,131181,東京都,荒川区,荒川５丁目,2019-12-13,22,その他,その他,30歳代,その他,施錠せず
窃盗,自転車盗,荒川,荒川五丁目交番,131181,東京都,荒川区,荒川５丁目,2020-01-04,18,４階建て以上共同住宅,駐車（輪）場,20歳代,大学生,施錠せず
窃盗,自転車盗,荒川,荒川五丁目交番,131181,東京都,荒川区,荒川７丁目,2020-02-09,05,駐車（輪）場,駐車（輪）場,10歳代,高校生,施錠せず
窃盗,自転車盗,荒川,荒川五丁目交番,131181,東京都,荒川区,荒川７丁目,2020-02-23,21,その他,駐車（輪）場,10歳代,その他,施錠せず
窃盗,自転車盗,荒川,荒川五丁目交番,131181,東京都,荒川区,荒川７丁目,2020-02-29,19,道路上,その他,30歳代,その他,施錠せず
窃盗,自転車盗,荒川,荒川五丁目交番,131181,東京都,荒川区,荒川７丁目,2020-04-21,17,その他の住宅（３階建て以下共同住宅等）,駐車（輪）場,20歳代,大学生,施錠せず
窃盗,自転車盗,荒川,荒川五丁目交番,131181,東京都,荒川区,荒川７丁目,2020-05-22,16,道路上,その他,70歳以上,その他,施錠せず
窃盗,自転車盗,荒川,荒川五丁目交番,131181,東京都,荒川区,荒川７丁目,2020-08-23,14,その他,駐車（輪）場,10歳代,中学生,施錠せず
窃盗,自転車盗,荒川,荒川五丁目交番,131181,東京都,荒川区,荒川８丁目,2020-02-08,12,一戸建住宅,その他,40歳代,その他,施錠せず
窃盗,自転車盗,荒川,荒川五丁目交番,131181,東京都,荒川区,荒川８丁目,2020-11-10,19,道路上,その他,50歳代,その他,施錠せず
窃盗,自転車盗,荒川,西日暮里六丁目交番,131181,東京都,荒川区,荒川５丁目,2019-12-11,13,道路上,その他,法人・団体、被害者なし,法人・団体、被害者なし,施錠せず
窃盗,自転車盗,荒川,西日暮里六丁目交番,131181,東京都,荒川区,荒川５丁目,2020-02-19,04,一戸建住宅,駐車（輪）場,65-69歳,その他,施錠せず
窃盗,自転車盗,荒川,西日暮里六丁目交番,131181,東京都,荒川区,荒川５丁目,2020-04-17,17,その他の住宅（３階建て以下共同住宅等）,駐車（輪）場,20歳代,大学生,施錠せず
窃盗,自転車盗,荒川,西日暮里六丁目交番,131181,東京都,荒川区,荒川５丁目,2020-05-05,14,道路上,その他,70歳以上,その他,施錠せず
窃盗,自転車盗,荒川,西日暮里六丁目交番,131181,東京都,荒川区,荒川６丁目,2020-04-05,19,その他の住宅（３階建て以下共同住宅等）,駐車（輪）場,30歳代,その他,施錠せず
窃盗,自転車盗,荒川,西日暮里六丁目交番,131181,東京都,荒川区,西日暮里１丁目,2019-10-13,10,４階建て以上共同住宅,駐車（輪）場,30歳代,その他,施錠せず
窃盗,自転車盗,荒川,西日暮里六丁目交番,131181,東京都,荒川区,西日暮里１丁目,2020-06-05,16,一戸建住宅,駐車（輪）場,30歳代,その他,施錠せず
窃盗,自転車盗,荒川,西日暮里六丁目交番,131181,東京都,荒川区,西日暮里１丁目,2020-10-15,18,道路上,その他,30歳代,その他,施錠せず
窃盗,自転車盗,荒川,西日暮里六丁目交番,131181,東京都,荒川区,西日暮里６丁目,2020-12-05,04,４階建て以上共同住宅,駐車（輪）場,20歳代,その他,施錠せず
窃盗,自転車盗,荒川,日暮里駅前交番,131181,東京都,荒川区,西日暮里２丁目,2019-12-23,12,その他,駐車（輪）場,20歳代,その他,施錠せず
窃盗,自転車盗,荒川,日暮里駅前交番,131181,東京都,荒川区,西日暮里２丁目,2020-01-02,22,道路上,その他,20歳代,その他,施錠せず
窃盗,自転車盗,荒川,日暮里駅前交番,131181,東京都,荒川区,西日暮里２丁目,2020-01-06,13,道路上,その他,10歳代,中学生,施錠せず
窃盗,自転車盗,荒川,日暮里駅前交番,131181,東京都,荒川区,西日暮里２丁目,2020-04-06,14,その他の住宅（３階建て以下共同住宅等）,駐車（輪）場,20歳代,その他,施錠せず
窃盗,自転車盗,荒川,日暮里駅前交番,131181,東京都,荒川区,西日暮里２丁目,2020-05-10,13,道路上,その他,60-64歳,その他,施錠せず
窃盗,自転車盗,荒川,日暮里駅前交番,131181,東京都,荒川区,西日暮里２丁目,2020-05-11,18,道路上,その他,40歳代,その他,施錠せず
窃盗,自転車盗,荒川,日暮里駅前交番,131181,東京都,荒川区,西日暮里２丁目,2020-05-24,22,道路上,その他,50歳代,その他,施錠せず
窃盗,自転車盗,荒川,日暮里駅前交番,131181,東京都,荒川区,西日暮里２丁目,2020-07-20,19,道路上,その他,30歳代,その他,施錠せず
窃盗,自転車盗,荒川,日暮里駅前交番,131181,東京都,荒川区,西日暮里２丁目,2020-09-21,17,その他,駐車（輪）場,50歳代,その他,施錠せず
窃盗,自転車盗,荒川,日暮里駅前交番,131181,東京都,荒川区,西日暮里２丁目,2020-09-21,20,道路上,その他,40歳代,その他,施錠せず
窃盗,自転車盗,荒川,日暮里駅前交番,131181,東京都,荒川区,西日暮里２丁目,2020-09-25,19,道路上,その他,30歳代,その他,施錠せず
窃盗,自転車盗,荒川,日暮里駅前交番,131181,東京都,荒川区,西日暮里２丁目,2020-09-26,18,４階建て以上共同住宅,駐車（輪）場,10歳代,中学生,施錠せず
窃盗,自転車盗,荒川,日暮里駅前交番,131181,東京都,荒川区,西日暮里２丁目,2020-10-02,10,道路上,その他,50歳代,その他,施錠せず
窃盗,自転車盗,荒川,日暮里駅前交番,131181,東京都,荒川区,西日暮里２丁目,2020-10-19,00,道路上,その他,30歳代,その他,施錠せず
窃盗,自転車盗,荒川,日暮里駅前交番,131181,東京都,荒川区,東日暮里４丁目,2019-12-12,08,道路上,その他,30歳代,その他,施錠せず
窃盗,自転車盗,荒川,日暮里駅前交番,131181,東京都,荒川区,東日暮里４丁目,2020-02-27,19,道路上,その他,20歳代,大学生,施錠せず
窃盗,自転車盗,荒川,日暮里駅前交番,131181,東京都,荒川区,東日暮里４丁目,2020-03-18,15,道路上,その他,20歳代,その他,施錠せず
窃盗,自転車盗,荒川,日暮里駅前交番,131181,東京都,荒川区,東日暮里５丁目,2019-11-11,22,その他,その他,10歳代,中学生,施錠せず
窃盗,自転車盗,荒川,日暮里駅前交番,131181,東京都,荒川区,東日暮里５丁目,2020-02-03,23,道路上,その他,10歳代,その他,施錠せず
窃盗,自転車盗,荒川,日暮里駅前交番,131181,東京都,荒川区,東日暮里５丁目,2020-02-18,17,道路上,その他,20歳代,その他,施錠せず
窃盗,自転車盗,荒川,日暮里駅前交番,131181,東京都,荒川区,東日暮里５丁目,2020-04-02,17,その他の住宅（３階建て以下共同住宅等）,駐車（輪）場,60-64歳,その他,施錠せず
窃盗,自転車盗,荒川,日暮里駅前交番,131181,東京都,荒川区,東日暮里６丁目,2016-09-01,20,道路上,その他,40歳代,その他,施錠せず
窃盗,自転車盗,荒川,日暮里駅前交番,131181,東京都,荒川区,東日暮里６丁目,2019-12-25,20,道路上,その他,40歳代,その他,施錠せず
窃盗,自転車盗,荒川,日暮里駅前交番,131181,東京都,荒川区,東日暮里６丁目,2020-02-12,08,その他,駐車（輪）場,20歳代,その他,施錠せず
窃盗,自転車盗,荒川,日暮里駅前交番,131181,東京都,荒川区,東日暮里６丁目,2020-09-07,18,４階建て以上共同住宅,駐車（輪）場,65-69歳,その他,施錠せず
窃盗,自転車盗,荒川,日暮里駅前交番,131181,東京都,荒川区,東日暮里６丁目,2020-09-30,18,道路上,その他,法人・団体、被害者なし,法人・団体、被害者なし,施錠せず
窃盗,自転車盗,荒川,日暮里駅前交番,131181,東京都,荒川区,東日暮里６丁目,2020-11-20,18,４階建て以上共同住宅,駐車（輪）場,40歳代,その他,施錠せず
窃盗,自転車盗,荒川,西日暮里駅前交番,131181,東京都,荒川区,西日暮里３丁目,2020-05-23,18,その他の住宅（３階建て以下共同住宅等）,駐車（輪）場,20歳代,その他,施錠せず
窃盗,自転車盗,荒川,西日暮里駅前交番,131181,東京都,荒川区,西日暮里４丁目,2019-08-23,17,道路上,その他,30歳代,その他,施錠せず
窃盗,自転車盗,荒川,西日暮里駅前交番,131181,東京都,荒川区,西日暮里４丁目,2020-08-03,18,道路上,その他,10歳代,小学生,施錠せず
窃盗,自転車盗,荒川,西日暮里駅前交番,131181,東京都,荒川区,西日暮里５丁目,2019-12-21,16,道路上,その他,30歳代,その他,施錠せず
窃盗,自転車盗,荒川,西日暮里駅前交番,131181,東京都,荒川区,西日暮里５丁目,2019-12-29,21,４階建て以上共同住宅,駐車（輪）場,10歳代,小学生,施錠せず
窃盗,自転車盗,荒川,西日暮里駅前交番,131181,東京都,荒川区,西日暮里５丁目,2020-06-07,22,４階建て以上共同住宅,駐車（輪）場,65-69歳,その他,施錠せず
窃盗,自転車盗,荒川,西日暮里駅前交番,131181,東京都,荒川区,西日暮里５丁目,2020-07-23,17,４階建て以上共同住宅,駐車（輪）場,40歳代,その他,施錠せず
窃盗,自転車盗,荒川,西日暮里駅前交番,131181,東京都,荒川区,西日暮里５丁目,2020-07-25,16,４階建て以上共同住宅,駐車（輪）場,70歳以上,その他,施錠せず
窃盗,自転車盗,荒川,西日暮里駅前交番,131181,東京都,荒川区,西日暮里５丁目,2020-08-28,22,道路上,その他,50歳代,その他,施錠せず
窃盗,自転車盗,荒川,西日暮里駅前交番,131181,東京都,荒川区,西日暮里５丁目,2020-10-12,01,４階建て以上共同住宅,その他,40歳代,その他,施錠せず
窃盗,自転車盗,荒川,西日暮里駅前交番,131181,東京都,荒川区,西日暮里６丁目,2020-03-05,00,道路上,その他,法人・団体、被害者なし,法人・団体、被害者なし,施錠せず
窃盗,自転車盗,荒川,西日暮里駅前交番,131181,東京都,荒川区,西日暮里６丁目,2020-03-25,22,４階建て以上共同住宅,駐車（輪）場,30歳代,その他,施錠せず
窃盗,自転車盗,荒川,西日暮里駅前交番,131181,東京都,荒川区,西日暮里６丁目,2020-11-12,00,４階建て以上共同住宅,駐車（輪）場,30歳代,その他,施錠せず
窃盗,自転車盗,千住,北千住駅西口交番,131211,東京都,足立区,千住１丁目,2019-11-11,17,４階建て以上共同住宅,駐車（輪）場,40歳代,その他,施錠せず
窃盗,自転車盗,千住,北千住駅西口交番,131211,東京都,足立区,千住１丁目,2020-02-02,16,その他,駐車（輪）場,20歳代,その他,施錠せず
窃盗,自転車盗,千住,北千住駅西口交番,131211,東京都,足立区,千住１丁目,2020-02-13,01,道路上,その他,30歳代,その他,施錠せず
窃盗,自転車盗,千住,北千住駅西口交番,131211,東京都,足立区,千住１丁目,2020-06-23,00,道路上,その他,20歳代,その他,施錠せず
窃盗,自転車盗,千住,北千住駅西口交番,131211,東京都,足立区,千住１丁目,2020-07-01,19,道路上,その他,50歳代,その他,施錠せず
窃盗,自転車盗,千住,北千住駅西口交番,131211,東京都,足立区,千住２丁目,2019-10-25,10,その他,駐車（輪）場,法人・団体、被害者なし,法人・団体、被害者なし,施錠せず
窃盗,自転車盗,千住,北千住駅西口交番,131211,東京都,足立区,千住２丁目,2019-11-04,21,４階建て以上共同住宅,駐車（輪）場,20歳代,その他,施錠せず
窃盗,自転車盗,千住,北千住駅西口交番,131211,東京都,足立区,千住２丁目,2019-11-17,00,道路上,その他,30歳代,その他,施錠せず
窃盗,自転車盗,千住,北千住駅西口交番,131211,東京都,足立区,千住２丁目,2020-01-25,19,道路上,その他,10歳代,大学生,施錠せず
窃盗,自転車盗,千住,北千住駅西口交番,131211,東京都,足立区,千住２丁目,2020-02-11,18,道路上,その他,40歳代,その他,施錠せず
窃盗,自転車盗,千住,北千住駅西口交番,131211,東京都,足立区,千住２丁目,2020-05-11,02,道路上,その他,30歳代,その他,施錠せず
窃盗,自転車盗,千住,北千住駅西口交番,131211,東京都,足立区,千住２丁目,2020-07-13,02,道路上,その他,50歳代,その他,施錠せず
窃盗,自転車盗,千住,北千住駅西口交番,131211,東京都,足立区,千住２丁目,2020-07-30,01,道路上,その他,40歳代,その他,施錠せず
窃盗,自転車盗,千住,北千住駅西口交番,131211,東京都,足立区,千住２丁目,2020-08-07,22,道路上,その他,50歳代,その他,施錠せず
窃盗,自転車盗,千住,北千住駅西口交番,131211,東京都,足立区,千住３丁目,2020-05-13,18,道路上,その他,20歳代,その他,施錠せず
窃盗,自転車盗,千住,北千住駅西口交番,131211,東京都,足立区,千住３丁目,2020-09-10,17,一戸建住宅,駐車（輪）場,40歳代,その他,施錠せず
窃盗,自転車盗,千住,北千住駅西口交番,131211,東京都,足立区,千住３丁目,2020-10-19,02,道路上,その他,50歳代,その他,施錠せず
窃盗,自転車盗,千住,北千住駅西口交番,131211,東京都,足立区,千住３丁目,2020-10-20,10,駐車（輪）場,駐車（輪）場,20歳代,その他,施錠せず
窃盗,自転車盗,千住,北千住駅西口交番,131211,東京都,足立区,千住５丁目,2019-12-04,21,一戸建住宅,駐車（輪）場,10歳代,小学生,施錠せず
窃盗,自転車盗,千住,北千住駅西口交番,131211,東京都,足立区,千住中居町,2020-03-31,03,道路上,その他,30歳代,その他,施錠せず
窃盗,自転車盗,千住,北千住駅西口交番,131211,東京都,足立区,千住中居町,2020-10-24,00,４階建て以上共同住宅,駐車（輪）場,40歳代,その他,施錠せず
窃盗,自転車盗,千住,千住四丁目交番,131211,東京都,足立区,千住３丁目,2019-12-28,17,駐車（輪）場,駐車（輪）場,20歳代,その他,施錠せず
窃盗,自転車盗,千住,千住四丁目交番,131211,東京都,足立区,千住４丁目,2020-05-13,17,その他の住宅（３階建て以下共同住宅等）,その他,30歳代,その他,施錠せず
窃盗,自転車盗,千住,千住四丁目交番,131211,東京都,足立区,千住５丁目,2019-11-16,16,４階建て以上共同住宅,駐車（輪）場,40歳代,その他,施錠せず
窃盗,自転車盗,千住,千住四丁目交番,131211,東京都,足立区,千住５丁目,2020-01-26,01,４階建て以上共同住宅,駐車（輪）場,30歳代,その他,施錠せず
窃盗,自転車盗,千住,千住四丁目交番,131211,東京都,足立区,千住５丁目,2020-03-30,17,駐車（輪）場,駐車（輪）場,40歳代,その他,施錠せず
窃盗,自転車盗,千住,千住四丁目交番,131211,東京都,足立区,千住寿町,2020-06-09,18,その他,駐車（輪）場,50歳代,その他,施錠せず
窃盗,自転車盗,千住,千住四丁目交番,131211,東京都,足立区,千住柳町,2019-11-01,10,道路上,その他,50歳代,その他,施錠せず
窃盗,自転車盗,千住,桜木町交番,131211,東京都,足立区,千住元町,2019-10-10,21,道路上,その他,50歳代,その他,施錠せず
窃盗,自転車盗,千住,桜木町交番,131211,東京都,足立区,千住元町,2020-10-20,20,４階建て以上共同住宅,その他,50歳代,その他,施錠せず
窃盗,自転車盗,千住,桜木町交番,131211,東京都,足立区,千住柳町,2020-09-22,18,一戸建住宅,駐車（輪）場,40歳代,その他,施錠せず
窃盗,自転車盗,千住,桜木町交番,131211,東京都,足立区,千住桜木２丁目,2019-11-20,18,４階建て以上共同住宅,駐車（輪）場,10歳代,中学生,施錠せず
窃盗,自転車盗,千住,緑町交番,131211,東京都,足立区,千住宮元町,2020-04-30,16,一戸建住宅,その他,20歳代,その他,施錠せず
窃盗,自転車盗,千住,緑町交番,131211,東京都,足立区,千住宮元町,2020-06-04,19,道路上,その他,70歳以上,その他,施錠せず
窃盗,自転車盗,千住,緑町交番,131211,東京都,足立区,千住宮元町,2020-10-06,20,一戸建住宅,その他,65-69歳,その他,施錠せず
窃盗,自転車盗,千住,緑町交番,131211,東京都,足立区,千住緑町３丁目,2020-02-26,18,４階建て以上共同住宅,駐車（輪）場,20歳代,その他,施錠せず
窃盗,自転車盗,千住,大橋交番,131211,東京都,足立区,千住河原町,2019-12-24,23,４階建て以上共同住宅,駐車（輪）場,30歳代,その他,施錠せず
窃盗,自転車盗,千住,大橋交番,131211,東京都,足立区,千住河原町,2020-03-21,11,その他の住宅（３階建て以下共同住宅等）,駐車（輪）場,20歳代,その他,施錠せず
窃盗,自転車盗,千住,大橋交番,131211,東京都,足立区,千住河原町,2020-11-04,16,その他の住宅（３階建て以下共同住宅等）,駐車（輪）場,20歳代,その他,施錠せず
窃盗,自転車盗,千住,大橋交番,131211,東京都,足立区,千住仲町,2019-12-29,03,その他,駐車（輪）場,70歳以上,その他,施錠せず
窃盗,自転車盗,千住,大橋交番,131211,東京都,足立区,千住仲町,2020-01-25,16,一戸建住宅,駐車（輪）場,40歳代,その他,施錠せず
窃盗,自転車盗,千住,大橋交番,131211,東京都,足立区,千住仲町,2020-10-05,01,その他,その他,40歳代,その他,施錠せず
窃盗,自転車盗,千住,大橋交番,131211,東京都,足立区,千住橋戸町,2020-09-15,19,道路上,その他,10歳代,小学生,施錠せず
窃盗,自転車盗,千住,旭町交番,131211,東京都,足立区,千住東１丁目,2020-06-08,23,その他,駐車（輪）場,50歳代,その他,施錠せず
窃盗,自転車盗,千住,旭町交番,131211,東京都,足立区,千住東１丁目,2020-06-23,07,道路上,その他,10歳代,その他,施錠せず
窃盗,自転車盗,千住,旭町交番,131211,東京都,足立区,千住東２丁目,2020-10-01,22,その他の住宅（３階建て以下共同住宅等）,駐車（輪）場,20歳代,その他,施錠せず
窃盗,自転車盗,千住,旭町交番,131211,東京都,足立区,柳原１丁目,2019-11-23,12,その他,駐車（輪）場,40歳代,その他,施錠せず
窃盗,自転車盗,千住,旭町交番,131211,東京都,足立区,柳原１丁目,2019-12-17,07,道路上,その他,70歳以上,その他,施錠せず
窃盗,自転車盗,千住,旭町交番,131211,東京都,足立区,柳原１丁目,2020-03-07,01,その他,駐車（輪）場,65-69歳,その他,施錠せず
窃盗,自転車盗,千住,北千住駅東口交番,131211,東京都,足立区,千住５丁目,2020-04-05,17,一戸建住宅,駐車（輪）場,10歳代,高校生,施錠せず
窃盗,自転車盗,千住,北千住駅東口交番,131211,東京都,足立区,千住旭町,2019-06-20,10,道路上,その他,30歳代,その他,施錠せず
窃盗,自転車盗,千住,北千住駅東口交番,131211,東京都,足立区,千住旭町,2020-09-06,09,一戸建住宅,駐車（輪）場,30歳代,その他,施錠せず
窃盗,自転車盗,千住,北千住駅東口交番,131211,東京都,足立区,千住旭町,2020-09-27,08,駐車（輪）場,駐車（輪）場,20歳代,その他,施錠せず
窃盗,自転車盗,千住,北千住駅東口交番,131211,東京都,足立区,日ノ出町,2020-02-09,23,その他の住宅（３階建て以下共同住宅等）,駐車（輪）場,20歳代,大学生,施錠せず
窃盗,自転車盗,千住,北千住駅東口交番,131211,東京都,足立区,日ノ出町,2020-02-15,22,駐車（輪）場,駐車（輪）場,30歳代,その他,施錠せず
窃盗,自転車盗,千住,北千住駅東口交番,131211,東京都,足立区,日ノ出町,2020-03-07,23,駐車（輪）場,駐車（輪）場,30歳代,その他,施錠せず
窃盗,自転車盗,千住,北千住駅東口交番,131211,東京都,足立区,柳原２丁目,2019-12-26,20,一戸建住宅,駐車（輪）場,70歳以上,その他,施錠せず
窃盗,自転車盗,千住,曙町交番,131211,東京都,足立区,千住曙町,2019-12-06,03,その他の住宅（３階建て以下共同住宅等）,駐車（輪）場,20歳代,その他,施錠せず
窃盗,自転車盗,千住,曙町交番,131211,東京都,足立区,千住曙町,2020-01-09,19,駐車（輪）場,駐車（輪）場,40歳代,その他,施錠せず
窃盗,自転車盗,千住,曙町交番,131211,東京都,足立区,千住曙町,2020-05-21,20,道路上,その他,20歳代,その他,施錠せず
窃盗,自転車盗,千住,曙町交番,131211,東京都,足立区,千住曙町,2020-06-27,18,駐車（輪）場,駐車（輪）場,10歳未満,小学生,施錠せず
窃盗,自転車盗,千住,曙町交番,131211,東京都,足立区,千住曙町,2020-08-24,18,４階建て以上共同住宅,駐車（輪）場,30歳代,その他,施錠せず
窃盗,自転車盗,千住,曙町交番,131211,東京都,足立区,千住曙町,2020-09-01,19,その他の住宅（３階建て以下共同住宅等）,その他,40歳代,その他,施錠せず
窃盗,自転車盗,千住,曙町交番,131211,東京都,足立区,千住関屋町,2020-06-17,07,その他,その他,20歳代,その他,施錠せず
窃盗,自転車盗,西新井,梅田一丁目交番,131211,東京都,足立区,梅田１丁目,2020-02-21,16,駐車（輪）場,駐車（輪）場,10歳代,高校生,施錠せず
窃盗,自転車盗,西新井,梅田一丁目交番,131211,東京都,足立区,梅田１丁目,2020-11-02,17,４階建て以上共同住宅,その他,40歳代,その他,施錠せず
窃盗,自転車盗,西新井,梅田一丁目交番,131211,東京都,足立区,梅田２丁目,2019-10-12,21,道路上,その他,40歳代,その他,施錠せず
窃盗,自転車盗,西新井,梅田一丁目交番,131211,東京都,足立区,梅田２丁目,2020-09-02,18,その他の住宅（３階建て以下共同住宅等）,駐車（輪）場,30歳代,その他,施錠せず
窃盗,自転車盗,西新井,梅田一丁目交番,131211,東京都,足立区,梅田２丁目,2020-09-25,11,４階建て以上共同住宅,駐車（輪）場,40歳代,その他,施錠せず
窃盗,自転車盗,西新井,梅田一丁目交番,131211,東京都,足立区,梅田３丁目,2020-07-14,11,一戸建住宅,その他,50歳代,その他,施錠せず
窃盗,自転車盗,西新井,梅田一丁目交番,131211,東京都,足立区,梅田３丁目,2020-09-03,18,４階建て以上共同住宅,駐車（輪）場,10歳代,その他,施錠せず
窃盗,自転車盗,西新井,梅田一丁目交番,131211,東京都,足立区,梅田４丁目,2020-04-15,20,道路上,その他,10歳代,大学生,施錠せず
窃盗,自転車盗,西新井,梅田七丁目交番,131211,東京都,足立区,梅島１丁目,2019-12-27,09,道路上,その他,20歳代,その他,施錠せず
窃盗,自転車盗,西新井,梅田七丁目交番,131211,東京都,足立区,梅島１丁目,2020-01-05,14,その他の住宅（３階建て以下共同住宅等）,駐車（輪）場,20歳代,その他,施錠せず
窃盗,自転車盗,西新井,梅田七丁目交番,131211,東京都,足立区,梅島１丁目,2020-01-22,20,その他,駐車（輪）場,10歳代,中学生,施錠せず
窃盗,自転車盗,西新井,梅田七丁目交番,131211,東京都,足立区,梅島１丁目,2020-02-27,14,その他の住宅（３階建て以下共同住宅等）,駐車（輪）場,20歳代,その他,施錠せず
窃盗,自転車盗,西新井,梅田七丁目交番,131211,東京都,足立区,梅島１丁目,2020-05-12,21,道路上,その他,20歳代,その他,施錠せず
窃盗,自転車盗,西新井,梅田七丁目交番,131211,東京都,足立区,梅島１丁目,2020-09-18,08,その他,その他,20歳代,その他,施錠せず
窃盗,自転車盗,西新井,梅田七丁目交番,131211,東京都,足立区,梅島２丁目,2020-05-29,11,その他,駐車（輪）場,20歳代,その他,施錠せず
窃盗,自転車盗,西新井,梅田七丁目交番,131211,東京都,足立区,梅島２丁目,2020-07-17,13,道路上,その他,30歳代,その他,施錠せず
窃盗,自転車盗,西新井,梅田七丁目交番,131211,東京都,足立区,梅島２丁目,2020-07-23,12,その他,駐車（輪）場,10歳代,高校生,施錠せず
窃盗,自転車盗,西新井,梅田七丁目交番,131211,東京都,足立区,梅島３丁目,2020-01-09,20,道路上,その他,70歳以上,その他,施錠せず
窃盗,自転車盗,西新井,梅田七丁目交番,131211,東京都,足立区,梅島３丁目,2020-01-13,20,道路上,その他,70歳以上,その他,施錠せず
窃盗,自転車盗,西新井,梅田七丁目交番,131211,東京都,足立区,梅田５丁目,2020-04-08,15,４階建て以上共同住宅,駐車（輪）場,65-69歳,その他,施錠せず
窃盗,自転車盗,西新井,梅田七丁目交番,131211,東京都,足立区,梅田５丁目,2020-08-09,23,その他,駐車（輪）場,10歳代,大学生,施錠せず
窃盗,自転車盗,西新井,梅田七丁目交番,131211,東京都,足立区,梅田５丁目,2020-10-24,10,その他,その他,50歳代,その他,施錠せず
窃盗,自転車盗,西新井,梅田七丁目交番,131211,東京都,足立区,梅田６丁目,2020-01-06,13,その他,駐車（輪）場,40歳代,その他,施錠せず
窃盗,自転車盗,西新井,梅田七丁目交番,131211,東京都,足立区,梅田６丁目,2020-04-15,08,一戸建住宅,その他,70歳以上,その他,施錠せず
窃盗,自転車盗,西新井,梅田七丁目交番,131211,東京都,足立区,梅田６丁目,2020-07-14,15,４階建て以上共同住宅,駐車（輪）場,40歳代,その他,施錠せず
窃盗,自転車盗,西新井,梅田七丁目交番,131211,東京都,足立区,梅田７丁目,2019-11-09,13,その他,駐車（輪）場,10歳代,その他,施錠せず
窃盗,自転車盗,西新井,梅田七丁目交番,131211,東京都,足立区,梅田７丁目,2020-02-17,22,その他,駐車（輪）場,40歳代,その他,施錠せず
窃盗,自転車盗,西新井,梅田七丁目交番,131211,東京都,足立区,梅田７丁目,2020-05-10,19,４階建て以上共同住宅,その他,20歳代,その他,施錠せず
窃盗,自転車盗,西新井,梅田七丁目交番,131211,東京都,足立区,梅田７丁目,2020-06-10,17,道路上,その他,20歳代,大学生,施錠せず
窃盗,自転車盗,西新井,梅田七丁目交番,131211,東京都,足立区,梅田７丁目,2020-08-15,15,その他,駐車（輪）場,10歳代,中学生,施錠せず
窃盗,自転車盗,西新井,梅田七丁目交番,131211,東京都,足立区,梅田７丁目,2020-08-21,19,その他,駐車（輪）場,40歳代,その他,施錠せず
窃盗,自転車盗,西新井,梅田七丁目交番,131211,東京都,足立区,梅田８丁目,2020-07-16,05,駐車（輪）場,駐車（輪）場,20歳代,その他,施錠せず
窃盗,自転車盗,西新井,梅田七丁目交番,131211,東京都,足立区,梅田８丁目,2020-08-28,14,一戸建住宅,その他,70歳以上,その他,施錠せず
窃盗,自転車盗,西新井,大師前交番,131211,東京都,足立区,栗原３丁目,2019-12-15,06,その他の住宅（３階建て以下共同住宅等）,駐車（輪）場,30歳代,その他,施錠せず
窃盗,自転車盗,西新井,大師前交番,131211,東京都,足立区,栗原３丁目,2020-01-14,01,道路上,その他,40歳代,その他,施錠せず
窃盗,自転車盗,西新井,大師前交番,131211,東京都,足立区,栗原３丁目,2020-10-18,22,道路上,その他,30歳代,その他,施錠せず
窃盗,自転車盗,西新井,大師前交番,131211,東京都,足立区,西新井１丁目,2020-01-01,10,その他,駐車（輪）場,40歳代,その他,施錠せず
窃盗,自転車盗,西新井,大師前交番,131211,東京都,足立区,西新井１丁目,2020-06-02,21,４階建て以上共同住宅,駐車（輪）場,10歳代,中学生,施錠せず
窃盗,自転車盗,西新井,大師前交番,131211,東京都,足立区,西新井１丁目,2020-09-01,11,４階建て以上共同住宅,駐車（輪）場,20歳代,その他,施錠せず
窃盗,自転車盗,西新井,大師前交番,131211,東京都,足立区,西新井６丁目,2020-02-28,08,一戸建住宅,駐車（輪）場,30歳代,その他,施錠せず
窃盗,自転車盗,西新井,大師前交番,131211,東京都,足立区,西新井６丁目,2020-05-01,13,４階建て以上共同住宅,駐車（輪）場,50歳代,その他,施錠せず
窃盗,自転車盗,西新井,大師前交番,131211,東京都,足立区,西新井６丁目,2020-06-17,21,その他の住宅（３階建て以下共同住宅等）,その他,20歳代,大学生,施錠せず
窃盗,自転車盗,西新井,大師前交番,131211,東京都,足立区,西新井６丁目,2020-09-02,23,４階建て以上共同住宅,駐車（輪）場,65-69歳,その他,施錠せず
窃盗,自転車盗,西新井,大師前交番,131211,東京都,足立区,西新井６丁目,2020-10-02,14,その他の住宅（３階建て以下共同住宅等）,その他,50歳代,その他,施錠せず
窃盗,自転車盗,西新井,大師前交番,131211,東京都,足立区,西新井７丁目,2020-02-04,07,その他,駐車（輪）場,20歳代,大学生,施錠せず
窃盗,自転車盗,西新井,大師前交番,131211,東京都,足立区,西新井７丁目,2020-04-01,07,駐車（輪）場,駐車（輪）場,30歳代,その他,施錠せず
窃盗,自転車盗,西新井,大師前交番,131211,東京都,足立区,西新井７丁目,2020-04-09,14,その他,駐車（輪）場,40歳代,その他,施錠せず
窃盗,自転車盗,西新井,大師前交番,131211,東京都,足立区,西新井７丁目,2020-10-27,10,その他,その他,40歳代,その他,施錠せず
窃盗,自転車盗,西新井,大師前交番,131211,東京都,足立区,西新井栄町１丁目,2020-01-12,18,その他,駐車（輪）場,10歳代,中学生,施錠せず
窃盗,自転車盗,西新井,大師前交番,131211,東京都,足立区,西新井栄町１丁目,2020-09-19,22,一戸建住宅,その他,70歳以上,その他,施錠せず
窃盗,自転車盗,西新井,大師前交番,131211,東京都,足立区,西新井本町１丁目,2019-12-30,21,一戸建住宅,駐車（輪）場,50歳代,その他,施錠せず
窃盗,自転車盗,西新井,大師前交番,131211,東京都,足立区,西新井本町１丁目,2020-02-12,13,その他,駐車（輪）場,70歳以上,その他,施錠せず
窃盗,自転車盗,西新井,大師前交番,131211,東京都,足立区,西新井本町１丁目,2020-03-30,21,その他,その他,30歳代,その他,施錠せず
窃盗,自転車盗,西新井,大師前交番,131211,東京都,足立区,西新井本町１丁目,2020-08-18,16,一戸建住宅,駐車（輪）場,50歳代,その他,施錠せず
窃盗,自転車盗,西新井,大師前交番,131211,東京都,足立区,西新井本町１丁目,2020-11-06,11,４階建て以上共同住宅,その他,20歳代,その他,施錠せず
窃盗,自転車盗,西新井,大師前交番,131211,東京都,足立区,西新井本町２丁目,2019-12-06,19,４階建て以上共同住宅,駐車（輪）場,40歳代,その他,施錠せず
窃盗,自転車盗,西新井,大師前交番,131211,東京都,足立区,西新井本町２丁目,2020-02-12,16,その他,駐車（輪）場,10歳代,高校生,施錠せず
窃盗,自転車盗,西新井,大師前交番,131211,東京都,足立区,西新井本町２丁目,2020-04-03,11,４階建て以上共同住宅,駐車（輪）場,40歳代,その他,施錠せず
窃盗,自転車盗,西新井,大師前交番,131211,東京都,足立区,西新井本町２丁目,2020-06-24,17,４階建て以上共同住宅,駐車（輪）場,30歳代,その他,施錠せず
窃盗,自転車盗,西新井,大師前交番,131211,東京都,足立区,西新井本町２丁目,2020-08-08,11,その他,駐車（輪）場,50歳代,その他,施錠せず
窃盗,自転車盗,西新井,大師前交番,131211,東京都,足立区,西新井本町２丁目,2020-08-21,15,その他,駐車（輪）場,10歳未満,小学生,施錠せず
窃盗,自転車盗,西新井,大師前交番,131211,東京都,足立区,西新井本町２丁目,2020-08-27,07,４階建て以上共同住宅,駐車（輪）場,10歳代,大学生,施錠せず
窃盗,自転車盗,西新井,大師前交番,131211,東京都,足立区,西新井本町３丁目,2020-03-18,16,４階建て以上共同住宅,その他,65-69歳,その他,施錠せず
窃盗,自転車盗,西新井,大師前交番,131211,東京都,足立区,西新井本町３丁目,2020-07-24,18,その他の住宅（３階建て以下共同住宅等）,駐車（輪）場,40歳代,その他,施錠せず
窃盗,自転車盗,西新井,大師前交番,131211,東京都,足立区,西新井本町５丁目,2020-02-11,05,その他,駐車（輪）場,30歳代,その他,施錠せず
窃盗,自転車盗,西新井,大師前交番,131211,東京都,足立区,西新井本町５丁目,2020-04-15,16,一戸建住宅,その他,30歳代,その他,施錠せず
窃盗,自転車盗,西新井,大師前交番,131211,東京都,足立区,西新井本町５丁目,2020-05-15,07,４階建て以上共同住宅,その他,30歳代,その他,施錠せず
窃盗,自転車盗,西新井,西新井駅前交番,131211,東京都,足立区,梅島３丁目,2020-03-06,18,その他の住宅（３階建て以下共同住宅等）,その他,20歳代,その他,施錠せず
窃盗,自転車盗,西新井,西新井駅前交番,131211,東京都,足立区,梅島３丁目,2020-04-29,18,道路上,その他,10歳代,その他,施錠せず
窃盗,自転車盗,西新井,西新井駅前交番,131211,東京都,足立区,梅島３丁目,2020-07-31,23,一戸建住宅,その他,10歳代,高校生,施錠せず
窃盗,自転車盗,西新井,西新井駅前交番,131211,東京都,足立区,梅島３丁目,2020-09-24,05,道路上,その他,20歳代,その他,施錠せず
窃盗,自転車盗,西新井,西新井駅前交番,131211,東京都,足立区,西新井栄町１丁目,2020-01-20,16,その他,駐車（輪）場,10歳代,その他,施錠せず
窃盗,自転車盗,西新井,西新井駅前交番,131211,東京都,足立区,西新井栄町１丁目,2020-02-08,15,その他,駐車（輪）場,30歳代,その他,施錠せず
窃盗,自転車盗,西新井,西新井駅前交番,131211,東京都,足立区,西新井栄町１丁目,2020-02-11,13,その他,駐車（輪）場,10歳代,高校生,施錠せず
窃盗,自転車盗,西新井,西新井駅前交番,131211,東京都,足立区,西新井栄町１丁目,2020-02-25,15,その他,駐車（輪）場,50歳代,その他,施錠せず
窃盗,自転車盗,西新井,西新井駅前交番,131211,東京都,足立区,西新井栄町１丁目,2020-02-26,17,その他,駐車（輪）場,20歳代,大学生,施錠せず
窃盗,自転車盗,西新井,西新井駅前交番,131211,東京都,足立区,西新井栄町１丁目,2020-03-05,18,その他,駐車（輪）場,10歳代,中学生,施錠せず
窃盗,自転車盗,西新井,西新井駅前交番,131211,東京都,足立区,西新井栄町１丁目,2020-03-18,11,その他,駐車（輪）場,30歳代,その他,施錠せず
窃盗,自転車盗,西新井,西新井駅前交番,131211,東京都,足立区,西新井栄町１丁目,2020-03-25,16,その他,駐車（輪）場,10歳代,高校生,施錠せず
窃盗,自転車盗,西新井,西新井駅前交番,131211,東京都,足立区,西新井栄町１丁目,2020-04-11,17,その他,駐車（輪）場,20歳代,大学生,施錠せず
窃盗,自転車盗,西新井,西新井駅前交番,131211,東京都,足立区,西新井栄町１丁目,2020-06-22,15,その他,駐車（輪）場,10歳代,大学生,施錠せず
窃盗,自転車盗,西新井,西新井駅前交番,131211,東京都,足立区,西新井栄町１丁目,2020-06-29,18,その他,駐車（輪）場,10歳代,その他,施錠せず
窃盗,自転車盗,西新井,西新井駅前交番,131211,東京都,足立区,西新井栄町１丁目,2020-07-05,09,その他,駐車（輪）場,30歳代,その他,施錠せず
窃盗,自転車盗,西新井,西新井駅前交番,131211,東京都,足立区,西新井栄町１丁目,2020-07-28,15,その他,駐車（輪）場,10歳代,高校生,施錠せず
窃盗,自転車盗,西新井,西新井駅前交番,131211,東京都,足立区,西新井栄町１丁目,2020-08-07,18,その他,駐車（輪）場,10歳代,高校生,施錠せず
窃盗,自転車盗,西新井,西新井駅前交番,131211,東京都,足立区,西新井栄町１丁目,2020-08-29,16,その他,駐車（輪）場,10歳代,高校生,施錠せず
窃盗,自転車盗,西新井,西新井駅前交番,131211,東京都,足立区,西新井栄町１丁目,2020-09-20,21,その他,駐車（輪）場,10歳代,高校生,施錠せず
窃盗,自転車盗,西新井,西新井駅前交番,131211,東京都,足立区,西新井栄町１丁目,2020-10-03,08,その他,駐車（輪）場,30歳代,その他,施錠せず
窃盗,自転車盗,西新井,西新井駅前交番,131211,東京都,足立区,西新井栄町１丁目,2020-10-20,12,その他,駐車（輪）場,10歳代,高校生,施錠せず
窃盗,自転車盗,西新井,西新井駅前交番,131211,東京都,足立区,西新井栄町１丁目,2020-10-24,14,その他,駐車（輪）場,10歳代,中学生,施錠せず
窃盗,自転車盗,西新井,西新井駅前交番,131211,東京都,足立区,西新井栄町１丁目,2020-11-24,10,その他,駐車（輪）場,20歳代,大学生,施錠せず
窃盗,自転車盗,西新井,西新井駅前交番,131211,東京都,足立区,西新井栄町２丁目,2020-02-28,22,駐車（輪）場,駐車（輪）場,20歳代,その他,施錠せず
窃盗,自転車盗,西新井,西新井駅前交番,131211,東京都,足立区,西新井栄町２丁目,2020-04-24,08,駐車（輪）場,駐車（輪）場,20歳代,その他,施錠せず
窃盗,自転車盗,西新井,西新井駅前交番,131211,東京都,足立区,西新井栄町２丁目,2020-06-08,23,道路上,その他,20歳代,その他,施錠せず
窃盗,自転車盗,西新井,西新井駅前交番,131211,東京都,足立区,西新井栄町２丁目,2020-08-22,14,駐車（輪）場,駐車（輪）場,10歳代,高校生,施錠せず
窃盗,自転車盗,西新井,西新井駅前交番,131211,東京都,足立区,西新井栄町２丁目,2020-09-01,17,４階建て以上共同住宅,駐車（輪）場,10歳未満,小学生,施錠せず
窃盗,自転車盗,西新井,西新井駅前交番,131211,東京都,足立区,西新井栄町３丁目,2020-08-07,22,４階建て以上共同住宅,駐車（輪）場,20歳代,その他,施錠せず
窃盗,自転車盗,西新井,西新井駅前交番,131211,東京都,足立区,西新井栄町３丁目,2020-08-08,21,一戸建住宅,その他,60-64歳,その他,施錠せず
窃盗,自転車盗,西新井,関原三丁目交番,131211,東京都,足立区,関原２丁目,2020-01-13,19,その他,駐車（輪）場,20歳代,その他,施錠せず
窃盗,自転車盗,西新井,関原三丁目交番,131211,東京都,足立区,関原２丁目,2020-03-15,15,その他,駐車（輪）場,60-64歳,その他,施錠せず
窃盗,自転車盗,西新井,関原三丁目交番,131211,東京都,足立区,関原２丁目,2020-09-20,16,その他,その他,50歳代,その他,施錠せず
窃盗,自転車盗,西新井,関原三丁目交番,131211,東京都,足立区,関原３丁目,2020-03-24,17,一戸建住宅,駐車（輪）場,40歳代,その他,施錠せず
窃盗,自転車盗,西新井,関原三丁目交番,131211,東京都,足立区,関原３丁目,2020-03-31,01,一戸建住宅,その他,60-64歳,その他,施錠せず
窃盗,自転車盗,西新井,関原三丁目交番,131211,東京都,足立区,関原３丁目,2020-06-12,08,その他の住宅（３階建て以下共同住宅等）,その他,10歳代,中学生,施錠せず
窃盗,自転車盗,西新井,関原三丁目交番,131211,東京都,足立区,関原３丁目,2020-07-11,10,一戸建住宅,その他,40歳代,その他,施錠せず
窃盗,自転車盗,西新井,関原三丁目交番,131211,東京都,足立区,関原３丁目,2020-07-19,18,道路上,その他,30歳代,その他,施錠せず
窃盗,自転車盗,西新井,関原三丁目交番,131211,東京都,足立区,関原３丁目,2020-11-22,17,その他,駐車（輪）場,20歳代,その他,施錠せず
窃盗,自転車盗,西新井,本木交番,131211,東京都,足立区,興野１丁目,2020-03-15,11,一戸建住宅,その他,40歳代,その他,施錠せず
窃盗,自転車盗,西新井,本木交番,131211,東京都,足立区,興野１丁目,2020-08-01,22,一戸建住宅,その他,20歳代,その他,施錠せず
窃盗,自転車盗,西新井,本木交番,131211,東京都,足立区,興野２丁目,2020-02-21,19,その他の住宅（３階建て以下共同住宅等）,駐車（輪）場,20歳代,その他,施錠せず
窃盗,自転車盗,西新井,本木交番,131211,東京都,足立区,興野２丁目,2020-02-26,12,一戸建住宅,駐車（輪）場,10歳代,高校生,施錠せず
窃盗,自転車盗,西新井,本木交番,131211,東京都,足立区,興野２丁目,2020-04-22,12,その他の住宅（３階建て以下共同住宅等）,駐車（輪）場,30歳代,その他,施錠せず
窃盗,自転車盗,西新井,本木交番,131211,東京都,足立区,興野２丁目,2020-07-09,08,一戸建住宅,その他,30歳代,その他,施錠せず
窃盗,自転車盗,西新井,本木交番,131211,東京都,足立区,興野２丁目,2020-09-08,06,一戸建住宅,その他,50歳代,その他,施錠せず
窃盗,自転車盗,西新井,本木交番,131211,東京都,足立区,西新井本町４丁目,2020-01-14,15,その他の住宅（３階建て以下共同住宅等）,駐車（輪）場,20歳代,その他,施錠せず
窃盗,自転車盗,西新井,本木交番,131211,東京都,足立区,西新井本町４丁目,2020-01-30,18,その他,駐車（輪）場,10歳代,高校生,施錠せず
窃盗,自転車盗,西新井,本木交番,131211,東京都,足立区,西新井本町４丁目,2020-01-31,20,その他,駐車（輪）場,20歳代,その他,施錠せず
窃盗,自転車盗,西新井,本木交番,131211,東京都,足立区,本木１丁目,2020-08-19,21,その他の住宅（３階建て以下共同住宅等）,駐車（輪）場,10歳代,高校生,施錠せず
窃盗,自転車盗,西新井,本木交番,131211,東京都,足立区,本木２丁目,2020-01-29,08,一戸建住宅,駐車（輪）場,10歳代,小学生,施錠せず
窃盗,自転車盗,西新井,本木交番,131211,東京都,足立区,本木２丁目,2020-02-09,09,一戸建住宅,その他,10歳代,高校生,施錠せず
窃盗,自転車盗,西新井,本木交番,131211,東京都,足立区,本木北町,2020-07-19,23,その他の住宅（３階建て以下共同住宅等）,駐車（輪）場,10歳代,大学生,施錠せず
窃盗,自転車盗,西新井,本木交番,131211,東京都,足立区,本木北町,2020-07-20,22,４階建て以上共同住宅,駐車（輪）場,10歳代,その他,施錠せず
窃盗,自転車盗,西新井,本木交番,131211,東京都,足立区,本木北町,2020-07-28,20,４階建て以上共同住宅,駐車（輪）場,10歳代,大学生,施錠せず
窃盗,自転車盗,西新井,本木交番,131211,東京都,足立区,本木北町,2020-08-13,22,一戸建住宅,その他,30歳代,その他,施錠せず
窃盗,自転車盗,西新井,江北交番,131211,東京都,足立区,江北１丁目,2020-03-04,19,道路上,その他,60-64歳,その他,施錠せず
窃盗,自転車盗,西新井,江北交番,131211,東京都,足立区,江北１丁目,2020-03-15,13,その他,駐車（輪）場,30歳代,その他,施錠せず
窃盗,自転車盗,西新井,江北交番,131211,東京都,足立区,江北１丁目,2020-07-07,09,その他,駐車（輪）場,20歳代,その他,施錠せず
窃盗,自転車盗,西新井,江北交番,131211,東京都,足立区,江北１丁目,2020-08-18,07,４階建て以上共同住宅,駐車（輪）場,50歳代,その他,施錠せず
窃盗,自転車盗,西新井,江北交番,131211,東京都,足立区,江北２丁目,2020-10-21,07,駐車（輪）場,駐車（輪）場,10歳代,中学生,施錠せず
窃盗,自転車盗,西新井,江北交番,131211,東京都,足立区,江北３丁目,2020-03-13,20,その他の住宅（３階建て以下共同住宅等）,駐車（輪）場,30歳代,その他,施錠せず
窃盗,自転車盗,西新井,江北交番,131211,東京都,足立区,江北３丁目,2020-08-15,07,４階建て以上共同住宅,駐車（輪）場,30歳代,その他,施錠せず
窃盗,自転車盗,西新井,江北交番,131211,東京都,足立区,江北３丁目,2020-09-14,16,一戸建住宅,その他,30歳代,その他,施錠せず
窃盗,自転車盗,西新井,江北交番,131211,東京都,足立区,江北３丁目,2020-10-29,15,一戸建住宅,その他,20歳代,大学生,施錠せず
窃盗,自転車盗,西新井,江北交番,131211,東京都,足立区,江北４丁目,2018-03-10,14,駐車（輪）場,駐車（輪）場,50歳代,その他,施錠せず
窃盗,自転車盗,西新井,江北交番,131211,東京都,足立区,江北４丁目,2020-02-29,09,４階建て以上共同住宅,駐車（輪）場,70歳以上,その他,施錠せず
窃盗,自転車盗,西新井,江北交番,131211,東京都,足立区,江北５丁目,2020-09-04,13,その他,その他,30歳代,その他,施錠せず
窃盗,自転車盗,西新井,江北交番,131211,東京都,足立区,江北５丁目,2020-09-19,11,その他,駐車（輪）場,10歳代,高校生,施錠せず
窃盗,自転車盗,西新井,宮城交番,131211,東京都,足立区,小台１丁目,2019-11-21,17,４階建て以上共同住宅,駐車（輪）場,30歳代,大学生,施錠せず
窃盗,自転車盗,西新井,宮城交番,131211,東京都,足立区,小台２丁目,2020-03-09,08,その他,その他,20歳代,その他,施錠せず
窃盗,自転車盗,西新井,宮城交番,131211,東京都,足立区,小台２丁目,2020-04-03,08,４階建て以上共同住宅,駐車（輪）場,20歳代,その他,施錠せず
窃盗,自転車盗,西新井,宮城交番,131211,東京都,足立区,宮城１丁目,2020-02-03,12,道路上,その他,30歳代,その他,施錠せず
窃盗,自転車盗,西新井,宮城交番,131211,東京都,足立区,宮城１丁目,2020-07-09,15,４階建て以上共同住宅,駐車（輪）場,70歳以上,その他,施錠せず
窃盗,自転車盗,西新井,宮城交番,131211,東京都,足立区,宮城２丁目,2020-08-08,23,その他,駐車（輪）場,20歳代,その他,施錠せず
窃盗,自転車盗,西新井,島根交番,131211,東京都,足立区,梅島３丁目,2020-03-29,00,その他,駐車（輪）場,30歳代,その他,施錠せず
窃盗,自転車盗,西新井,島根交番,131211,東京都,足立区,栗原２丁目,2020-01-10,17,４階建て以上共同住宅,駐車（輪）場,10歳代,小学生,施錠せず
窃盗,自転車盗,西新井,島根交番,131211,東京都,足立区,栗原２丁目,2020-07-30,18,一戸建住宅,その他,70歳以上,その他,施錠せず
窃盗,自転車盗,西新井,島根交番,131211,東京都,足立区,島根１丁目,2020-05-09,18,道路上,その他,70歳以上,その他,施錠せず
窃盗,自転車盗,西新井,島根交番,131211,東京都,足立区,島根２丁目,2020-01-27,07,道路上,その他,40歳代,その他,施錠せず
窃盗,自転車盗,西新井,島根交番,131211,東京都,足立区,島根２丁目,2020-07-07,13,道路上,その他,70歳以上,その他,施錠せず
窃盗,自転車盗,西新井,島根交番,131211,東京都,足立区,島根２丁目,2020-07-21,19,その他の住宅（３階建て以下共同住宅等）,駐車（輪）場,20歳代,その他,施錠せず
窃盗,自転車盗,西新井,島根交番,131211,東京都,足立区,島根２丁目,2020-10-25,09,その他の住宅（３階建て以下共同住宅等）,駐車（輪）場,20歳代,その他,施錠せず
窃盗,自転車盗,西新井,島根交番,131211,東京都,足立区,島根３丁目,2020-10-26,12,駐車（輪）場,駐車（輪）場,50歳代,その他,施錠せず
窃盗,自転車盗,西新井,島根交番,131211,東京都,足立区,島根４丁目,2020-04-07,06,その他,その他,50歳代,その他,施錠せず
窃盗,自転車盗,西新井,島根交番,131211,東京都,足立区,六月１丁目,2020-03-17,19,その他,駐車（輪）場,30歳代,その他,施錠せず
窃盗,自転車盗,西新井,島根交番,131211,東京都,足立区,六月１丁目,2020-03-19,16,その他,駐車（輪）場,40歳代,その他,施錠せず
窃盗,自転車盗,西新井,島根交番,131211,東京都,足立区,六月１丁目,2020-06-18,18,駐車（輪）場,駐車（輪）場,50歳代,その他,施錠せず
窃盗,自転車盗,西新井,島根交番,131211,東京都,足立区,六月２丁目,2020-02-11,09,一戸建住宅,駐車（輪）場,10歳代,高校生,施錠せず
窃盗,自転車盗,西新井,島根交番,131211,東京都,足立区,六月２丁目,2020-04-12,22,４階建て以上共同住宅,駐車（輪）場,50歳代,その他,施錠せず
窃盗,自転車盗,西新井,島根交番,131211,東京都,足立区,六月２丁目,2020-05-05,20,４階建て以上共同住宅,駐車（輪）場,10歳代,高校生,施錠せず
窃盗,自転車盗,西新井,島根交番,131211,東京都,足立区,六月２丁目,2020-07-14,19,４階建て以上共同住宅,駐車（輪）場,10歳代,その他,施錠せず
窃盗,自転車盗,西新井,島根交番,131211,東京都,足立区,六月３丁目,2020-07-20,08,道路上,その他,10歳代,高校生,施錠せず
窃盗,自転車盗,西新井,皿沼交番,131211,東京都,足立区,加賀２丁目,2020-10-06,17,４階建て以上共同住宅,駐車（輪）場,40歳代,その他,施錠せず
窃盗,自転車盗,西新井,皿沼交番,131211,東京都,足立区,江北６丁目,2020-11-24,06,駐車（輪）場,駐車（輪）場,40歳代,その他,施錠せず
窃盗,自転車盗,西新井,皿沼交番,131211,東京都,足立区,江北７丁目,2020-02-28,17,その他,駐車（輪）場,10歳代,中学生,施錠せず
窃盗,自転車盗,西新井,皿沼交番,131211,東京都,足立区,江北７丁目,2020-08-08,17,道路上,その他,30歳代,その他,施錠せず
窃盗,自転車盗,西新井,皿沼交番,131211,東京都,足立区,皿沼１丁目,2020-02-28,18,４階建て以上共同住宅,駐車（輪）場,10歳代,小学生,施錠せず
窃盗,自転車盗,西新井,皿沼交番,131211,東京都,足立区,皿沼２丁目,2020-02-29,20,一戸建住宅,その他,40歳代,その他,施錠せず
窃盗,自転車盗,西新井,皿沼交番,131211,東京都,足立区,皿沼２丁目,2020-03-04,16,その他,駐車（輪）場,50歳代,その他,施錠せず
窃盗,自転車盗,西新井,皿沼交番,131211,東京都,足立区,皿沼２丁目,2020-10-08,20,その他の住宅（３階建て以下共同住宅等）,駐車（輪）場,20歳代,その他,施錠せず
窃盗,自転車盗,西新井,皿沼交番,131211,東京都,足立区,鹿浜６丁目,2020-01-29,17,一戸建住宅,駐車（輪）場,70歳以上,その他,施錠せず
窃盗,自転車盗,西新井,皿沼交番,131211,東京都,足立区,鹿浜６丁目,2020-06-10,15,４階建て以上共同住宅,駐車（輪）場,70歳以上,その他,施錠せず
窃盗,自転車盗,西新井,皿沼交番,131211,東京都,足立区,鹿浜６丁目,2020-09-10,21,４階建て以上共同住宅,駐車（輪）場,10歳代,高校生,施錠せず
窃盗,自転車盗,西新井,皿沼交番,131211,東京都,足立区,鹿浜６丁目,2020-10-22,20,道路上,その他,20歳代,その他,施錠せず
窃盗,自転車盗,西新井,皿沼交番,131211,東京都,足立区,鹿浜８丁目,2020-02-02,18,その他の住宅（３階建て以下共同住宅等）,駐車（輪）場,20歳代,その他,施錠せず
窃盗,自転車盗,西新井,皿沼交番,131211,東京都,足立区,鹿浜８丁目,2020-03-16,22,一戸建住宅,その他,40歳代,その他,施錠せず
窃盗,自転車盗,西新井,皿沼交番,131211,東京都,足立区,西新井７丁目,2020-02-22,02,その他の住宅（３階建て以下共同住宅等）,駐車（輪）場,50歳代,その他,施錠せず
窃盗,自転車盗,西新井,皿沼交番,131211,東京都,足立区,谷在家２丁目,2020-07-26,17,４階建て以上共同住宅,駐車（輪）場,10歳代,小学生,施錠せず
窃盗,自転車盗,西新井,皿沼交番,131211,東京都,足立区,谷在家３丁目,2020-08-28,17,道路上,その他,20歳代,大学生,施錠せず
窃盗,自転車盗,西新井,鹿浜交番,131211,東京都,足立区,鹿浜２丁目,2020-07-06,17,道路上,その他,50歳代,その他,施錠せず
窃盗,自転車盗,西新井,鹿浜交番,131211,東京都,足立区,鹿浜２丁目,2020-11-06,19,４階建て以上共同住宅,駐車（輪）場,10歳代,小学生,施錠せず
窃盗,自転車盗,西新井,鹿浜交番,131211,東京都,足立区,鹿浜３丁目,2020-06-03,12,４階建て以上共同住宅,駐車（輪）場,20歳代,その他,施錠せず
窃盗,自転車盗,西新井,鹿浜交番,131211,東京都,足立区,鹿浜３丁目,2020-10-09,17,一戸建住宅,その他,30歳代,その他,施錠せず
窃盗,自転車盗,西新井,鹿浜交番,131211,東京都,足立区,鹿浜４丁目,2020-05-26,20,その他の住宅（３階建て以下共同住宅等）,駐車（輪）場,20歳代,その他,施錠せず
窃盗,自転車盗,西新井,鹿浜交番,131211,東京都,足立区,鹿浜４丁目,2020-06-17,18,一戸建住宅,その他,50歳代,その他,施錠せず
窃盗,自転車盗,西新井,鹿浜交番,131211,東京都,足立区,鹿浜４丁目,2020-10-25,18,その他,駐車（輪）場,10歳代,高校生,施錠せず
窃盗,自転車盗,西新井,鹿浜交番,131211,東京都,足立区,鹿浜４丁目,2020-11-23,21,その他,駐車（輪）場,20歳代,その他,施錠せず
窃盗,自転車盗,西新井,鹿浜交番,131211,東京都,足立区,鹿浜５丁目,2020-02-18,12,その他,駐車（輪）場,20歳代,その他,施錠せず
窃盗,自転車盗,西新井,鹿浜交番,131211,東京都,足立区,鹿浜５丁目,2020-07-21,16,４階建て以上共同住宅,駐車（輪）場,70歳以上,その他,施錠せず
窃盗,自転車盗,西新井,新田駐在所,131211,東京都,足立区,新田１丁目,2020-03-24,09,４階建て以上共同住宅,駐車（輪）場,10歳代,小学生,施錠せず
窃盗,自転車盗,西新井,新田駐在所,131211,東京都,足立区,新田１丁目,2020-07-26,22,４階建て以上共同住宅,駐車（輪）場,50歳代,その他,施錠せず
窃盗,自転車盗,西新井,新田駐在所,131211,東京都,足立区,新田２丁目,2020-08-06,09,その他,駐車（輪）場,10歳代,高校生,施錠せず
窃盗,自転車盗,西新井,新田駐在所,131211,東京都,足立区,新田２丁目,2020-08-31,09,その他,駐車（輪）場,10歳代,高校生,施錠せず
窃盗,自転車盗,西新井,新田駐在所,131211,東京都,足立区,新田３丁目,2020-01-06,20,４階建て以上共同住宅,駐車（輪）場,10歳代,その他,施錠せず
窃盗,自転車盗,西新井,西新井五丁目交番,131211,東京都,足立区,栗原２丁目,2020-10-26,17,４階建て以上共同住宅,駐車（輪）場,20歳代,その他,施錠せず
窃盗,自転車盗,西新井,西新井五丁目交番,131211,東京都,足立区,栗原３丁目,2020-01-02,19,４階建て以上共同住宅,駐車（輪）場,10歳代,高校生,施錠せず
窃盗,自転車盗,西新井,西新井五丁目交番,131211,東京都,足立区,栗原３丁目,2020-09-03,16,４階建て以上共同住宅,その他,20歳代,その他,施錠せず
窃盗,自転車盗,西新井,西新井五丁目交番,131211,東京都,足立区,栗原４丁目,2020-05-09,04,その他,駐車（輪）場,30歳代,その他,施錠せず
窃盗,自転車盗,西新井,西新井五丁目交番,131211,東京都,足立区,西新井２丁目,2020-01-21,20,４階建て以上共同住宅,駐車（輪）場,30歳代,その他,施錠せず
窃盗,自転車盗,西新井,西新井五丁目交番,131211,東京都,足立区,西新井２丁目,2020-03-09,21,その他,駐車（輪）場,30歳代,その他,施錠せず
窃盗,自転車盗,西新井,西新井五丁目交番,131211,東京都,足立区,西新井２丁目,2020-09-03,18,４階建て以上共同住宅,駐車（輪）場,10歳代,高校生,施錠せず
窃盗,自転車盗,西新井,西新井五丁目交番,131211,東京都,足立区,西新井２丁目,2020-11-03,20,道路上,その他,65-69歳,その他,施錠せず
窃盗,自転車盗,西新井,西新井五丁目交番,131211,東京都,足立区,西新井３丁目,2020-01-13,18,４階建て以上共同住宅,駐車（輪）場,10歳代,小学生,施錠せず
窃盗,自転車盗,西新井,西新井五丁目交番,131211,東京都,足立区,西新井３丁目,2020-08-06,19,一戸建住宅,その他,10歳代,高校生,施錠せず
窃盗,自転車盗,西新井,西新井五丁目交番,131211,東京都,足立区,西新井４丁目,2019-12-26,18,一戸建住宅,その他,20歳代,その他,施錠せず
窃盗,自転車盗,西新井,西新井五丁目交番,131211,東京都,足立区,西新井４丁目,2020-04-10,17,４階建て以上共同住宅,駐車（輪）場,10歳代,その他,施錠せず
窃盗,自転車盗,西新井,西新井五丁目交番,131211,東京都,足立区,西新井４丁目,2020-08-03,19,４階建て以上共同住宅,駐車（輪）場,10歳代,中学生,施錠せず
窃盗,自転車盗,西新井,西新井五丁目交番,131211,東京都,足立区,西新井４丁目,2020-08-05,20,道路上,その他,10歳代,中学生,施錠せず
窃盗,自転車盗,西新井,西新井五丁目交番,131211,東京都,足立区,西新井４丁目,2020-11-07,09,その他の住宅（３階建て以下共同住宅等）,駐車（輪）場,20歳代,その他,施錠せず
窃盗,自転車盗,西新井,西新井五丁目交番,131211,東京都,足立区,西新井５丁目,2020-01-06,18,道路上,その他,50歳代,その他,施錠せず
窃盗,自転車盗,西新井,西新井五丁目交番,131211,東京都,足立区,西新井５丁目,2020-02-14,20,道路上,その他,40歳代,その他,施錠せず
窃盗,自転車盗,西新井,西新井五丁目交番,131211,東京都,足立区,谷在家１丁目,2020-05-15,12,駐車（輪）場,駐車（輪）場,30歳代,その他,施錠せず
窃盗,自転車盗,西新井,西新井五丁目交番,131211,東京都,足立区,谷在家１丁目,2020-10-24,13,その他,その他,70歳以上,その他,施錠せず
窃盗,自転車盗,西新井,扇交番,131211,東京都,足立区,扇１丁目,2019-12-28,20,４階建て以上共同住宅,駐車（輪）場,50歳代,その他,施錠せず
窃盗,自転車盗,西新井,扇交番,131211,東京都,足立区,扇１丁目,2020-02-07,15,その他の住宅（３階建て以下共同住宅等）,駐車（輪）場,10歳代,その他,施錠せず
窃盗,自転車盗,西新井,扇交番,131211,東京都,足立区,扇１丁目,2020-06-02,21,駐車（輪）場,駐車（輪）場,20歳代,その他,施錠せず
窃盗,自転車盗,西新井,扇交番,131211,東京都,足立区,扇１丁目,2020-07-09,21,その他の住宅（３階建て以下共同住宅等）,駐車（輪）場,20歳代,その他,施錠せず
窃盗,自転車盗,西新井,扇交番,131211,東京都,足立区,扇１丁目,2020-08-17,19,４階建て以上共同住宅,駐車（輪）場,20歳代,その他,施錠せず
窃盗,自転車盗,西新井,扇交番,131211,東京都,足立区,扇１丁目,2020-10-29,10,道路上,その他,70歳以上,その他,施錠せず
窃盗,自転車盗,西新井,扇交番,131211,東京都,足立区,扇２丁目,2020-02-15,11,４階建て以上共同住宅,駐車（輪）場,20歳代,その他,施錠せず
窃盗,自転車盗,西新井,扇交番,131211,東京都,足立区,扇３丁目,2020-03-13,14,その他,その他,10歳代,小学生,施錠せず
窃盗,自転車盗,西新井,扇交番,131211,東京都,足立区,扇３丁目,2020-07-17,22,４階建て以上共同住宅,駐車（輪）場,10歳代,高校生,施錠せず
窃盗,自転車盗,西新井,扇交番,131211,東京都,足立区,西新井栄町１丁目,2019-10-27,19,その他,駐車（輪）場,10歳代,高校生,施錠せず
窃盗,自転車盗,綾瀬,大谷田交番,131211,東京都,足立区,大谷田１丁目,2020-01-01,17,４階建て以上共同住宅,その他,10歳代,高校生,施錠せず
窃盗,自転車盗,綾瀬,大谷田交番,131211,東京都,足立区,大谷田１丁目,2020-02-03,22,道路上,その他,10歳代,中学生,施錠せず
窃盗,自転車盗,綾瀬,大谷田交番,131211,東京都,足立区,大谷田１丁目,2020-04-05,09,４階建て以上共同住宅,駐車（輪）場,30歳代,その他,施錠せず
窃盗,自転車盗,綾瀬,大谷田交番,131211,東京都,足立区,大谷田１丁目,2020-08-04,20,４階建て以上共同住宅,駐車（輪）場,10歳代,中学生,施錠せず
窃盗,自転車盗,綾瀬,大谷田交番,131211,東京都,足立区,大谷田１丁目,2020-09-10,14,道路上,その他,70歳以上,その他,施錠せず
窃盗,自転車盗,綾瀬,大谷田交番,131211,東京都,足立区,大谷田１丁目,2020-11-26,18,その他,駐車（輪）場,法人・団体、被害者なし,法人・団体、被害者なし,施錠せず
窃盗,自転車盗,綾瀬,大谷田交番,131211,東京都,足立区,大谷田２丁目,2020-01-31,08,その他,駐車（輪）場,10歳代,高校生,施錠せず
窃盗,自転車盗,綾瀬,大谷田交番,131211,東京都,足立区,大谷田２丁目,2020-09-06,17,４階建て以上共同住宅,駐車（輪）場,20歳代,その他,施錠せず
窃盗,自転車盗,綾瀬,大谷田交番,131211,東京都,足立区,大谷田３丁目,2019-12-24,18,駐車（輪）場,駐車（輪）場,30歳代,その他,施錠せず
窃盗,自転車盗,綾瀬,大谷田交番,131211,東京都,足立区,大谷田３丁目,2020-01-10,07,４階建て以上共同住宅,駐車（輪）場,10歳代,その他,施錠せず
窃盗,自転車盗,綾瀬,大谷田交番,131211,東京都,足立区,大谷田３丁目,2020-01-16,22,４階建て以上共同住宅,駐車（輪）場,10歳代,小学生,施錠せず
窃盗,自転車盗,綾瀬,大谷田交番,131211,東京都,足立区,大谷田３丁目,2020-02-15,16,４階建て以上共同住宅,駐車（輪）場,10歳代,高校生,施錠せず
窃盗,自転車盗,綾瀬,大谷田交番,131211,東京都,足立区,大谷田３丁目,2020-03-24,15,その他の住宅（３階建て以下共同住宅等）,駐車（輪）場,30歳代,その他,施錠せず
窃盗,自転車盗,綾瀬,大谷田交番,131211,東京都,足立区,大谷田４丁目,2020-05-17,11,その他,駐車（輪）場,20歳代,その他,施錠せず
窃盗,自転車盗,綾瀬,大谷田交番,131211,東京都,足立区,大谷田４丁目,2020-09-18,17,一戸建住宅,その他,20歳代,その他,施錠せず
窃盗,自転車盗,綾瀬,大谷田交番,131211,東京都,足立区,大谷田４丁目,2020-11-10,19,その他の住宅（３階建て以下共同住宅等）,駐車（輪）場,50歳代,その他,施錠せず
窃盗,自転車盗,綾瀬,大谷田交番,131211,東京都,足立区,大谷田５丁目,2020-02-05,20,４階建て以上共同住宅,駐車（輪）場,40歳代,その他,施錠せず
窃盗,自転車盗,綾瀬,大谷田交番,131211,東京都,足立区,大谷田５丁目,2020-03-11,13,一戸建住宅,その他,20歳代,その他,施錠せず
窃盗,自転車盗,綾瀬,大谷田交番,131211,東京都,足立区,大谷田５丁目,2020-05-25,22,一戸建住宅,その他,10歳代,高校生,施錠せず
窃盗,自転車盗,綾瀬,大谷田交番,131211,東京都,足立区,大谷田５丁目,2020-09-05,13,駐車（輪）場,駐車（輪）場,50歳代,その他,施錠せず
窃盗,自転車盗,綾瀬,大谷田交番,131211,東京都,足立区,佐野１丁目,2020-10-31,17,その他の住宅（３階建て以下共同住宅等）,駐車（輪）場,20歳代,その他,施錠せず
窃盗,自転車盗,綾瀬,大谷田交番,131211,東京都,足立区,谷中２丁目,2020-11-06,00,道路上,その他,10歳代,高校生,施錠せず
窃盗,自転車盗,綾瀬,大谷田交番,131211,東京都,足立区,谷中３丁目,2020-03-24,14,駐車（輪）場,駐車（輪）場,70歳以上,その他,施錠せず
窃盗,自転車盗,綾瀬,大谷田交番,131211,東京都,足立区,谷中３丁目,2020-06-23,21,その他の住宅（３階建て以下共同住宅等）,駐車（輪）場,30歳代,その他,施錠せず
窃盗,自転車盗,綾瀬,大谷田交番,131211,東京都,足立区,谷中４丁目,2020-03-10,18,４階建て以上共同住宅,その他,20歳代,その他,施錠せず
窃盗,自転車盗,綾瀬,大谷田交番,131211,東京都,足立区,谷中４丁目,2020-06-16,14,その他の住宅（３階建て以下共同住宅等）,駐車（輪）場,10歳代,中学生,施錠せず
窃盗,自転車盗,綾瀬,大谷田交番,131211,東京都,足立区,谷中４丁目,2020-07-06,09,駐車（輪）場,駐車（輪）場,20歳代,その他,施錠せず
窃盗,自転車盗,綾瀬,中川交番,131211,東京都,足立区,中川１丁目,2020-02-24,22,４階建て以上共同住宅,駐車（輪）場,10歳代,高校生,施錠せず
窃盗,自転車盗,綾瀬,中川交番,131211,東京都,足立区,中川２丁目,2020-03-13,12,その他の住宅（３階建て以下共同住宅等）,駐車（輪）場,30歳代,その他,施錠せず
窃盗,自転車盗,綾瀬,中川交番,131211,東京都,足立区,中川５丁目,2020-05-21,20,４階建て以上共同住宅,駐車（輪）場,10歳代,その他,施錠せず
窃盗,自転車盗,綾瀬,中川交番,131211,東京都,足立区,中川５丁目,2020-06-12,12,４階建て以上共同住宅,駐車（輪）場,10歳代,高校生,施錠せず
窃盗,自転車盗,綾瀬,綾瀬六丁目交番,131211,東京都,足立区,綾瀬５丁目,2020-12-03,01,４階建て以上共同住宅,駐車（輪）場,20歳代,その他,施錠せず
窃盗,自転車盗,綾瀬,綾瀬六丁目交番,131211,東京都,足立区,綾瀬６丁目,2020-04-17,21,その他の住宅（３階建て以下共同住宅等）,その他,10歳代,その他,施錠せず
窃盗,自転車盗,綾瀬,綾瀬六丁目交番,131211,東京都,足立区,綾瀬６丁目,2020-05-02,10,４階建て以上共同住宅,駐車（輪）場,50歳代,その他,施錠せず
窃盗,自転車盗,綾瀬,綾瀬六丁目交番,131211,東京都,足立区,綾瀬６丁目,2020-07-19,01,道路上,その他,40歳代,その他,施錠せず
窃盗,自転車盗,綾瀬,綾瀬六丁目交番,131211,東京都,足立区,綾瀬７丁目,2020-03-28,04,道路上,その他,20歳代,その他,施錠せず
窃盗,自転車盗,綾瀬,綾瀬六丁目交番,131211,東京都,足立区,綾瀬７丁目,2020-04-12,14,４階建て以上共同住宅,駐車（輪）場,20歳代,その他,施錠せず
窃盗,自転車盗,綾瀬,綾瀬六丁目交番,131211,東京都,足立区,加平１丁目,2020-04-02,20,４階建て以上共同住宅,駐車（輪）場,30歳代,その他,施錠せず
窃盗,自転車盗,綾瀬,綾瀬六丁目交番,131211,東京都,足立区,加平１丁目,2020-07-21,16,その他,駐車（輪）場,10歳代,大学生,施錠せず
窃盗,自転車盗,綾瀬,綾瀬六丁目交番,131211,東京都,足立区,谷中１丁目,2020-03-08,16,４階建て以上共同住宅,駐車（輪）場,30歳代,その他,施錠せず
窃盗,自転車盗,綾瀬,綾瀬六丁目交番,131211,東京都,足立区,谷中１丁目,2020-10-03,08,４階建て以上共同住宅,駐車（輪）場,20歳代,その他,施錠せず
窃盗,自転車盗,綾瀬,綾瀬六丁目交番,131211,東京都,足立区,谷中２丁目,2020-04-21,15,道路上,その他,20歳代,その他,施錠せず
窃盗,自転車盗,綾瀬,綾瀬六丁目交番,131211,東京都,足立区,谷中２丁目,2020-07-07,09,その他,駐車（輪）場,30歳代,その他,施錠せず
窃盗,自転車盗,綾瀬,綾瀬六丁目交番,131211,東京都,足立区,谷中２丁目,2020-09-06,14,その他,駐車（輪）場,10歳代,小学生,施錠せず
窃盗,自転車盗,綾瀬,綾瀬六丁目交番,131211,東京都,足立区,谷中２丁目,2020-10-05,04,その他の住宅（３階建て以下共同住宅等）,駐車（輪）場,40歳代,その他,施錠せず
窃盗,自転車盗,綾瀬,綾瀬六丁目交番,131211,東京都,足立区,谷中２丁目,2020-11-05,17,その他の住宅（３階建て以下共同住宅等）,駐車（輪）場,20歳代,大学生,施錠せず
窃盗,自転車盗,綾瀬,綾瀬駅西口交番,131211,東京都,足立区,青井５丁目,2020-12-10,21,４階建て以上共同住宅,駐車（輪）場,10歳代,中学生,施錠せず
窃盗,自転車盗,綾瀬,綾瀬駅西口交番,131211,東京都,足立区,綾瀬１丁目,2020-06-11,10,駐車（輪）場,駐車（輪）場,30歳代,その他,施錠せず
窃盗,自転車盗,綾瀬,綾瀬駅西口交番,131211,東京都,足立区,綾瀬１丁目,2020-11-28,15,４階建て以上共同住宅,駐車（輪）場,30歳代,その他,施錠せず
窃盗,自転車盗,綾瀬,綾瀬駅西口交番,131211,東京都,足立区,綾瀬４丁目,2019-12-12,16,道路上,その他,10歳代,高校生,施錠せず
窃盗,自転車盗,綾瀬,綾瀬駅西口交番,131211,東京都,足立区,綾瀬４丁目,2020-01-12,13,駐車（輪）場,駐車（輪）場,20歳代,その他,施錠せず
窃盗,自転車盗,綾瀬,綾瀬駅西口交番,131211,東京都,足立区,綾瀬４丁目,2020-01-12,19,道路上,その他,10歳代,高校生,施錠せず
窃盗,自転車盗,綾瀬,綾瀬駅西口交番,131211,東京都,足立区,綾瀬４丁目,2020-02-05,17,駐車（輪）場,駐車（輪）場,10歳代,中学生,施錠せず
窃盗,自転車盗,綾瀬,綾瀬駅西口交番,131211,東京都,足立区,綾瀬４丁目,2020-09-16,05,道路上,その他,20歳代,大学生,施錠せず
窃盗,自転車盗,綾瀬,綾瀬駅西口交番,131211,東京都,足立区,綾瀬４丁目,2020-09-18,03,その他,その他,20歳代,その他,施錠せず
窃盗,自転車盗,綾瀬,綾瀬駅西口交番,131211,東京都,足立区,綾瀬４丁目,2020-11-09,19,駐車（輪）場,駐車（輪）場,50歳代,その他,施錠せず
窃盗,自転車盗,綾瀬,綾瀬駅西口交番,131211,東京都,足立区,綾瀬４丁目,2020-11-26,15,一戸建住宅,駐車（輪）場,30歳代,その他,施錠せず
窃盗,自転車盗,綾瀬,綾瀬駅西口交番,131211,東京都,足立区,西綾瀬１丁目,2020-02-28,12,４階建て以上共同住宅,駐車（輪）場,30歳代,その他,施錠せず
窃盗,自転車盗,綾瀬,綾瀬駅西口交番,131211,東京都,足立区,西綾瀬２丁目,2020-11-08,22,一戸建住宅,駐車（輪）場,70歳以上,その他,施錠せず
窃盗,自転車盗,綾瀬,綾瀬駅西口交番,131211,東京都,足立区,西綾瀬３丁目,2020-05-19,08,４階建て以上共同住宅,駐車（輪）場,20歳代,その他,施錠せず
窃盗,自転車盗,綾瀬,綾瀬駅西口交番,131211,東京都,足立区,西綾瀬３丁目,2020-12-08,18,４階建て以上共同住宅,駐車（輪）場,10歳代,中学生,施錠せず
窃盗,自転車盗,綾瀬,弘道交番,131211,東京都,足立区,青井１丁目,2020-04-19,06,その他の住宅（３階建て以下共同住宅等）,駐車（輪）場,20歳代,その他,施錠せず
窃盗,自転車盗,綾瀬,弘道交番,131211,東京都,足立区,青井１丁目,2020-05-13,05,一戸建住宅,その他,10歳代,中学生,施錠せず
窃盗,自転車盗,綾瀬,弘道交番,131211,東京都,足立区,青井３丁目,2020-02-14,15,駐車（輪）場,駐車（輪）場,70歳以上,その他,施錠せず
窃盗,自転車盗,綾瀬,弘道交番,131211,東京都,足立区,青井３丁目,2020-04-01,00,４階建て以上共同住宅,駐車（輪）場,20歳代,その他,施錠せず
窃盗,自転車盗,綾瀬,弘道交番,131211,東京都,足立区,青井３丁目,2020-06-18,22,道路上,その他,20歳代,大学生,施錠せず
窃盗,自転車盗,綾瀬,弘道交番,131211,東京都,足立区,青井３丁目,2020-09-21,12,４階建て以上共同住宅,駐車（輪）場,65-69歳,その他,施錠せず
窃盗,自転車盗,綾瀬,弘道交番,131211,東京都,足立区,青井４丁目,2020-05-17,16,道路上,その他,20歳代,その他,施錠せず
窃盗,自転車盗,綾瀬,弘道交番,131211,東京都,足立区,弘道２丁目,2020-03-03,23,４階建て以上共同住宅,その他,10歳代,高校生,施錠せず
窃盗,自転車盗,綾瀬,弘道交番,131211,東京都,足立区,弘道２丁目,2020-03-30,14,４階建て以上共同住宅,駐車（輪）場,50歳代,その他,施錠せず
窃盗,自転車盗,綾瀬,中央本町交番,131211,東京都,足立区,中央本町１丁目,2020-01-24,13,４階建て以上共同住宅,駐車（輪）場,10歳代,高校生,施錠せず
窃盗,自転車盗,綾瀬,中央本町交番,131211,東京都,足立区,中央本町１丁目,2020-07-15,11,その他,駐車（輪）場,60-64歳,その他,施錠せず
窃盗,自転車盗,綾瀬,中央本町交番,131211,東京都,足立区,中央本町１丁目,2020-09-18,08,その他,駐車（輪）場,20歳代,その他,施錠せず
窃盗,自転車盗,綾瀬,中央本町交番,131211,東京都,足立区,中央本町１丁目,2020-12-07,17,その他,駐車（輪）場,10歳代,高校生,施錠せず
窃盗,自転車盗,綾瀬,中央本町交番,131211,東京都,足立区,中央本町２丁目,2020-09-27,18,道路上,その他,10歳代,高校生,施錠せず
窃盗,自転車盗,綾瀬,中央本町交番,131211,東京都,足立区,中央本町３丁目,2019-12-30,23,道路上,その他,10歳代,高校生,施錠せず
窃盗,自転車盗,綾瀬,中央本町交番,131211,東京都,足立区,中央本町３丁目,2020-10-27,22,道路上,その他,10歳代,大学生,施錠せず
窃盗,自転車盗,綾瀬,中央本町交番,131211,東京都,足立区,中央本町４丁目,2020-05-20,00,４階建て以上共同住宅,駐車（輪）場,65-69歳,その他,施錠せず
窃盗,自転車盗,綾瀬,中央本町交番,131211,東京都,足立区,中央本町４丁目,2020-08-22,18,その他の住宅（３階建て以下共同住宅等）,駐車（輪）場,20歳代,その他,施錠せず
窃盗,自転車盗,綾瀬,中央本町交番,131211,東京都,足立区,中央本町５丁目,2020-01-19,21,その他,その他,20歳代,その他,施錠せず
窃盗,自転車盗,綾瀬,中央本町交番,131211,東京都,足立区,中央本町５丁目,2020-03-31,18,その他,駐車（輪）場,20歳代,大学生,施錠せず
窃盗,自転車盗,綾瀬,中央本町交番,131211,東京都,足立区,一ツ家１丁目,2020-02-11,06,一戸建住宅,駐車（輪）場,10歳代,高校生,施錠せず
窃盗,自転車盗,綾瀬,中央本町交番,131211,東京都,足立区,一ツ家１丁目,2020-07-22,19,その他,駐車（輪）場,20歳代,その他,施錠せず
窃盗,自転車盗,綾瀬,中央本町交番,131211,東京都,足立区,平野１丁目,2020-02-12,08,その他,駐車（輪）場,50歳代,その他,施錠せず
窃盗,自転車盗,綾瀬,中央本町交番,131211,東京都,足立区,平野２丁目,2019-12-23,19,４階建て以上共同住宅,駐車（輪）場,30歳代,その他,施錠せず
窃盗,自転車盗,綾瀬,中央本町交番,131211,東京都,足立区,平野２丁目,2020-02-08,13,一戸建住宅,駐車（輪）場,10歳代,高校生,施錠せず
窃盗,自転車盗,綾瀬,中央本町交番,131211,東京都,足立区,平野２丁目,2020-09-16,21,４階建て以上共同住宅,その他,20歳代,大学生,施錠せず
窃盗,自転車盗,綾瀬,中央本町交番,131211,東京都,足立区,保塚町,2019-12-26,10,その他の住宅（３階建て以下共同住宅等）,駐車（輪）場,70歳以上,その他,施錠せず
窃盗,自転車盗,綾瀬,中央本町交番,131211,東京都,足立区,保塚町,2020-03-10,21,４階建て以上共同住宅,駐車（輪）場,20歳代,その他,施錠せず
窃盗,自転車盗,綾瀬,中央本町交番,131211,東京都,足立区,保塚町,2020-03-31,19,一戸建住宅,その他,50歳代,その他,施錠せず
窃盗,自転車盗,綾瀬,中央本町交番,131211,東京都,足立区,保塚町,2020-09-08,18,その他の住宅（３階建て以下共同住宅等）,駐車（輪）場,10歳代,高校生,施錠せず
窃盗,自転車盗,綾瀬,神明交番,131211,東京都,足立区,北加平町,2020-06-25,01,その他の住宅（３階建て以下共同住宅等）,駐車（輪）場,10歳代,大学生,施錠せず
窃盗,自転車盗,綾瀬,神明交番,131211,東京都,足立区,北加平町,2020-10-31,18,その他の住宅（３階建て以下共同住宅等）,駐車（輪）場,20歳代,その他,施錠せず
窃盗,自転車盗,綾瀬,神明交番,131211,東京都,足立区,神明１丁目,2020-06-17,00,その他の住宅（３階建て以下共同住宅等）,駐車（輪）場,20歳代,その他,施錠せず
窃盗,自転車盗,綾瀬,神明交番,131211,東京都,足立区,神明２丁目,2020-10-07,17,４階建て以上共同住宅,駐車（輪）場,10歳代,中学生,施錠せず
窃盗,自転車盗,綾瀬,神明交番,131211,東京都,足立区,神明２丁目,2020-10-24,17,４階建て以上共同住宅,駐車（輪）場,10歳代,高校生,施錠せず
窃盗,自転車盗,綾瀬,神明交番,131211,東京都,足立区,神明３丁目,2020-03-23,13,その他の住宅（３階建て以下共同住宅等）,その他,30歳代,その他,施錠せず
窃盗,自転車盗,綾瀬,神明交番,131211,東京都,足立区,辰沼１丁目,2019-11-16,00,４階建て以上共同住宅,駐車（輪）場,20歳代,その他,施錠せず
窃盗,自転車盗,綾瀬,神明交番,131211,東京都,足立区,辰沼１丁目,2020-01-09,23,４階建て以上共同住宅,駐車（輪）場,40歳代,その他,施錠せず
窃盗,自転車盗,綾瀬,神明交番,131211,東京都,足立区,辰沼２丁目,2020-05-31,11,その他の住宅（３階建て以下共同住宅等）,駐車（輪）場,20歳代,大学生,施錠せず
窃盗,自転車盗,綾瀬,神明交番,131211,東京都,足立区,辰沼２丁目,2020-07-15,00,その他の住宅（３階建て以下共同住宅等）,駐車（輪）場,20歳代,その他,施錠せず
窃盗,自転車盗,綾瀬,神明交番,131211,東京都,足立区,辰沼２丁目,2020-07-24,18,その他,駐車（輪）場,20歳代,その他,施錠せず
窃盗,自転車盗,綾瀬,神明交番,131211,東京都,足立区,辰沼２丁目,2020-10-29,00,その他の住宅（３階建て以下共同住宅等）,駐車（輪）場,20歳代,その他,施錠せず
窃盗,自転車盗,綾瀬,神明交番,131211,東京都,足立区,六木１丁目,2020-01-31,21,４階建て以上共同住宅,駐車（輪）場,10歳代,大学生,施錠せず
窃盗,自転車盗,綾瀬,神明交番,131211,東京都,足立区,谷中４丁目,2020-08-13,17,駐車（輪）場,駐車（輪）場,10歳代,高校生,施錠せず
窃盗,自転車盗,綾瀬,神明交番,131211,東京都,足立区,谷中５丁目,2020-05-22,16,その他,駐車（輪）場,10歳代,高校生,施錠せず
窃盗,自転車盗,綾瀬,一ツ家交番,131211,東京都,足立区,青井５丁目,2020-03-22,16,４階建て以上共同住宅,駐車（輪）場,70歳以上,その他,施錠せず
窃盗,自転車盗,綾瀬,一ツ家交番,131211,東京都,足立区,青井５丁目,2020-09-30,18,その他,駐車（輪）場,10歳代,高校生,施錠せず
窃盗,自転車盗,綾瀬,一ツ家交番,131211,東京都,足立区,青井５丁目,2020-10-24,16,その他の住宅（３階建て以下共同住宅等）,駐車（輪）場,50歳代,その他,施錠せず
窃盗,自転車盗,綾瀬,一ツ家交番,131211,東京都,足立区,加平２丁目,2020-03-27,23,４階建て以上共同住宅,駐車（輪）場,20歳代,その他,施錠せず
窃盗,自転車盗,綾瀬,一ツ家交番,131211,東京都,足立区,加平２丁目,2020-06-22,12,その他の住宅（３階建て以下共同住宅等）,その他,10歳代,小学生,施錠せず
窃盗,自転車盗,綾瀬,一ツ家交番,131211,東京都,足立区,西加平１丁目,2020-02-01,19,その他,駐車（輪）場,10歳代,中学生,施錠せず
窃盗,自転車盗,綾瀬,一ツ家交番,131211,東京都,足立区,西加平２丁目,2020-10-13,22,４階建て以上共同住宅,駐車（輪）場,10歳代,その他,施錠せず
窃盗,自転車盗,綾瀬,一ツ家交番,131211,東京都,足立区,一ツ家１丁目,2020-02-24,12,その他の住宅（３階建て以下共同住宅等）,駐車（輪）場,40歳代,その他,施錠せず
窃盗,自転車盗,綾瀬,一ツ家交番,131211,東京都,足立区,一ツ家２丁目,2020-03-01,13,一戸建住宅,その他,10歳代,その他,施錠せず
窃盗,自転車盗,綾瀬,一ツ家交番,131211,東京都,足立区,一ツ家２丁目,2020-05-10,00,４階建て以上共同住宅,駐車（輪）場,50歳代,その他,施錠せず
窃盗,自転車盗,綾瀬,一ツ家交番,131211,東京都,足立区,一ツ家２丁目,2020-09-12,11,その他,駐車（輪）場,20歳代,その他,施錠せず
窃盗,自転車盗,綾瀬,一ツ家交番,131211,東京都,足立区,一ツ家３丁目,2019-12-31,10,駐車（輪）場,駐車（輪）場,50歳代,その他,施錠せず
窃盗,自転車盗,綾瀬,一ツ家交番,131211,東京都,足立区,一ツ家３丁目,2020-01-26,19,その他,駐車（輪）場,10歳代,高校生,施錠せず
窃盗,自転車盗,綾瀬,一ツ家交番,131211,東京都,足立区,一ツ家３丁目,2020-06-23,18,４階建て以上共同住宅,駐車（輪）場,10歳代,中学生,施錠せず
窃盗,自転車盗,綾瀬,一ツ家交番,131211,東京都,足立区,一ツ家３丁目,2020-07-05,20,４階建て以上共同住宅,駐車（輪）場,10歳代,小学生,施錠せず
窃盗,自転車盗,綾瀬,一ツ家交番,131211,東京都,足立区,一ツ家３丁目,2020-07-17,18,４階建て以上共同住宅,駐車（輪）場,10歳代,高校生,施錠せず
窃盗,自転車盗,綾瀬,一ツ家交番,131211,東京都,足立区,一ツ家３丁目,2020-09-06,18,その他,駐車（輪）場,20歳代,その他,施錠せず
窃盗,自転車盗,綾瀬,一ツ家交番,131211,東京都,足立区,六町１丁目,2019-12-27,18,４階建て以上共同住宅,その他,30歳代,その他,施錠せず
窃盗,自転車盗,綾瀬,一ツ家交番,131211,東京都,足立区,六町２丁目,2020-09-13,08,その他の住宅（３階建て以下共同住宅等）,駐車（輪）場,20歳代,その他,施錠せず
窃盗,自転車盗,綾瀬,一ツ家交番,131211,東京都,足立区,六町３丁目,2020-01-19,08,駐車（輪）場,駐車（輪）場,40歳代,その他,施錠せず
窃盗,自転車盗,綾瀬,一ツ家交番,131211,東京都,足立区,六町３丁目,2020-01-26,06,駐車（輪）場,駐車（輪）場,10歳代,大学生,施錠せず
窃盗,自転車盗,綾瀬,一ツ家交番,131211,東京都,足立区,六町３丁目,2020-06-05,16,その他の住宅（３階建て以下共同住宅等）,駐車（輪）場,10歳代,大学生,施錠せず
窃盗,自転車盗,綾瀬,一ツ家交番,131211,東京都,足立区,六町３丁目,2020-10-14,08,その他,駐車（輪）場,10歳代,その他,施錠せず
窃盗,自転車盗,綾瀬,一ツ家交番,131211,東京都,足立区,六町４丁目,2019-12-31,08,駐車（輪）場,駐車（輪）場,10歳代,大学生,施錠せず
窃盗,自転車盗,綾瀬,一ツ家交番,131211,東京都,足立区,六町４丁目,2020-01-22,04,その他,駐車（輪）場,30歳代,その他,施錠せず
窃盗,自転車盗,綾瀬,一ツ家交番,131211,東京都,足立区,六町４丁目,2020-01-25,10,駐車（輪）場,駐車（輪）場,10歳代,高校生,施錠せず
窃盗,自転車盗,綾瀬,一ツ家交番,131211,東京都,足立区,六町４丁目,2020-03-05,22,道路上,その他,30歳代,その他,施錠せず
窃盗,自転車盗,綾瀬,一ツ家交番,131211,東京都,足立区,六町４丁目,2020-03-29,16,駐車（輪）場,駐車（輪）場,50歳代,その他,施錠せず
窃盗,自転車盗,綾瀬,一ツ家交番,131211,東京都,足立区,六町４丁目,2020-08-26,07,駐車（輪）場,駐車（輪）場,10歳代,高校生,施錠せず
窃盗,自転車盗,綾瀬,一ツ家交番,131211,東京都,足立区,六町４丁目,2020-09-25,20,駐車（輪）場,駐車（輪）場,20歳代,その他,施錠せず
窃盗,自転車盗,綾瀬,足立駐在所,131211,東京都,足立区,足立２丁目,2020-01-28,08,駐車（輪）場,駐車（輪）場,30歳代,その他,施錠せず
窃盗,自転車盗,綾瀬,足立駐在所,131211,東京都,足立区,足立２丁目,2020-02-04,01,駐車（輪）場,駐車（輪）場,50歳代,その他,施錠せず
窃盗,自転車盗,綾瀬,足立駐在所,131211,東京都,足立区,足立３丁目,2020-02-27,07,４階建て以上共同住宅,駐車（輪）場,40歳代,その他,施錠せず
窃盗,自転車盗,綾瀬,足立駐在所,131211,東京都,足立区,足立３丁目,2020-04-27,21,４階建て以上共同住宅,駐車（輪）場,30歳代,その他,施錠せず
窃盗,自転車盗,綾瀬,足立駐在所,131211,東京都,足立区,足立３丁目,2020-07-15,18,４階建て以上共同住宅,駐車（輪）場,20歳代,その他,施錠せず
窃盗,自転車盗,綾瀬,足立駐在所,131211,東京都,足立区,足立３丁目,2020-09-13,22,その他,駐車（輪）場,20歳代,その他,施錠せず
窃盗,自転車盗,綾瀬,足立駐在所,131211,東京都,足立区,足立３丁目,2020-09-26,08,道路上,その他,40歳代,その他,施錠せず
窃盗,自転車盗,綾瀬,東和交番,131211,東京都,足立区,東和２丁目,2020-02-13,15,一戸建住宅,駐車（輪）場,20歳代,大学生,施錠せず
窃盗,自転車盗,綾瀬,東和交番,131211,東京都,足立区,東和２丁目,2020-02-14,19,駐車（輪）場,駐車（輪）場,10歳代,中学生,施錠せず
窃盗,自転車盗,綾瀬,東和交番,131211,東京都,足立区,東和２丁目,2020-04-05,17,その他,駐車（輪）場,10歳代,高校生,施錠せず
窃盗,自転車盗,綾瀬,東和交番,131211,東京都,足立区,東和３丁目,2020-01-31,03,４階建て以上共同住宅,その他,20歳代,その他,施錠せず
窃盗,自転車盗,綾瀬,東和交番,131211,東京都,足立区,東和３丁目,2020-05-14,22,４階建て以上共同住宅,その他,50歳代,その他,施錠せず
窃盗,自転車盗,綾瀬,東和交番,131211,東京都,足立区,東和３丁目,2020-10-23,18,その他の住宅（３階建て以下共同住宅等）,駐車（輪）場,20歳代,その他,施錠せず
窃盗,自転車盗,綾瀬,東和交番,131211,東京都,足立区,東和４丁目,2020-07-15,17,その他の住宅（３階建て以下共同住宅等）,駐車（輪）場,30歳代,その他,施錠せず
窃盗,自転車盗,綾瀬,東和交番,131211,東京都,足立区,東和４丁目,2020-08-02,17,道路上,その他,10歳代,大学生,施錠せず
窃盗,自転車盗,綾瀬,東和交番,131211,東京都,足立区,東和５丁目,2020-02-06,18,一戸建住宅,駐車（輪）場,30歳代,その他,施錠せず
窃盗,自転車盗,綾瀬,東和交番,131211,東京都,足立区,東和５丁目,2020-05-18,20,４階建て以上共同住宅,駐車（輪）場,40歳代,その他,施錠せず
窃盗,自転車盗,綾瀬,足立四丁目交番,131211,東京都,足立区,足立１丁目,2019-12-28,11,一戸建住宅,駐車（輪）場,10歳代,高校生,施錠せず
窃盗,自転車盗,綾瀬,足立四丁目交番,131211,東京都,足立区,足立１丁目,2020-01-14,00,一戸建住宅,駐車（輪）場,30歳代,その他,施錠せず
窃盗,自転車盗,綾瀬,足立四丁目交番,131211,東京都,足立区,足立１丁目,2020-03-17,10,一戸建住宅,その他,40歳代,その他,施錠せず
窃盗,自転車盗,綾瀬,足立四丁目交番,131211,東京都,足立区,足立１丁目,2020-05-10,17,４階建て以上共同住宅,駐車（輪）場,30歳代,その他,施錠せず
窃盗,自転車盗,綾瀬,足立四丁目交番,131211,東京都,足立区,足立１丁目,2020-05-25,18,４階建て以上共同住宅,駐車（輪）場,10歳代,小学生,施錠せず
窃盗,自転車盗,綾瀬,足立四丁目交番,131211,東京都,足立区,足立１丁目,2020-11-15,09,その他の住宅（３階建て以下共同住宅等）,駐車（輪）場,20歳代,大学生,施錠せず
窃盗,自転車盗,綾瀬,足立四丁目交番,131211,東京都,足立区,足立４丁目,2020-01-21,18,その他,その他,10歳代,小学生,施錠せず
窃盗,自転車盗,綾瀬,足立四丁目交番,131211,東京都,足立区,足立４丁目,2020-01-27,06,駐車（輪）場,駐車（輪）場,20歳代,その他,施錠せず
窃盗,自転車盗,綾瀬,足立四丁目交番,131211,東京都,足立区,足立４丁目,2020-09-26,12,駐車（輪）場,駐車（輪）場,30歳代,その他,施錠せず
窃盗,自転車盗,綾瀬,足立四丁目交番,131211,東京都,足立区,弘道１丁目,2020-03-17,01,道路上,その他,30歳代,その他,施錠せず
窃盗,自転車盗,綾瀬,足立四丁目交番,131211,東京都,足立区,弘道２丁目,2020-04-29,12,一戸建住宅,その他,40歳代,その他,施錠せず
窃盗,自転車盗,綾瀬,足立四丁目交番,131211,東京都,足立区,中央本町１丁目,2020-06-27,14,４階建て以上共同住宅,駐車（輪）場,10歳代,中学生,施錠せず
窃盗,自転車盗,綾瀬,足立四丁目交番,131211,東京都,足立区,中央本町１丁目,2020-08-24,18,その他,駐車（輪）場,10歳代,高校生,施錠せず
窃盗,自転車盗,綾瀬,足立四丁目交番,131211,東京都,足立区,中央本町２丁目,2020-02-13,23,その他の住宅（３階建て以下共同住宅等）,駐車（輪）場,20歳代,その他,施錠せず
窃盗,自転車盗,綾瀬,足立四丁目交番,131211,東京都,足立区,中央本町２丁目,2020-09-30,08,一戸建住宅,駐車（輪）場,10歳未満,小学生,施錠せず
窃盗,自転車盗,綾瀬,足立四丁目交番,131211,東京都,足立区,中央本町２丁目,2020-10-07,07,一戸建住宅,駐車（輪）場,10歳未満,小学生,施錠せず
窃盗,自転車盗,綾瀬,足立四丁目交番,131211,東京都,足立区,中央本町２丁目,2020-10-09,18,一戸建住宅,駐車（輪）場,70歳以上,その他,施錠せず
窃盗,自転車盗,綾瀬,足立四丁目交番,131211,東京都,足立区,中央本町２丁目,2020-11-03,20,一戸建住宅,駐車（輪）場,50歳代,その他,施錠せず
窃盗,自転車盗,綾瀬,綾瀬駅東口交番,131211,東京都,足立区,綾瀬１丁目,2020-03-16,09,その他の住宅（３階建て以下共同住宅等）,駐車（輪）場,20歳代,その他,施錠せず
窃盗,自転車盗,綾瀬,綾瀬駅東口交番,131211,東京都,足立区,綾瀬２丁目,2020-01-11,08,駐車（輪）場,駐車（輪）場,10歳代,大学生,施錠せず
窃盗,自転車盗,綾瀬,綾瀬駅東口交番,131211,東京都,足立区,綾瀬２丁目,2020-03-05,20,駐車（輪）場,駐車（輪）場,20歳代,その他,施錠せず
窃盗,自転車盗,綾瀬,綾瀬駅東口交番,131211,東京都,足立区,綾瀬２丁目,2020-03-11,09,駐車（輪）場,駐車（輪）場,40歳代,その他,施錠せず
窃盗,自転車盗,綾瀬,綾瀬駅東口交番,131211,東京都,足立区,綾瀬２丁目,2020-03-16,08,駐車（輪）場,駐車（輪）場,20歳代,その他,施錠せず
窃盗,自転車盗,綾瀬,綾瀬駅東口交番,131211,東京都,足立区,綾瀬２丁目,2020-05-08,13,４階建て以上共同住宅,駐車（輪）場,20歳代,その他,施錠せず
窃盗,自転車盗,綾瀬,綾瀬駅東口交番,131211,東京都,足立区,綾瀬２丁目,2020-07-14,11,４階建て以上共同住宅,駐車（輪）場,60-64歳,その他,施錠せず
窃盗,自転車盗,綾瀬,綾瀬駅東口交番,131211,東京都,足立区,綾瀬２丁目,2020-07-17,11,駐車（輪）場,駐車（輪）場,50歳代,その他,施錠せず
窃盗,自転車盗,綾瀬,綾瀬駅東口交番,131211,東京都,足立区,綾瀬２丁目,2020-07-29,19,一戸建住宅,駐車（輪）場,50歳代,その他,施錠せず
窃盗,自転車盗,綾瀬,綾瀬駅東口交番,131211,東京都,足立区,綾瀬２丁目,2020-08-25,20,道路上,その他,20歳代,その他,施錠せず
窃盗,自転車盗,綾瀬,綾瀬駅東口交番,131211,東京都,足立区,綾瀬２丁目,2020-09-10,20,その他,駐車（輪）場,50歳代,その他,施錠せず
窃盗,自転車盗,綾瀬,綾瀬駅東口交番,131211,東京都,足立区,綾瀬２丁目,2020-10-03,02,道路上,その他,50歳代,その他,施錠せず
窃盗,自転車盗,綾瀬,綾瀬駅東口交番,131211,東京都,足立区,綾瀬２丁目,2020-11-01,17,道路上,その他,30歳代,その他,施錠せず
窃盗,自転車盗,綾瀬,綾瀬駅東口交番,131211,東京都,足立区,綾瀬２丁目,2020-11-19,21,その他の住宅（３階建て以下共同住宅等）,駐車（輪）場,10歳代,その他,施錠せず
窃盗,自転車盗,綾瀬,綾瀬駅東口交番,131211,東京都,足立区,綾瀬３丁目,2019-12-14,12,道路上,その他,30歳代,その他,施錠せず
窃盗,自転車盗,綾瀬,綾瀬駅東口交番,131211,東京都,足立区,綾瀬３丁目,2020-02-07,08,駐車（輪）場,駐車（輪）場,40歳代,その他,施錠せず
窃盗,自転車盗,綾瀬,綾瀬駅東口交番,131211,東京都,足立区,綾瀬３丁目,2020-02-10,12,駐車（輪）場,駐車（輪）場,20歳代,その他,施錠せず
窃盗,自転車盗,綾瀬,綾瀬駅東口交番,131211,東京都,足立区,綾瀬３丁目,2020-06-20,14,その他,その他,40歳代,その他,施錠せず
窃盗,自転車盗,綾瀬,綾瀬駅東口交番,131211,東京都,足立区,綾瀬３丁目,2020-08-23,18,その他の住宅（３階建て以下共同住宅等）,駐車（輪）場,40歳代,その他,施錠せず
窃盗,自転車盗,綾瀬,綾瀬駅東口交番,131211,東京都,足立区,綾瀬５丁目,2020-04-25,09,４階建て以上共同住宅,駐車（輪）場,30歳代,その他,施錠せず
窃盗,自転車盗,綾瀬,綾瀬駅東口交番,131211,東京都,足立区,綾瀬５丁目,2020-11-06,17,その他,駐車（輪）場,10歳代,高校生,施錠せず
窃盗,自転車盗,綾瀬,綾瀬駅東口交番,131211,東京都,足立区,東綾瀬１丁目,2020-02-13,19,駐車（輪）場,駐車（輪）場,70歳以上,その他,施錠せず
窃盗,自転車盗,綾瀬,綾瀬駅東口交番,131211,東京都,足立区,東綾瀬１丁目,2020-06-14,18,駐車（輪）場,駐車（輪）場,10歳代,中学生,施錠せず
窃盗,自転車盗,綾瀬,綾瀬駅東口交番,131211,東京都,足立区,東綾瀬１丁目,2020-11-15,23,道路上,その他,20歳代,その他,施錠せず
窃盗,自転車盗,綾瀬,綾瀬駅東口交番,131211,東京都,足立区,東綾瀬１丁目,2020-12-04,18,４階建て以上共同住宅,駐車（輪）場,10歳代,高校生,施錠せず
窃盗,自転車盗,綾瀬,綾瀬駅東口交番,131211,東京都,足立区,東綾瀬２丁目,2020-03-19,09,その他,駐車（輪）場,40歳代,その他,施錠せず
窃盗,自転車盗,綾瀬,綾瀬駅東口交番,131211,東京都,足立区,東綾瀬２丁目,2020-11-25,17,その他の住宅（３階建て以下共同住宅等）,駐車（輪）場,50歳代,その他,施錠せず
窃盗,自転車盗,竹の塚,花畑北駐在所,131211,東京都,足立区,花畑５丁目,2020-11-01,20,４階建て以上共同住宅,駐車（輪）場,20歳代,その他,施錠せず
窃盗,自転車盗,竹の塚,花畑北駐在所,131211,東京都,足立区,花畑５丁目,2020-11-26,20,その他,駐車（輪）場,10歳代,高校生,施錠せず
窃盗,自転車盗,竹の塚,花畑北駐在所,131211,東京都,足立区,花畑６丁目,2020-04-15,17,一戸建住宅,駐車（輪）場,10歳代,高校生,施錠せず
窃盗,自転車盗,竹の塚,花畑北駐在所,131211,東京都,足立区,花畑８丁目,2020-03-16,08,４階建て以上共同住宅,駐車（輪）場,40歳代,その他,施錠せず
窃盗,自転車盗,竹の塚,花畑北駐在所,131211,東京都,足立区,花畑８丁目,2020-09-24,18,４階建て以上共同住宅,駐車（輪）場,30歳代,その他,施錠せず
窃盗,自転車盗,竹の塚,花畑交番,131211,東京都,足立区,花畑３丁目,2020-01-01,00,駐車（輪）場,駐車（輪）場,50歳代,その他,施錠せず
窃盗,自転車盗,竹の塚,花畑交番,131211,東京都,足立区,花畑３丁目,2020-09-12,00,その他の住宅（３階建て以下共同住宅等）,駐車（輪）場,20歳代,その他,施錠せず
窃盗,自転車盗,竹の塚,花畑交番,131211,東京都,足立区,花畑６丁目,2020-07-10,14,一戸建住宅,その他,30歳代,その他,施錠せず
窃盗,自転車盗,竹の塚,花畑交番,131211,東京都,足立区,南花畑１丁目,2020-05-21,14,その他,駐車（輪）場,70歳以上,その他,施錠せず
窃盗,自転車盗,竹の塚,花畑交番,131211,東京都,足立区,南花畑１丁目,2020-08-27,08,一戸建住宅,駐車（輪）場,10歳代,大学生,施錠せず
窃盗,自転車盗,竹の塚,花畑交番,131211,東京都,足立区,南花畑１丁目,2020-11-14,21,その他,駐車（輪）場,40歳代,その他,施錠せず
窃盗,自転車盗,竹の塚,花畑交番,131211,東京都,足立区,南花畑２丁目,2020-04-04,05,一戸建住宅,駐車（輪）場,30歳代,その他,施錠せず
窃盗,自転車盗,竹の塚,花畑交番,131211,東京都,足立区,南花畑２丁目,2020-06-30,23,一戸建住宅,その他,70歳以上,その他,施錠せず
窃盗,自転車盗,竹の塚,花畑交番,131211,東京都,足立区,南花畑２丁目,2020-07-28,18,一戸建住宅,駐車（輪）場,50歳代,その他,施錠せず
窃盗,自転車盗,竹の塚,花畑交番,131211,東京都,足立区,南花畑３丁目,2020-01-29,19,その他の住宅（３階建て以下共同住宅等）,駐車（輪）場,20歳代,その他,施錠せず
窃盗,自転車盗,竹の塚,花畑交番,131211,東京都,足立区,南花畑５丁目,2020-07-05,18,一戸建住宅,その他,10歳未満,小学生,施錠せず
窃盗,自転車盗,竹の塚,花畑交番,131211,東京都,足立区,南花畑５丁目,2020-11-28,22,道路上,その他,20歳代,大学生,施錠せず
窃盗,自転車盗,竹の塚,保木間交番,131211,東京都,足立区,花畑５丁目,2020-04-07,07,４階建て以上共同住宅,駐車（輪）場,50歳代,その他,施錠せず
窃盗,自転車盗,竹の塚,保木間交番,131211,東京都,足立区,東保木間１丁目,2020-01-21,15,４階建て以上共同住宅,駐車（輪）場,20歳代,その他,施錠せず
窃盗,自転車盗,竹の塚,保木間交番,131211,東京都,足立区,東保木間１丁目,2020-08-06,00,４階建て以上共同住宅,駐車（輪）場,70歳以上,その他,施錠せず
窃盗,自転車盗,竹の塚,保木間交番,131211,東京都,足立区,東保木間２丁目,2020-02-17,01,４階建て以上共同住宅,駐車（輪）場,10歳代,その他,施錠せず
窃盗,自転車盗,竹の塚,保木間交番,131211,東京都,足立区,東保木間２丁目,2020-02-25,16,その他,駐車（輪）場,10歳代,中学生,施錠せず
窃盗,自転車盗,竹の塚,保木間交番,131211,東京都,足立区,東保木間２丁目,2020-11-26,19,４階建て以上共同住宅,駐車（輪）場,20歳代,その他,施錠せず
窃盗,自転車盗,竹の塚,保木間交番,131211,東京都,足立区,東六月町,2020-02-06,18,一戸建住宅,駐車（輪）場,65-69歳,その他,施錠せず
窃盗,自転車盗,竹の塚,保木間交番,131211,東京都,足立区,東六月町,2020-02-14,22,一戸建住宅,駐車（輪）場,20歳代,その他,施錠せず
窃盗,自転車盗,竹の塚,保木間交番,131211,東京都,足立区,東六月町,2020-03-31,06,駐車（輪）場,駐車（輪）場,30歳代,その他,施錠せず
窃盗,自転車盗,竹の塚,保木間交番,131211,東京都,足立区,保木間１丁目,2020-03-06,18,駐車（輪）場,駐車（輪）場,60-64歳,その他,施錠せず
窃盗,自転車盗,竹の塚,保木間交番,131211,東京都,足立区,保木間１丁目,2020-03-07,08,４階建て以上共同住宅,駐車（輪）場,10歳代,その他,施錠せず
窃盗,自転車盗,竹の塚,保木間交番,131211,東京都,足立区,保木間１丁目,2020-03-18,14,その他,駐車（輪）場,10歳代,高校生,施錠せず
窃盗,自転車盗,竹の塚,保木間交番,131211,東京都,足立区,保木間１丁目,2020-04-22,14,道路上,その他,10歳代,中学生,施錠せず
窃盗,自転車盗,竹の塚,保木間交番,131211,東京都,足立区,保木間１丁目,2020-07-31,11,その他,駐車（輪）場,20歳代,その他,施錠せず
窃盗,自転車盗,竹の塚,保木間交番,131211,東京都,足立区,保木間１丁目,2020-08-17,08,駐車（輪）場,駐車（輪）場,50歳代,その他,施錠せず
窃盗,自転車盗,竹の塚,保木間交番,131211,東京都,足立区,保木間１丁目,2020-09-07,22,４階建て以上共同住宅,駐車（輪）場,10歳代,高校生,施錠せず
窃盗,自転車盗,竹の塚,保木間交番,131211,東京都,足立区,保木間３丁目,2020-02-04,09,一戸建住宅,駐車（輪）場,30歳代,その他,施錠せず
窃盗,自転車盗,竹の塚,保木間交番,131211,東京都,足立区,保木間３丁目,2020-03-25,15,その他の住宅（３階建て以下共同住宅等）,その他,65-69歳,その他,施錠せず
窃盗,自転車盗,竹の塚,保木間交番,131211,東京都,足立区,保木間３丁目,2020-04-22,18,道路上,その他,50歳代,その他,施錠せず
窃盗,自転車盗,竹の塚,保木間交番,131211,東京都,足立区,保木間３丁目,2020-05-26,09,４階建て以上共同住宅,駐車（輪）場,20歳代,その他,施錠せず
窃盗,自転車盗,竹の塚,保木間交番,131211,東京都,足立区,保木間３丁目,2020-10-07,08,一戸建住宅,その他,20歳代,大学生,施錠せず
窃盗,自転車盗,竹の塚,保木間交番,131211,東京都,足立区,保木間３丁目,2020-10-16,20,一戸建住宅,駐車（輪）場,30歳代,その他,施錠せず
窃盗,自転車盗,竹の塚,保木間交番,131211,東京都,足立区,保木間３丁目,2020-11-09,10,一戸建住宅,駐車（輪）場,40歳代,その他,施錠せず
窃盗,自転車盗,竹の塚,保木間交番,131211,東京都,足立区,保木間５丁目,2020-02-23,13,４階建て以上共同住宅,駐車（輪）場,20歳代,その他,施錠せず
窃盗,自転車盗,竹の塚,保木間交番,131211,東京都,足立区,南花畑２丁目,2020-04-29,16,４階建て以上共同住宅,駐車（輪）場,30歳代,その他,施錠せず
窃盗,自転車盗,竹の塚,西保木間交番,131211,東京都,足立区,西保木間２丁目,2020-03-31,12,一戸建住宅,駐車（輪）場,10歳代,高校生,施錠せず
窃盗,自転車盗,竹の塚,西保木間交番,131211,東京都,足立区,西保木間３丁目,2020-04-25,17,４階建て以上共同住宅,駐車（輪）場,50歳代,その他,施錠せず
窃盗,自転車盗,竹の塚,西保木間交番,131211,東京都,足立区,西保木間３丁目,2020-10-12,17,４階建て以上共同住宅,駐車（輪）場,10歳代,高校生,施錠せず
窃盗,自転車盗,竹の塚,西保木間交番,131211,東京都,足立区,花畑４丁目,2020-02-18,21,一戸建住宅,駐車（輪）場,40歳代,その他,施錠せず
窃盗,自転車盗,竹の塚,西保木間交番,131211,東京都,足立区,花畑４丁目,2020-02-22,09,その他の住宅（３階建て以下共同住宅等）,駐車（輪）場,10歳代,中学生,施錠せず
窃盗,自転車盗,竹の塚,西保木間交番,131211,東京都,足立区,花畑５丁目,2020-05-27,16,４階建て以上共同住宅,駐車（輪）場,20歳代,大学生,施錠せず
窃盗,自転車盗,竹の塚,西保木間交番,131211,東京都,足立区,保木間４丁目,2020-03-09,18,その他の住宅（３階建て以下共同住宅等）,その他,20歳代,その他,施錠せず
窃盗,自転車盗,竹の塚,西保木間交番,131211,東京都,足立区,保木間５丁目,2020-05-18,18,一戸建住宅,駐車（輪）場,50歳代,その他,施錠せず
窃盗,自転車盗,竹の塚,竹の塚駅前交番,131211,東京都,足立区,竹の塚１丁目,2020-01-30,07,駐車（輪）場,駐車（輪）場,20歳代,その他,施錠せず
窃盗,自転車盗,竹の塚,竹の塚駅前交番,131211,東京都,足立区,竹の塚１丁目,2020-03-11,09,駐車（輪）場,駐車（輪）場,65-69歳,その他,施錠せず
窃盗,自転車盗,竹の塚,竹の塚駅前交番,131211,東京都,足立区,竹の塚１丁目,2020-03-18,10,道路上,その他,10歳代,大学生,施錠せず
窃盗,自転車盗,竹の塚,竹の塚駅前交番,131211,東京都,足立区,竹の塚１丁目,2020-08-02,13,その他,駐車（輪）場,70歳以上,その他,施錠せず
窃盗,自転車盗,竹の塚,竹の塚駅前交番,131211,東京都,足立区,竹の塚２丁目,2020-05-31,20,駐車（輪）場,駐車（輪）場,50歳代,その他,施錠せず
窃盗,自転車盗,竹の塚,竹の塚駅前交番,131211,東京都,足立区,竹の塚２丁目,2020-06-11,04,道路上,その他,50歳代,その他,施錠せず
窃盗,自転車盗,竹の塚,竹の塚駅前交番,131211,東京都,足立区,竹の塚２丁目,2020-11-01,22,４階建て以上共同住宅,駐車（輪）場,20歳代,その他,施錠せず
窃盗,自転車盗,竹の塚,竹の塚駅前交番,131211,東京都,足立区,竹の塚３丁目,2020-02-24,20,４階建て以上共同住宅,駐車（輪）場,30歳代,その他,施錠せず
窃盗,自転車盗,竹の塚,竹の塚駅前交番,131211,東京都,足立区,竹の塚３丁目,2020-02-27,23,４階建て以上共同住宅,駐車（輪）場,40歳代,その他,施錠せず
窃盗,自転車盗,竹の塚,竹の塚駅前交番,131211,東京都,足立区,竹の塚３丁目,2020-09-17,21,道路上,その他,40歳代,その他,施錠せず
窃盗,自転車盗,竹の塚,竹の塚駅前交番,131211,東京都,足立区,竹の塚４丁目,2020-01-29,14,４階建て以上共同住宅,駐車（輪）場,40歳代,その他,施錠せず
窃盗,自転車盗,竹の塚,竹の塚駅前交番,131211,東京都,足立区,竹の塚４丁目,2020-03-19,12,４階建て以上共同住宅,駐車（輪）場,10歳代,高校生,施錠せず
窃盗,自転車盗,竹の塚,竹の塚駅前交番,131211,東京都,足立区,竹の塚４丁目,2020-03-23,17,４階建て以上共同住宅,駐車（輪）場,10歳代,その他,施錠せず
窃盗,自転車盗,竹の塚,竹の塚駅前交番,131211,東京都,足立区,竹の塚５丁目,2020-01-18,22,道路上,その他,20歳代,その他,施錠せず
窃盗,自転車盗,竹の塚,竹の塚駅前交番,131211,東京都,足立区,竹の塚５丁目,2020-01-26,16,一戸建住宅,駐車（輪）場,65-69歳,その他,施錠せず
窃盗,自転車盗,竹の塚,竹の塚駅前交番,131211,東京都,足立区,竹の塚５丁目,2020-02-03,19,その他の住宅（３階建て以下共同住宅等）,駐車（輪）場,10歳代,中学生,施錠せず
窃盗,自転車盗,竹の塚,竹の塚駅前交番,131211,東京都,足立区,竹の塚５丁目,2020-02-08,19,一戸建住宅,駐車（輪）場,20歳代,その他,施錠せず
窃盗,自転車盗,竹の塚,竹の塚駅前交番,131211,東京都,足立区,竹の塚５丁目,2020-02-11,23,道路上,その他,50歳代,その他,施錠せず
窃盗,自転車盗,竹の塚,竹の塚駅前交番,131211,東京都,足立区,竹の塚５丁目,2020-06-06,08,道路上,その他,40歳代,その他,施錠せず
窃盗,自転車盗,竹の塚,竹の塚駅前交番,131211,東京都,足立区,竹の塚５丁目,2020-09-10,20,その他の住宅（３階建て以下共同住宅等）,駐車（輪）場,40歳代,その他,施錠せず
窃盗,自転車盗,竹の塚,竹の塚駅前交番,131211,東京都,足立区,竹の塚６丁目,2019-12-25,07,その他,駐車（輪）場,20歳代,その他,施錠せず
窃盗,自転車盗,竹の塚,竹の塚駅前交番,131211,東京都,足立区,竹の塚６丁目,2020-01-10,08,道路上,その他,10歳代,その他,施錠せず
窃盗,自転車盗,竹の塚,竹の塚駅前交番,131211,東京都,足立区,竹の塚６丁目,2020-01-22,18,道路上,その他,30歳代,その他,施錠せず
窃盗,自転車盗,竹の塚,竹の塚駅前交番,131211,東京都,足立区,竹の塚６丁目,2020-02-03,21,道路上,その他,30歳代,その他,施錠せず
窃盗,自転車盗,竹の塚,竹の塚駅前交番,131211,東京都,足立区,竹の塚６丁目,2020-02-15,21,道路上,その他,30歳代,その他,施錠せず
窃盗,自転車盗,竹の塚,竹の塚駅前交番,131211,東京都,足立区,竹の塚６丁目,2020-03-21,21,道路上,その他,10歳代,大学生,施錠せず
窃盗,自転車盗,竹の塚,竹の塚駅前交番,131211,東京都,足立区,竹の塚６丁目,2020-03-25,12,道路上,その他,40歳代,その他,施錠せず
窃盗,自転車盗,竹の塚,竹の塚駅前交番,131211,東京都,足立区,竹の塚６丁目,2020-07-11,18,道路上,その他,20歳代,その他,施錠せず
窃盗,自転車盗,竹の塚,竹の塚駅前交番,131211,東京都,足立区,竹の塚６丁目,2020-08-05,10,その他,駐車（輪）場,10歳代,その他,施錠せず
窃盗,自転車盗,竹の塚,竹の塚駅前交番,131211,東京都,足立区,竹の塚６丁目,2020-08-28,17,道路上,その他,10歳代,高校生,施錠せず
窃盗,自転車盗,竹の塚,竹の塚駅前交番,131211,東京都,足立区,竹の塚６丁目,2020-09-24,22,道路上,その他,20歳代,その他,施錠せず
窃盗,自転車盗,竹の塚,竹の塚駅前交番,131211,東京都,足立区,竹の塚６丁目,2020-10-04,01,４階建て以上共同住宅,駐車（輪）場,70歳以上,その他,施錠せず
窃盗,自転車盗,竹の塚,竹の塚駅前交番,131211,東京都,足立区,竹の塚６丁目,2020-10-05,17,道路上,その他,70歳以上,その他,施錠せず
窃盗,自転車盗,竹の塚,竹の塚駅前交番,131211,東京都,足立区,竹の塚６丁目,2020-11-07,19,その他,駐車（輪）場,50歳代,その他,施錠せず
窃盗,自転車盗,竹の塚,竹の塚駅前交番,131211,東京都,足立区,西保木間１丁目,2020-01-21,15,４階建て以上共同住宅,駐車（輪）場,20歳代,大学生,施錠せず
窃盗,自転車盗,竹の塚,竹の塚駅前交番,131211,東京都,足立区,西保木間４丁目,2020-07-02,20,４階建て以上共同住宅,駐車（輪）場,50歳代,その他,施錠せず
窃盗,自転車盗,竹の塚,竹の塚駅前交番,131211,東京都,足立区,保木間１丁目,2020-05-08,11,その他,駐車（輪）場,20歳代,その他,施錠せず
窃盗,自転車盗,竹の塚,竹の塚駅前交番,131211,東京都,足立区,伊興２丁目,2018-05-26,10,４階建て以上共同住宅,駐車（輪）場,20歳代,その他,施錠せず
窃盗,自転車盗,竹の塚,竹の塚駅前交番,131211,東京都,足立区,西竹の塚１丁目,2020-06-01,07,駐車（輪）場,駐車（輪）場,50歳代,その他,施錠せず
窃盗,自転車盗,竹の塚,伊興町交番,131211,東京都,足立区,南花畑５丁目,2020-04-17,19,４階建て以上共同住宅,駐車（輪）場,20歳代,その他,施錠せず
窃盗,自転車盗,竹の塚,伊興町交番,131211,東京都,足立区,伊興１丁目,2020-02-05,01,その他の住宅（３階建て以下共同住宅等）,駐車（輪）場,20歳代,その他,施錠せず
窃盗,自転車盗,竹の塚,伊興町交番,131211,東京都,足立区,伊興１丁目,2020-03-31,12,その他の住宅（３階建て以下共同住宅等）,駐車（輪）場,20歳代,その他,施錠せず
窃盗,自転車盗,竹の塚,伊興町交番,131211,東京都,足立区,伊興１丁目,2020-03-31,17,４階建て以上共同住宅,駐車（輪）場,30歳代,その他,施錠せず
窃盗,自転車盗,竹の塚,伊興町交番,131211,東京都,足立区,伊興１丁目,2020-04-27,21,４階建て以上共同住宅,駐車（輪）場,30歳代,その他,施錠せず
窃盗,自転車盗,竹の塚,伊興町交番,131211,東京都,足立区,伊興２丁目,2020-06-05,18,その他,駐車（輪）場,60-64歳,その他,施錠せず
窃盗,自転車盗,竹の塚,伊興町交番,131211,東京都,足立区,伊興２丁目,2020-09-10,16,一戸建住宅,駐車（輪）場,60-64歳,その他,施錠せず
窃盗,自転車盗,竹の塚,伊興町交番,131211,東京都,足立区,伊興２丁目,2020-10-28,17,その他の住宅（３階建て以下共同住宅等）,駐車（輪）場,10歳代,小学生,施錠せず
窃盗,自転車盗,竹の塚,伊興町交番,131211,東京都,足立区,伊興３丁目,2020-01-23,01,４階建て以上共同住宅,駐車（輪）場,20歳代,その他,施錠せず
窃盗,自転車盗,竹の塚,伊興町交番,131211,東京都,足立区,伊興３丁目,2020-01-23,18,４階建て以上共同住宅,駐車（輪）場,10歳代,小学生,施錠せず
窃盗,自転車盗,竹の塚,伊興町交番,131211,東京都,足立区,伊興３丁目,2020-08-19,12,４階建て以上共同住宅,駐車（輪）場,20歳代,その他,施錠せず
窃盗,自転車盗,竹の塚,伊興町交番,131211,東京都,足立区,伊興３丁目,2020-09-11,16,４階建て以上共同住宅,駐車（輪）場,10歳代,小学生,施錠せず
窃盗,自転車盗,竹の塚,伊興町交番,131211,東京都,足立区,伊興４丁目,2020-02-28,20,４階建て以上共同住宅,駐車（輪）場,10歳代,中学生,施錠せず
窃盗,自転車盗,竹の塚,伊興町交番,131211,東京都,足立区,伊興４丁目,2020-07-20,13,一戸建住宅,駐車（輪）場,10歳代,小学生,施錠せず
窃盗,自転車盗,竹の塚,伊興町交番,131211,東京都,足立区,伊興４丁目,2020-08-22,19,４階建て以上共同住宅,駐車（輪）場,10歳未満,小学生,施錠せず
窃盗,自転車盗,竹の塚,伊興町交番,131211,東京都,足立区,伊興４丁目,2020-09-01,21,道路上,その他,30歳代,その他,施錠せず
窃盗,自転車盗,竹の塚,伊興町交番,131211,東京都,足立区,伊興５丁目,2020-05-07,12,４階建て以上共同住宅,駐車（輪）場,60-64歳,その他,施錠せず
窃盗,自転車盗,竹の塚,伊興町交番,131211,東京都,足立区,伊興５丁目,2020-09-13,17,その他の住宅（３階建て以下共同住宅等）,駐車（輪）場,20歳代,その他,施錠せず
窃盗,自転車盗,竹の塚,伊興町交番,131211,東京都,足立区,西伊興２丁目,2020-02-15,17,４階建て以上共同住宅,駐車（輪）場,30歳代,その他,施錠せず
窃盗,自転車盗,竹の塚,伊興町交番,131211,東京都,足立区,西伊興３丁目,2020-11-27,00,道路上,その他,50歳代,その他,施錠せず
窃盗,自転車盗,竹の塚,伊興町交番,131211,東京都,足立区,西伊興４丁目,2020-01-31,17,道路上,その他,70歳以上,その他,施錠せず
窃盗,自転車盗,竹の塚,伊興町交番,131211,東京都,足立区,西伊興４丁目,2020-03-13,01,その他,駐車（輪）場,40歳代,その他,施錠せず
窃盗,自転車盗,竹の塚,伊興町交番,131211,東京都,足立区,西伊興４丁目,2020-08-15,10,一戸建住宅,駐車（輪）場,10歳代,小学生,施錠せず
窃盗,自転車盗,竹の塚,伊興町交番,131211,東京都,足立区,西竹の塚１丁目,2020-10-22,21,その他,駐車（輪）場,20歳代,その他,施錠せず
窃盗,自転車盗,竹の塚,伊興町交番,131211,東京都,足立区,西竹の塚２丁目,2018-10-15,18,駐車（輪）場,駐車（輪）場,20歳代,その他,施錠せず
窃盗,自転車盗,竹の塚,伊興町交番,131211,東京都,足立区,西竹の塚２丁目,2019-10-25,06,駐車（輪）場,駐車（輪）場,40歳代,その他,施錠せず
窃盗,自転車盗,竹の塚,伊興町交番,131211,東京都,足立区,西竹の塚２丁目,2020-04-25,17,一戸建住宅,駐車（輪）場,70歳以上,その他,施錠せず
窃盗,自転車盗,竹の塚,伊興町交番,131211,東京都,足立区,西竹の塚２丁目,2020-06-09,07,駐車（輪）場,駐車（輪）場,20歳代,その他,施錠せず
窃盗,自転車盗,竹の塚,伊興町交番,131211,東京都,足立区,西竹の塚２丁目,2020-06-10,15,駐車（輪）場,駐車（輪）場,30歳代,その他,施錠せず
窃盗,自転車盗,竹の塚,伊興町交番,131211,東京都,足立区,西竹の塚２丁目,2020-10-19,18,道路上,その他,40歳代,その他,施錠せず
窃盗,自転車盗,竹の塚,伊興町交番,131211,東京都,足立区,東伊興１丁目,2020-11-03,01,その他の住宅（３階建て以下共同住宅等）,駐車（輪）場,20歳代,その他,施錠せず
窃盗,自転車盗,竹の塚,伊興町交番,131211,東京都,足立区,東伊興２丁目,2020-09-19,07,その他の住宅（３階建て以下共同住宅等）,駐車（輪）場,20歳代,その他,施錠せず
窃盗,自転車盗,竹の塚,伊興町交番,131211,東京都,足立区,東伊興２丁目,2020-10-04,10,一戸建住宅,駐車（輪）場,30歳代,その他,施錠せず
窃盗,自転車盗,竹の塚,伊興町交番,131211,東京都,足立区,東伊興２丁目,2020-10-05,21,その他の住宅（３階建て以下共同住宅等）,駐車（輪）場,20歳代,その他,施錠せず
窃盗,自転車盗,竹の塚,伊興町交番,131211,東京都,足立区,東伊興２丁目,2020-11-09,18,一戸建住宅,駐車（輪）場,20歳代,その他,施錠せず
窃盗,自転車盗,竹の塚,伊興町交番,131211,東京都,足立区,東伊興３丁目,2020-02-01,不明,その他,駐車（輪）場,20歳代,大学生,施錠せず
窃盗,自転車盗,竹の塚,伊興町交番,131211,東京都,足立区,伊興本町１丁目,2020-03-10,16,その他の住宅（３階建て以下共同住宅等）,駐車（輪）場,10歳代,中学生,施錠せず
窃盗,自転車盗,竹の塚,伊興町交番,131211,東京都,足立区,伊興本町２丁目,2020-02-25,17,その他,駐車（輪）場,10歳代,高校生,施錠せず
窃盗,自転車盗,竹の塚,伊興町交番,131211,東京都,足立区,伊興本町２丁目,2020-11-02,16,駐車（輪）場,駐車（輪）場,30歳代,その他,施錠せず
窃盗,自転車盗,竹の塚,入谷町交番,131211,東京都,足立区,入谷１丁目,2019-11-25,15,４階建て以上共同住宅,駐車（輪）場,50歳代,その他,施錠せず
窃盗,自転車盗,竹の塚,入谷町交番,131211,東京都,足立区,入谷１丁目,2020-08-25,16,その他,駐車（輪）場,10歳代,高校生,施錠せず
窃盗,自転車盗,竹の塚,入谷町交番,131211,東京都,足立区,入谷２丁目,2020-08-24,15,その他,駐車（輪）場,30歳代,その他,施錠せず
窃盗,自転車盗,竹の塚,入谷町交番,131211,東京都,足立区,入谷２丁目,2020-10-09,12,道路上,その他,40歳代,その他,施錠せず
窃盗,自転車盗,竹の塚,入谷町交番,131211,東京都,足立区,入谷２丁目,2020-10-24,15,一戸建住宅,駐車（輪）場,20歳代,その他,施錠せず
窃盗,自転車盗,竹の塚,入谷町交番,131211,東京都,足立区,入谷３丁目,2020-10-27,07,その他,駐車（輪）場,40歳代,その他,施錠せず
窃盗,自転車盗,竹の塚,入谷町交番,131211,東京都,足立区,入谷５丁目,2020-02-17,23,駐車（輪）場,駐車（輪）場,40歳代,その他,施錠せず
窃盗,自転車盗,竹の塚,入谷町交番,131211,東京都,足立区,入谷７丁目,2020-08-10,10,一戸建住宅,駐車（輪）場,10歳代,高校生,施錠せず
窃盗,自転車盗,竹の塚,入谷町交番,131211,東京都,足立区,入谷７丁目,2020-09-06,14,その他,駐車（輪）場,30歳代,その他,施錠せず
窃盗,自転車盗,竹の塚,入谷町交番,131211,東京都,足立区,古千谷本町１丁目,2020-03-25,07,一戸建住宅,駐車（輪）場,50歳代,その他,施錠せず
窃盗,自転車盗,竹の塚,見沼代親水公園駅前交番,131211,東京都,足立区,舎人１丁目,2020-07-20,18,その他の住宅（３階建て以下共同住宅等）,駐車（輪）場,20歳代,その他,施錠せず
窃盗,自転車盗,竹の塚,見沼代親水公園駅前交番,131211,東京都,足立区,舎人１丁目,2020-08-08,07,駐車（輪）場,駐車（輪）場,10歳代,小学生,施錠せず
窃盗,自転車盗,竹の塚,見沼代親水公園駅前交番,131211,東京都,足立区,舎人１丁目,2020-09-09,01,道路上,その他,法人・団体、被害者なし,法人・団体、被害者なし,施錠せず
窃盗,自転車盗,竹の塚,見沼代親水公園駅前交番,131211,東京都,足立区,舎人２丁目,2020-01-20,20,その他の住宅（３階建て以下共同住宅等）,駐車（輪）場,60-64歳,その他,施錠せず
窃盗,自転車盗,竹の塚,見沼代親水公園駅前交番,131211,東京都,足立区,舎人２丁目,2020-02-28,19,４階建て以上共同住宅,駐車（輪）場,40歳代,その他,施錠せず
窃盗,自転車盗,竹の塚,見沼代親水公園駅前交番,131211,東京都,足立区,舎人２丁目,2020-03-21,06,駐車（輪）場,駐車（輪）場,10歳代,その他,施錠せず
窃盗,自転車盗,竹の塚,見沼代親水公園駅前交番,131211,東京都,足立区,舎人２丁目,2020-11-05,06,駐車（輪）場,駐車（輪）場,30歳代,その他,施錠せず
窃盗,自転車盗,竹の塚,見沼代親水公園駅前交番,131211,東京都,足立区,舎人３丁目,2020-02-16,09,駐車（輪）場,駐車（輪）場,10歳代,その他,施錠せず
窃盗,自転車盗,竹の塚,見沼代親水公園駅前交番,131211,東京都,足立区,舎人３丁目,2020-08-31,18,一戸建住宅,駐車（輪）場,10歳代,高校生,施錠せず
窃盗,自転車盗,竹の塚,見沼代親水公園駅前交番,131211,東京都,足立区,舎人３丁目,2020-09-27,14,駐車（輪）場,駐車（輪）場,30歳代,その他,施錠せず
窃盗,自転車盗,竹の塚,見沼代親水公園駅前交番,131211,東京都,足立区,舎人４丁目,2020-07-07,15,一戸建住宅,駐車（輪）場,10歳代,大学生,施錠せず
窃盗,自転車盗,竹の塚,見沼代親水公園駅前交番,131211,東京都,足立区,舎人５丁目,2020-01-11,17,一戸建住宅,駐車（輪）場,30歳代,その他,施錠せず
窃盗,自転車盗,竹の塚,見沼代親水公園駅前交番,131211,東京都,足立区,舎人５丁目,2020-02-22,11,その他,駐車（輪）場,20歳代,その他,施錠せず
窃盗,自転車盗,竹の塚,見沼代親水公園駅前交番,131211,東京都,足立区,舎人５丁目,2020-06-14,18,その他の住宅（３階建て以下共同住宅等）,駐車（輪）場,20歳代,その他,施錠せず
窃盗,自転車盗,竹の塚,見沼代親水公園駅前交番,131211,東京都,足立区,舎人６丁目,2020-02-07,18,その他,駐車（輪）場,10歳代,中学生,施錠せず
窃盗,自転車盗,竹の塚,見沼代親水公園駅前交番,131211,東京都,足立区,舎人６丁目,2020-02-11,08,４階建て以上共同住宅,駐車（輪）場,40歳代,その他,施錠せず
窃盗,自転車盗,竹の塚,見沼代親水公園駅前交番,131211,東京都,足立区,舎人６丁目,2020-07-06,16,４階建て以上共同住宅,駐車（輪）場,70歳以上,その他,施錠せず
窃盗,自転車盗,竹の塚,見沼代親水公園駅前交番,131211,東京都,足立区,舎人６丁目,2020-07-11,09,４階建て以上共同住宅,駐車（輪）場,10歳代,その他,施錠せず
窃盗,自転車盗,竹の塚,見沼代親水公園駅前交番,131211,東京都,足立区,舎人６丁目,2020-08-07,14,４階建て以上共同住宅,駐車（輪）場,10歳代,中学生,施錠せず
窃盗,自転車盗,竹の塚,見沼代親水公園駅前交番,131211,東京都,足立区,舎人６丁目,2020-09-09,21,４階建て以上共同住宅,駐車（輪）場,30歳代,その他,施錠せず
窃盗,自転車盗,竹の塚,見沼代親水公園駅前交番,131211,東京都,足立区,舎人６丁目,2020-09-18,08,４階建て以上共同住宅,駐車（輪）場,10歳代,小学生,施錠せず
窃盗,自転車盗,竹の塚,見沼代親水公園駅前交番,131211,東京都,足立区,舎人６丁目,2020-10-07,14,その他の住宅（３階建て以下共同住宅等）,駐車（輪）場,10歳代,小学生,施錠せず
窃盗,自転車盗,竹の塚,見沼代親水公園駅前交番,131211,東京都,足立区,入谷４丁目,2020-08-18,07,その他,駐車（輪）場,20歳代,その他,施錠せず
窃盗,自転車盗,竹の塚,見沼代親水公園駅前交番,131211,東京都,足立区,古千谷本町１丁目,2020-03-31,11,一戸建住宅,駐車（輪）場,20歳代,その他,施錠せず
窃盗,自転車盗,竹の塚,見沼代親水公園駅前交番,131211,東京都,足立区,古千谷本町１丁目,2020-04-14,08,道路上,その他,70歳以上,その他,施錠せず
窃盗,自転車盗,竹の塚,見沼代親水公園駅前交番,131211,東京都,足立区,古千谷本町２丁目,2020-01-23,17,その他の住宅（３階建て以下共同住宅等）,駐車（輪）場,30歳代,その他,施錠せず
窃盗,自転車盗,竹の塚,見沼代親水公園駅前交番,131211,東京都,足立区,古千谷本町２丁目,2020-04-03,19,その他,駐車（輪）場,20歳代,その他,施錠せず
窃盗,自転車盗,竹の塚,見沼代親水公園駅前交番,131211,東京都,足立区,古千谷本町２丁目,2020-06-19,22,その他の住宅（３階建て以下共同住宅等）,駐車（輪）場,20歳代,その他,施錠せず
窃盗,自転車盗,竹の塚,見沼代親水公園駅前交番,131211,東京都,足立区,古千谷本町２丁目,2020-09-28,21,その他の住宅（３階建て以下共同住宅等）,駐車（輪）場,10歳代,高校生,施錠せず
窃盗,自転車盗,竹の塚,古千谷駐在所,131211,東京都,足立区,古千谷１丁目,2020-08-09,17,その他,駐車（輪）場,10歳代,大学生,施錠せず
窃盗,自転車盗,竹の塚,古千谷駐在所,131211,東京都,足立区,西伊興１丁目,2020-02-09,18,道路上,その他,30歳代,その他,施錠せず
窃盗,自転車盗,竹の塚,古千谷駐在所,131211,東京都,足立区,西伊興２丁目,2020-01-24,19,一戸建住宅,駐車（輪）場,20歳代,その他,施錠せず
窃盗,自転車盗,竹の塚,古千谷駐在所,131211,東京都,足立区,西伊興２丁目,2020-04-20,13,道路上,その他,20歳代,その他,施錠せず
窃盗,自転車盗,竹の塚,古千谷駐在所,131211,東京都,足立区,西伊興３丁目,2020-02-23,03,一戸建住宅,駐車（輪）場,10歳代,大学生,施錠せず
窃盗,自転車盗,城東,進開橋交番,131083,東京都,江東区,大島１丁目,2020-09-09,18,一戸建住宅,駐車（輪）場,40歳代,その他,施錠せず
窃盗,自転車盗,城東,進開橋交番,131083,東京都,江東区,大島１丁目,2020-10-17,15,４階建て以上共同住宅,駐車（輪）場,50歳代,その他,施錠せず
窃盗,自転車盗,城東,進開橋交番,131083,東京都,江東区,大島２丁目,2020-03-20,12,一戸建住宅,その他,10歳代,中学生,施錠せず
窃盗,自転車盗,城東,進開橋交番,131083,東京都,江東区,大島２丁目,2020-03-20,21,駐車（輪）場,駐車（輪）場,50歳代,その他,施錠せず
窃盗,自転車盗,城東,進開橋交番,131083,東京都,江東区,大島２丁目,2020-09-05,20,４階建て以上共同住宅,駐車（輪）場,20歳代,その他,施錠せず
窃盗,自転車盗,城東,進開橋交番,131083,東京都,江東区,大島３丁目,2020-03-28,16,その他,その他,30歳代,その他,施錠せず
窃盗,自転車盗,城東,進開橋交番,131083,東京都,江東区,大島３丁目,2020-04-16,09,駐車（輪）場,駐車（輪）場,30歳代,その他,施錠せず
窃盗,自転車盗,城東,進開橋交番,131083,東京都,江東区,大島４丁目,2020-02-22,13,４階建て以上共同住宅,その他,10歳代,中学生,施錠せず
窃盗,自転車盗,城東,進開橋交番,131083,東京都,江東区,大島４丁目,2020-03-18,18,４階建て以上共同住宅,駐車（輪）場,10歳代,高校生,施錠せず
窃盗,自転車盗,城東,進開橋交番,131083,東京都,江東区,大島４丁目,2020-05-10,20,駐車（輪）場,駐車（輪）場,50歳代,その他,施錠せず
窃盗,自転車盗,城東,進開橋交番,131083,東京都,江東区,大島４丁目,2020-06-09,21,４階建て以上共同住宅,その他,30歳代,その他,施錠せず
窃盗,自転車盗,城東,進開橋交番,131083,東京都,江東区,大島４丁目,2020-08-05,不明,４階建て以上共同住宅,駐車（輪）場,30歳代,その他,施錠せず
窃盗,自転車盗,城東,進開橋交番,131083,東京都,江東区,大島４丁目,2020-11-28,09,４階建て以上共同住宅,駐車（輪）場,40歳代,その他,施錠せず
窃盗,自転車盗,城東,進開橋交番,131083,東京都,江東区,大島４丁目,2020-12-13,17,４階建て以上共同住宅,駐車（輪）場,70歳以上,その他,施錠せず
窃盗,自転車盗,城東,進開橋交番,131083,東京都,江東区,北砂１丁目,2020-08-23,16,駐車（輪）場,駐車（輪）場,50歳代,その他,施錠せず
窃盗,自転車盗,城東,進開橋交番,131083,東京都,江東区,北砂２丁目,2020-02-23,15,その他,その他,10歳代,小学生,施錠せず
窃盗,自転車盗,城東,進開橋交番,131083,東京都,江東区,北砂２丁目,2020-02-23,18,その他,駐車（輪）場,20歳代,その他,施錠せず
窃盗,自転車盗,城東,日曹橋交番,131083,東京都,江東区,新砂２丁目,2020-07-02,12,４階建て以上共同住宅,駐車（輪）場,60-64歳,その他,施錠せず
窃盗,自転車盗,城東,日曹橋交番,131083,東京都,江東区,南砂２丁目,2020-05-25,08,駐車（輪）場,駐車（輪）場,60-64歳,その他,施錠せず
窃盗,自転車盗,城東,日曹橋交番,131083,東京都,江東区,南砂２丁目,2020-06-18,16,一戸建住宅,駐車（輪）場,10歳代,小学生,施錠せず
窃盗,自転車盗,城東,日曹橋交番,131083,東京都,江東区,南砂２丁目,2020-08-13,19,４階建て以上共同住宅,駐車（輪）場,20歳代,その他,施錠せず
窃盗,自転車盗,城東,日曹橋交番,131083,東京都,江東区,南砂２丁目,2020-11-21,23,４階建て以上共同住宅,駐車（輪）場,50歳代,その他,施錠せず
窃盗,自転車盗,城東,日曹橋交番,131083,東京都,江東区,南砂２丁目,2020-12-18,23,４階建て以上共同住宅,駐車（輪）場,10歳代,大学生,施錠せず
窃盗,自転車盗,城東,日曹橋交番,131083,東京都,江東区,南砂３丁目,2020-03-03,15,駐車（輪）場,駐車（輪）場,10歳代,高校生,施錠せず
窃盗,自転車盗,城東,日曹橋交番,131083,東京都,江東区,南砂３丁目,2020-03-04,19,その他,駐車（輪）場,10歳代,大学生,施錠せず
窃盗,自転車盗,城東,日曹橋交番,131083,東京都,江東区,南砂３丁目,2020-06-25,16,その他,駐車（輪）場,50歳代,その他,施錠せず
窃盗,自転車盗,城東,日曹橋交番,131083,東京都,江東区,南砂３丁目,2020-08-28,13,駐車（輪）場,駐車（輪）場,20歳代,大学生,施錠せず
窃盗,自転車盗,城東,日曹橋交番,131083,東京都,江東区,南砂３丁目,2020-10-22,00,４階建て以上共同住宅,駐車（輪）場,20歳代,その他,施錠せず
窃盗,自転車盗,城東,日曹橋交番,131083,東京都,江東区,南砂４丁目,2019-12-29,13,一戸建住宅,その他,20歳代,その他,施錠せず
窃盗,自転車盗,城東,日曹橋交番,131083,東京都,江東区,南砂４丁目,2020-04-21,19,その他の住宅（３階建て以下共同住宅等）,駐車（輪）場,40歳代,その他,施錠せず
窃盗,自転車盗,城東,日曹橋交番,131083,東京都,江東区,南砂４丁目,2020-08-21,23,４階建て以上共同住宅,その他,70歳以上,その他,施錠せず
窃盗,自転車盗,城東,日曹橋交番,131083,東京都,江東区,南砂４丁目,2020-09-07,17,道路上,その他,70歳以上,その他,施錠せず
窃盗,自転車盗,城東,日曹橋交番,131083,東京都,江東区,南砂４丁目,2020-09-17,08,一戸建住宅,駐車（輪）場,10歳代,その他,施錠せず
窃盗,自転車盗,城東,元八幡交番,131083,東京都,江東区,新砂３丁目,2019-12-26,06,その他,駐車（輪）場,10歳代,高校生,施錠せず
窃盗,自転車盗,城東,元八幡交番,131083,東京都,江東区,新砂３丁目,2020-01-05,18,駐車（輪）場,駐車（輪）場,10歳代,大学生,施錠せず
窃盗,自転車盗,城東,元八幡交番,131083,東京都,江東区,新砂３丁目,2020-02-23,18,道路上,その他,10歳代,中学生,施錠せず
窃盗,自転車盗,城東,元八幡交番,131083,東京都,江東区,新砂３丁目,2020-07-31,23,４階建て以上共同住宅,駐車（輪）場,10歳代,中学生,施錠せず
窃盗,自転車盗,城東,元八幡交番,131083,東京都,江東区,新砂３丁目,2020-08-18,18,その他,駐車（輪）場,10歳代,高校生,施錠せず
窃盗,自転車盗,城東,元八幡交番,131083,東京都,江東区,東砂７丁目,2020-04-28,17,４階建て以上共同住宅,その他,10歳代,中学生,施錠せず
窃盗,自転車盗,城東,元八幡交番,131083,東京都,江東区,東砂８丁目,2020-03-23,15,一戸建住宅,その他,50歳代,その他,施錠せず
窃盗,自転車盗,城東,元八幡交番,131083,東京都,江東区,南砂３丁目,2020-03-24,08,駐車（輪）場,駐車（輪）場,20歳代,その他,施錠せず
窃盗,自転車盗,城東,元八幡交番,131083,東京都,江東区,南砂６丁目,2020-04-14,16,その他,駐車（輪）場,70歳以上,その他,施錠せず
窃盗,自転車盗,城東,元八幡交番,131083,東京都,江東区,南砂６丁目,2020-06-07,16,道路上,その他,70歳以上,その他,施錠せず
窃盗,自転車盗,城東,元八幡交番,131083,東京都,江東区,南砂６丁目,2020-07-18,15,その他,駐車（輪）場,60-64歳,その他,施錠せず
窃盗,自転車盗,城東,元八幡交番,131083,東京都,江東区,南砂６丁目,2020-07-25,12,駐車（輪）場,駐車（輪）場,30歳代,その他,施錠せず
窃盗,自転車盗,城東,元八幡交番,131083,東京都,江東区,南砂６丁目,2020-07-31,16,その他,その他,70歳以上,その他,施錠せず
窃盗,自転車盗,城東,元八幡交番,131083,東京都,江東区,南砂６丁目,2020-09-01,12,道路上,その他,20歳代,その他,施錠せず
窃盗,自転車盗,城東,元八幡交番,131083,東京都,江東区,南砂６丁目,2020-09-17,20,その他,駐車（輪）場,法人・団体、被害者なし,法人・団体、被害者なし,施錠せず
窃盗,自転車盗,城東,元八幡交番,131083,東京都,江東区,南砂６丁目,2020-10-22,18,その他,駐車（輪）場,50歳代,その他,施錠せず
窃盗,自転車盗,城東,元八幡交番,131083,東京都,江東区,南砂６丁目,2020-11-10,07,その他,駐車（輪）場,50歳代,その他,施錠せず
窃盗,自転車盗,城東,元八幡交番,131083,東京都,江東区,南砂７丁目,2020-02-05,10,その他,駐車（輪）場,40歳代,その他,施錠せず
窃盗,自転車盗,城東,葛西橋西交番,131083,東京都,江東区,新砂３丁目,2020-11-21,10,その他,駐車（輪）場,10歳代,高校生,施錠せず
窃盗,自転車盗,城東,葛西橋西交番,131083,東京都,江東区,東砂４丁目,2020-05-25,15,道路上,その他,20歳代,その他,施錠せず
窃盗,自転車盗,城東,葛西橋西交番,131083,東京都,江東区,東砂５丁目,2020-02-20,09,その他,駐車（輪）場,40歳代,その他,施錠せず
窃盗,自転車盗,城東,葛西橋西交番,131083,東京都,江東区,東砂５丁目,2020-05-02,16,道路上,その他,20歳代,その他,施錠せず
窃盗,自転車盗,城東,葛西橋西交番,131083,東京都,江東区,東砂５丁目,2020-08-27,22,４階建て以上共同住宅,駐車（輪）場,20歳代,その他,施錠せず
窃盗,自転車盗,城東,葛西橋西交番,131083,東京都,江東区,東砂６丁目,2020-09-03,20,４階建て以上共同住宅,駐車（輪）場,40歳代,その他,施錠せず
窃盗,自転車盗,城東,葛西橋西交番,131083,東京都,江東区,東砂７丁目,2020-05-08,16,４階建て以上共同住宅,その他,50歳代,その他,施錠せず
窃盗,自転車盗,城東,葛西橋西交番,131083,東京都,江東区,東砂７丁目,2020-11-24,18,一戸建住宅,その他,10歳代,小学生,施錠せず
窃盗,自転車盗,城東,葛西橋西交番,131083,東京都,江東区,南砂４丁目,2020-09-29,19,道路上,その他,10歳未満,小学生,施錠せず
窃盗,自転車盗,城東,葛西橋西交番,131083,東京都,江東区,南砂６丁目,2020-08-28,20,その他,駐車（輪）場,20歳代,その他,施錠せず
窃盗,自転車盗,城東,葛西橋西交番,131083,東京都,江東区,南砂６丁目,2020-11-15,11,その他,駐車（輪）場,10歳代,小学生,施錠せず
窃盗,自転車盗,城東,葛西橋西交番,131083,東京都,江東区,南砂６丁目,2020-11-24,14,その他,駐車（輪）場,70歳以上,その他,施錠せず
窃盗,自転車盗,城東,砂町交番,131083,東京都,江東区,北砂２丁目,2020-03-19,13,その他,駐車（輪）場,10歳代,小学生,施錠せず
窃盗,自転車盗,城東,砂町交番,131083,東京都,江東区,北砂４丁目,2020-02-29,18,その他の住宅（３階建て以下共同住宅等）,その他,70歳以上,その他,施錠せず
窃盗,自転車盗,城東,砂町交番,131083,東京都,江東区,北砂４丁目,2020-03-02,19,道路上,その他,40歳代,その他,施錠せず
窃盗,自転車盗,城東,砂町交番,131083,東京都,江東区,北砂４丁目,2020-03-16,18,その他の住宅（３階建て以下共同住宅等）,その他,70歳以上,その他,施錠せず
窃盗,自転車盗,城東,砂町交番,131083,東京都,江東区,北砂４丁目,2020-03-19,19,道路上,その他,40歳代,その他,施錠せず
窃盗,自転車盗,城東,砂町交番,131083,東京都,江東区,北砂４丁目,2020-03-24,12,一戸建住宅,その他,20歳代,その他,施錠せず
窃盗,自転車盗,城東,砂町交番,131083,東京都,江東区,北砂４丁目,2020-03-29,19,一戸建住宅,その他,65-69歳,その他,施錠せず
窃盗,自転車盗,城東,砂町交番,131083,東京都,江東区,北砂４丁目,2020-04-04,22,一戸建住宅,その他,40歳代,その他,施錠せず
窃盗,自転車盗,城東,砂町交番,131083,東京都,江東区,北砂４丁目,2020-04-06,21,一戸建住宅,その他,10歳代,高校生,施錠せず
窃盗,自転車盗,城東,砂町交番,131083,東京都,江東区,北砂４丁目,2020-04-11,12,一戸建住宅,その他,40歳代,その他,施錠せず
窃盗,自転車盗,城東,砂町交番,131083,東京都,江東区,北砂４丁目,2020-04-25,20,その他の住宅（３階建て以下共同住宅等）,駐車（輪）場,20歳代,その他,施錠せず
窃盗,自転車盗,城東,砂町交番,131083,東京都,江東区,北砂４丁目,2020-05-31,17,一戸建住宅,その他,40歳代,その他,施錠せず
窃盗,自転車盗,城東,砂町交番,131083,東京都,江東区,北砂４丁目,2020-07-08,06,その他の住宅（３階建て以下共同住宅等）,その他,30歳代,その他,施錠せず
窃盗,自転車盗,城東,砂町交番,131083,東京都,江東区,北砂４丁目,2020-08-09,19,道路上,その他,70歳以上,その他,施錠せず
窃盗,自転車盗,城東,砂町交番,131083,東京都,江東区,北砂４丁目,2020-08-22,13,道路上,その他,40歳代,その他,施錠せず
窃盗,自転車盗,城東,砂町交番,131083,東京都,江東区,北砂４丁目,2020-09-03,18,その他の住宅（３階建て以下共同住宅等）,駐車（輪）場,60-64歳,その他,施錠せず
窃盗,自転車盗,城東,砂町交番,131083,東京都,江東区,北砂４丁目,2020-09-22,22,４階建て以上共同住宅,駐車（輪）場,10歳代,大学生,施錠せず
窃盗,自転車盗,城東,砂町交番,131083,東京都,江東区,北砂７丁目,2020-11-10,12,４階建て以上共同住宅,駐車（輪）場,40歳代,その他,施錠せず
窃盗,自転車盗,城東,砂町交番,131083,東京都,江東区,東砂７丁目,2020-01-22,15,４階建て以上共同住宅,駐車（輪）場,30歳代,その他,施錠せず
窃盗,自転車盗,城東,砂町交番,131083,東京都,江東区,南砂１丁目,2020-05-24,17,４階建て以上共同住宅,駐車（輪）場,10歳代,小学生,施錠せず
窃盗,自転車盗,城東,砂町交番,131083,東京都,江東区,南砂１丁目,2020-06-27,22,４階建て以上共同住宅,駐車（輪）場,10歳代,高校生,施錠せず
窃盗,自転車盗,城東,砂町交番,131083,東京都,江東区,南砂３丁目,2019-12-28,20,駐車（輪）場,駐車（輪）場,20歳代,その他,施錠せず
窃盗,自転車盗,城東,砂町交番,131083,東京都,江東区,南砂５丁目,2020-05-19,21,一戸建住宅,その他,30歳代,その他,施錠せず
窃盗,自転車盗,城東,砂町交番,131083,東京都,江東区,南砂５丁目,2020-06-26,17,その他の住宅（３階建て以下共同住宅等）,その他,40歳代,その他,施錠せず
窃盗,自転車盗,城東,砂町交番,131083,東京都,江東区,南砂５丁目,2020-09-20,20,４階建て以上共同住宅,駐車（輪）場,10歳代,大学生,施錠せず
窃盗,自転車盗,城東,砂町交番,131083,東京都,江東区,南砂５丁目,2020-09-24,00,その他の住宅（３階建て以下共同住宅等）,駐車（輪）場,20歳代,その他,施錠せず
窃盗,自転車盗,城東,北砂五丁目交番,131083,東京都,江東区,北砂１丁目,2020-01-01,11,４階建て以上共同住宅,駐車（輪）場,40歳代,その他,施錠せず
窃盗,自転車盗,城東,北砂五丁目交番,131083,東京都,江東区,北砂１丁目,2020-09-10,14,駐車（輪）場,駐車（輪）場,70歳以上,その他,施錠せず
窃盗,自転車盗,城東,北砂五丁目交番,131083,東京都,江東区,北砂１丁目,2020-09-17,14,４階建て以上共同住宅,駐車（輪）場,30歳代,その他,施錠せず
窃盗,自転車盗,城東,北砂五丁目交番,131083,東京都,江東区,北砂１丁目,2020-10-28,16,その他,駐車（輪）場,10歳代,高校生,施錠せず
窃盗,自転車盗,城東,北砂五丁目交番,131083,東京都,江東区,北砂２丁目,2020-01-19,13,その他,駐車（輪）場,10歳未満,小学生,施錠せず
窃盗,自転車盗,城東,北砂五丁目交番,131083,東京都,江東区,北砂２丁目,2020-08-05,18,その他,その他,40歳代,その他,施錠せず
窃盗,自転車盗,城東,北砂五丁目交番,131083,東京都,江東区,北砂２丁目,2020-09-12,11,その他,駐車（輪）場,10歳未満,小学生,施錠せず
窃盗,自転車盗,城東,北砂五丁目交番,131083,東京都,江東区,北砂２丁目,2020-09-17,21,一戸建住宅,駐車（輪）場,40歳代,その他,施錠せず
窃盗,自転車盗,城東,北砂五丁目交番,131083,東京都,江東区,北砂２丁目,2020-11-26,18,その他,駐車（輪）場,10歳代,小学生,施錠せず
窃盗,自転車盗,城東,北砂五丁目交番,131083,東京都,江東区,北砂３丁目,2020-06-20,23,一戸建住宅,その他,10歳代,小学生,施錠せず
窃盗,自転車盗,城東,北砂五丁目交番,131083,東京都,江東区,北砂３丁目,2020-06-28,17,一戸建住宅,駐車（輪）場,30歳代,その他,施錠せず
窃盗,自転車盗,城東,北砂五丁目交番,131083,東京都,江東区,北砂３丁目,2020-07-04,20,一戸建住宅,駐車（輪）場,10歳未満,小学生,施錠せず
窃盗,自転車盗,城東,北砂五丁目交番,131083,東京都,江東区,北砂３丁目,2020-07-24,18,道路上,その他,50歳代,その他,施錠せず
窃盗,自転車盗,城東,北砂五丁目交番,131083,東京都,江東区,北砂３丁目,2020-08-09,00,その他,駐車（輪）場,20歳代,大学生,施錠せず
窃盗,自転車盗,城東,北砂五丁目交番,131083,東京都,江東区,北砂３丁目,2020-12-02,07,駐車（輪）場,駐車（輪）場,10歳代,高校生,施錠せず
窃盗,自転車盗,城東,北砂五丁目交番,131083,東京都,江東区,北砂５丁目,2020-01-13,12,４階建て以上共同住宅,駐車（輪）場,20歳代,その他,施錠せず
窃盗,自転車盗,城東,北砂五丁目交番,131083,東京都,江東区,北砂５丁目,2020-02-22,13,４階建て以上共同住宅,駐車（輪）場,40歳代,その他,施錠せず
窃盗,自転車盗,城東,北砂五丁目交番,131083,東京都,江東区,北砂５丁目,2020-03-23,18,その他,その他,10歳代,高校生,施錠せず
窃盗,自転車盗,城東,北砂五丁目交番,131083,東京都,江東区,北砂５丁目,2020-04-25,22,道路上,その他,40歳代,その他,施錠せず
窃盗,自転車盗,城東,北砂五丁目交番,131083,東京都,江東区,北砂５丁目,2020-05-28,10,その他の住宅（３階建て以下共同住宅等）,駐車（輪）場,10歳代,中学生,施錠せず
窃盗,自転車盗,城東,北砂五丁目交番,131083,東京都,江東区,北砂５丁目,2020-06-01,不明,４階建て以上共同住宅,駐車（輪）場,40歳代,その他,施錠せず
窃盗,自転車盗,城東,北砂五丁目交番,131083,東京都,江東区,北砂５丁目,2020-08-15,17,道路上,その他,10歳代,その他,施錠せず
窃盗,自転車盗,城東,北砂五丁目交番,131083,東京都,江東区,北砂５丁目,2020-09-03,17,４階建て以上共同住宅,その他,20歳代,その他,施錠せず
窃盗,自転車盗,城東,番所橋交番,131083,東京都,江東区,大島６丁目,2020-04-21,22,４階建て以上共同住宅,駐車（輪）場,20歳代,大学生,施錠せず
窃盗,自転車盗,城東,番所橋交番,131083,東京都,江東区,北砂４丁目,2020-03-21,00,道路上,その他,10歳代,高校生,施錠せず
窃盗,自転車盗,城東,番所橋交番,131083,東京都,江東区,北砂６丁目,2020-01-21,15,４階建て以上共同住宅,駐車（輪）場,50歳代,その他,施錠せず
窃盗,自転車盗,城東,番所橋交番,131083,東京都,江東区,東砂１丁目,2020-02-14,20,４階建て以上共同住宅,その他,10歳代,高校生,施錠せず
窃盗,自転車盗,城東,番所橋交番,131083,東京都,江東区,東砂１丁目,2020-02-20,16,一戸建住宅,駐車（輪）場,30歳代,その他,施錠せず
窃盗,自転車盗,城東,番所橋交番,131083,東京都,江東区,東砂１丁目,2020-06-12,15,４階建て以上共同住宅,駐車（輪）場,50歳代,その他,施錠せず
窃盗,自転車盗,城東,番所橋交番,131083,東京都,江東区,東砂１丁目,2020-08-01,20,４階建て以上共同住宅,駐車（輪）場,30歳代,その他,施錠せず
窃盗,自転車盗,城東,番所橋交番,131083,東京都,江東区,東砂１丁目,2020-08-30,06,４階建て以上共同住宅,駐車（輪）場,10歳代,大学生,施錠せず
窃盗,自転車盗,城東,番所橋交番,131083,東京都,江東区,東砂１丁目,2020-09-01,10,道路上,その他,70歳以上,その他,施錠せず
窃盗,自転車盗,城東,番所橋交番,131083,東京都,江東区,東砂２丁目,2020-01-24,16,４階建て以上共同住宅,駐車（輪）場,10歳代,高校生,施錠せず
窃盗,自転車盗,城東,番所橋交番,131083,東京都,江東区,東砂２丁目,2020-03-10,13,その他,駐車（輪）場,10歳代,高校生,施錠せず
窃盗,自転車盗,城東,番所橋交番,131083,東京都,江東区,東砂２丁目,2020-05-27,21,４階建て以上共同住宅,駐車（輪）場,10歳代,高校生,施錠せず
窃盗,自転車盗,城東,番所橋交番,131083,東京都,江東区,東砂２丁目,2020-07-13,21,４階建て以上共同住宅,駐車（輪）場,20歳代,その他,施錠せず
窃盗,自転車盗,城東,番所橋交番,131083,東京都,江東区,東砂２丁目,2020-09-21,19,道路上,その他,70歳以上,その他,施錠せず
窃盗,自転車盗,城東,番所橋交番,131083,東京都,江東区,東砂２丁目,2020-10-23,19,４階建て以上共同住宅,駐車（輪）場,65-69歳,その他,施錠せず
窃盗,自転車盗,城東,番所橋交番,131083,東京都,江東区,東砂３丁目,2020-02-06,18,その他の住宅（３階建て以下共同住宅等）,その他,20歳代,その他,施錠せず
窃盗,自転車盗,城東,番所橋交番,131083,東京都,江東区,東砂３丁目,2020-02-07,00,その他の住宅（３階建て以下共同住宅等）,駐車（輪）場,20歳代,その他,施錠せず
窃盗,自転車盗,城東,番所橋交番,131083,東京都,江東区,東砂３丁目,2020-02-09,11,４階建て以上共同住宅,駐車（輪）場,70歳以上,その他,施錠せず
窃盗,自転車盗,城東,番所橋交番,131083,東京都,江東区,東砂３丁目,2020-03-01,23,一戸建住宅,その他,20歳代,その他,施錠せず
窃盗,自転車盗,城東,番所橋交番,131083,東京都,江東区,東砂３丁目,2020-03-02,18,４階建て以上共同住宅,駐車（輪）場,30歳代,その他,施錠せず
窃盗,自転車盗,城東,番所橋交番,131083,東京都,江東区,東砂３丁目,2020-04-03,18,４階建て以上共同住宅,駐車（輪）場,10歳代,中学生,施錠せず
窃盗,自転車盗,城東,番所橋交番,131083,東京都,江東区,東砂３丁目,2020-09-15,20,道路上,その他,70歳以上,その他,施錠せず
窃盗,自転車盗,城東,番所橋交番,131083,東京都,江東区,東砂３丁目,2020-10-29,17,一戸建住宅,その他,70歳以上,その他,施錠せず
窃盗,自転車盗,城東,大島交番,131083,東京都,江東区,大島１丁目,2020-03-15,18,４階建て以上共同住宅,駐車（輪）場,20歳代,その他,施錠せず
窃盗,自転車盗,城東,大島交番,131083,東京都,江東区,大島１丁目,2020-04-05,11,４階建て以上共同住宅,駐車（輪）場,20歳代,その他,施錠せず
窃盗,自転車盗,城東,大島交番,131083,東京都,江東区,大島２丁目,2020-08-06,10,その他,駐車（輪）場,20歳代,大学生,施錠せず
窃盗,自転車盗,城東,大島交番,131083,東京都,江東区,大島４丁目,2020-05-25,02,一戸建住宅,その他,10歳代,高校生,施錠せず
窃盗,自転車盗,城東,大島交番,131083,東京都,江東区,大島５丁目,2019-12-28,12,４階建て以上共同住宅,駐車（輪）場,法人・団体、被害者なし,法人・団体、被害者なし,施錠せず
窃盗,自転車盗,城東,大島交番,131083,東京都,江東区,大島５丁目,2020-02-05,09,４階建て以上共同住宅,駐車（輪）場,50歳代,その他,施錠せず
窃盗,自転車盗,城東,大島交番,131083,東京都,江東区,大島５丁目,2020-02-20,20,４階建て以上共同住宅,駐車（輪）場,50歳代,その他,施錠せず
窃盗,自転車盗,城東,大島交番,131083,東京都,江東区,大島５丁目,2020-02-21,17,４階建て以上共同住宅,駐車（輪）場,40歳代,その他,施錠せず
窃盗,自転車盗,城東,大島交番,131083,東京都,江東区,大島５丁目,2020-07-30,15,その他の住宅（３階建て以下共同住宅等）,駐車（輪）場,10歳代,高校生,施錠せず
窃盗,自転車盗,城東,大島交番,131083,東京都,江東区,大島６丁目,2020-01-01,09,駐車（輪）場,駐車（輪）場,20歳代,その他,施錠せず
窃盗,自転車盗,城東,大島交番,131083,東京都,江東区,大島６丁目,2020-01-20,23,道路上,その他,40歳代,その他,施錠せず
窃盗,自転車盗,城東,大島交番,131083,東京都,江東区,大島６丁目,2020-04-03,21,道路上,その他,10歳代,高校生,施錠せず
窃盗,自転車盗,城東,大島交番,131083,東京都,江東区,大島６丁目,2020-10-15,21,４階建て以上共同住宅,駐車（輪）場,10歳代,高校生,施錠せず
窃盗,自転車盗,城東,大島交番,131083,東京都,江東区,大島６丁目,2020-11-30,08,その他,駐車（輪）場,40歳代,その他,施錠せず
窃盗,自転車盗,城東,大島交番,131083,東京都,江東区,大島７丁目,2020-01-20,22,道路上,その他,50歳代,その他,施錠せず
窃盗,自転車盗,城東,大島交番,131083,東京都,江東区,大島７丁目,2020-02-07,13,４階建て以上共同住宅,駐車（輪）場,10歳代,高校生,施錠せず
窃盗,自転車盗,城東,大島交番,131083,東京都,江東区,大島７丁目,2020-06-06,12,４階建て以上共同住宅,駐車（輪）場,40歳代,その他,施錠せず
窃盗,自転車盗,城東,大島交番,131083,東京都,江東区,大島７丁目,2020-06-20,18,道路上,その他,40歳代,その他,施錠せず
窃盗,自転車盗,城東,大島交番,131083,東京都,江東区,大島７丁目,2020-12-03,20,その他の住宅（３階建て以下共同住宅等）,その他,20歳代,大学生,施錠せず
窃盗,自転車盗,城東,大島交番,131083,東京都,江東区,大島９丁目,2019-12-10,13,４階建て以上共同住宅,駐車（輪）場,50歳代,その他,施錠せず
窃盗,自転車盗,城東,大島交番,131083,東京都,江東区,大島９丁目,2020-07-08,19,駐車（輪）場,駐車（輪）場,30歳代,その他,施錠せず
窃盗,自転車盗,城東,大島交番,131083,東京都,江東区,大島９丁目,2020-08-01,12,駐車（輪）場,駐車（輪）場,20歳代,その他,施錠せず
窃盗,自転車盗,城東,大島交番,131083,東京都,江東区,亀戸１丁目,2020-08-15,19,道路上,その他,40歳代,その他,施錠せず
窃盗,自転車盗,城東,大島交番,131083,東京都,江東区,北砂５丁目,2020-03-02,08,４階建て以上共同住宅,駐車（輪）場,20歳代,その他,施錠せず
窃盗,自転車盗,城東,大島交番,131083,東京都,江東区,東砂１丁目,2019-12-30,17,４階建て以上共同住宅,駐車（輪）場,10歳代,中学生,施錠せず
窃盗,自転車盗,城東,亀戸交番,131083,東京都,江東区,亀戸７丁目,2019-12-28,21,道路上,その他,30歳代,その他,施錠せず
窃盗,自転車盗,城東,亀戸交番,131083,東京都,江東区,亀戸７丁目,2020-06-27,18,４階建て以上共同住宅,駐車（輪）場,30歳代,その他,施錠せず
窃盗,自転車盗,城東,亀戸交番,131083,東京都,江東区,亀戸７丁目,2020-07-20,18,４階建て以上共同住宅,駐車（輪）場,65-69歳,その他,施錠せず
窃盗,自転車盗,城東,亀戸交番,131083,東京都,江東区,亀戸７丁目,2020-09-04,19,４階建て以上共同住宅,駐車（輪）場,10歳代,中学生,施錠せず
窃盗,自転車盗,城東,亀戸交番,131083,東京都,江東区,亀戸７丁目,2020-10-04,13,４階建て以上共同住宅,その他,10歳未満,小学生,施錠せず
窃盗,自転車盗,城東,亀戸交番,131083,東京都,江東区,亀戸７丁目,2020-10-06,18,道路上,その他,50歳代,その他,施錠せず
窃盗,自転車盗,城東,亀戸交番,131083,東京都,江東区,亀戸７丁目,2020-10-17,01,その他の住宅（３階建て以下共同住宅等）,駐車（輪）場,30歳代,その他,施錠せず
窃盗,自転車盗,城東,亀戸交番,131083,東京都,江東区,亀戸７丁目,2020-10-27,19,その他の住宅（３階建て以下共同住宅等）,駐車（輪）場,50歳代,その他,施錠せず
窃盗,自転車盗,城東,亀戸交番,131083,東京都,江東区,亀戸７丁目,2020-11-25,14,４階建て以上共同住宅,駐車（輪）場,50歳代,その他,施錠せず
窃盗,自転車盗,城東,亀戸交番,131083,東京都,江東区,亀戸８丁目,2020-04-06,22,一戸建住宅,その他,70歳以上,その他,施錠せず
窃盗,自転車盗,城東,亀戸交番,131083,東京都,江東区,亀戸９丁目,2019-10-15,18,４階建て以上共同住宅,駐車（輪）場,10歳代,高校生,施錠せず
窃盗,自転車盗,城東,亀戸交番,131083,東京都,江東区,亀戸９丁目,2020-01-03,09,道路上,その他,40歳代,その他,施錠せず
窃盗,自転車盗,城東,亀戸交番,131083,東京都,江東区,亀戸９丁目,2020-01-17,12,４階建て以上共同住宅,駐車（輪）場,30歳代,その他,施錠せず
窃盗,自転車盗,城東,亀戸交番,131083,東京都,江東区,亀戸９丁目,2020-03-11,16,４階建て以上共同住宅,駐車（輪）場,10歳代,その他,施錠せず
窃盗,自転車盗,城東,亀戸交番,131083,東京都,江東区,亀戸９丁目,2020-03-14,02,一戸建住宅,その他,10歳代,中学生,施錠せず
窃盗,自転車盗,城東,亀戸交番,131083,東京都,江東区,亀戸９丁目,2020-04-18,01,駐車（輪）場,駐車（輪）場,60-64歳,その他,施錠せず
窃盗,自転車盗,城東,亀戸交番,131083,東京都,江東区,亀戸９丁目,2020-05-05,16,４階建て以上共同住宅,駐車（輪）場,10歳代,高校生,施錠せず
窃盗,自転車盗,城東,亀戸交番,131083,東京都,江東区,亀戸９丁目,2020-06-05,16,駐車（輪）場,駐車（輪）場,10歳代,その他,施錠せず
窃盗,自転車盗,城東,亀戸交番,131083,東京都,江東区,亀戸９丁目,2020-06-16,15,４階建て以上共同住宅,駐車（輪）場,10歳未満,小学生,施錠せず
窃盗,自転車盗,城東,亀戸交番,131083,東京都,江東区,亀戸９丁目,2020-08-09,18,４階建て以上共同住宅,駐車（輪）場,20歳代,大学生,施錠せず
窃盗,自転車盗,城東,亀戸交番,131083,東京都,江東区,亀戸９丁目,2020-09-04,02,道路上,その他,20歳代,その他,施錠せず
窃盗,自転車盗,城東,亀戸交番,131083,東京都,江東区,亀戸９丁目,2020-10-12,01,４階建て以上共同住宅,駐車（輪）場,20歳代,その他,施錠せず
窃盗,自転車盗,城東,天神橋交番,131083,東京都,江東区,亀戸２丁目,2019-12-21,19,道路上,その他,65-69歳,その他,施錠せず
窃盗,自転車盗,城東,天神橋交番,131083,東京都,江東区,亀戸２丁目,2020-01-09,15,道路上,その他,50歳代,その他,施錠せず
窃盗,自転車盗,城東,天神橋交番,131083,東京都,江東区,亀戸２丁目,2020-02-25,01,４階建て以上共同住宅,その他,40歳代,その他,施錠せず
窃盗,自転車盗,城東,天神橋交番,131083,東京都,江東区,亀戸２丁目,2020-02-25,01,４階建て以上共同住宅,その他,50歳代,その他,施錠せず
窃盗,自転車盗,城東,天神橋交番,131083,東京都,江東区,亀戸２丁目,2020-03-26,22,４階建て以上共同住宅,駐車（輪）場,20歳代,その他,施錠せず
窃盗,自転車盗,城東,天神橋交番,131083,東京都,江東区,亀戸３丁目,2020-02-10,18,４階建て以上共同住宅,その他,10歳代,高校生,施錠せず
窃盗,自転車盗,城東,天神橋交番,131083,東京都,江東区,亀戸３丁目,2020-02-26,19,一戸建住宅,その他,40歳代,その他,施錠せず
窃盗,自転車盗,城東,天神橋交番,131083,東京都,江東区,亀戸３丁目,2020-06-03,10,一戸建住宅,駐車（輪）場,10歳代,高校生,施錠せず
窃盗,自転車盗,城東,天神橋交番,131083,東京都,江東区,亀戸３丁目,2020-06-19,16,その他の住宅（３階建て以下共同住宅等）,駐車（輪）場,10歳代,高校生,施錠せず
窃盗,自転車盗,城東,亀戸駅前交番,131083,東京都,江東区,大島３丁目,2019-12-25,01,その他の住宅（３階建て以下共同住宅等）,駐車（輪）場,50歳代,その他,施錠せず
窃盗,自転車盗,城東,亀戸駅前交番,131083,東京都,江東区,亀戸１丁目,2020-02-14,20,４階建て以上共同住宅,その他,30歳代,その他,施錠せず
窃盗,自転車盗,城東,亀戸駅前交番,131083,東京都,江東区,亀戸２丁目,2020-03-01,09,４階建て以上共同住宅,駐車（輪）場,40歳代,その他,施錠せず
窃盗,自転車盗,城東,亀戸駅前交番,131083,東京都,江東区,亀戸２丁目,2020-03-02,20,４階建て以上共同住宅,駐車（輪）場,10歳代,小学生,施錠せず
窃盗,自転車盗,城東,亀戸駅前交番,131083,東京都,江東区,亀戸２丁目,2020-03-24,23,道路上,その他,30歳代,その他,施錠せず
窃盗,自転車盗,城東,亀戸駅前交番,131083,東京都,江東区,亀戸２丁目,2020-04-03,01,４階建て以上共同住宅,駐車（輪）場,30歳代,その他,施錠せず
窃盗,自転車盗,城東,亀戸駅前交番,131083,東京都,江東区,亀戸２丁目,2020-06-03,00,４階建て以上共同住宅,駐車（輪）場,40歳代,その他,施錠せず
窃盗,自転車盗,城東,亀戸駅前交番,131083,東京都,江東区,亀戸２丁目,2020-06-03,19,駐車（輪）場,駐車（輪）場,20歳代,その他,施錠せず
窃盗,自転車盗,城東,亀戸駅前交番,131083,東京都,江東区,亀戸２丁目,2020-07-16,15,その他,駐車（輪）場,50歳代,その他,施錠せず
窃盗,自転車盗,城東,亀戸駅前交番,131083,東京都,江東区,亀戸２丁目,2020-07-22,08,駐車（輪）場,駐車（輪）場,40歳代,その他,施錠せず
窃盗,自転車盗,城東,亀戸駅前交番,131083,東京都,江東区,亀戸２丁目,2020-09-28,18,４階建て以上共同住宅,駐車（輪）場,10歳代,中学生,施錠せず
窃盗,自転車盗,城東,亀戸駅前交番,131083,東京都,江東区,亀戸３丁目,2020-01-13,13,４階建て以上共同住宅,駐車（輪）場,10歳代,中学生,施錠せず
窃盗,自転車盗,城東,亀戸駅前交番,131083,東京都,江東区,亀戸４丁目,2019-12-15,16,４階建て以上共同住宅,駐車（輪）場,20歳代,その他,施錠せず
窃盗,自転車盗,城東,亀戸駅前交番,131083,東京都,江東区,亀戸４丁目,2020-04-20,20,一戸建住宅,その他,20歳代,その他,施錠せず
窃盗,自転車盗,城東,亀戸駅前交番,131083,東京都,江東区,亀戸４丁目,2020-04-28,15,一戸建住宅,その他,50歳代,その他,施錠せず
窃盗,自転車盗,城東,亀戸駅前交番,131083,東京都,江東区,亀戸４丁目,2020-06-24,17,４階建て以上共同住宅,駐車（輪）場,20歳代,その他,施錠せず
窃盗,自転車盗,城東,亀戸駅前交番,131083,東京都,江東区,亀戸４丁目,2020-08-05,22,４階建て以上共同住宅,駐車（輪）場,20歳代,その他,施錠せず
窃盗,自転車盗,城東,亀戸駅前交番,131083,東京都,江東区,亀戸４丁目,2020-08-26,12,一戸建住宅,駐車（輪）場,50歳代,その他,施錠せず
窃盗,自転車盗,城東,亀戸駅前交番,131083,東京都,江東区,亀戸５丁目,2019-12-24,11,その他,駐車（輪）場,20歳代,その他,施錠せず
窃盗,自転車盗,城東,亀戸駅前交番,131083,東京都,江東区,亀戸５丁目,2019-12-24,16,道路上,その他,10歳代,大学生,施錠せず
窃盗,自転車盗,城東,亀戸駅前交番,131083,東京都,江東区,亀戸５丁目,2020-01-13,22,道路上,その他,法人・団体、被害者なし,法人・団体、被害者なし,施錠せず
窃盗,自転車盗,城東,亀戸駅前交番,131083,東京都,江東区,亀戸５丁目,2020-02-28,19,駐車（輪）場,駐車（輪）場,50歳代,その他,施錠せず
窃盗,自転車盗,城東,亀戸駅前交番,131083,東京都,江東区,亀戸５丁目,2020-03-01,16,道路上,その他,30歳代,その他,施錠せず
窃盗,自転車盗,城東,亀戸駅前交番,131083,東京都,江東区,亀戸５丁目,2020-03-09,22,道路上,その他,30歳代,その他,施錠せず
窃盗,自転車盗,城東,亀戸駅前交番,131083,東京都,江東区,亀戸５丁目,2020-07-05,23,道路上,その他,20歳代,大学生,施錠せず
窃盗,自転車盗,城東,亀戸駅前交番,131083,東京都,江東区,亀戸５丁目,2020-08-10,10,４階建て以上共同住宅,駐車（輪）場,10歳代,その他,施錠せず
窃盗,自転車盗,城東,亀戸駅前交番,131083,東京都,江東区,亀戸５丁目,2020-08-15,15,４階建て以上共同住宅,駐車（輪）場,70歳以上,その他,施錠せず
窃盗,自転車盗,城東,亀戸駅前交番,131083,東京都,江東区,亀戸５丁目,2020-08-19,20,道路上,その他,50歳代,その他,施錠せず
窃盗,自転車盗,城東,亀戸駅前交番,131083,東京都,江東区,亀戸５丁目,2020-09-10,18,その他,駐車（輪）場,60-64歳,その他,施錠せず
窃盗,自転車盗,城東,亀戸駅前交番,131083,東京都,江東区,亀戸５丁目,2020-10-20,14,４階建て以上共同住宅,駐車（輪）場,10歳代,高校生,施錠せず
窃盗,自転車盗,城東,亀戸駅前交番,131083,東京都,江東区,亀戸５丁目,2020-12-08,00,駐車（輪）場,駐車（輪）場,20歳代,その他,施錠せず
窃盗,自転車盗,城東,亀戸駅前交番,131083,東京都,江東区,亀戸６丁目,2019-12-25,20,道路上,その他,10歳代,大学生,施錠せず
窃盗,自転車盗,城東,亀戸駅前交番,131083,東京都,江東区,亀戸６丁目,2020-01-24,19,道路上,その他,40歳代,その他,施錠せず
窃盗,自転車盗,城東,亀戸駅前交番,131083,東京都,江東区,亀戸６丁目,2020-03-09,05,駐車（輪）場,駐車（輪）場,20歳代,その他,施錠せず
窃盗,自転車盗,城東,亀戸駅前交番,131083,東京都,江東区,亀戸６丁目,2020-04-25,13,４階建て以上共同住宅,駐車（輪）場,20歳代,その他,施錠せず
窃盗,自転車盗,城東,亀戸駅前交番,131083,東京都,江東区,亀戸６丁目,2020-05-26,23,４階建て以上共同住宅,駐車（輪）場,30歳代,その他,施錠せず
窃盗,自転車盗,城東,亀戸駅前交番,131083,東京都,江東区,亀戸６丁目,2020-08-12,09,駐車（輪）場,駐車（輪）場,20歳代,その他,施錠せず
窃盗,自転車盗,城東,亀戸駅前交番,131083,東京都,江東区,亀戸６丁目,2020-08-19,21,その他,駐車（輪）場,20歳代,その他,施錠せず
窃盗,自転車盗,城東,亀戸駅前交番,131083,東京都,江東区,亀戸６丁目,2020-09-17,09,その他,駐車（輪）場,10歳代,高校生,施錠せず
窃盗,自転車盗,城東,亀戸駅前交番,131083,東京都,江東区,亀戸６丁目,2020-11-26,23,４階建て以上共同住宅,駐車（輪）場,20歳代,その他,施錠せず
窃盗,自転車盗,城東,亀戸駅前交番,131083,東京都,江東区,亀戸８丁目,2020-03-24,16,駐車（輪）場,駐車（輪）場,40歳代,その他,施錠せず
窃盗,自転車盗,城東,東大島駅前交番,131083,東京都,江東区,大島７丁目,2020-02-27,14,４階建て以上共同住宅,駐車（輪）場,10歳代,高校生,施錠せず
窃盗,自転車盗,城東,東大島駅前交番,131083,東京都,江東区,大島７丁目,2020-03-05,19,一戸建住宅,その他,40歳代,その他,施錠せず
窃盗,自転車盗,城東,東大島駅前交番,131083,東京都,江東区,大島７丁目,2020-03-21,22,道路上,その他,30歳代,その他,施錠せず
窃盗,自転車盗,城東,東大島駅前交番,131083,東京都,江東区,大島７丁目,2020-04-09,21,４階建て以上共同住宅,駐車（輪）場,40歳代,その他,施錠せず
窃盗,自転車盗,城東,東大島駅前交番,131083,東京都,江東区,大島７丁目,2020-05-17,13,その他,駐車（輪）場,50歳代,その他,施錠せず
窃盗,自転車盗,城東,東大島駅前交番,131083,東京都,江東区,大島７丁目,2020-10-22,18,その他,駐車（輪）場,40歳代,その他,施錠せず
窃盗,自転車盗,城東,東大島駅前交番,131083,東京都,江東区,大島７丁目,2020-10-27,17,その他,駐車（輪）場,20歳代,大学生,施錠せず
窃盗,自転車盗,城東,東大島駅前交番,131083,東京都,江東区,大島８丁目,2019-12-20,09,道路上,その他,60-64歳,その他,施錠せず
窃盗,自転車盗,城東,東大島駅前交番,131083,東京都,江東区,大島８丁目,2020-02-04,23,駐車（輪）場,駐車（輪）場,20歳代,大学生,施錠せず
窃盗,自転車盗,城東,東大島駅前交番,131083,東京都,江東区,大島８丁目,2020-03-31,08,その他の住宅（３階建て以下共同住宅等）,その他,10歳代,中学生,施錠せず
窃盗,自転車盗,城東,東大島駅前交番,131083,東京都,江東区,大島８丁目,2020-06-18,21,その他,駐車（輪）場,10歳代,高校生,施錠せず
窃盗,自転車盗,城東,東大島駅前交番,131083,東京都,江東区,大島８丁目,2020-07-10,07,道路上,その他,65-69歳,その他,施錠せず
窃盗,自転車盗,城東,東大島駅前交番,131083,東京都,江東区,大島８丁目,2020-09-27,10,道路上,その他,65-69歳,その他,施錠せず
窃盗,自転車盗,城東,東大島駅前交番,131083,東京都,江東区,大島９丁目,2020-01-11,22,４階建て以上共同住宅,駐車（輪）場,70歳以上,その他,施錠せず
窃盗,自転車盗,城東,東大島駅前交番,131083,東京都,江東区,大島９丁目,2020-02-24,21,その他,その他,10歳代,中学生,施錠せず
窃盗,自転車盗,城東,東大島駅前交番,131083,東京都,江東区,大島９丁目,2020-02-28,07,駐車（輪）場,駐車（輪）場,10歳代,高校生,施錠せず
窃盗,自転車盗,城東,東大島駅前交番,131083,東京都,江東区,大島９丁目,2020-03-09,13,４階建て以上共同住宅,駐車（輪）場,40歳代,その他,施錠せず
窃盗,自転車盗,城東,東大島駅前交番,131083,東京都,江東区,大島９丁目,2020-03-26,08,駐車（輪）場,駐車（輪）場,20歳代,その他,施錠せず
窃盗,自転車盗,城東,東大島駅前交番,131083,東京都,江東区,大島９丁目,2020-06-08,19,４階建て以上共同住宅,駐車（輪）場,10歳代,小学生,施錠せず
窃盗,自転車盗,城東,東大島駅前交番,131083,東京都,江東区,大島９丁目,2020-08-30,16,道路上,その他,10歳代,中学生,施錠せず
窃盗,自転車盗,城東,東大島駅前交番,131083,東京都,江東区,大島９丁目,2020-10-14,09,道路上,その他,10歳代,高校生,施錠せず
窃盗,自転車盗,城東,東大島駅前交番,131083,東京都,江東区,亀戸９丁目,2020-08-12,07,４階建て以上共同住宅,駐車（輪）場,10歳代,中学生,施錠せず
窃盗,自転車盗,本所,両国交番,131075,東京都,墨田区,千歳３丁目,2019-12-26,19,道路上,その他,10歳代,中学生,施錠せず
窃盗,自転車盗,本所,両国交番,131075,東京都,墨田区,千歳３丁目,2020-05-25,17,４階建て以上共同住宅,駐車（輪）場,20歳代,その他,施錠せず
窃盗,自転車盗,本所,両国交番,131075,東京都,墨田区,千歳３丁目,2020-08-20,18,一戸建住宅,その他,30歳代,その他,施錠せず
窃盗,自転車盗,本所,両国交番,131075,東京都,墨田区,緑１丁目,2020-07-23,20,道路上,その他,10歳代,中学生,施錠せず
窃盗,自転車盗,本所,両国交番,131075,東京都,墨田区,緑２丁目,2020-07-04,23,道路上,その他,20歳代,その他,施錠せず
窃盗,自転車盗,本所,両国交番,131075,東京都,墨田区,両国１丁目,2019-12-22,15,道路上,その他,70歳以上,その他,施錠せず
窃盗,自転車盗,本所,両国交番,131075,東京都,墨田区,両国１丁目,2020-01-17,19,道路上,その他,30歳代,その他,施錠せず
窃盗,自転車盗,本所,両国交番,131075,東京都,墨田区,両国１丁目,2020-03-13,20,道路上,その他,10歳代,高校生,施錠せず
窃盗,自転車盗,本所,両国交番,131075,東京都,墨田区,両国１丁目,2020-04-28,17,道路上,その他,70歳以上,その他,施錠せず
窃盗,自転車盗,本所,両国交番,131075,東京都,墨田区,両国１丁目,2020-05-23,16,道路上,その他,60-64歳,その他,施錠せず
窃盗,自転車盗,本所,両国交番,131075,東京都,墨田区,両国２丁目,2019-12-20,03,４階建て以上共同住宅,駐車（輪）場,40歳代,その他,施錠せず
窃盗,自転車盗,本所,両国交番,131075,東京都,墨田区,両国２丁目,2019-12-22,20,道路上,その他,20歳代,その他,施錠せず
窃盗,自転車盗,本所,両国交番,131075,東京都,墨田区,両国２丁目,2019-12-22,21,駐車（輪）場,駐車（輪）場,40歳代,その他,施錠せず
窃盗,自転車盗,本所,両国交番,131075,東京都,墨田区,両国２丁目,2020-05-23,19,道路上,その他,10歳代,その他,施錠せず
窃盗,自転車盗,本所,両国交番,131075,東京都,墨田区,両国２丁目,2020-05-24,12,４階建て以上共同住宅,駐車（輪）場,40歳代,その他,施錠せず
窃盗,自転車盗,本所,両国交番,131075,東京都,墨田区,両国２丁目,2020-06-14,07,４階建て以上共同住宅,駐車（輪）場,40歳代,その他,施錠せず
窃盗,自転車盗,本所,両国交番,131075,東京都,墨田区,両国２丁目,2020-08-14,18,４階建て以上共同住宅,駐車（輪）場,10歳代,中学生,施錠せず
窃盗,自転車盗,本所,両国交番,131075,東京都,墨田区,両国２丁目,2020-09-25,18,道路上,その他,70歳以上,その他,施錠せず
窃盗,自転車盗,本所,両国交番,131075,東京都,墨田区,両国３丁目,2020-09-06,14,４階建て以上共同住宅,駐車（輪）場,40歳代,その他,施錠せず
窃盗,自転車盗,本所,両国交番,131075,東京都,墨田区,両国４丁目,2019-10-01,00,駐車（輪）場,駐車（輪）場,30歳代,その他,施錠せず
窃盗,自転車盗,本所,両国交番,131075,東京都,墨田区,両国４丁目,2020-01-18,19,道路上,その他,20歳代,その他,施錠せず
窃盗,自転車盗,本所,両国交番,131075,東京都,墨田区,両国４丁目,2020-02-08,10,駐車（輪）場,駐車（輪）場,20歳代,その他,施錠せず
窃盗,自転車盗,本所,両国交番,131075,東京都,墨田区,両国４丁目,2020-03-10,07,道路上,その他,20歳代,その他,施錠せず
窃盗,自転車盗,本所,両国交番,131075,東京都,墨田区,両国４丁目,2020-06-17,12,その他,その他,30歳代,その他,施錠せず
窃盗,自転車盗,本所,菊川二丁目交番,131075,東京都,墨田区,菊川１丁目,2020-03-16,16,道路上,その他,30歳代,その他,施錠せず
窃盗,自転車盗,本所,菊川二丁目交番,131075,東京都,墨田区,菊川２丁目,2020-08-08,18,道路上,その他,10歳代,中学生,施錠せず
窃盗,自転車盗,本所,菊川二丁目交番,131075,東京都,墨田区,菊川３丁目,2019-12-24,08,駐車（輪）場,駐車（輪）場,40歳代,その他,施錠せず
窃盗,自転車盗,本所,菊川二丁目交番,131075,東京都,墨田区,菊川３丁目,2020-11-05,13,道路上,その他,30歳代,その他,施錠せず
窃盗,自転車盗,本所,菊川二丁目交番,131075,東京都,墨田区,立川１丁目,2020-03-13,21,その他の住宅（３階建て以下共同住宅等）,駐車（輪）場,50歳代,その他,施錠せず
窃盗,自転車盗,本所,菊川二丁目交番,131075,東京都,墨田区,立川２丁目,2020-04-15,20,４階建て以上共同住宅,その他,40歳代,その他,施錠せず
窃盗,自転車盗,本所,菊川二丁目交番,131075,東京都,墨田区,立川２丁目,2020-06-14,19,４階建て以上共同住宅,その他,30歳代,その他,施錠せず
窃盗,自転車盗,本所,菊川二丁目交番,131075,東京都,墨田区,立川３丁目,2020-01-12,10,道路上,その他,10歳代,中学生,施錠せず
窃盗,自転車盗,本所,菊川二丁目交番,131075,東京都,墨田区,立川３丁目,2020-05-27,20,その他の住宅（３階建て以下共同住宅等）,駐車（輪）場,30歳代,その他,施錠せず
窃盗,自転車盗,本所,菊川二丁目交番,131075,東京都,墨田区,立川４丁目,2020-08-25,06,一戸建住宅,その他,20歳代,大学生,施錠せず
窃盗,自転車盗,本所,菊川二丁目交番,131075,東京都,墨田区,横川３丁目,2020-09-18,18,一戸建住宅,その他,30歳代,その他,施錠せず
窃盗,自転車盗,本所,江東橋交番,131075,東京都,墨田区,亀沢１丁目,2019-11-17,19,道路上,その他,30歳代,その他,施錠せず
窃盗,自転車盗,本所,江東橋交番,131075,東京都,墨田区,亀沢１丁目,2019-12-27,19,道路上,その他,70歳以上,その他,施錠せず
窃盗,自転車盗,本所,江東橋交番,131075,東京都,墨田区,亀沢１丁目,2020-02-17,05,道路上,その他,20歳代,その他,施錠せず
窃盗,自転車盗,本所,江東橋交番,131075,東京都,墨田区,亀沢１丁目,2020-09-08,09,道路上,その他,65-69歳,その他,施錠せず
窃盗,自転車盗,本所,江東橋交番,131075,東京都,墨田区,亀沢３丁目,2019-11-24,15,４階建て以上共同住宅,駐車（輪）場,30歳代,その他,施錠せず
窃盗,自転車盗,本所,江東橋交番,131075,東京都,墨田区,亀沢３丁目,2019-12-01,17,駐車（輪）場,駐車（輪）場,50歳代,その他,施錠せず
窃盗,自転車盗,本所,江東橋交番,131075,東京都,墨田区,亀沢３丁目,2020-03-25,19,その他,駐車（輪）場,50歳代,その他,施錠せず
窃盗,自転車盗,本所,江東橋交番,131075,東京都,墨田区,亀沢３丁目,2020-04-21,12,その他,駐車（輪）場,40歳代,その他,施錠せず
窃盗,自転車盗,本所,江東橋交番,131075,東京都,墨田区,亀沢４丁目,2020-05-05,12,道路上,その他,60-64歳,その他,施錠せず
窃盗,自転車盗,本所,江東橋交番,131075,東京都,墨田区,亀沢４丁目,2020-07-15,08,４階建て以上共同住宅,その他,40歳代,その他,施錠せず
窃盗,自転車盗,本所,江東橋交番,131075,東京都,墨田区,亀沢４丁目,2020-09-01,00,４階建て以上共同住宅,駐車（輪）場,30歳代,その他,施錠せず
窃盗,自転車盗,本所,江東橋交番,131075,東京都,墨田区,錦糸４丁目,2020-08-05,18,４階建て以上共同住宅,駐車（輪）場,10歳代,高校生,施錠せず
窃盗,自転車盗,本所,江東橋交番,131075,東京都,墨田区,江東橋１丁目,2019-12-17,19,道路上,その他,20歳代,その他,施錠せず
窃盗,自転車盗,本所,江東橋交番,131075,東京都,墨田区,江東橋１丁目,2020-02-21,17,その他の住宅（３階建て以下共同住宅等）,駐車（輪）場,40歳代,その他,施錠せず
窃盗,自転車盗,本所,江東橋交番,131075,東京都,墨田区,緑１丁目,2020-01-15,22,４階建て以上共同住宅,駐車（輪）場,30歳代,その他,施錠せず
窃盗,自転車盗,本所,江東橋交番,131075,東京都,墨田区,緑１丁目,2020-07-22,22,４階建て以上共同住宅,駐車（輪）場,20歳代,その他,施錠せず
窃盗,自転車盗,本所,江東橋交番,131075,東京都,墨田区,緑１丁目,2020-08-17,22,道路上,その他,60-64歳,その他,施錠せず
窃盗,自転車盗,本所,江東橋交番,131075,東京都,墨田区,緑１丁目,2020-11-04,16,４階建て以上共同住宅,駐車（輪）場,20歳代,その他,施錠せず
窃盗,自転車盗,本所,江東橋交番,131075,東京都,墨田区,緑２丁目,2020-05-06,08,その他,駐車（輪）場,50歳代,その他,施錠せず
窃盗,自転車盗,本所,江東橋交番,131075,東京都,墨田区,緑２丁目,2020-05-22,17,４階建て以上共同住宅,駐車（輪）場,10歳代,高校生,施錠せず
窃盗,自転車盗,本所,江東橋交番,131075,東京都,墨田区,緑２丁目,2020-10-12,20,４階建て以上共同住宅,駐車（輪）場,20歳代,その他,施錠せず
窃盗,自転車盗,本所,江東橋交番,131075,東京都,墨田区,緑３丁目,2020-07-09,13,その他の住宅（３階建て以下共同住宅等）,駐車（輪）場,20歳代,大学生,施錠せず
窃盗,自転車盗,本所,江東橋交番,131075,東京都,墨田区,緑４丁目,2020-03-09,19,４階建て以上共同住宅,駐車（輪）場,法人・団体、被害者なし,法人・団体、被害者なし,施錠せず
窃盗,自転車盗,本所,江東橋交番,131075,東京都,墨田区,緑４丁目,2020-05-28,21,道路上,その他,30歳代,その他,施錠せず
窃盗,自転車盗,本所,江東橋交番,131075,東京都,墨田区,緑４丁目,2020-09-30,20,その他の住宅（３階建て以下共同住宅等）,駐車（輪）場,50歳代,その他,施錠せず
窃盗,自転車盗,本所,錦糸町駅南口交番,131075,東京都,墨田区,錦糸４丁目,2019-11-17,19,その他,駐車（輪）場,20歳代,その他,施錠せず
窃盗,自転車盗,本所,錦糸町駅南口交番,131075,東京都,墨田区,錦糸４丁目,2020-11-12,13,その他,駐車（輪）場,10歳代,高校生,施錠せず
窃盗,自転車盗,本所,錦糸町駅南口交番,131075,東京都,墨田区,江東橋２丁目,2020-01-27,21,その他,その他,50歳代,その他,施錠せず
窃盗,自転車盗,本所,錦糸町駅南口交番,131075,東京都,墨田区,江東橋２丁目,2020-02-12,06,道路上,その他,65-69歳,その他,施錠せず
窃盗,自転車盗,本所,錦糸町駅南口交番,131075,東京都,墨田区,江東橋３丁目,2020-01-08,09,道路上,その他,20歳代,その他,施錠せず
窃盗,自転車盗,本所,錦糸町駅南口交番,131075,東京都,墨田区,江東橋３丁目,2020-02-11,12,その他,駐車（輪）場,40歳代,その他,施錠せず
窃盗,自転車盗,本所,錦糸町駅南口交番,131075,東京都,墨田区,江東橋３丁目,2020-02-28,01,道路上,その他,50歳代,その他,施錠せず
窃盗,自転車盗,本所,錦糸町駅南口交番,131075,東京都,墨田区,江東橋３丁目,2020-08-16,03,道路上,その他,30歳代,その他,施錠せず
窃盗,自転車盗,本所,錦糸町駅南口交番,131075,東京都,墨田区,江東橋３丁目,2020-08-19,22,道路上,その他,60-64歳,その他,施錠せず
窃盗,自転車盗,本所,錦糸町駅南口交番,131075,東京都,墨田区,江東橋３丁目,2020-09-14,16,その他,駐車（輪）場,30歳代,その他,施錠せず
窃盗,自転車盗,本所,錦糸町駅南口交番,131075,東京都,墨田区,江東橋３丁目,2020-10-23,18,道路上,その他,10歳代,その他,施錠せず
窃盗,自転車盗,本所,錦糸町駅南口交番,131075,東京都,墨田区,江東橋４丁目,2019-11-25,09,その他,駐車（輪）場,30歳代,その他,施錠せず
窃盗,自転車盗,本所,錦糸町駅南口交番,131075,東京都,墨田区,江東橋４丁目,2020-01-02,13,駐車（輪）場,駐車（輪）場,30歳代,その他,施錠せず
窃盗,自転車盗,本所,錦糸町駅南口交番,131075,東京都,墨田区,江東橋４丁目,2020-01-11,00,道路上,その他,30歳代,その他,施錠せず
窃盗,自転車盗,本所,錦糸町駅南口交番,131075,東京都,墨田区,江東橋４丁目,2020-06-05,20,その他,駐車（輪）場,30歳代,その他,施錠せず
窃盗,自転車盗,本所,錦糸町駅南口交番,131075,東京都,墨田区,江東橋４丁目,2020-10-07,13,その他,駐車（輪）場,50歳代,その他,施錠せず
窃盗,自転車盗,本所,錦糸町駅北口交番,131075,東京都,墨田区,錦糸１丁目,2020-02-14,06,４階建て以上共同住宅,その他,20歳代,その他,施錠せず
窃盗,自転車盗,本所,錦糸町駅北口交番,131075,東京都,墨田区,錦糸１丁目,2020-10-22,09,４階建て以上共同住宅,駐車（輪）場,10歳代,中学生,施錠せず
窃盗,自転車盗,本所,錦糸町駅北口交番,131075,東京都,墨田区,錦糸１丁目,2020-11-02,22,４階建て以上共同住宅,駐車（輪）場,30歳代,その他,施錠せず
窃盗,自転車盗,本所,錦糸町駅北口交番,131075,東京都,墨田区,錦糸２丁目,2020-05-02,21,道路上,その他,30歳代,その他,施錠せず
窃盗,自転車盗,本所,錦糸町駅北口交番,131075,東京都,墨田区,錦糸２丁目,2020-09-05,03,４階建て以上共同住宅,その他,30歳代,その他,施錠せず
窃盗,自転車盗,本所,錦糸町駅北口交番,131075,東京都,墨田区,錦糸４丁目,2019-12-20,11,その他,その他,10歳代,高校生,施錠せず
窃盗,自転車盗,本所,錦糸町駅北口交番,131075,東京都,墨田区,錦糸４丁目,2020-01-11,19,道路上,その他,60-64歳,その他,施錠せず
窃盗,自転車盗,本所,錦糸町駅北口交番,131075,東京都,墨田区,錦糸４丁目,2020-03-02,21,その他,その他,20歳代,その他,施錠せず
窃盗,自転車盗,本所,錦糸町駅北口交番,131075,東京都,墨田区,錦糸４丁目,2020-03-21,16,その他,駐車（輪）場,10歳代,高校生,施錠せず
窃盗,自転車盗,本所,錦糸町駅北口交番,131075,東京都,墨田区,錦糸４丁目,2020-03-24,14,道路上,その他,10歳代,中学生,施錠せず
窃盗,自転車盗,本所,錦糸町駅北口交番,131075,東京都,墨田区,錦糸４丁目,2020-04-10,10,その他,その他,40歳代,その他,施錠せず
窃盗,自転車盗,本所,錦糸町駅北口交番,131075,東京都,墨田区,錦糸４丁目,2020-07-20,07,その他,その他,10歳代,中学生,施錠せず
窃盗,自転車盗,本所,錦糸町駅北口交番,131075,東京都,墨田区,錦糸４丁目,2020-09-21,19,その他,その他,40歳代,その他,施錠せず
窃盗,自転車盗,本所,錦糸町駅北口交番,131075,東京都,墨田区,錦糸４丁目,2020-10-17,05,その他の住宅（３階建て以下共同住宅等）,その他,70歳以上,その他,施錠せず
窃盗,自転車盗,本所,錦糸町駅北口交番,131075,東京都,墨田区,錦糸４丁目,2020-11-13,01,その他,その他,40歳代,その他,施錠せず
窃盗,自転車盗,本所,錦糸町駅北口交番,131075,東京都,墨田区,太平１丁目,2020-01-24,18,一戸建住宅,その他,20歳代,その他,施錠せず
窃盗,自転車盗,本所,錦糸町駅北口交番,131075,東京都,墨田区,業平５丁目,2020-08-15,10,その他,駐車（輪）場,10歳代,高校生,施錠せず
窃盗,自転車盗,本所,錦糸町駅北口交番,131075,東京都,墨田区,本所４丁目,2020-08-13,07,その他の住宅（３階建て以下共同住宅等）,駐車（輪）場,20歳代,その他,施錠せず
窃盗,自転車盗,本所,横川交番,131075,東京都,墨田区,太平３丁目,2019-11-22,09,道路上,その他,70歳以上,その他,施錠せず
窃盗,自転車盗,本所,横川交番,131075,東京都,墨田区,太平３丁目,2020-03-11,14,道路上,その他,60-64歳,その他,施錠せず
窃盗,自転車盗,本所,横川交番,131075,東京都,墨田区,太平４丁目,2020-05-24,01,道路上,その他,30歳代,その他,施錠せず
窃盗,自転車盗,本所,横川交番,131075,東京都,墨田区,太平４丁目,2020-07-12,17,道路上,その他,30歳代,その他,施錠せず
窃盗,自転車盗,本所,横川交番,131075,東京都,墨田区,業平３丁目,2020-09-19,21,一戸建住宅,その他,70歳以上,その他,施錠せず
窃盗,自転車盗,本所,横川交番,131075,東京都,墨田区,本所４丁目,2020-06-30,16,その他,その他,40歳代,その他,施錠せず
窃盗,自転車盗,本所,横川交番,131075,東京都,墨田区,本所４丁目,2020-08-04,19,４階建て以上共同住宅,駐車（輪）場,40歳代,その他,施錠せず
窃盗,自転車盗,本所,横川交番,131075,東京都,墨田区,本所４丁目,2020-09-15,13,４階建て以上共同住宅,駐車（輪）場,30歳代,その他,施錠せず
窃盗,自転車盗,本所,横川交番,131075,東京都,墨田区,本所４丁目,2020-09-15,13,４階建て以上共同住宅,駐車（輪）場,30歳代,その他,施錠せず
窃盗,自転車盗,本所,横川交番,131075,東京都,墨田区,本所４丁目,2020-10-03,13,４階建て以上共同住宅,駐車（輪）場,40歳代,その他,施錠せず
窃盗,自転車盗,本所,横川交番,131075,東京都,墨田区,本所４丁目,2020-10-10,23,道路上,その他,20歳代,その他,施錠せず
窃盗,自転車盗,本所,横川交番,131075,東京都,墨田区,横川１丁目,2020-03-23,16,その他,駐車（輪）場,10歳代,中学生,施錠せず
窃盗,自転車盗,本所,横川交番,131075,東京都,墨田区,横川１丁目,2020-05-23,18,４階建て以上共同住宅,駐車（輪）場,10歳代,その他,施錠せず
窃盗,自転車盗,本所,横川交番,131075,東京都,墨田区,横川２丁目,2019-11-25,09,４階建て以上共同住宅,駐車（輪）場,20歳代,その他,施錠せず
窃盗,自転車盗,本所,横川交番,131075,東京都,墨田区,横川２丁目,2020-01-01,14,道路上,その他,70歳以上,その他,施錠せず
窃盗,自転車盗,本所,横川交番,131075,東京都,墨田区,横川３丁目,2019-12-11,14,道路上,その他,20歳代,その他,施錠せず
窃盗,自転車盗,本所,横川交番,131075,東京都,墨田区,横川３丁目,2019-12-14,01,一戸建住宅,駐車（輪）場,40歳代,その他,施錠せず
窃盗,自転車盗,本所,横川交番,131075,東京都,墨田区,横川３丁目,2020-01-28,23,道路上,その他,30歳代,その他,施錠せず
窃盗,自転車盗,本所,横川交番,131075,東京都,墨田区,横川３丁目,2020-04-10,10,一戸建住宅,駐車（輪）場,30歳代,その他,施錠せず
窃盗,自転車盗,本所,横川交番,131075,東京都,墨田区,横川３丁目,2020-07-27,08,４階建て以上共同住宅,駐車（輪）場,65-69歳,その他,施錠せず
窃盗,自転車盗,本所,横川交番,131075,東京都,墨田区,横川４丁目,2020-03-11,23,一戸建住宅,駐車（輪）場,70歳以上,その他,施錠せず
窃盗,自転車盗,本所,横川交番,131075,東京都,墨田区,横川５丁目,2019-12-04,19,４階建て以上共同住宅,駐車（輪）場,40歳代,その他,施錠せず
窃盗,自転車盗,本所,横川交番,131075,東京都,墨田区,横川５丁目,2020-05-17,08,道路上,その他,40歳代,その他,施錠せず
窃盗,自転車盗,本所,横川交番,131075,東京都,墨田区,横川５丁目,2020-07-31,15,４階建て以上共同住宅,駐車（輪）場,70歳以上,その他,施錠せず
窃盗,自転車盗,本所,押上駅前交番,131075,東京都,墨田区,押上１丁目,2019-12-02,17,一戸建住宅,駐車（輪）場,30歳代,その他,施錠せず
窃盗,自転車盗,本所,押上駅前交番,131075,東京都,墨田区,押上１丁目,2020-03-04,16,道路上,その他,30歳代,その他,施錠せず
窃盗,自転車盗,本所,押上駅前交番,131075,東京都,墨田区,押上１丁目,2020-06-14,10,その他,駐車（輪）場,30歳代,その他,施錠せず
窃盗,自転車盗,本所,押上駅前交番,131075,東京都,墨田区,押上１丁目,2020-08-05,00,道路上,その他,50歳代,その他,施錠せず
窃盗,自転車盗,本所,押上駅前交番,131075,東京都,墨田区,押上１丁目,2020-08-25,22,道路上,その他,30歳代,その他,施錠せず
窃盗,自転車盗,本所,押上駅前交番,131075,東京都,墨田区,押上１丁目,2020-09-18,19,道路上,その他,10歳代,中学生,施錠せず
窃盗,自転車盗,本所,押上駅前交番,131075,東京都,墨田区,押上１丁目,2020-10-03,22,道路上,その他,10歳代,高校生,施錠せず
窃盗,自転車盗,本所,押上駅前交番,131075,東京都,墨田区,押上２丁目,2019-12-19,08,駐車（輪）場,駐車（輪）場,40歳代,その他,施錠せず
窃盗,自転車盗,本所,押上駅前交番,131075,東京都,墨田区,押上２丁目,2020-11-01,19,駐車（輪）場,駐車（輪）場,20歳代,その他,施錠せず
窃盗,自転車盗,本所,押上駅前交番,131075,東京都,墨田区,業平１丁目,2020-03-17,07,その他の住宅（３階建て以下共同住宅等）,その他,40歳代,その他,施錠せず
窃盗,自転車盗,本所,押上駅前交番,131075,東京都,墨田区,業平１丁目,2020-05-26,12,その他,駐車（輪）場,30歳代,その他,施錠せず
窃盗,自転車盗,本所,押上駅前交番,131075,東京都,墨田区,業平１丁目,2020-06-12,23,道路上,その他,50歳代,その他,施錠せず
窃盗,自転車盗,本所,押上駅前交番,131075,東京都,墨田区,業平２丁目,2020-02-21,10,一戸建住宅,駐車（輪）場,20歳代,その他,施錠せず
窃盗,自転車盗,本所,押上駅前交番,131075,東京都,墨田区,業平２丁目,2020-06-02,07,道路上,その他,50歳代,その他,施錠せず
窃盗,自転車盗,本所,押上駅前交番,131075,東京都,墨田区,業平２丁目,2020-07-10,16,その他,駐車（輪）場,30歳代,その他,施錠せず
窃盗,自転車盗,本所,押上駅前交番,131075,東京都,墨田区,業平３丁目,2019-11-19,17,その他,駐車（輪）場,20歳代,大学生,施錠せず
窃盗,自転車盗,本所,押上駅前交番,131075,東京都,墨田区,業平３丁目,2020-01-26,18,４階建て以上共同住宅,駐車（輪）場,50歳代,その他,施錠せず
窃盗,自転車盗,本所,押上駅前交番,131075,東京都,墨田区,業平３丁目,2020-02-18,17,その他,駐車（輪）場,50歳代,その他,施錠せず
窃盗,自転車盗,本所,押上駅前交番,131075,東京都,墨田区,業平３丁目,2020-05-17,20,道路上,その他,30歳代,その他,施錠せず
窃盗,自転車盗,本所,押上駅前交番,131075,東京都,墨田区,業平３丁目,2020-08-01,11,道路上,その他,50歳代,その他,施錠せず
窃盗,自転車盗,本所,押上駅前交番,131075,東京都,墨田区,業平３丁目,2020-09-13,11,その他,駐車（輪）場,40歳代,その他,施錠せず
窃盗,自転車盗,本所,押上駅前交番,131075,東京都,墨田区,業平４丁目,2020-01-14,20,４階建て以上共同住宅,駐車（輪）場,20歳代,その他,施錠せず
窃盗,自転車盗,本所,押上駅前交番,131075,東京都,墨田区,業平４丁目,2020-01-18,09,道路上,その他,10歳代,その他,施錠せず
窃盗,自転車盗,本所,押上駅前交番,131075,東京都,墨田区,業平５丁目,2020-07-04,16,その他の住宅（３階建て以下共同住宅等）,駐車（輪）場,40歳代,その他,施錠せず
窃盗,自転車盗,本所,押上駅前交番,131075,東京都,墨田区,業平５丁目,2020-09-05,08,その他,その他,50歳代,その他,施錠せず
窃盗,自転車盗,本所,向島交番,131075,東京都,墨田区,押上１丁目,2020-02-08,22,４階建て以上共同住宅,駐車（輪）場,30歳代,その他,施錠せず
窃盗,自転車盗,本所,向島交番,131075,東京都,墨田区,押上２丁目,2019-11-25,08,駐車（輪）場,駐車（輪）場,20歳代,その他,施錠せず
窃盗,自転車盗,本所,向島交番,131075,東京都,墨田区,向島２丁目,2020-05-24,17,道路上,その他,40歳代,その他,施錠せず
窃盗,自転車盗,本所,向島交番,131075,東京都,墨田区,向島３丁目,2020-01-01,12,一戸建住宅,駐車（輪）場,65-69歳,その他,施錠せず
窃盗,自転車盗,本所,向島交番,131075,東京都,墨田区,向島３丁目,2020-02-22,22,４階建て以上共同住宅,駐車（輪）場,10歳代,高校生,施錠せず
窃盗,自転車盗,本所,向島交番,131075,東京都,墨田区,向島３丁目,2020-04-06,19,４階建て以上共同住宅,駐車（輪）場,10歳代,小学生,施錠せず
窃盗,自転車盗,本所,向島交番,131075,東京都,墨田区,向島４丁目,2020-07-12,16,４階建て以上共同住宅,駐車（輪）場,30歳代,その他,施錠せず
窃盗,自転車盗,本所,向島交番,131075,東京都,墨田区,向島５丁目,2020-03-02,17,道路上,その他,10歳代,高校生,施錠せず
窃盗,自転車盗,本所,向島交番,131075,東京都,墨田区,向島５丁目,2020-07-21,00,道路上,その他,50歳代,その他,施錠せず
窃盗,自転車盗,本所,向島交番,131075,東京都,墨田区,向島５丁目,2020-12-17,22,一戸建住宅,駐車（輪）場,10歳代,高校生,施錠せず
窃盗,自転車盗,本所,吾妻橋交番,131075,東京都,墨田区,東駒形１丁目,2020-10-20,04,道路上,その他,20歳代,その他,施錠せず
窃盗,自転車盗,本所,吾妻橋交番,131075,東京都,墨田区,東駒形２丁目,2020-10-13,20,一戸建住宅,その他,70歳以上,その他,施錠せず
窃盗,自転車盗,本所,吾妻橋交番,131075,東京都,墨田区,東駒形３丁目,2020-03-21,20,一戸建住宅,駐車（輪）場,50歳代,その他,施錠せず
窃盗,自転車盗,本所,横網交番,131075,東京都,墨田区,石原１丁目,2019-11-21,09,一戸建住宅,その他,法人・団体、被害者なし,法人・団体、被害者なし,施錠せず
窃盗,自転車盗,本所,横網交番,131075,東京都,墨田区,石原１丁目,2019-12-10,19,４階建て以上共同住宅,その他,20歳代,その他,施錠せず
窃盗,自転車盗,本所,横網交番,131075,東京都,墨田区,石原１丁目,2020-09-06,22,その他の住宅（３階建て以下共同住宅等）,駐車（輪）場,30歳代,その他,施錠せず
窃盗,自転車盗,本所,横網交番,131075,東京都,墨田区,石原１丁目,2020-09-20,18,その他,駐車（輪）場,20歳代,その他,施錠せず
窃盗,自転車盗,本所,横網交番,131075,東京都,墨田区,本所２丁目,2020-03-15,20,その他,駐車（輪）場,40歳代,その他,施錠せず
窃盗,自転車盗,本所,横網交番,131075,東京都,墨田区,本所２丁目,2020-04-18,17,一戸建住宅,駐車（輪）場,70歳以上,その他,施錠せず
窃盗,自転車盗,本所,横網交番,131075,東京都,墨田区,本所３丁目,2020-04-26,16,４階建て以上共同住宅,駐車（輪）場,20歳代,その他,施錠せず
窃盗,自転車盗,本所,横網交番,131075,東京都,墨田区,本所３丁目,2020-07-20,19,４階建て以上共同住宅,その他,40歳代,その他,施錠せず
窃盗,自転車盗,本所,横網交番,131075,東京都,墨田区,本所３丁目,2020-07-31,20,道路上,その他,30歳代,その他,施錠せず
窃盗,自転車盗,本所,横網交番,131075,東京都,墨田区,横網１丁目,2020-09-02,06,駐車（輪）場,駐車（輪）場,40歳代,その他,施錠せず
窃盗,自転車盗,本所,横網交番,131075,東京都,墨田区,横網２丁目,2020-08-05,10,その他,駐車（輪）場,70歳以上,その他,施錠せず
窃盗,自転車盗,本所,石原三丁目交番,131075,東京都,墨田区,石原１丁目,2019-11-29,23,道路上,その他,30歳代,その他,施錠せず
窃盗,自転車盗,本所,石原三丁目交番,131075,東京都,墨田区,石原１丁目,2019-12-07,14,４階建て以上共同住宅,駐車（輪）場,40歳代,その他,施錠せず
窃盗,自転車盗,本所,石原三丁目交番,131075,東京都,墨田区,石原１丁目,2020-09-21,19,４階建て以上共同住宅,駐車（輪）場,20歳代,その他,施錠せず
窃盗,自転車盗,本所,石原三丁目交番,131075,東京都,墨田区,石原２丁目,2020-01-23,15,一戸建住宅,駐車（輪）場,60-64歳,その他,施錠せず
窃盗,自転車盗,本所,石原三丁目交番,131075,東京都,墨田区,石原２丁目,2020-07-29,01,道路上,その他,30歳代,その他,施錠せず
窃盗,自転車盗,本所,石原三丁目交番,131075,東京都,墨田区,石原２丁目,2020-11-05,13,道路上,その他,30歳代,その他,施錠せず
窃盗,自転車盗,本所,石原三丁目交番,131075,東京都,墨田区,石原３丁目,2019-12-10,21,道路上,その他,50歳代,その他,施錠せず
窃盗,自転車盗,本所,石原三丁目交番,131075,東京都,墨田区,石原３丁目,2020-08-14,12,道路上,その他,40歳代,その他,施錠せず
窃盗,自転車盗,本所,石原三丁目交番,131075,東京都,墨田区,石原３丁目,2020-10-28,17,道路上,その他,40歳代,その他,施錠せず
窃盗,自転車盗,本所,石原三丁目交番,131075,東京都,墨田区,石原４丁目,2020-02-24,19,道路上,その他,20歳代,大学生,施錠せず
窃盗,自転車盗,本所,石原三丁目交番,131075,東京都,墨田区,石原４丁目,2020-03-11,20,道路上,その他,20歳代,その他,施錠せず
窃盗,自転車盗,本所,石原三丁目交番,131075,東京都,墨田区,石原４丁目,2020-04-17,15,４階建て以上共同住宅,駐車（輪）場,40歳代,その他,施錠せず
窃盗,自転車盗,本所,石原三丁目交番,131075,東京都,墨田区,石原４丁目,2020-06-04,14,道路上,その他,50歳代,その他,施錠せず
窃盗,自転車盗,本所,石原三丁目交番,131075,東京都,墨田区,本所２丁目,2020-11-05,13,４階建て以上共同住宅,駐車（輪）場,30歳代,その他,施錠せず
窃盗,自転車盗,本所,石原三丁目交番,131075,東京都,墨田区,本所４丁目,2020-05-11,14,４階建て以上共同住宅,その他,20歳代,その他,施錠せず
窃盗,自転車盗,本所,言問交番,131075,東京都,墨田区,吾妻橋１丁目,2020-05-21,11,道路上,その他,70歳以上,その他,施錠せず
窃盗,自転車盗,本所,言問交番,131075,東京都,墨田区,吾妻橋２丁目,2020-02-27,12,駐車（輪）場,駐車（輪）場,30歳代,その他,施錠せず
窃盗,自転車盗,本所,言問交番,131075,東京都,墨田区,吾妻橋２丁目,2020-08-26,01,道路上,その他,50歳代,その他,施錠せず
窃盗,自転車盗,本所,言問交番,131075,東京都,墨田区,東駒形４丁目,2020-01-01,12,一戸建住宅,駐車（輪）場,50歳代,その他,施錠せず
窃盗,自転車盗,本所,言問交番,131075,東京都,墨田区,向島１丁目,2020-08-22,08,その他,駐車（輪）場,40歳代,その他,施錠せず
窃盗,自転車盗,本所,言問交番,131075,東京都,墨田区,向島１丁目,2020-09-20,18,道路上,その他,50歳代,その他,施錠せず
窃盗,自転車盗,本所,言問交番,131075,東京都,墨田区,向島２丁目,2020-07-04,22,その他の住宅（３階建て以下共同住宅等）,駐車（輪）場,40歳代,その他,施錠せず
窃盗,自転車盗,向島,平井橋交番,131075,東京都,墨田区,立花３丁目,2020-08-06,11,４階建て以上共同住宅,駐車（輪）場,10歳代,その他,施錠せず
窃盗,自転車盗,向島,平井橋交番,131075,東京都,墨田区,立花３丁目,2020-09-13,07,道路上,その他,20歳代,その他,施錠せず
窃盗,自転車盗,向島,平井橋交番,131075,東京都,墨田区,立花６丁目,2020-02-24,09,道路上,その他,70歳以上,その他,施錠せず
窃盗,自転車盗,向島,平井橋交番,131075,東京都,墨田区,立花６丁目,2020-06-26,23,その他の住宅（３階建て以下共同住宅等）,駐車（輪）場,20歳代,その他,施錠せず
窃盗,自転車盗,向島,平井橋交番,131075,東京都,墨田区,立花６丁目,2020-11-17,10,その他,駐車（輪）場,50歳代,その他,施錠せず
窃盗,自転車盗,向島,小村井交番,131075,東京都,墨田区,立花１丁目,2019-11-29,22,４階建て以上共同住宅,駐車（輪）場,10歳代,高校生,施錠せず
窃盗,自転車盗,向島,小村井交番,131075,東京都,墨田区,立花１丁目,2020-02-20,20,４階建て以上共同住宅,駐車（輪）場,10歳代,中学生,施錠せず
窃盗,自転車盗,向島,小村井交番,131075,東京都,墨田区,立花１丁目,2020-06-09,16,道路上,その他,70歳以上,その他,施錠せず
窃盗,自転車盗,向島,小村井交番,131075,東京都,墨田区,立花１丁目,2020-10-25,18,道路上,その他,50歳代,その他,施錠せず
窃盗,自転車盗,向島,小村井交番,131075,東京都,墨田区,立花４丁目,2020-02-04,22,道路上,その他,10歳代,小学生,施錠せず
窃盗,自転車盗,向島,小村井交番,131075,東京都,墨田区,立花５丁目,2020-01-26,22,４階建て以上共同住宅,駐車（輪）場,30歳代,その他,施錠せず
窃盗,自転車盗,向島,小村井交番,131075,東京都,墨田区,立花５丁目,2020-02-17,14,駐車（輪）場,駐車（輪）場,40歳代,その他,施錠せず
窃盗,自転車盗,向島,小村井交番,131075,東京都,墨田区,立花５丁目,2020-09-19,19,その他の住宅（３階建て以下共同住宅等）,その他,20歳代,その他,施錠せず
窃盗,自転車盗,向島,小村井交番,131075,東京都,墨田区,立花５丁目,2020-11-18,17,４階建て以上共同住宅,駐車（輪）場,50歳代,その他,施錠せず
窃盗,自転車盗,向島,小村井交番,131075,東京都,墨田区,文花１丁目,2019-12-29,21,４階建て以上共同住宅,駐車（輪）場,10歳代,高校生,施錠せず
窃盗,自転車盗,向島,小村井交番,131075,東京都,墨田区,文花１丁目,2020-03-04,01,駐車（輪）場,駐車（輪）場,20歳代,その他,施錠せず
窃盗,自転車盗,向島,小村井交番,131075,東京都,墨田区,文花１丁目,2020-08-14,22,４階建て以上共同住宅,駐車（輪）場,10歳代,その他,施錠せず
窃盗,自転車盗,向島,小村井交番,131075,東京都,墨田区,文花１丁目,2020-08-22,18,４階建て以上共同住宅,駐車（輪）場,20歳代,その他,施錠せず
窃盗,自転車盗,向島,小村井交番,131075,東京都,墨田区,文花１丁目,2020-11-09,14,４階建て以上共同住宅,駐車（輪）場,20歳代,その他,施錠せず
窃盗,自転車盗,向島,小村井交番,131075,東京都,墨田区,文花２丁目,2020-04-01,00,道路上,その他,40歳代,その他,施錠せず
窃盗,自転車盗,向島,小村井交番,131075,東京都,墨田区,文花２丁目,2020-04-02,22,４階建て以上共同住宅,その他,50歳代,その他,施錠せず
窃盗,自転車盗,向島,小村井交番,131075,東京都,墨田区,文花３丁目,2020-09-27,12,道路上,その他,70歳以上,その他,施錠せず
窃盗,自転車盗,向島,小村井交番,131075,東京都,墨田区,文花３丁目,2020-10-02,13,４階建て以上共同住宅,駐車（輪）場,30歳代,その他,施錠せず
窃盗,自転車盗,向島,京島二丁目交番,131075,東京都,墨田区,押上３丁目,2019-12-20,21,道路上,その他,20歳代,その他,施錠せず
窃盗,自転車盗,向島,京島二丁目交番,131075,東京都,墨田区,押上３丁目,2020-08-14,07,一戸建住宅,その他,30歳代,その他,施錠せず
窃盗,自転車盗,向島,京島二丁目交番,131075,東京都,墨田区,押上３丁目,2020-08-30,20,駐車（輪）場,駐車（輪）場,20歳代,その他,施錠せず
窃盗,自転車盗,向島,京島二丁目交番,131075,東京都,墨田区,京島３丁目,2019-12-28,17,その他,駐車（輪）場,40歳代,その他,施錠せず
窃盗,自転車盗,向島,京島二丁目交番,131075,東京都,墨田区,京島３丁目,2020-04-04,18,道路上,その他,65-69歳,その他,施錠せず
窃盗,自転車盗,向島,京島二丁目交番,131075,東京都,墨田区,京島３丁目,2020-10-04,17,４階建て以上共同住宅,駐車（輪）場,40歳代,その他,施錠せず
窃盗,自転車盗,向島,京島二丁目交番,131075,東京都,墨田区,文花１丁目,2020-09-06,23,その他,その他,20歳代,その他,施錠せず
窃盗,自転車盗,向島,京島二丁目交番,131075,東京都,墨田区,文花３丁目,2019-12-11,22,道路上,その他,10歳代,高校生,施錠せず
窃盗,自転車盗,向島,京島二丁目交番,131075,東京都,墨田区,八広２丁目,2020-04-03,22,４階建て以上共同住宅,駐車（輪）場,20歳代,その他,施錠せず
窃盗,自転車盗,向島,京島二丁目交番,131075,東京都,墨田区,八広２丁目,2020-08-01,21,一戸建住宅,駐車（輪）場,40歳代,その他,施錠せず
窃盗,自転車盗,向島,曳舟交番,131075,東京都,墨田区,押上２丁目,2020-08-23,18,４階建て以上共同住宅,駐車（輪）場,30歳代,その他,施錠せず
窃盗,自転車盗,向島,曳舟交番,131075,東京都,墨田区,押上２丁目,2020-11-03,11,一戸建住宅,駐車（輪）場,40歳代,その他,施錠せず
窃盗,自転車盗,向島,曳舟交番,131075,東京都,墨田区,押上３丁目,2020-04-19,13,道路上,その他,40歳代,その他,施錠せず
窃盗,自転車盗,向島,曳舟交番,131075,東京都,墨田区,押上３丁目,2020-11-14,00,道路上,その他,50歳代,その他,施錠せず
窃盗,自転車盗,向島,曳舟交番,131075,東京都,墨田区,京島１丁目,2020-01-28,17,道路上,その他,10歳代,中学生,施錠せず
窃盗,自転車盗,向島,曳舟交番,131075,東京都,墨田区,東向島２丁目,2019-11-30,22,その他,駐車（輪）場,30歳代,その他,施錠せず
窃盗,自転車盗,向島,曳舟交番,131075,東京都,墨田区,東向島２丁目,2019-12-14,11,４階建て以上共同住宅,駐車（輪）場,10歳代,高校生,施錠せず
窃盗,自転車盗,向島,曳舟交番,131075,東京都,墨田区,東向島２丁目,2020-02-06,08,駐車（輪）場,駐車（輪）場,10歳代,中学生,施錠せず
窃盗,自転車盗,向島,曳舟交番,131075,東京都,墨田区,東向島２丁目,2020-11-04,15,一戸建住宅,その他,20歳代,大学生,施錠せず
窃盗,自転車盗,向島,曳舟交番,131075,東京都,墨田区,東向島３丁目,2020-10-14,03,４階建て以上共同住宅,駐車（輪）場,30歳代,その他,施錠せず
窃盗,自転車盗,向島,曳舟交番,131075,東京都,墨田区,向島４丁目,2020-05-22,19,道路上,その他,65-69歳,その他,施錠せず
窃盗,自転車盗,向島,曳舟交番,131075,東京都,墨田区,向島５丁目,2020-05-28,13,道路上,その他,50歳代,その他,施錠せず
窃盗,自転車盗,向島,東向島交番,131075,東京都,墨田区,京島１丁目,2020-02-29,01,４階建て以上共同住宅,駐車（輪）場,20歳代,その他,施錠せず
窃盗,自転車盗,向島,東向島交番,131075,東京都,墨田区,京島１丁目,2020-03-15,14,一戸建住宅,その他,70歳以上,その他,施錠せず
窃盗,自転車盗,向島,東向島交番,131075,東京都,墨田区,東向島２丁目,2020-01-30,21,その他,駐車（輪）場,10歳代,その他,施錠せず
窃盗,自転車盗,向島,東向島交番,131075,東京都,墨田区,東向島３丁目,2020-01-17,21,４階建て以上共同住宅,駐車（輪）場,20歳代,その他,施錠せず
窃盗,自転車盗,向島,東向島交番,131075,東京都,墨田区,東向島３丁目,2020-11-08,13,４階建て以上共同住宅,駐車（輪）場,30歳代,その他,施錠せず
窃盗,自転車盗,向島,東向島交番,131075,東京都,墨田区,東向島４丁目,2019-11-28,18,道路上,その他,20歳代,その他,施錠せず
窃盗,自転車盗,向島,東向島交番,131075,東京都,墨田区,東向島４丁目,2020-04-10,21,道路上,その他,10歳代,大学生,施錠せず
窃盗,自転車盗,向島,東向島交番,131075,東京都,墨田区,東向島４丁目,2020-04-15,18,道路上,その他,10歳未満,小学生,施錠せず
窃盗,自転車盗,向島,東向島交番,131075,東京都,墨田区,東向島４丁目,2020-09-16,00,その他,駐車（輪）場,20歳代,その他,施錠せず
窃盗,自転車盗,向島,東向島交番,131075,東京都,墨田区,東向島５丁目,2019-12-24,20,道路上,その他,65-69歳,その他,施錠せず
窃盗,自転車盗,向島,東向島交番,131075,東京都,墨田区,東向島６丁目,2019-12-06,16,道路上,その他,50歳代,その他,施錠せず
窃盗,自転車盗,向島,東向島交番,131075,東京都,墨田区,八広１丁目,2020-02-17,22,道路上,その他,10歳代,大学生,施錠せず
窃盗,自転車盗,向島,白鬚橋交番,131075,東京都,墨田区,墨田１丁目,2019-12-28,17,４階建て以上共同住宅,駐車（輪）場,10歳代,小学生,施錠せず
窃盗,自転車盗,向島,白鬚橋交番,131075,東京都,墨田区,墨田２丁目,2020-03-25,10,その他,駐車（輪）場,70歳以上,その他,施錠せず
窃盗,自転車盗,向島,白鬚橋交番,131075,東京都,墨田区,墨田２丁目,2020-04-28,13,その他の住宅（３階建て以下共同住宅等）,駐車（輪）場,10歳代,その他,施錠せず
窃盗,自転車盗,向島,白鬚橋交番,131075,東京都,墨田区,墨田２丁目,2020-05-01,不明,その他の住宅（３階建て以下共同住宅等）,駐車（輪）場,20歳代,その他,施錠せず
窃盗,自転車盗,向島,白鬚橋交番,131075,東京都,墨田区,堤通１丁目,2020-03-03,02,４階建て以上共同住宅,駐車（輪）場,40歳代,その他,施錠せず
窃盗,自転車盗,向島,白鬚橋交番,131075,東京都,墨田区,堤通１丁目,2020-10-04,18,道路上,その他,10歳代,中学生,施錠せず
窃盗,自転車盗,向島,白鬚橋交番,131075,東京都,墨田区,堤通２丁目,2019-11-25,18,４階建て以上共同住宅,駐車（輪）場,10歳代,中学生,施錠せず
窃盗,自転車盗,向島,白鬚橋交番,131075,東京都,墨田区,堤通２丁目,2019-12-24,22,４階建て以上共同住宅,駐車（輪）場,10歳代,その他,施錠せず
窃盗,自転車盗,向島,白鬚橋交番,131075,東京都,墨田区,堤通２丁目,2020-05-23,20,４階建て以上共同住宅,その他,40歳代,その他,施錠せず
窃盗,自転車盗,向島,白鬚橋交番,131075,東京都,墨田区,東向島３丁目,2020-02-19,18,道路上,その他,70歳以上,その他,施錠せず
窃盗,自転車盗,向島,白鬚橋交番,131075,東京都,墨田区,東向島３丁目,2020-05-18,13,その他の住宅（３階建て以下共同住宅等）,駐車（輪）場,70歳以上,その他,施錠せず
窃盗,自転車盗,向島,白鬚橋交番,131075,東京都,墨田区,東向島３丁目,2020-08-12,13,一戸建住宅,その他,30歳代,その他,施錠せず
窃盗,自転車盗,向島,白鬚橋交番,131075,東京都,墨田区,東向島３丁目,2020-11-10,04,４階建て以上共同住宅,その他,30歳代,その他,施錠せず
窃盗,自転車盗,向島,白鬚橋交番,131075,東京都,墨田区,東向島４丁目,2020-07-27,17,その他の住宅（３階建て以下共同住宅等）,駐車（輪）場,40歳代,その他,施錠せず
窃盗,自転車盗,向島,白鬚橋交番,131075,東京都,墨田区,東向島４丁目,2020-08-04,20,一戸建住宅,その他,50歳代,その他,施錠せず
窃盗,自転車盗,向島,鐘ケ淵駅前交番,131075,東京都,墨田区,京島３丁目,2020-04-03,13,その他,その他,50歳代,その他,施錠せず
窃盗,自転車盗,向島,鐘ケ淵駅前交番,131075,東京都,墨田区,墨田２丁目,2019-11-30,22,その他,駐車（輪）場,20歳代,大学生,施錠せず
窃盗,自転車盗,向島,鐘ケ淵駅前交番,131075,東京都,墨田区,墨田２丁目,2020-02-25,22,道路上,その他,30歳代,その他,施錠せず
窃盗,自転車盗,向島,鐘ケ淵駅前交番,131075,東京都,墨田区,墨田３丁目,2020-04-28,21,その他の住宅（３階建て以下共同住宅等）,その他,10歳代,高校生,施錠せず
窃盗,自転車盗,向島,鐘ケ淵駅前交番,131075,東京都,墨田区,墨田４丁目,2019-11-22,18,４階建て以上共同住宅,駐車（輪）場,65-69歳,その他,施錠せず
窃盗,自転車盗,向島,鐘ケ淵駅前交番,131075,東京都,墨田区,墨田４丁目,2019-12-03,18,その他の住宅（３階建て以下共同住宅等）,駐車（輪）場,60-64歳,その他,施錠せず
窃盗,自転車盗,向島,鐘ケ淵駅前交番,131075,東京都,墨田区,墨田４丁目,2020-02-01,12,４階建て以上共同住宅,駐車（輪）場,40歳代,その他,施錠せず
窃盗,自転車盗,向島,鐘ケ淵駅前交番,131075,東京都,墨田区,墨田４丁目,2020-04-23,17,一戸建住宅,その他,30歳代,その他,施錠せず
窃盗,自転車盗,向島,鐘ケ淵駅前交番,131075,東京都,墨田区,墨田４丁目,2020-06-04,18,一戸建住宅,その他,70歳以上,その他,施錠せず
窃盗,自転車盗,向島,鐘ケ淵駅前交番,131075,東京都,墨田区,墨田４丁目,2020-07-07,14,４階建て以上共同住宅,駐車（輪）場,60-64歳,その他,施錠せず
窃盗,自転車盗,向島,鐘ケ淵駅前交番,131075,東京都,墨田区,墨田４丁目,2020-11-01,18,一戸建住宅,その他,50歳代,その他,施錠せず
窃盗,自転車盗,向島,鐘ケ淵駅前交番,131075,東京都,墨田区,墨田５丁目,2020-02-12,20,その他,駐車（輪）場,10歳代,小学生,施錠せず
窃盗,自転車盗,向島,鐘ケ淵駅前交番,131075,東京都,墨田区,墨田５丁目,2020-02-21,00,道路上,その他,20歳代,その他,施錠せず
窃盗,自転車盗,向島,墨田三丁目交番,131075,東京都,墨田区,墨田１丁目,2020-03-09,19,駐車（輪）場,駐車（輪）場,40歳代,その他,施錠せず
窃盗,自転車盗,向島,墨田三丁目交番,131075,東京都,墨田区,東向島５丁目,2020-03-21,00,道路上,その他,40歳代,その他,施錠せず
窃盗,自転車盗,向島,墨田三丁目交番,131075,東京都,墨田区,東向島５丁目,2020-05-10,10,道路上,その他,40歳代,その他,施錠せず
窃盗,自転車盗,向島,墨田三丁目交番,131075,東京都,墨田区,東向島５丁目,2020-05-28,06,その他の住宅（３階建て以下共同住宅等）,その他,20歳代,その他,施錠せず
窃盗,自転車盗,向島,墨田三丁目交番,131075,東京都,墨田区,東向島５丁目,2020-08-01,01,道路上,その他,70歳以上,その他,施錠せず
窃盗,自転車盗,向島,墨田三丁目交番,131075,東京都,墨田区,東向島５丁目,2020-10-15,08,４階建て以上共同住宅,駐車（輪）場,10歳代,中学生,施錠せず
窃盗,自転車盗,向島,墨田三丁目交番,131075,東京都,墨田区,東向島５丁目,2020-10-23,18,道路上,その他,30歳代,その他,施錠せず
窃盗,自転車盗,向島,墨田三丁目交番,131075,東京都,墨田区,八広６丁目,2020-09-22,16,４階建て以上共同住宅,駐車（輪）場,50歳代,その他,施錠せず
窃盗,自転車盗,向島,四ツ木橋交番,131075,東京都,墨田区,東向島５丁目,2020-04-21,23,一戸建住宅,その他,40歳代,その他,施錠せず
窃盗,自転車盗,向島,四ツ木橋交番,131075,東京都,墨田区,東向島６丁目,2020-07-31,17,一戸建住宅,その他,10歳代,高校生,施錠せず
窃盗,自転車盗,向島,四ツ木橋交番,131075,東京都,墨田区,八広６丁目,2019-12-06,19,道路上,その他,10歳代,小学生,施錠せず
窃盗,自転車盗,向島,四ツ木橋交番,131075,東京都,墨田区,八広６丁目,2020-01-22,23,４階建て以上共同住宅,駐車（輪）場,40歳代,その他,施錠せず
窃盗,自転車盗,向島,四ツ木橋交番,131075,東京都,墨田区,八広６丁目,2020-03-24,06,駐車（輪）場,駐車（輪）場,50歳代,その他,施錠せず
窃盗,自転車盗,向島,八広四丁目交番,131075,東京都,墨田区,京島１丁目,2020-01-13,23,その他,駐車（輪）場,70歳以上,その他,施錠せず
窃盗,自転車盗,向島,八広四丁目交番,131075,東京都,墨田区,墨田１丁目,2020-08-10,19,４階建て以上共同住宅,駐車（輪）場,10歳代,高校生,施錠せず
窃盗,自転車盗,向島,八広四丁目交番,131075,東京都,墨田区,東墨田１丁目,2020-10-16,18,その他,駐車（輪）場,30歳代,その他,施錠せず
窃盗,自転車盗,向島,八広四丁目交番,131075,東京都,墨田区,東墨田２丁目,2020-01-13,18,一戸建住宅,その他,30歳代,その他,施錠せず
窃盗,自転車盗,向島,八広四丁目交番,131075,東京都,墨田区,東墨田２丁目,2020-03-03,08,その他,駐車（輪）場,30歳代,その他,施錠せず
窃盗,自転車盗,向島,八広四丁目交番,131075,東京都,墨田区,東墨田２丁目,2020-03-30,08,４階建て以上共同住宅,駐車（輪）場,20歳代,大学生,施錠せず
窃盗,自転車盗,向島,八広四丁目交番,131075,東京都,墨田区,東墨田２丁目,2020-08-10,20,その他の住宅（３階建て以下共同住宅等）,その他,10歳代,中学生,施錠せず
窃盗,自転車盗,向島,八広四丁目交番,131075,東京都,墨田区,八広１丁目,2020-12-30,01,その他,その他,20歳代,その他,施錠せず
窃盗,自転車盗,向島,八広四丁目交番,131075,東京都,墨田区,八広２丁目,2020-08-17,10,道路上,その他,50歳代,その他,施錠せず
窃盗,自転車盗,向島,八広四丁目交番,131075,東京都,墨田区,八広３丁目,2019-12-28,00,道路上,その他,10歳代,高校生,施錠せず
窃盗,自転車盗,向島,八広四丁目交番,131075,東京都,墨田区,八広３丁目,2020-02-07,20,一戸建住宅,その他,10歳代,高校生,施錠せず
窃盗,自転車盗,向島,八広四丁目交番,131075,東京都,墨田区,八広３丁目,2020-08-06,18,その他の住宅（３階建て以下共同住宅等）,駐車（輪）場,30歳代,その他,施錠せず
窃盗,自転車盗,向島,八広四丁目交番,131075,東京都,墨田区,八広３丁目,2020-08-25,05,４階建て以上共同住宅,駐車（輪）場,10歳代,小学生,施錠せず
窃盗,自転車盗,向島,八広四丁目交番,131075,東京都,墨田区,八広４丁目,2019-12-19,07,道路上,その他,40歳代,その他,施錠せず
窃盗,自転車盗,向島,八広四丁目交番,131075,東京都,墨田区,八広４丁目,2020-05-23,20,道路上,その他,70歳以上,その他,施錠せず
窃盗,自転車盗,向島,八広四丁目交番,131075,東京都,墨田区,八広４丁目,2020-06-05,21,その他の住宅（３階建て以下共同住宅等）,その他,10歳代,その他,施錠せず
窃盗,自転車盗,向島,八広四丁目交番,131075,東京都,墨田区,八広４丁目,2020-07-07,16,一戸建住宅,その他,10歳代,高校生,施錠せず
窃盗,自転車盗,向島,八広四丁目交番,131075,東京都,墨田区,八広４丁目,2020-09-30,21,４階建て以上共同住宅,駐車（輪）場,20歳代,その他,施錠せず
窃盗,自転車盗,向島,八広四丁目交番,131075,東京都,墨田区,八広４丁目,2020-11-14,11,道路上,その他,70歳以上,その他,施錠せず
窃盗,自転車盗,向島,八広四丁目交番,131075,東京都,墨田区,八広５丁目,2020-06-12,20,４階建て以上共同住宅,その他,65-69歳,その他,施錠せず
窃盗,自転車盗,向島,堤通駐在所,131075,東京都,墨田区,堤通２丁目,2020-09-19,16,４階建て以上共同住宅,駐車（輪）場,10歳代,小学生,施錠せず
窃盗,自転車盗,亀有,小菅交番,131229,東京都,葛飾区,亀有４丁目,2020-12-20,00,道路上,その他,10歳代,その他,施錠せず
窃盗,自転車盗,亀有,小菅交番,131229,東京都,葛飾区,小菅１丁目,2020-08-08,14,道路上,その他,10歳代,中学生,施錠せず
窃盗,自転車盗,亀有,小菅交番,131229,東京都,葛飾区,小菅２丁目,2020-03-07,19,その他の住宅（３階建て以下共同住宅等）,駐車（輪）場,30歳代,その他,施錠せず
窃盗,自転車盗,亀有,小菅交番,131229,東京都,葛飾区,小菅２丁目,2020-04-19,19,４階建て以上共同住宅,駐車（輪）場,20歳代,その他,施錠せず
窃盗,自転車盗,亀有,小菅交番,131229,東京都,葛飾区,小菅２丁目,2020-04-28,21,一戸建住宅,駐車（輪）場,30歳代,その他,施錠せず
窃盗,自転車盗,亀有,小菅交番,131229,東京都,葛飾区,小菅４丁目,2020-03-19,16,その他,駐車（輪）場,20歳代,その他,施錠せず
窃盗,自転車盗,亀有,小菅交番,131229,東京都,葛飾区,小菅４丁目,2020-03-27,12,その他の住宅（３階建て以下共同住宅等）,駐車（輪）場,20歳代,その他,施錠せず
窃盗,自転車盗,亀有,小菅交番,131229,東京都,葛飾区,小菅４丁目,2020-06-15,08,４階建て以上共同住宅,駐車（輪）場,40歳代,その他,施錠せず
窃盗,自転車盗,亀有,小菅交番,131229,東京都,葛飾区,小菅４丁目,2020-08-08,23,４階建て以上共同住宅,駐車（輪）場,40歳代,その他,施錠せず
窃盗,自転車盗,亀有,小菅交番,131229,東京都,葛飾区,柴又３丁目,2020-01-20,07,その他,駐車（輪）場,30歳代,その他,施錠せず
窃盗,自転車盗,亀有,堀切七丁目交番,131229,東京都,葛飾区,亀有３丁目,2020-03-22,16,その他,駐車（輪）場,30歳代,その他,施錠せず
窃盗,自転車盗,亀有,堀切七丁目交番,131229,東京都,葛飾区,小菅２丁目,2020-02-14,09,一戸建住宅,駐車（輪）場,20歳代,大学生,施錠せず
窃盗,自転車盗,亀有,堀切七丁目交番,131229,東京都,葛飾区,東堀切１丁目,2020-05-31,03,道路上,その他,70歳以上,その他,施錠せず
窃盗,自転車盗,亀有,堀切七丁目交番,131229,東京都,葛飾区,東堀切２丁目,2020-03-12,16,一戸建住宅,駐車（輪）場,10歳代,高校生,施錠せず
窃盗,自転車盗,亀有,堀切七丁目交番,131229,東京都,葛飾区,東堀切２丁目,2020-06-26,17,４階建て以上共同住宅,駐車（輪）場,70歳以上,その他,施錠せず
窃盗,自転車盗,亀有,堀切七丁目交番,131229,東京都,葛飾区,東堀切２丁目,2020-09-18,20,４階建て以上共同住宅,駐車（輪）場,40歳代,その他,施錠せず
窃盗,自転車盗,亀有,堀切七丁目交番,131229,東京都,葛飾区,東堀切３丁目,2020-03-13,20,一戸建住宅,駐車（輪）場,30歳代,その他,施錠せず
窃盗,自転車盗,亀有,堀切七丁目交番,131229,東京都,葛飾区,東堀切３丁目,2020-08-13,19,一戸建住宅,駐車（輪）場,30歳代,その他,施錠せず
窃盗,自転車盗,亀有,堀切七丁目交番,131229,東京都,葛飾区,東堀切３丁目,2020-10-03,15,４階建て以上共同住宅,駐車（輪）場,10歳代,高校生,施錠せず
窃盗,自転車盗,亀有,堀切七丁目交番,131229,東京都,葛飾区,堀切６丁目,2020-04-28,18,一戸建住宅,駐車（輪）場,40歳代,その他,施錠せず
窃盗,自転車盗,亀有,堀切七丁目交番,131229,東京都,葛飾区,堀切６丁目,2020-05-02,17,道路上,その他,30歳代,その他,施錠せず
窃盗,自転車盗,亀有,堀切七丁目交番,131229,東京都,葛飾区,堀切６丁目,2020-08-26,13,一戸建住宅,その他,40歳代,その他,施錠せず
窃盗,自転車盗,亀有,堀切七丁目交番,131229,東京都,葛飾区,堀切７丁目,2019-12-29,01,一戸建住宅,その他,50歳代,その他,施錠せず
窃盗,自転車盗,亀有,堀切七丁目交番,131229,東京都,葛飾区,堀切７丁目,2020-02-17,15,道路上,その他,40歳代,その他,施錠せず
窃盗,自転車盗,亀有,堀切七丁目交番,131229,東京都,葛飾区,堀切７丁目,2020-03-17,13,一戸建住宅,駐車（輪）場,10歳代,高校生,施錠せず
窃盗,自転車盗,亀有,堀切七丁目交番,131229,東京都,葛飾区,堀切７丁目,2020-04-28,17,その他の住宅（３階建て以下共同住宅等）,駐車（輪）場,20歳代,その他,施錠せず
窃盗,自転車盗,亀有,お花茶屋交番,131229,東京都,葛飾区,お花茶屋１丁目,2020-02-20,08,道路上,その他,20歳代,その他,施錠せず
窃盗,自転車盗,亀有,お花茶屋交番,131229,東京都,葛飾区,お花茶屋１丁目,2020-03-09,10,道路上,その他,70歳以上,その他,施錠せず
窃盗,自転車盗,亀有,お花茶屋交番,131229,東京都,葛飾区,お花茶屋１丁目,2020-04-21,不明,道路上,その他,20歳代,その他,施錠せず
窃盗,自転車盗,亀有,お花茶屋交番,131229,東京都,葛飾区,お花茶屋１丁目,2020-04-28,21,道路上,その他,10歳代,高校生,施錠せず
窃盗,自転車盗,亀有,お花茶屋交番,131229,東京都,葛飾区,お花茶屋１丁目,2020-06-24,21,その他の住宅（３階建て以下共同住宅等）,駐車（輪）場,20歳代,その他,施錠せず
窃盗,自転車盗,亀有,お花茶屋交番,131229,東京都,葛飾区,お花茶屋１丁目,2020-08-09,18,その他の住宅（３階建て以下共同住宅等）,駐車（輪）場,50歳代,その他,施錠せず
窃盗,自転車盗,亀有,お花茶屋交番,131229,東京都,葛飾区,お花茶屋２丁目,2020-04-24,16,道路上,その他,30歳代,その他,施錠せず
窃盗,自転車盗,亀有,お花茶屋交番,131229,東京都,葛飾区,お花茶屋２丁目,2020-07-11,20,道路上,その他,60-64歳,その他,施錠せず
窃盗,自転車盗,亀有,お花茶屋交番,131229,東京都,葛飾区,お花茶屋３丁目,2020-01-08,06,駐車（輪）場,駐車（輪）場,30歳代,その他,施錠せず
窃盗,自転車盗,亀有,お花茶屋交番,131229,東京都,葛飾区,お花茶屋３丁目,2020-02-07,17,道路上,その他,65-69歳,その他,施錠せず
窃盗,自転車盗,亀有,お花茶屋交番,131229,東京都,葛飾区,お花茶屋３丁目,2020-02-15,18,４階建て以上共同住宅,駐車（輪）場,20歳代,その他,施錠せず
窃盗,自転車盗,亀有,お花茶屋交番,131229,東京都,葛飾区,お花茶屋３丁目,2020-03-02,23,４階建て以上共同住宅,駐車（輪）場,20歳代,その他,施錠せず
窃盗,自転車盗,亀有,お花茶屋交番,131229,東京都,葛飾区,お花茶屋３丁目,2020-03-10,19,道路上,その他,10歳代,中学生,施錠せず
窃盗,自転車盗,亀有,お花茶屋交番,131229,東京都,葛飾区,お花茶屋３丁目,2020-03-20,22,一戸建住宅,駐車（輪）場,30歳代,その他,施錠せず
窃盗,自転車盗,亀有,お花茶屋交番,131229,東京都,葛飾区,お花茶屋３丁目,2020-09-02,12,４階建て以上共同住宅,駐車（輪）場,50歳代,その他,施錠せず
窃盗,自転車盗,亀有,お花茶屋交番,131229,東京都,葛飾区,白鳥１丁目,2020-01-29,19,駐車（輪）場,駐車（輪）場,30歳代,その他,施錠せず
窃盗,自転車盗,亀有,お花茶屋交番,131229,東京都,葛飾区,白鳥１丁目,2020-07-16,10,４階建て以上共同住宅,駐車（輪）場,65-69歳,その他,施錠せず
窃盗,自転車盗,亀有,お花茶屋交番,131229,東京都,葛飾区,白鳥２丁目,2020-01-08,18,４階建て以上共同住宅,駐車（輪）場,10歳代,中学生,施錠せず
窃盗,自転車盗,亀有,お花茶屋交番,131229,東京都,葛飾区,白鳥２丁目,2020-03-26,18,道路上,その他,30歳代,その他,施錠せず
窃盗,自転車盗,亀有,お花茶屋交番,131229,東京都,葛飾区,白鳥２丁目,2020-09-14,18,４階建て以上共同住宅,駐車（輪）場,30歳代,その他,施錠せず
窃盗,自転車盗,亀有,お花茶屋交番,131229,東京都,葛飾区,東堀切２丁目,2019-09-15,12,道路上,その他,10歳代,その他,施錠せず
窃盗,自転車盗,亀有,お花茶屋交番,131229,東京都,葛飾区,東堀切２丁目,2020-01-31,17,４階建て以上共同住宅,駐車（輪）場,40歳代,その他,施錠せず
窃盗,自転車盗,亀有,お花茶屋交番,131229,東京都,葛飾区,東堀切２丁目,2020-08-17,08,一戸建住宅,その他,40歳代,その他,施錠せず
窃盗,自転車盗,亀有,お花茶屋交番,131229,東京都,葛飾区,東堀切２丁目,2020-09-10,21,一戸建住宅,駐車（輪）場,10歳代,中学生,施錠せず
窃盗,自転車盗,亀有,お花茶屋交番,131229,東京都,葛飾区,東堀切２丁目,2020-09-11,03,４階建て以上共同住宅,駐車（輪）場,20歳代,その他,施錠せず
窃盗,自転車盗,亀有,お花茶屋交番,131229,東京都,葛飾区,堀切５丁目,2020-03-19,17,その他の住宅（３階建て以下共同住宅等）,駐車（輪）場,70歳以上,その他,施錠せず
窃盗,自転車盗,亀有,青戸交番,131229,東京都,葛飾区,青戸３丁目,2019-12-28,22,４階建て以上共同住宅,駐車（輪）場,10歳代,中学生,施錠せず
窃盗,自転車盗,亀有,青戸交番,131229,東京都,葛飾区,青戸３丁目,2020-05-16,22,４階建て以上共同住宅,駐車（輪）場,70歳以上,その他,施錠せず
窃盗,自転車盗,亀有,青戸交番,131229,東京都,葛飾区,青戸３丁目,2020-07-06,15,その他,駐車（輪）場,70歳以上,その他,施錠せず
窃盗,自転車盗,亀有,青戸交番,131229,東京都,葛飾区,青戸３丁目,2020-09-01,23,４階建て以上共同住宅,駐車（輪）場,20歳代,その他,施錠せず
窃盗,自転車盗,亀有,青戸交番,131229,東京都,葛飾区,青戸４丁目,2020-04-14,08,４階建て以上共同住宅,駐車（輪）場,20歳代,その他,施錠せず
窃盗,自転車盗,亀有,青戸交番,131229,東京都,葛飾区,青戸４丁目,2020-04-30,09,道路上,その他,40歳代,その他,施錠せず
窃盗,自転車盗,亀有,青戸交番,131229,東京都,葛飾区,青戸４丁目,2020-07-14,13,道路上,その他,70歳以上,その他,施錠せず
窃盗,自転車盗,亀有,青戸交番,131229,東京都,葛飾区,青戸５丁目,2020-07-01,16,その他の住宅（３階建て以下共同住宅等）,駐車（輪）場,40歳代,その他,施錠せず
窃盗,自転車盗,亀有,青戸交番,131229,東京都,葛飾区,青戸６丁目,2020-09-26,21,４階建て以上共同住宅,駐車（輪）場,10歳代,高校生,施錠せず
窃盗,自転車盗,亀有,青戸交番,131229,東京都,葛飾区,青戸７丁目,2019-10-27,23,４階建て以上共同住宅,駐車（輪）場,20歳代,その他,施錠せず
窃盗,自転車盗,亀有,青戸交番,131229,東京都,葛飾区,青戸７丁目,2020-03-07,17,一戸建住宅,駐車（輪）場,10歳代,高校生,施錠せず
窃盗,自転車盗,亀有,青戸交番,131229,東京都,葛飾区,青戸７丁目,2020-06-30,19,４階建て以上共同住宅,駐車（輪）場,50歳代,その他,施錠せず
窃盗,自転車盗,亀有,青戸交番,131229,東京都,葛飾区,青戸７丁目,2020-09-05,18,４階建て以上共同住宅,駐車（輪）場,50歳代,その他,施錠せず
窃盗,自転車盗,亀有,青戸交番,131229,東京都,葛飾区,青戸８丁目,2020-08-07,18,その他の住宅（３階建て以下共同住宅等）,駐車（輪）場,30歳代,その他,施錠せず
窃盗,自転車盗,亀有,青戸交番,131229,東京都,葛飾区,亀有１丁目,2020-03-28,20,４階建て以上共同住宅,駐車（輪）場,50歳代,その他,施錠せず
窃盗,自転車盗,亀有,青戸交番,131229,東京都,葛飾区,亀有１丁目,2020-06-14,18,一戸建住宅,駐車（輪）場,10歳代,中学生,施錠せず
窃盗,自転車盗,亀有,青戸交番,131229,東京都,葛飾区,亀有１丁目,2020-08-08,20,４階建て以上共同住宅,駐車（輪）場,10歳代,中学生,施錠せず
窃盗,自転車盗,亀有,青戸交番,131229,東京都,葛飾区,亀有２丁目,2020-07-31,16,４階建て以上共同住宅,駐車（輪）場,10歳代,大学生,施錠せず
窃盗,自転車盗,亀有,青戸交番,131229,東京都,葛飾区,白鳥４丁目,2020-01-06,00,４階建て以上共同住宅,駐車（輪）場,10歳代,その他,施錠せず
窃盗,自転車盗,亀有,青戸交番,131229,東京都,葛飾区,白鳥４丁目,2020-02-15,13,４階建て以上共同住宅,駐車（輪）場,20歳代,その他,施錠せず
窃盗,自転車盗,亀有,青戸交番,131229,東京都,葛飾区,白鳥４丁目,2020-05-12,23,その他,駐車（輪）場,20歳代,その他,施錠せず
窃盗,自転車盗,亀有,青戸交番,131229,東京都,葛飾区,白鳥４丁目,2020-09-25,18,その他,駐車（輪）場,20歳代,大学生,施錠せず
窃盗,自転車盗,亀有,青戸交番,131229,東京都,葛飾区,白鳥４丁目,2020-11-27,10,４階建て以上共同住宅,駐車（輪）場,20歳代,その他,施錠せず
窃盗,自転車盗,亀有,亀有駅南口交番,131229,東京都,葛飾区,お花茶屋３丁目,2020-02-09,21,その他の住宅（３階建て以下共同住宅等）,駐車（輪）場,20歳代,その他,施錠せず
窃盗,自転車盗,亀有,亀有駅南口交番,131229,東京都,葛飾区,金町３丁目,2020-01-07,11,４階建て以上共同住宅,駐車（輪）場,70歳以上,その他,施錠せず
窃盗,自転車盗,亀有,亀有駅南口交番,131229,東京都,葛飾区,亀有２丁目,2020-06-12,21,その他の住宅（３階建て以下共同住宅等）,駐車（輪）場,10歳代,高校生,施錠せず
窃盗,自転車盗,亀有,亀有駅南口交番,131229,東京都,葛飾区,亀有２丁目,2020-06-15,21,４階建て以上共同住宅,駐車（輪）場,30歳代,その他,施錠せず
窃盗,自転車盗,亀有,亀有駅南口交番,131229,東京都,葛飾区,亀有２丁目,2020-07-25,12,一戸建住宅,駐車（輪）場,50歳代,その他,施錠せず
窃盗,自転車盗,亀有,亀有駅南口交番,131229,東京都,葛飾区,亀有３丁目,2019-12-22,19,その他,駐車（輪）場,10歳代,高校生,施錠せず
窃盗,自転車盗,亀有,亀有駅南口交番,131229,東京都,葛飾区,亀有３丁目,2020-01-13,17,その他,駐車（輪）場,40歳代,その他,施錠せず
窃盗,自転車盗,亀有,亀有駅南口交番,131229,東京都,葛飾区,亀有３丁目,2020-01-31,17,その他,駐車（輪）場,10歳代,中学生,施錠せず
窃盗,自転車盗,亀有,亀有駅南口交番,131229,東京都,葛飾区,亀有３丁目,2020-01-31,21,その他,駐車（輪）場,10歳代,高校生,施錠せず
窃盗,自転車盗,亀有,亀有駅南口交番,131229,東京都,葛飾区,亀有３丁目,2020-02-05,23,道路上,その他,60-64歳,その他,施錠せず
窃盗,自転車盗,亀有,亀有駅南口交番,131229,東京都,葛飾区,亀有３丁目,2020-02-18,15,その他,駐車（輪）場,10歳代,高校生,施錠せず
窃盗,自転車盗,亀有,亀有駅南口交番,131229,東京都,葛飾区,亀有３丁目,2020-02-23,17,その他,駐車（輪）場,10歳代,高校生,施錠せず
窃盗,自転車盗,亀有,亀有駅南口交番,131229,東京都,葛飾区,亀有３丁目,2020-02-24,16,その他,駐車（輪）場,20歳代,その他,施錠せず
窃盗,自転車盗,亀有,亀有駅南口交番,131229,東京都,葛飾区,亀有３丁目,2020-02-25,17,その他,駐車（輪）場,10歳代,高校生,施錠せず
窃盗,自転車盗,亀有,亀有駅南口交番,131229,東京都,葛飾区,亀有３丁目,2020-03-01,17,その他,駐車（輪）場,10歳代,高校生,施錠せず
窃盗,自転車盗,亀有,亀有駅南口交番,131229,東京都,葛飾区,亀有３丁目,2020-03-18,07,その他,駐車（輪）場,20歳代,その他,施錠せず
窃盗,自転車盗,亀有,亀有駅南口交番,131229,東京都,葛飾区,亀有３丁目,2020-03-19,20,一戸建住宅,駐車（輪）場,50歳代,その他,施錠せず
窃盗,自転車盗,亀有,亀有駅南口交番,131229,東京都,葛飾区,亀有３丁目,2020-04-04,10,その他,駐車（輪）場,10歳代,小学生,施錠せず
窃盗,自転車盗,亀有,亀有駅南口交番,131229,東京都,葛飾区,亀有３丁目,2020-04-12,11,その他,駐車（輪）場,30歳代,その他,施錠せず
窃盗,自転車盗,亀有,亀有駅南口交番,131229,東京都,葛飾区,亀有３丁目,2020-04-23,18,その他,駐車（輪）場,40歳代,その他,施錠せず
窃盗,自転車盗,亀有,亀有駅南口交番,131229,東京都,葛飾区,亀有３丁目,2020-05-11,13,道路上,その他,20歳代,その他,施錠せず
窃盗,自転車盗,亀有,亀有駅南口交番,131229,東京都,葛飾区,亀有３丁目,2020-05-17,12,道路上,その他,20歳代,大学生,施錠せず
窃盗,自転車盗,亀有,亀有駅南口交番,131229,東京都,葛飾区,亀有３丁目,2020-05-30,15,その他,駐車（輪）場,10歳代,中学生,施錠せず
窃盗,自転車盗,亀有,亀有駅南口交番,131229,東京都,葛飾区,亀有３丁目,2020-07-04,19,その他,駐車（輪）場,20歳代,その他,施錠せず
窃盗,自転車盗,亀有,亀有駅南口交番,131229,東京都,葛飾区,亀有３丁目,2020-07-05,16,その他,駐車（輪）場,10歳代,高校生,施錠せず
窃盗,自転車盗,亀有,亀有駅南口交番,131229,東京都,葛飾区,亀有３丁目,2020-07-10,16,その他,駐車（輪）場,10歳代,高校生,施錠せず
窃盗,自転車盗,亀有,亀有駅南口交番,131229,東京都,葛飾区,亀有３丁目,2020-08-19,12,その他,駐車（輪）場,10歳代,高校生,施錠せず
窃盗,自転車盗,亀有,亀有駅南口交番,131229,東京都,葛飾区,亀有３丁目,2020-09-13,15,４階建て以上共同住宅,駐車（輪）場,30歳代,その他,施錠せず
窃盗,自転車盗,亀有,亀有駅南口交番,131229,東京都,葛飾区,亀有３丁目,2020-09-16,15,その他,駐車（輪）場,30歳代,その他,施錠せず
窃盗,自転車盗,亀有,亀有駅南口交番,131229,東京都,葛飾区,亀有３丁目,2020-09-18,18,その他,駐車（輪）場,10歳代,高校生,施錠せず
窃盗,自転車盗,亀有,亀有駅南口交番,131229,東京都,葛飾区,亀有３丁目,2020-09-29,18,その他,駐車（輪）場,10歳代,高校生,施錠せず
窃盗,自転車盗,亀有,亀有駅南口交番,131229,東京都,葛飾区,亀有３丁目,2020-10-03,01,その他,駐車（輪）場,40歳代,その他,施錠せず
窃盗,自転車盗,亀有,亀有駅南口交番,131229,東京都,葛飾区,亀有３丁目,2020-10-03,16,その他,駐車（輪）場,60-64歳,その他,施錠せず
窃盗,自転車盗,亀有,亀有駅南口交番,131229,東京都,葛飾区,亀有３丁目,2020-10-07,20,道路上,その他,40歳代,その他,施錠せず
窃盗,自転車盗,亀有,亀有駅南口交番,131229,東京都,葛飾区,亀有３丁目,2020-11-17,16,その他,駐車（輪）場,10歳代,高校生,施錠せず
窃盗,自転車盗,亀有,亀有駅南口交番,131229,東京都,葛飾区,亀有３丁目,2020-11-20,21,道路上,その他,20歳代,その他,施錠せず
窃盗,自転車盗,亀有,亀有駅南口交番,131229,東京都,葛飾区,亀有３丁目,2020-12-05,16,その他,駐車（輪）場,10歳代,高校生,施錠せず
窃盗,自転車盗,亀有,亀有駅南口交番,131229,東京都,葛飾区,亀有３丁目,2020-12-08,19,その他,駐車（輪）場,50歳代,その他,施錠せず
窃盗,自転車盗,亀有,亀有駅南口交番,131229,東京都,葛飾区,亀有３丁目,2020-12-20,18,その他,駐車（輪）場,10歳代,高校生,施錠せず
窃盗,自転車盗,亀有,亀有駅南口交番,131229,東京都,葛飾区,亀有４丁目,2020-03-08,17,一戸建住宅,駐車（輪）場,30歳代,その他,施錠せず
窃盗,自転車盗,亀有,亀有駅南口交番,131229,東京都,葛飾区,亀有５丁目,2020-11-19,19,道路上,その他,70歳以上,その他,施錠せず
窃盗,自転車盗,亀有,亀有駅南口交番,131229,東京都,葛飾区,西亀有３丁目,2020-11-27,23,４階建て以上共同住宅,駐車（輪）場,40歳代,その他,施錠せず
窃盗,自転車盗,亀有,亀有駅北口交番,131229,東京都,葛飾区,亀有３丁目,2020-04-29,15,その他,駐車（輪）場,10歳代,高校生,施錠せず
窃盗,自転車盗,亀有,亀有駅北口交番,131229,東京都,葛飾区,亀有５丁目,2019-12-27,15,その他,駐車（輪）場,10歳代,高校生,施錠せず
窃盗,自転車盗,亀有,亀有駅北口交番,131229,東京都,葛飾区,亀有５丁目,2020-02-20,15,その他,駐車（輪）場,10歳代,高校生,施錠せず
窃盗,自転車盗,亀有,亀有駅北口交番,131229,東京都,葛飾区,亀有５丁目,2020-02-24,19,その他,駐車（輪）場,10歳代,高校生,施錠せず
窃盗,自転車盗,亀有,亀有駅北口交番,131229,東京都,葛飾区,亀有５丁目,2020-03-17,15,道路上,その他,10歳代,中学生,施錠せず
窃盗,自転車盗,亀有,亀有駅北口交番,131229,東京都,葛飾区,亀有５丁目,2020-09-02,08,道路上,その他,10歳代,中学生,施錠せず
窃盗,自転車盗,亀有,亀有駅北口交番,131229,東京都,葛飾区,亀有５丁目,2020-10-26,14,道路上,その他,50歳代,その他,施錠せず
窃盗,自転車盗,亀有,亀有駅北口交番,131229,東京都,葛飾区,亀有５丁目,2020-10-30,13,道路上,その他,40歳代,その他,施錠せず
窃盗,自転車盗,亀有,亀有駅北口交番,131229,東京都,葛飾区,亀有５丁目,2020-11-08,20,その他,駐車（輪）場,30歳代,その他,施錠せず
窃盗,自転車盗,亀有,亀有駅北口交番,131229,東京都,葛飾区,亀有５丁目,2020-12-14,09,道路上,その他,50歳代,その他,施錠せず
窃盗,自転車盗,亀有,亀有駅北口交番,131229,東京都,葛飾区,西亀有４丁目,2020-06-10,22,４階建て以上共同住宅,駐車（輪）場,40歳代,その他,施錠せず
窃盗,自転車盗,亀有,亀有駅北口交番,131229,東京都,葛飾区,西亀有４丁目,2020-10-03,22,４階建て以上共同住宅,駐車（輪）場,10歳未満,小学生,施錠せず
窃盗,自転車盗,亀有,亀有駅北口交番,131229,東京都,葛飾区,東金町１丁目,2020-07-19,22,道路上,その他,10歳代,その他,施錠せず
窃盗,自転車盗,亀有,金町駅南口交番,131229,東京都,葛飾区,金町１丁目,2019-12-27,08,４階建て以上共同住宅,駐車（輪）場,20歳代,その他,施錠せず
窃盗,自転車盗,亀有,金町駅南口交番,131229,東京都,葛飾区,金町２丁目,2020-03-04,23,４階建て以上共同住宅,駐車（輪）場,20歳代,大学生,施錠せず
窃盗,自転車盗,亀有,金町駅南口交番,131229,東京都,葛飾区,金町３丁目,2020-04-24,21,一戸建住宅,駐車（輪）場,10歳代,大学生,施錠せず
窃盗,自転車盗,亀有,金町駅南口交番,131229,東京都,葛飾区,金町３丁目,2020-07-30,18,一戸建住宅,駐車（輪）場,50歳代,その他,施錠せず
窃盗,自転車盗,亀有,金町駅南口交番,131229,東京都,葛飾区,金町４丁目,2020-07-11,02,４階建て以上共同住宅,駐車（輪）場,10歳代,中学生,施錠せず
窃盗,自転車盗,亀有,金町駅南口交番,131229,東京都,葛飾区,金町４丁目,2020-07-24,19,その他の住宅（３階建て以下共同住宅等）,駐車（輪）場,10歳代,中学生,施錠せず
窃盗,自転車盗,亀有,金町駅南口交番,131229,東京都,葛飾区,金町４丁目,2020-10-19,18,その他,その他,10歳代,中学生,施錠せず
窃盗,自転車盗,亀有,金町駅南口交番,131229,東京都,葛飾区,金町６丁目,2020-09-01,22,４階建て以上共同住宅,駐車（輪）場,10歳代,中学生,施錠せず
窃盗,自転車盗,亀有,金町駅南口交番,131229,東京都,葛飾区,金町６丁目,2020-09-27,00,駐車（輪）場,駐車（輪）場,50歳代,その他,施錠せず
窃盗,自転車盗,亀有,金町駅南口交番,131229,東京都,葛飾区,金町６丁目,2020-10-17,15,その他,駐車（輪）場,50歳代,その他,施錠せず
窃盗,自転車盗,亀有,金町駅南口交番,131229,東京都,葛飾区,柴又６丁目,2020-08-26,20,その他の住宅（３階建て以下共同住宅等）,駐車（輪）場,10歳代,高校生,施錠せず
窃盗,自転車盗,亀有,金町駅南口交番,131229,東京都,葛飾区,東金町１丁目,2019-12-01,17,その他,駐車（輪）場,10歳代,高校生,施錠せず
窃盗,自転車盗,亀有,金町駅南口交番,131229,東京都,葛飾区,東金町３丁目,2020-02-15,14,その他の住宅（３階建て以下共同住宅等）,駐車（輪）場,20歳代,その他,施錠せず
窃盗,自転車盗,亀有,金町駅南口交番,131229,東京都,葛飾区,東金町６丁目,2020-05-17,11,４階建て以上共同住宅,駐車（輪）場,30歳代,その他,施錠せず
窃盗,自転車盗,亀有,柴又交番,131229,東京都,葛飾区,金町１丁目,2020-08-08,10,その他,駐車（輪）場,20歳代,その他,施錠せず
窃盗,自転車盗,亀有,柴又交番,131229,東京都,葛飾区,柴又１丁目,2019-12-29,00,４階建て以上共同住宅,駐車（輪）場,30歳代,その他,施錠せず
窃盗,自転車盗,亀有,柴又交番,131229,東京都,葛飾区,柴又１丁目,2020-01-21,20,一戸建住宅,駐車（輪）場,50歳代,その他,施錠せず
窃盗,自転車盗,亀有,柴又交番,131229,東京都,葛飾区,柴又１丁目,2020-10-28,21,４階建て以上共同住宅,駐車（輪）場,40歳代,その他,施錠せず
窃盗,自転車盗,亀有,柴又交番,131229,東京都,葛飾区,柴又４丁目,2020-01-24,17,その他,駐車（輪）場,20歳代,大学生,施錠せず
窃盗,自転車盗,亀有,柴又交番,131229,東京都,葛飾区,柴又４丁目,2020-06-06,21,一戸建住宅,駐車（輪）場,70歳以上,その他,施錠せず
窃盗,自転車盗,亀有,柴又交番,131229,東京都,葛飾区,柴又４丁目,2020-10-24,22,その他の住宅（３階建て以下共同住宅等）,駐車（輪）場,40歳代,その他,施錠せず
窃盗,自転車盗,亀有,柴又交番,131229,東京都,葛飾区,柴又４丁目,2020-11-24,20,４階建て以上共同住宅,駐車（輪）場,30歳代,その他,施錠せず
窃盗,自転車盗,亀有,柴又交番,131229,東京都,葛飾区,柴又４丁目,2020-12-15,20,駐車（輪）場,駐車（輪）場,30歳代,その他,施錠せず
窃盗,自転車盗,亀有,柴又交番,131229,東京都,葛飾区,柴又５丁目,2020-11-03,22,４階建て以上共同住宅,駐車（輪）場,10歳代,高校生,施錠せず
窃盗,自転車盗,亀有,柴又交番,131229,東京都,葛飾区,柴又６丁目,2020-07-09,16,その他の住宅（３階建て以下共同住宅等）,駐車（輪）場,30歳代,その他,施錠せず
窃盗,自転車盗,亀有,柴又交番,131229,東京都,葛飾区,柴又６丁目,2020-08-01,09,道路上,その他,30歳代,その他,施錠せず
窃盗,自転車盗,亀有,柴又交番,131229,東京都,葛飾区,柴又６丁目,2020-09-13,14,道路上,その他,50歳代,その他,施錠せず
窃盗,自転車盗,亀有,柴又交番,131229,東京都,葛飾区,柴又６丁目,2020-09-13,18,一戸建住宅,駐車（輪）場,20歳代,大学生,施錠せず
窃盗,自転車盗,亀有,柴又交番,131229,東京都,葛飾区,柴又６丁目,2020-09-14,00,その他の住宅（３階建て以下共同住宅等）,駐車（輪）場,70歳以上,その他,施錠せず
窃盗,自転車盗,亀有,柴又交番,131229,東京都,葛飾区,柴又６丁目,2020-09-17,09,一戸建住宅,その他,30歳代,その他,施錠せず
窃盗,自転車盗,亀有,柴又交番,131229,東京都,葛飾区,柴又６丁目,2020-11-19,19,その他の住宅（３階建て以下共同住宅等）,駐車（輪）場,10歳代,高校生,施錠せず
窃盗,自転車盗,亀有,西亀有交番,131229,東京都,葛飾区,お花茶屋１丁目,2020-09-05,08,駐車（輪）場,駐車（輪）場,30歳代,その他,施錠せず
窃盗,自転車盗,亀有,西亀有交番,131229,東京都,葛飾区,亀有４丁目,2020-03-31,20,４階建て以上共同住宅,駐車（輪）場,20歳代,その他,施錠せず
窃盗,自転車盗,亀有,西亀有交番,131229,東京都,葛飾区,亀有４丁目,2020-06-18,09,その他の住宅（３階建て以下共同住宅等）,駐車（輪）場,20歳代,その他,施錠せず
窃盗,自転車盗,亀有,西亀有交番,131229,東京都,葛飾区,亀有５丁目,2020-05-09,20,道路上,その他,30歳代,その他,施錠せず
窃盗,自転車盗,亀有,西亀有交番,131229,東京都,葛飾区,西亀有１丁目,2020-03-12,01,一戸建住宅,駐車（輪）場,10歳代,高校生,施錠せず
窃盗,自転車盗,亀有,西亀有交番,131229,東京都,葛飾区,西亀有１丁目,2020-05-12,12,その他の住宅（３階建て以下共同住宅等）,駐車（輪）場,10歳代,その他,施錠せず
窃盗,自転車盗,亀有,西亀有交番,131229,東京都,葛飾区,西亀有１丁目,2020-05-27,13,その他,駐車（輪）場,10歳代,高校生,施錠せず
窃盗,自転車盗,亀有,西亀有交番,131229,東京都,葛飾区,西亀有２丁目,2020-05-20,20,４階建て以上共同住宅,駐車（輪）場,20歳代,その他,施錠せず
窃盗,自転車盗,亀有,西亀有交番,131229,東京都,葛飾区,西亀有２丁目,2020-06-17,10,４階建て以上共同住宅,駐車（輪）場,10歳代,大学生,施錠せず
窃盗,自転車盗,亀有,西亀有交番,131229,東京都,葛飾区,西亀有３丁目,2020-03-08,08,４階建て以上共同住宅,駐車（輪）場,20歳代,その他,施錠せず
窃盗,自転車盗,亀有,西亀有交番,131229,東京都,葛飾区,西亀有３丁目,2020-07-20,20,一戸建住宅,駐車（輪）場,20歳代,その他,施錠せず
窃盗,自転車盗,亀有,西亀有交番,131229,東京都,葛飾区,西亀有３丁目,2020-11-23,00,一戸建住宅,駐車（輪）場,40歳代,その他,施錠せず
窃盗,自転車盗,亀有,西亀有交番,131229,東京都,葛飾区,堀切８丁目,2020-09-20,20,一戸建住宅,駐車（輪）場,70歳以上,その他,施錠せず
窃盗,自転車盗,亀有,青戸南部駐在所,131229,東京都,葛飾区,青戸２丁目,2020-09-25,18,その他の住宅（３階建て以下共同住宅等）,駐車（輪）場,30歳代,その他,施錠せず
窃盗,自転車盗,亀有,青戸南部駐在所,131229,東京都,葛飾区,青戸３丁目,2020-05-15,07,４階建て以上共同住宅,その他,40歳代,その他,施錠せず
窃盗,自転車盗,亀有,青戸南部駐在所,131229,東京都,葛飾区,青戸３丁目,2020-10-02,00,その他の住宅（３階建て以下共同住宅等）,その他,20歳代,その他,施錠せず
窃盗,自転車盗,亀有,青戸北部駐在所,131229,東京都,葛飾区,青戸６丁目,2019-12-25,20,４階建て以上共同住宅,駐車（輪）場,50歳代,その他,施錠せず
窃盗,自転車盗,亀有,青戸北部駐在所,131229,東京都,葛飾区,青戸６丁目,2020-09-21,20,一戸建住宅,その他,40歳代,その他,施錠せず
窃盗,自転車盗,亀有,青戸北部駐在所,131229,東京都,葛飾区,青戸７丁目,2020-05-06,17,一戸建住宅,駐車（輪）場,30歳代,その他,施錠せず
窃盗,自転車盗,亀有,青戸北部駐在所,131229,東京都,葛飾区,青戸７丁目,2020-05-31,18,４階建て以上共同住宅,駐車（輪）場,10歳代,高校生,施錠せず
窃盗,自転車盗,亀有,青戸北部駐在所,131229,東京都,葛飾区,青戸７丁目,2020-09-05,12,４階建て以上共同住宅,駐車（輪）場,65-69歳,その他,施錠せず
窃盗,自転車盗,亀有,亀田橋駐在所,131229,東京都,葛飾区,高砂８丁目,2020-11-03,17,４階建て以上共同住宅,駐車（輪）場,20歳代,その他,施錠せず
窃盗,自転車盗,亀有,亀田橋駐在所,131229,東京都,葛飾区,高砂８丁目,2020-11-08,17,４階建て以上共同住宅,駐車（輪）場,20歳代,その他,施錠せず
窃盗,自転車盗,亀有,金町駅北口交番,131229,東京都,葛飾区,金町３丁目,2020-01-18,04,４階建て以上共同住宅,駐車（輪）場,50歳代,その他,施錠せず
窃盗,自転車盗,亀有,金町駅北口交番,131229,東京都,葛飾区,金町４丁目,2020-05-23,12,その他の住宅（３階建て以下共同住宅等）,駐車（輪）場,10歳代,中学生,施錠せず
窃盗,自転車盗,亀有,金町駅北口交番,131229,東京都,葛飾区,金町４丁目,2020-07-31,18,４階建て以上共同住宅,駐車（輪）場,10歳代,高校生,施錠せず
窃盗,自転車盗,亀有,金町駅北口交番,131229,東京都,葛飾区,金町６丁目,2020-01-05,11,駐車（輪）場,駐車（輪）場,20歳代,その他,施錠せず
窃盗,自転車盗,亀有,金町駅北口交番,131229,東京都,葛飾区,東金町１丁目,2019-12-17,17,道路上,その他,65-69歳,その他,施錠せず
窃盗,自転車盗,亀有,金町駅北口交番,131229,東京都,葛飾区,東金町１丁目,2020-01-10,07,その他,駐車（輪）場,20歳代,その他,施錠せず
窃盗,自転車盗,亀有,金町駅北口交番,131229,東京都,葛飾区,東金町１丁目,2020-02-14,20,その他,駐車（輪）場,30歳代,その他,施錠せず
窃盗,自転車盗,亀有,金町駅北口交番,131229,東京都,葛飾区,東金町１丁目,2020-02-21,13,その他,駐車（輪）場,40歳代,その他,施錠せず
窃盗,自転車盗,亀有,金町駅北口交番,131229,東京都,葛飾区,東金町１丁目,2020-03-08,09,道路上,その他,50歳代,その他,施錠せず
窃盗,自転車盗,亀有,金町駅北口交番,131229,東京都,葛飾区,東金町１丁目,2020-03-16,09,その他,駐車（輪）場,10歳代,高校生,施錠せず
窃盗,自転車盗,亀有,金町駅北口交番,131229,東京都,葛飾区,東金町１丁目,2020-03-23,20,道路上,その他,20歳代,大学生,施錠せず
窃盗,自転車盗,亀有,金町駅北口交番,131229,東京都,葛飾区,東金町１丁目,2020-04-17,23,道路上,その他,65-69歳,その他,施錠せず
窃盗,自転車盗,亀有,金町駅北口交番,131229,東京都,葛飾区,東金町１丁目,2020-08-08,16,その他,駐車（輪）場,50歳代,その他,施錠せず
窃盗,自転車盗,亀有,金町駅北口交番,131229,東京都,葛飾区,東金町２丁目,2020-02-26,17,４階建て以上共同住宅,駐車（輪）場,10歳代,中学生,施錠せず
窃盗,自転車盗,亀有,金町駅北口交番,131229,東京都,葛飾区,東金町２丁目,2020-05-17,15,４階建て以上共同住宅,駐車（輪）場,50歳代,その他,施錠せず
窃盗,自転車盗,亀有,金町駅北口交番,131229,東京都,葛飾区,東金町２丁目,2020-07-14,13,その他の住宅（３階建て以下共同住宅等）,駐車（輪）場,20歳代,その他,施錠せず
窃盗,自転車盗,亀有,金町駅北口交番,131229,東京都,葛飾区,東金町２丁目,2020-09-11,22,４階建て以上共同住宅,駐車（輪）場,40歳代,その他,施錠せず
窃盗,自転車盗,亀有,金町駅北口交番,131229,東京都,葛飾区,東金町３丁目,2020-02-21,18,その他,駐車（輪）場,70歳以上,その他,施錠せず
窃盗,自転車盗,亀有,金町駅北口交番,131229,東京都,葛飾区,東金町３丁目,2020-03-14,16,その他の住宅（３階建て以下共同住宅等）,駐車（輪）場,10歳代,高校生,施錠せず
窃盗,自転車盗,亀有,金町駅北口交番,131229,東京都,葛飾区,東金町３丁目,2020-05-11,08,４階建て以上共同住宅,その他,50歳代,その他,施錠せず
窃盗,自転車盗,亀有,東金町交番,131229,東京都,葛飾区,東金町４丁目,2020-01-08,23,一戸建住宅,駐車（輪）場,20歳代,大学生,施錠せず
窃盗,自転車盗,亀有,東金町交番,131229,東京都,葛飾区,東金町５丁目,2019-12-20,21,一戸建住宅,駐車（輪）場,10歳代,高校生,施錠せず
窃盗,自転車盗,亀有,東金町交番,131229,東京都,葛飾区,東金町５丁目,2020-03-01,13,その他,駐車（輪）場,40歳代,その他,施錠せず
窃盗,自転車盗,亀有,東金町交番,131229,東京都,葛飾区,東金町５丁目,2020-03-27,02,一戸建住宅,駐車（輪）場,10歳代,小学生,施錠せず
窃盗,自転車盗,亀有,東金町交番,131229,東京都,葛飾区,東金町５丁目,2020-11-30,21,一戸建住宅,駐車（輪）場,50歳代,その他,施錠せず
窃盗,自転車盗,亀有,東金町交番,131229,東京都,葛飾区,東金町８丁目,2020-01-04,22,一戸建住宅,駐車（輪）場,30歳代,その他,施錠せず
窃盗,自転車盗,亀有,水元公園前交番,131229,東京都,葛飾区,西水元３丁目,2020-08-07,12,一戸建住宅,駐車（輪）場,40歳代,その他,施錠せず
窃盗,自転車盗,亀有,水元公園前交番,131229,東京都,葛飾区,東水元１丁目,2019-12-28,02,道路上,その他,40歳代,その他,施錠せず
窃盗,自転車盗,亀有,水元公園前交番,131229,東京都,葛飾区,東水元２丁目,2020-04-11,18,その他の住宅（３階建て以下共同住宅等）,駐車（輪）場,40歳代,その他,施錠せず
窃盗,自転車盗,亀有,水元公園前交番,131229,東京都,葛飾区,東水元２丁目,2020-05-06,17,４階建て以上共同住宅,駐車（輪）場,40歳代,その他,施錠せず
窃盗,自転車盗,亀有,水元公園前交番,131229,東京都,葛飾区,東水元２丁目,2020-06-26,16,その他の住宅（３階建て以下共同住宅等）,駐車（輪）場,10歳代,小学生,施錠せず
窃盗,自転車盗,亀有,水元公園前交番,131229,東京都,葛飾区,東水元５丁目,2020-02-12,20,一戸建住宅,駐車（輪）場,40歳代,その他,施錠せず
窃盗,自転車盗,亀有,水元公園前交番,131229,東京都,葛飾区,水元１丁目,2020-01-14,16,その他,駐車（輪）場,20歳代,その他,施錠せず
窃盗,自転車盗,亀有,水元公園前交番,131229,東京都,葛飾区,水元１丁目,2020-02-08,15,その他,駐車（輪）場,10歳代,中学生,施錠せず
窃盗,自転車盗,亀有,水元公園前交番,131229,東京都,葛飾区,水元公園,2020-11-17,11,その他,駐車（輪）場,70歳以上,その他,施錠せず
窃盗,自転車盗,亀有,水元公園前交番,131229,東京都,葛飾区,南水元１丁目,2019-12-31,18,４階建て以上共同住宅,駐車（輪）場,70歳以上,その他,施錠せず
窃盗,自転車盗,亀有,水元公園前交番,131229,東京都,葛飾区,南水元１丁目,2020-01-01,04,駐車（輪）場,駐車（輪）場,20歳代,その他,施錠せず
窃盗,自転車盗,亀有,水元公園前交番,131229,東京都,葛飾区,南水元２丁目,2020-04-17,20,一戸建住宅,駐車（輪）場,20歳代,その他,施錠せず
窃盗,自転車盗,亀有,西水元駐在所,131229,東京都,葛飾区,西水元３丁目,2020-01-20,15,その他,その他,10歳代,小学生,施錠せず
窃盗,自転車盗,亀有,西水元駐在所,131229,東京都,葛飾区,西水元３丁目,2020-03-08,10,その他の住宅（３階建て以下共同住宅等）,駐車（輪）場,20歳代,大学生,施錠せず
窃盗,自転車盗,亀有,西水元駐在所,131229,東京都,葛飾区,西水元３丁目,2020-04-27,11,４階建て以上共同住宅,駐車（輪）場,20歳代,その他,施錠せず
窃盗,自転車盗,亀有,西水元駐在所,131229,東京都,葛飾区,西水元３丁目,2020-11-21,00,一戸建住宅,駐車（輪）場,30歳代,その他,施錠せず
窃盗,自転車盗,亀有,西水元駐在所,131229,東京都,葛飾区,西水元５丁目,2020-07-19,21,４階建て以上共同住宅,駐車（輪）場,10歳代,高校生,施錠せず
窃盗,自転車盗,亀有,西水元駐在所,131229,東京都,葛飾区,西水元６丁目,2020-12-07,14,一戸建住宅,駐車（輪）場,10歳代,中学生,施錠せず
窃盗,自転車盗,亀有,西水元駐在所,131229,東京都,葛飾区,水元２丁目,2020-10-19,18,その他の住宅（３階建て以下共同住宅等）,駐車（輪）場,20歳代,その他,施錠せず
窃盗,自転車盗,亀有,水元駐在所,131229,東京都,葛飾区,西水元１丁目,2020-06-11,20,その他の住宅（３階建て以下共同住宅等）,駐車（輪）場,30歳代,その他,施錠せず
窃盗,自転車盗,亀有,水元駐在所,131229,東京都,葛飾区,西水元２丁目,2020-02-28,17,一戸建住宅,駐車（輪）場,10歳代,その他,施錠せず
窃盗,自転車盗,亀有,水元駐在所,131229,東京都,葛飾区,西水元２丁目,2020-05-08,10,一戸建住宅,駐車（輪）場,30歳代,その他,施錠せず
窃盗,自転車盗,亀有,水元駐在所,131229,東京都,葛飾区,西水元２丁目,2020-05-08,10,一戸建住宅,駐車（輪）場,30歳代,その他,施錠せず
窃盗,自転車盗,亀有,水元駐在所,131229,東京都,葛飾区,西水元２丁目,2020-08-03,22,４階建て以上共同住宅,駐車（輪）場,10歳代,高校生,施錠せず
窃盗,自転車盗,亀有,水元駐在所,131229,東京都,葛飾区,西水元２丁目,2020-08-21,09,その他の住宅（３階建て以下共同住宅等）,駐車（輪）場,60-64歳,その他,施錠せず
窃盗,自転車盗,亀有,水元駐在所,131229,東京都,葛飾区,西水元２丁目,2020-11-23,19,道路上,その他,10歳代,中学生,施錠せず
窃盗,自転車盗,亀有,水元駐在所,131229,東京都,葛飾区,南水元２丁目,2020-06-20,19,その他の住宅（３階建て以下共同住宅等）,駐車（輪）場,20歳代,その他,施錠せず
窃盗,自転車盗,亀有,柴又二丁目交番,131229,東京都,葛飾区,金町１丁目,2020-03-17,19,その他,駐車（輪）場,50歳代,その他,施錠せず
窃盗,自転車盗,亀有,柴又二丁目交番,131229,東京都,葛飾区,金町１丁目,2020-04-04,05,その他,駐車（輪）場,30歳代,その他,施錠せず
窃盗,自転車盗,亀有,柴又二丁目交番,131229,東京都,葛飾区,金町１丁目,2020-08-08,17,４階建て以上共同住宅,駐車（輪）場,10歳代,高校生,施錠せず
窃盗,自転車盗,亀有,柴又二丁目交番,131229,東京都,葛飾区,金町１丁目,2020-08-23,10,４階建て以上共同住宅,駐車（輪）場,70歳以上,その他,施錠せず
窃盗,自転車盗,亀有,柴又二丁目交番,131229,東京都,葛飾区,金町４丁目,2020-03-10,16,４階建て以上共同住宅,駐車（輪）場,10歳代,中学生,施錠せず
窃盗,自転車盗,亀有,柴又二丁目交番,131229,東京都,葛飾区,柴又２丁目,2020-04-05,19,道路上,その他,70歳以上,その他,施錠せず
窃盗,自転車盗,亀有,柴又二丁目交番,131229,東京都,葛飾区,柴又２丁目,2020-04-10,18,４階建て以上共同住宅,駐車（輪）場,20歳代,その他,施錠せず
窃盗,自転車盗,亀有,柴又二丁目交番,131229,東京都,葛飾区,柴又２丁目,2020-06-10,20,一戸建住宅,その他,30歳代,その他,施錠せず
窃盗,自転車盗,亀有,柴又二丁目交番,131229,東京都,葛飾区,柴又３丁目,2020-03-15,20,一戸建住宅,駐車（輪）場,40歳代,その他,施錠せず
窃盗,自転車盗,亀有,柴又二丁目交番,131229,東京都,葛飾区,高砂７丁目,2020-04-16,09,道路上,その他,40歳代,その他,施錠せず
窃盗,自転車盗,亀有,柴又二丁目交番,131229,東京都,葛飾区,新宿１丁目,2020-01-07,00,４階建て以上共同住宅,駐車（輪）場,40歳代,その他,施錠せず
窃盗,自転車盗,亀有,柴又二丁目交番,131229,東京都,葛飾区,新宿１丁目,2020-02-29,00,その他の住宅（３階建て以下共同住宅等）,駐車（輪）場,30歳代,その他,施錠せず
窃盗,自転車盗,亀有,柴又二丁目交番,131229,東京都,葛飾区,新宿２丁目,2020-07-29,08,その他の住宅（３階建て以下共同住宅等）,駐車（輪）場,20歳代,その他,施錠せず
窃盗,自転車盗,亀有,柴又二丁目交番,131229,東京都,葛飾区,新宿４丁目,2020-03-03,21,その他の住宅（３階建て以下共同住宅等）,駐車（輪）場,40歳代,その他,施錠せず
窃盗,自転車盗,亀有,柴又二丁目交番,131229,東京都,葛飾区,東金町４丁目,2020-10-18,23,その他,駐車（輪）場,20歳代,大学生,施錠せず
窃盗,自転車盗,亀有,南水元交番,131229,東京都,葛飾区,亀有３丁目,2020-12-03,14,その他,駐車（輪）場,20歳代,大学生,施錠せず
窃盗,自転車盗,亀有,南水元交番,131229,東京都,葛飾区,新宿４丁目,2020-03-18,11,その他,駐車（輪）場,10歳代,高校生,施錠せず
窃盗,自転車盗,亀有,南水元交番,131229,東京都,葛飾区,新宿５丁目,2020-05-28,16,その他,駐車（輪）場,30歳代,その他,施錠せず
窃盗,自転車盗,亀有,南水元交番,131229,東京都,葛飾区,新宿５丁目,2020-07-26,12,その他の住宅（３階建て以下共同住宅等）,駐車（輪）場,30歳代,その他,施錠せず
窃盗,自転車盗,亀有,南水元交番,131229,東京都,葛飾区,新宿５丁目,2020-11-20,21,一戸建住宅,駐車（輪）場,10歳代,中学生,施錠せず
窃盗,自転車盗,亀有,南水元交番,131229,東京都,葛飾区,新宿５丁目,2020-11-24,22,道路上,その他,40歳代,その他,施錠せず
窃盗,自転車盗,亀有,南水元交番,131229,東京都,葛飾区,新宿６丁目,2020-01-05,20,その他,駐車（輪）場,40歳代,その他,施錠せず
窃盗,自転車盗,亀有,南水元交番,131229,東京都,葛飾区,東金町２丁目,2020-06-08,13,４階建て以上共同住宅,駐車（輪）場,10歳代,高校生,施錠せず
窃盗,自転車盗,亀有,南水元交番,131229,東京都,葛飾区,南水元１丁目,2020-02-14,14,４階建て以上共同住宅,駐車（輪）場,50歳代,その他,施錠せず
窃盗,自転車盗,亀有,南水元交番,131229,東京都,葛飾区,南水元２丁目,2020-01-07,20,一戸建住宅,駐車（輪）場,65-69歳,その他,施錠せず
窃盗,自転車盗,亀有,南水元交番,131229,東京都,葛飾区,南水元３丁目,2020-03-18,17,４階建て以上共同住宅,駐車（輪）場,10歳代,高校生,施錠せず
窃盗,自転車盗,亀有,南水元交番,131229,東京都,葛飾区,南水元４丁目,2020-12-26,12,その他,駐車（輪）場,65-69歳,その他,施錠せず
窃盗,自転車盗,亀有,葛三橋交番,131229,東京都,葛飾区,水元２丁目,2020-08-01,16,その他,駐車（輪）場,70歳以上,その他,施錠せず
窃盗,自転車盗,亀有,葛三橋交番,131229,東京都,葛飾区,水元３丁目,2020-11-03,08,その他,駐車（輪）場,50歳代,その他,施錠せず
窃盗,自転車盗,亀有,葛三橋交番,131229,東京都,葛飾区,水元４丁目,2020-01-13,21,４階建て以上共同住宅,駐車（輪）場,20歳代,その他,施錠せず
窃盗,自転車盗,亀有,葛三橋交番,131229,東京都,葛飾区,水元４丁目,2020-07-16,20,一戸建住宅,駐車（輪）場,40歳代,その他,施錠せず
窃盗,自転車盗,亀有,葛三橋交番,131229,東京都,葛飾区,水元４丁目,2020-11-03,17,４階建て以上共同住宅,駐車（輪）場,10歳代,小学生,施錠せず
窃盗,自転車盗,亀有,葛三橋交番,131229,東京都,葛飾区,水元４丁目,2020-11-07,22,４階建て以上共同住宅,駐車（輪）場,10歳代,高校生,施錠せず
窃盗,自転車盗,亀有,葛三橋交番,131229,東京都,葛飾区,水元５丁目,2020-01-08,21,４階建て以上共同住宅,駐車（輪）場,10歳代,中学生,施錠せず
窃盗,自転車盗,亀有,葛三橋交番,131229,東京都,葛飾区,水元５丁目,2020-03-14,23,一戸建住宅,駐車（輪）場,10歳代,中学生,施錠せず
窃盗,自転車盗,葛飾,四ツ木交番,131229,東京都,葛飾区,東四つ木２丁目,2020-02-04,16,その他,駐車（輪）場,50歳代,その他,施錠せず
窃盗,自転車盗,葛飾,四ツ木交番,131229,東京都,葛飾区,四つ木１丁目,2019-11-18,16,駐車（輪）場,駐車（輪）場,10歳代,小学生,施錠せず
窃盗,自転車盗,葛飾,四ツ木交番,131229,東京都,葛飾区,四つ木１丁目,2020-06-26,12,駐車（輪）場,駐車（輪）場,65-69歳,その他,施錠せず
窃盗,自転車盗,葛飾,四ツ木交番,131229,東京都,葛飾区,四つ木１丁目,2020-07-07,17,道路上,その他,50歳代,その他,施錠せず
窃盗,自転車盗,葛飾,四ツ木交番,131229,東京都,葛飾区,四つ木１丁目,2020-09-07,20,駐車（輪）場,駐車（輪）場,20歳代,その他,施錠せず
窃盗,自転車盗,葛飾,四ツ木交番,131229,東京都,葛飾区,四つ木１丁目,2020-11-14,17,一戸建住宅,その他,10歳代,高校生,施錠せず
窃盗,自転車盗,葛飾,四ツ木交番,131229,東京都,葛飾区,四つ木２丁目,2020-01-14,16,その他,駐車（輪）場,10歳代,高校生,施錠せず
窃盗,自転車盗,葛飾,四ツ木交番,131229,東京都,葛飾区,四つ木２丁目,2020-01-28,18,その他,駐車（輪）場,10歳代,高校生,施錠せず
窃盗,自転車盗,葛飾,四ツ木交番,131229,東京都,葛飾区,四つ木２丁目,2020-01-29,17,その他,駐車（輪）場,20歳代,大学生,施錠せず
窃盗,自転車盗,葛飾,四ツ木交番,131229,東京都,葛飾区,四つ木２丁目,2020-02-03,19,その他,駐車（輪）場,30歳代,その他,施錠せず
窃盗,自転車盗,葛飾,四ツ木交番,131229,東京都,葛飾区,四つ木２丁目,2020-02-08,08,その他,駐車（輪）場,20歳代,その他,施錠せず
窃盗,自転車盗,葛飾,四ツ木交番,131229,東京都,葛飾区,四つ木２丁目,2020-08-30,11,その他,駐車（輪）場,20歳代,大学生,施錠せず
窃盗,自転車盗,葛飾,四ツ木交番,131229,東京都,葛飾区,四つ木３丁目,2020-02-19,09,一戸建住宅,駐車（輪）場,10歳代,中学生,施錠せず
窃盗,自転車盗,葛飾,四ツ木交番,131229,東京都,葛飾区,四つ木３丁目,2020-08-28,22,道路上,その他,10歳代,高校生,施錠せず
窃盗,自転車盗,葛飾,四ツ木交番,131229,東京都,葛飾区,四つ木３丁目,2020-10-12,17,道路上,その他,10歳代,大学生,施錠せず
窃盗,自転車盗,葛飾,堀切交番,131229,東京都,葛飾区,堀切１丁目,2020-02-04,19,その他,駐車（輪）場,40歳代,その他,施錠せず
窃盗,自転車盗,葛飾,堀切交番,131229,東京都,葛飾区,堀切１丁目,2020-08-30,17,一戸建住宅,その他,30歳代,その他,施錠せず
窃盗,自転車盗,葛飾,堀切交番,131229,東京都,葛飾区,堀切１丁目,2020-10-16,21,４階建て以上共同住宅,その他,40歳代,その他,施錠せず
窃盗,自転車盗,葛飾,堀切駅前交番,131229,東京都,葛飾区,堀切２丁目,2020-03-18,10,道路上,その他,40歳代,その他,施錠せず
窃盗,自転車盗,葛飾,堀切駅前交番,131229,東京都,葛飾区,堀切２丁目,2020-05-30,20,道路上,その他,40歳代,その他,施錠せず
窃盗,自転車盗,葛飾,堀切駅前交番,131229,東京都,葛飾区,堀切３丁目,2020-01-09,16,その他,駐車（輪）場,50歳代,その他,施錠せず
窃盗,自転車盗,葛飾,堀切駅前交番,131229,東京都,葛飾区,堀切３丁目,2020-02-14,07,その他の住宅（３階建て以下共同住宅等）,駐車（輪）場,30歳代,その他,施錠せず
窃盗,自転車盗,葛飾,堀切駅前交番,131229,東京都,葛飾区,堀切３丁目,2020-07-05,10,４階建て以上共同住宅,その他,60-64歳,その他,施錠せず
窃盗,自転車盗,葛飾,堀切駅前交番,131229,東京都,葛飾区,堀切３丁目,2020-10-03,22,道路上,その他,50歳代,その他,施錠せず
窃盗,自転車盗,葛飾,堀切駅前交番,131229,東京都,葛飾区,堀切４丁目,2019-12-04,07,その他,駐車（輪）場,50歳代,その他,施錠せず
窃盗,自転車盗,葛飾,堀切駅前交番,131229,東京都,葛飾区,堀切４丁目,2020-02-17,02,道路上,その他,40歳代,その他,施錠せず
窃盗,自転車盗,葛飾,堀切駅前交番,131229,東京都,葛飾区,堀切４丁目,2020-06-18,19,一戸建住宅,その他,40歳代,その他,施錠せず
窃盗,自転車盗,葛飾,堀切駅前交番,131229,東京都,葛飾区,堀切４丁目,2020-09-12,19,道路上,その他,50歳代,その他,施錠せず
窃盗,自転車盗,葛飾,堀切駅前交番,131229,東京都,葛飾区,堀切４丁目,2020-11-22,13,道路上,その他,50歳代,その他,施錠せず
窃盗,自転車盗,葛飾,宝町交番,131229,東京都,葛飾区,宝町１丁目,2019-12-14,19,その他の住宅（３階建て以下共同住宅等）,駐車（輪）場,20歳代,その他,施錠せず
窃盗,自転車盗,葛飾,宝町交番,131229,東京都,葛飾区,宝町１丁目,2020-01-17,18,一戸建住宅,駐車（輪）場,40歳代,その他,施錠せず
窃盗,自転車盗,葛飾,宝町交番,131229,東京都,葛飾区,宝町１丁目,2020-04-08,17,道路上,その他,法人・団体、被害者なし,法人・団体、被害者なし,施錠せず
窃盗,自転車盗,葛飾,宝町交番,131229,東京都,葛飾区,宝町１丁目,2020-04-10,17,一戸建住宅,駐車（輪）場,70歳以上,その他,施錠せず
窃盗,自転車盗,葛飾,宝町交番,131229,東京都,葛飾区,宝町１丁目,2020-08-19,16,その他の住宅（３階建て以下共同住宅等）,その他,30歳代,その他,施錠せず
窃盗,自転車盗,葛飾,宝町交番,131229,東京都,葛飾区,宝町２丁目,2019-12-04,10,道路上,その他,40歳代,その他,施錠せず
窃盗,自転車盗,葛飾,宝町交番,131229,東京都,葛飾区,宝町２丁目,2019-12-13,07,その他の住宅（３階建て以下共同住宅等）,駐車（輪）場,20歳代,その他,施錠せず
窃盗,自転車盗,葛飾,宝町交番,131229,東京都,葛飾区,宝町２丁目,2020-04-04,15,駐車（輪）場,駐車（輪）場,40歳代,その他,施錠せず
窃盗,自転車盗,葛飾,宝町交番,131229,東京都,葛飾区,宝町２丁目,2020-04-28,14,道路上,その他,20歳代,その他,施錠せず
窃盗,自転車盗,葛飾,宝町交番,131229,東京都,葛飾区,宝町２丁目,2020-06-28,23,その他,その他,30歳代,その他,施錠せず
窃盗,自転車盗,葛飾,宝町交番,131229,東京都,葛飾区,宝町２丁目,2020-09-07,15,４階建て以上共同住宅,その他,30歳代,その他,施錠せず
窃盗,自転車盗,葛飾,宝町交番,131229,東京都,葛飾区,宝町２丁目,2020-10-05,23,その他の住宅（３階建て以下共同住宅等）,その他,40歳代,その他,施錠せず
窃盗,自転車盗,葛飾,宝町交番,131229,東京都,葛飾区,四つ木５丁目,2020-06-05,22,一戸建住宅,その他,30歳代,その他,施錠せず
窃盗,自転車盗,葛飾,宝町交番,131229,東京都,葛飾区,四つ木５丁目,2020-11-12,22,４階建て以上共同住宅,その他,20歳代,その他,施錠せず
窃盗,自転車盗,葛飾,宝町交番,131229,東京都,葛飾区,四つ木５丁目,2020-11-13,23,一戸建住宅,その他,40歳代,その他,施錠せず
窃盗,自転車盗,葛飾,立石交番,131229,東京都,葛飾区,立石１丁目,2019-12-24,12,その他,駐車（輪）場,20歳代,その他,施錠せず
窃盗,自転車盗,葛飾,立石交番,131229,東京都,葛飾区,立石１丁目,2020-05-10,12,道路上,その他,40歳代,その他,施錠せず
窃盗,自転車盗,葛飾,立石交番,131229,東京都,葛飾区,立石１丁目,2020-11-30,16,その他,その他,10歳代,高校生,施錠せず
窃盗,自転車盗,葛飾,立石交番,131229,東京都,葛飾区,立石２丁目,2020-07-08,15,一戸建住宅,その他,60-64歳,その他,施錠せず
窃盗,自転車盗,葛飾,立石交番,131229,東京都,葛飾区,東立石３丁目,2020-02-28,20,一戸建住宅,駐車（輪）場,40歳代,その他,施錠せず
窃盗,自転車盗,葛飾,立石交番,131229,東京都,葛飾区,東立石３丁目,2020-05-02,20,一戸建住宅,駐車（輪）場,20歳代,その他,施錠せず
窃盗,自転車盗,葛飾,立石交番,131229,東京都,葛飾区,東立石４丁目,2019-12-15,17,その他の住宅（３階建て以下共同住宅等）,駐車（輪）場,40歳代,その他,施錠せず
窃盗,自転車盗,葛飾,立石駅前交番,131229,東京都,葛飾区,新小岩１丁目,2019-10-15,17,道路上,その他,10歳代,高校生,施錠せず
窃盗,自転車盗,葛飾,立石駅前交番,131229,東京都,葛飾区,立石３丁目,2020-10-07,01,道路上,その他,20歳代,その他,施錠せず
窃盗,自転車盗,葛飾,立石駅前交番,131229,東京都,葛飾区,立石４丁目,2019-11-29,00,道路上,その他,30歳代,その他,施錠せず
窃盗,自転車盗,葛飾,立石駅前交番,131229,東京都,葛飾区,立石４丁目,2019-12-14,22,道路上,その他,20歳代,その他,施錠せず
窃盗,自転車盗,葛飾,立石駅前交番,131229,東京都,葛飾区,立石４丁目,2020-01-13,15,その他,駐車（輪）場,20歳代,その他,施錠せず
窃盗,自転車盗,葛飾,立石駅前交番,131229,東京都,葛飾区,立石４丁目,2020-04-10,21,道路上,その他,50歳代,その他,施錠せず
窃盗,自転車盗,葛飾,立石駅前交番,131229,東京都,葛飾区,立石４丁目,2020-06-03,15,一戸建住宅,駐車（輪）場,70歳以上,その他,施錠せず
窃盗,自転車盗,葛飾,立石駅前交番,131229,東京都,葛飾区,立石４丁目,2020-06-05,00,道路上,その他,60-64歳,その他,施錠せず
窃盗,自転車盗,葛飾,立石駅前交番,131229,東京都,葛飾区,立石４丁目,2020-06-28,00,道路上,その他,20歳代,その他,施錠せず
窃盗,自転車盗,葛飾,立石駅前交番,131229,東京都,葛飾区,立石４丁目,2020-10-15,13,一戸建住宅,その他,70歳以上,その他,施錠せず
窃盗,自転車盗,葛飾,立石駅前交番,131229,東京都,葛飾区,立石５丁目,2020-01-08,18,その他,駐車（輪）場,20歳代,その他,施錠せず
窃盗,自転車盗,葛飾,立石駅前交番,131229,東京都,葛飾区,立石５丁目,2020-01-13,16,一戸建住宅,駐車（輪）場,10歳代,高校生,施錠せず
窃盗,自転車盗,葛飾,立石駅前交番,131229,東京都,葛飾区,立石５丁目,2020-01-19,21,その他の住宅（３階建て以下共同住宅等）,駐車（輪）場,30歳代,その他,施錠せず
窃盗,自転車盗,葛飾,立石駅前交番,131229,東京都,葛飾区,立石５丁目,2020-07-20,11,その他,その他,70歳以上,その他,施錠せず
窃盗,自転車盗,葛飾,立石駅前交番,131229,東京都,葛飾区,立石５丁目,2020-08-25,15,その他,駐車（輪）場,10歳代,中学生,施錠せず
窃盗,自転車盗,葛飾,立石駅前交番,131229,東京都,葛飾区,立石５丁目,2020-11-23,15,道路上,その他,40歳代,その他,施錠せず
窃盗,自転車盗,葛飾,立石駅前交番,131229,東京都,葛飾区,立石６丁目,2019-12-10,18,道路上,その他,40歳代,その他,施錠せず
窃盗,自転車盗,葛飾,立石駅前交番,131229,東京都,葛飾区,立石６丁目,2020-01-05,15,道路上,その他,20歳代,その他,施錠せず
窃盗,自転車盗,葛飾,立石駅前交番,131229,東京都,葛飾区,立石６丁目,2020-08-03,19,その他の住宅（３階建て以下共同住宅等）,その他,30歳代,その他,施錠せず
窃盗,自転車盗,葛飾,立石駅前交番,131229,東京都,葛飾区,立石７丁目,2020-06-20,17,その他,その他,20歳代,その他,施錠せず
窃盗,自転車盗,葛飾,立石駅前交番,131229,東京都,葛飾区,立石７丁目,2020-07-21,22,道路上,その他,40歳代,その他,施錠せず
窃盗,自転車盗,葛飾,立石駅前交番,131229,東京都,葛飾区,立石８丁目,2020-09-06,20,一戸建住宅,その他,20歳代,大学生,施錠せず
窃盗,自転車盗,葛飾,青砥駅前交番,131229,東京都,葛飾区,青戸１丁目,2020-02-02,22,道路上,その他,30歳代,その他,施錠せず
窃盗,自転車盗,葛飾,青砥駅前交番,131229,東京都,葛飾区,青戸３丁目,2019-11-25,09,その他,駐車（輪）場,10歳代,その他,施錠せず
窃盗,自転車盗,葛飾,青砥駅前交番,131229,東京都,葛飾区,青戸３丁目,2019-12-13,00,道路上,その他,40歳代,その他,施錠せず
窃盗,自転車盗,葛飾,青砥駅前交番,131229,東京都,葛飾区,青戸３丁目,2020-02-25,15,４階建て以上共同住宅,駐車（輪）場,50歳代,その他,施錠せず
窃盗,自転車盗,葛飾,青砥駅前交番,131229,東京都,葛飾区,青戸３丁目,2020-03-04,22,一戸建住宅,その他,10歳代,高校生,施錠せず
窃盗,自転車盗,葛飾,青砥駅前交番,131229,東京都,葛飾区,青戸３丁目,2020-03-14,01,その他,駐車（輪）場,40歳代,その他,施錠せず
窃盗,自転車盗,葛飾,青砥駅前交番,131229,東京都,葛飾区,青戸３丁目,2020-04-04,11,道路上,その他,10歳代,高校生,施錠せず
窃盗,自転車盗,葛飾,青砥駅前交番,131229,東京都,葛飾区,青戸３丁目,2020-05-03,20,一戸建住宅,駐車（輪）場,10歳代,高校生,施錠せず
窃盗,自転車盗,葛飾,青砥駅前交番,131229,東京都,葛飾区,青戸３丁目,2020-05-24,09,その他,駐車（輪）場,40歳代,その他,施錠せず
窃盗,自転車盗,葛飾,青砥駅前交番,131229,東京都,葛飾区,青戸３丁目,2020-06-13,20,一戸建住宅,その他,70歳以上,その他,施錠せず
窃盗,自転車盗,葛飾,青砥駅前交番,131229,東京都,葛飾区,青戸３丁目,2020-07-22,18,その他,その他,10歳代,高校生,施錠せず
窃盗,自転車盗,葛飾,青砥駅前交番,131229,東京都,葛飾区,青戸３丁目,2020-10-11,23,道路上,その他,30歳代,その他,施錠せず
窃盗,自転車盗,葛飾,青砥駅前交番,131229,東京都,葛飾区,青戸３丁目,2020-11-04,18,その他,その他,10歳代,中学生,施錠せず
窃盗,自転車盗,葛飾,青砥駅前交番,131229,東京都,葛飾区,奥戸１丁目,2020-02-22,09,その他,駐車（輪）場,50歳代,その他,施錠せず
窃盗,自転車盗,葛飾,青砥駅前交番,131229,東京都,葛飾区,立石６丁目,2020-10-25,10,一戸建住宅,その他,70歳以上,その他,施錠せず
窃盗,自転車盗,葛飾,青砥駅前交番,131229,東京都,葛飾区,立石６丁目,2020-10-30,21,道路上,その他,10歳代,小学生,施錠せず
窃盗,自転車盗,葛飾,高砂駅前交番,131229,東京都,葛飾区,高砂１丁目,2020-03-29,20,駐車（輪）場,駐車（輪）場,10歳代,その他,施錠せず
窃盗,自転車盗,葛飾,高砂駅前交番,131229,東京都,葛飾区,高砂２丁目,2020-01-19,01,その他,駐車（輪）場,70歳以上,その他,施錠せず
窃盗,自転車盗,葛飾,高砂駅前交番,131229,東京都,葛飾区,高砂２丁目,2020-01-29,21,その他の住宅（３階建て以下共同住宅等）,駐車（輪）場,20歳代,その他,施錠せず
窃盗,自転車盗,葛飾,高砂駅前交番,131229,東京都,葛飾区,高砂２丁目,2020-06-14,17,４階建て以上共同住宅,その他,30歳代,その他,施錠せず
窃盗,自転車盗,葛飾,高砂駅前交番,131229,東京都,葛飾区,高砂２丁目,2020-09-10,00,一戸建住宅,その他,30歳代,その他,施錠せず
窃盗,自転車盗,葛飾,高砂駅前交番,131229,東京都,葛飾区,高砂２丁目,2020-11-03,21,道路上,その他,40歳代,その他,施錠せず
窃盗,自転車盗,葛飾,高砂駅前交番,131229,東京都,葛飾区,高砂３丁目,2019-01-10,08,道路上,その他,50歳代,その他,施錠せず
窃盗,自転車盗,葛飾,高砂駅前交番,131229,東京都,葛飾区,高砂３丁目,2020-01-31,17,その他,駐車（輪）場,40歳代,その他,施錠せず
窃盗,自転車盗,葛飾,高砂駅前交番,131229,東京都,葛飾区,高砂３丁目,2020-03-11,10,その他,駐車（輪）場,10歳代,中学生,施錠せず
窃盗,自転車盗,葛飾,高砂駅前交番,131229,東京都,葛飾区,高砂３丁目,2020-04-26,12,その他の住宅（３階建て以下共同住宅等）,駐車（輪）場,20歳代,その他,施錠せず
窃盗,自転車盗,葛飾,高砂駅前交番,131229,東京都,葛飾区,高砂３丁目,2020-06-14,12,その他,駐車（輪）場,70歳以上,その他,施錠せず
窃盗,自転車盗,葛飾,高砂駅前交番,131229,東京都,葛飾区,高砂３丁目,2020-08-03,08,その他,その他,40歳代,その他,施錠せず
窃盗,自転車盗,葛飾,高砂駅前交番,131229,東京都,葛飾区,高砂３丁目,2020-10-13,17,その他の住宅（３階建て以下共同住宅等）,その他,10歳代,中学生,施錠せず
窃盗,自転車盗,葛飾,高砂駅前交番,131229,東京都,葛飾区,高砂４丁目,2020-05-08,23,４階建て以上共同住宅,駐車（輪）場,40歳代,その他,施錠せず
窃盗,自転車盗,葛飾,高砂駅前交番,131229,東京都,葛飾区,高砂５丁目,2019-11-20,11,道路上,その他,30歳代,その他,施錠せず
窃盗,自転車盗,葛飾,高砂駅前交番,131229,東京都,葛飾区,高砂５丁目,2020-02-26,07,駐車（輪）場,駐車（輪）場,30歳代,その他,施錠せず
窃盗,自転車盗,葛飾,高砂駅前交番,131229,東京都,葛飾区,高砂５丁目,2020-03-19,19,駐車（輪）場,駐車（輪）場,30歳代,その他,施錠せず
窃盗,自転車盗,葛飾,高砂駅前交番,131229,東京都,葛飾区,高砂５丁目,2020-05-10,12,道路上,その他,30歳代,その他,施錠せず
窃盗,自転車盗,葛飾,高砂駅前交番,131229,東京都,葛飾区,高砂５丁目,2020-06-15,13,一戸建住宅,その他,10歳代,高校生,施錠せず
窃盗,自転車盗,葛飾,高砂駅前交番,131229,東京都,葛飾区,高砂５丁目,2020-09-04,17,その他,その他,65-69歳,その他,施錠せず
窃盗,自転車盗,葛飾,細田交番,131229,東京都,葛飾区,細田１丁目,2020-02-20,14,道路上,その他,30歳代,その他,施錠せず
窃盗,自転車盗,葛飾,細田交番,131229,東京都,葛飾区,細田４丁目,2020-01-11,20,４階建て以上共同住宅,駐車（輪）場,10歳代,高校生,施錠せず
窃盗,自転車盗,葛飾,細田交番,131229,東京都,葛飾区,細田４丁目,2020-08-03,17,その他の住宅（３階建て以下共同住宅等）,その他,20歳代,その他,施錠せず
窃盗,自転車盗,葛飾,細田交番,131229,東京都,葛飾区,細田５丁目,2020-05-04,21,一戸建住宅,駐車（輪）場,20歳代,その他,施錠せず
窃盗,自転車盗,葛飾,細田交番,131229,東京都,葛飾区,細田５丁目,2020-06-06,13,一戸建住宅,その他,40歳代,その他,施錠せず
窃盗,自転車盗,葛飾,細田交番,131229,東京都,葛飾区,細田５丁目,2020-07-22,12,その他の住宅（３階建て以下共同住宅等）,その他,40歳代,その他,施錠せず
窃盗,自転車盗,葛飾,細田交番,131229,東京都,葛飾区,細田５丁目,2020-07-25,12,その他の住宅（３階建て以下共同住宅等）,その他,40歳代,その他,施錠せず
窃盗,自転車盗,葛飾,新小岩駅前交番,131229,東京都,葛飾区,青戸３丁目,2020-01-20,00,道路上,その他,30歳代,その他,施錠せず
窃盗,自転車盗,葛飾,新小岩駅前交番,131229,東京都,葛飾区,新小岩１丁目,2019-11-29,20,その他,駐車（輪）場,法人・団体、被害者なし,法人・団体、被害者なし,施錠せず
窃盗,自転車盗,葛飾,新小岩駅前交番,131229,東京都,葛飾区,新小岩１丁目,2019-12-05,07,道路上,その他,30歳代,その他,施錠せず
窃盗,自転車盗,葛飾,新小岩駅前交番,131229,東京都,葛飾区,新小岩１丁目,2019-12-05,15,その他,駐車（輪）場,40歳代,その他,施錠せず
窃盗,自転車盗,葛飾,新小岩駅前交番,131229,東京都,葛飾区,新小岩１丁目,2019-12-30,20,道路上,その他,20歳代,その他,施錠せず
窃盗,自転車盗,葛飾,新小岩駅前交番,131229,東京都,葛飾区,新小岩１丁目,2020-01-09,09,駐車（輪）場,駐車（輪）場,10歳代,高校生,施錠せず
窃盗,自転車盗,葛飾,新小岩駅前交番,131229,東京都,葛飾区,新小岩１丁目,2020-01-15,13,道路上,その他,10歳代,その他,施錠せず
窃盗,自転車盗,葛飾,新小岩駅前交番,131229,東京都,葛飾区,新小岩１丁目,2020-02-09,09,駐車（輪）場,駐車（輪）場,10歳代,小学生,施錠せず
窃盗,自転車盗,葛飾,新小岩駅前交番,131229,東京都,葛飾区,新小岩１丁目,2020-02-09,15,その他,駐車（輪）場,40歳代,その他,施錠せず
窃盗,自転車盗,葛飾,新小岩駅前交番,131229,東京都,葛飾区,新小岩１丁目,2020-02-15,18,４階建て以上共同住宅,駐車（輪）場,10歳代,小学生,施錠せず
窃盗,自転車盗,葛飾,新小岩駅前交番,131229,東京都,葛飾区,新小岩１丁目,2020-02-22,23,道路上,その他,20歳代,その他,施錠せず
窃盗,自転車盗,葛飾,新小岩駅前交番,131229,東京都,葛飾区,新小岩１丁目,2020-03-18,18,その他,駐車（輪）場,20歳代,大学生,施錠せず
窃盗,自転車盗,葛飾,新小岩駅前交番,131229,東京都,葛飾区,新小岩１丁目,2020-03-27,18,駐車（輪）場,駐車（輪）場,10歳代,大学生,施錠せず
窃盗,自転車盗,葛飾,新小岩駅前交番,131229,東京都,葛飾区,新小岩１丁目,2020-04-06,14,一戸建住宅,駐車（輪）場,50歳代,その他,施錠せず
窃盗,自転車盗,葛飾,新小岩駅前交番,131229,東京都,葛飾区,新小岩１丁目,2020-05-29,12,道路上,その他,10歳代,高校生,施錠せず
窃盗,自転車盗,葛飾,新小岩駅前交番,131229,東京都,葛飾区,新小岩１丁目,2020-06-04,16,その他の住宅（３階建て以下共同住宅等）,その他,40歳代,その他,施錠せず
窃盗,自転車盗,葛飾,新小岩駅前交番,131229,東京都,葛飾区,新小岩１丁目,2020-06-10,19,道路上,その他,10歳代,中学生,施錠せず
窃盗,自転車盗,葛飾,新小岩駅前交番,131229,東京都,葛飾区,新小岩１丁目,2020-06-16,22,その他の住宅（３階建て以下共同住宅等）,その他,20歳代,その他,施錠せず
窃盗,自転車盗,葛飾,新小岩駅前交番,131229,東京都,葛飾区,新小岩１丁目,2020-06-25,13,その他の住宅（３階建て以下共同住宅等）,その他,20歳代,その他,施錠せず
窃盗,自転車盗,葛飾,新小岩駅前交番,131229,東京都,葛飾区,新小岩１丁目,2020-06-27,19,その他,その他,20歳代,大学生,施錠せず
窃盗,自転車盗,葛飾,新小岩駅前交番,131229,東京都,葛飾区,新小岩１丁目,2020-06-28,18,駐車（輪）場,駐車（輪）場,10歳代,高校生,施錠せず
窃盗,自転車盗,葛飾,新小岩駅前交番,131229,東京都,葛飾区,新小岩１丁目,2020-08-15,17,道路上,その他,30歳代,その他,施錠せず
窃盗,自転車盗,葛飾,新小岩駅前交番,131229,東京都,葛飾区,新小岩１丁目,2020-10-24,12,道路上,その他,30歳代,その他,施錠せず
窃盗,自転車盗,葛飾,新小岩駅前交番,131229,東京都,葛飾区,新小岩１丁目,2020-10-28,20,駐車（輪）場,駐車（輪）場,20歳代,大学生,施錠せず
窃盗,自転車盗,葛飾,新小岩駅前交番,131229,東京都,葛飾区,新小岩１丁目,2020-10-29,00,その他,その他,20歳代,大学生,施錠せず
窃盗,自転車盗,葛飾,新小岩駅前交番,131229,東京都,葛飾区,新小岩１丁目,2020-11-09,17,道路上,その他,50歳代,その他,施錠せず
窃盗,自転車盗,葛飾,新小岩駅前交番,131229,東京都,葛飾区,新小岩１丁目,2020-11-18,18,道路上,その他,10歳代,高校生,施錠せず
窃盗,自転車盗,葛飾,新小岩駅前交番,131229,東京都,葛飾区,新小岩２丁目,2020-02-24,09,その他,駐車（輪）場,65-69歳,その他,施錠せず
窃盗,自転車盗,葛飾,新小岩駅前交番,131229,東京都,葛飾区,新小岩２丁目,2020-05-29,15,その他,駐車（輪）場,20歳代,その他,施錠せず
窃盗,自転車盗,葛飾,新小岩駅前交番,131229,東京都,葛飾区,新小岩２丁目,2020-07-05,11,一戸建住宅,その他,70歳以上,その他,施錠せず
窃盗,自転車盗,葛飾,新小岩駅前交番,131229,東京都,葛飾区,新小岩２丁目,2020-08-01,12,駐車（輪）場,駐車（輪）場,20歳代,その他,施錠せず
窃盗,自転車盗,葛飾,新小岩駅前交番,131229,東京都,葛飾区,新小岩２丁目,2020-11-12,18,道路上,その他,10歳代,中学生,施錠せず
窃盗,自転車盗,葛飾,新小岩駅前交番,131229,東京都,葛飾区,新小岩２丁目,2020-11-14,18,道路上,その他,10歳代,中学生,施錠せず
窃盗,自転車盗,葛飾,新小岩駅前交番,131229,東京都,葛飾区,新小岩３丁目,2020-01-05,20,その他の住宅（３階建て以下共同住宅等）,駐車（輪）場,30歳代,その他,施錠せず
窃盗,自転車盗,葛飾,新小岩駅前交番,131229,東京都,葛飾区,新小岩３丁目,2020-03-03,19,一戸建住宅,駐車（輪）場,10歳代,小学生,施錠せず
窃盗,自転車盗,葛飾,新小岩駅前交番,131229,東京都,葛飾区,新小岩３丁目,2020-07-11,00,道路上,その他,40歳代,その他,施錠せず
窃盗,自転車盗,葛飾,新小岩駅前交番,131229,東京都,葛飾区,新小岩３丁目,2020-08-01,23,一戸建住宅,その他,10歳代,高校生,施錠せず
窃盗,自転車盗,葛飾,新小岩駅前交番,131229,東京都,葛飾区,新小岩３丁目,2020-08-28,23,４階建て以上共同住宅,その他,20歳代,大学生,施錠せず
窃盗,自転車盗,葛飾,新小岩駅前交番,131229,東京都,葛飾区,新小岩３丁目,2020-10-04,13,その他の住宅（３階建て以下共同住宅等）,その他,20歳代,その他,施錠せず
窃盗,自転車盗,葛飾,たつみ橋交番,131229,東京都,葛飾区,奥戸５丁目,2020-03-06,17,その他,駐車（輪）場,40歳代,その他,施錠せず
窃盗,自転車盗,葛飾,たつみ橋交番,131229,東京都,葛飾区,西新小岩１丁目,2020-05-22,09,駐車（輪）場,駐車（輪）場,20歳代,その他,施錠せず
窃盗,自転車盗,葛飾,たつみ橋交番,131229,東京都,葛飾区,西新小岩１丁目,2020-06-07,10,４階建て以上共同住宅,その他,10歳代,大学生,施錠せず
窃盗,自転車盗,葛飾,たつみ橋交番,131229,東京都,葛飾区,西新小岩１丁目,2020-06-08,17,その他,その他,10歳代,その他,施錠せず
窃盗,自転車盗,葛飾,たつみ橋交番,131229,東京都,葛飾区,西新小岩１丁目,2020-06-10,08,駐車（輪）場,駐車（輪）場,30歳代,その他,施錠せず
窃盗,自転車盗,葛飾,たつみ橋交番,131229,東京都,葛飾区,西新小岩１丁目,2020-07-05,02,４階建て以上共同住宅,その他,20歳代,その他,施錠せず
窃盗,自転車盗,葛飾,たつみ橋交番,131229,東京都,葛飾区,西新小岩１丁目,2020-08-20,10,４階建て以上共同住宅,その他,20歳代,その他,施錠せず
窃盗,自転車盗,葛飾,たつみ橋交番,131229,東京都,葛飾区,西新小岩１丁目,2020-09-05,15,その他,駐車（輪）場,10歳代,高校生,施錠せず
窃盗,自転車盗,葛飾,たつみ橋交番,131229,東京都,葛飾区,西新小岩１丁目,2020-09-10,19,その他,その他,10歳代,高校生,施錠せず
窃盗,自転車盗,葛飾,たつみ橋交番,131229,東京都,葛飾区,西新小岩１丁目,2020-09-20,06,道路上,その他,40歳代,その他,施錠せず
窃盗,自転車盗,葛飾,たつみ橋交番,131229,東京都,葛飾区,西新小岩１丁目,2020-09-27,15,４階建て以上共同住宅,その他,70歳以上,その他,施錠せず
窃盗,自転車盗,葛飾,たつみ橋交番,131229,東京都,葛飾区,西新小岩１丁目,2020-10-11,19,駐車（輪）場,駐車（輪）場,10歳代,大学生,施錠せず
窃盗,自転車盗,葛飾,たつみ橋交番,131229,東京都,葛飾区,西新小岩３丁目,2020-02-29,23,道路上,その他,10歳代,その他,施錠せず
窃盗,自転車盗,葛飾,たつみ橋交番,131229,東京都,葛飾区,西新小岩３丁目,2020-06-16,20,その他の住宅（３階建て以下共同住宅等）,その他,30歳代,その他,施錠せず
窃盗,自転車盗,葛飾,たつみ橋交番,131229,東京都,葛飾区,西新小岩３丁目,2020-09-10,20,４階建て以上共同住宅,その他,10歳代,その他,施錠せず
窃盗,自転車盗,葛飾,たつみ橋交番,131229,東京都,葛飾区,西新小岩４丁目,2019-11-24,17,４階建て以上共同住宅,駐車（輪）場,30歳代,その他,施錠せず
窃盗,自転車盗,葛飾,たつみ橋交番,131229,東京都,葛飾区,西新小岩４丁目,2020-02-13,17,４階建て以上共同住宅,駐車（輪）場,10歳代,小学生,施錠せず
窃盗,自転車盗,葛飾,たつみ橋交番,131229,東京都,葛飾区,西新小岩４丁目,2020-04-16,12,その他,駐車（輪）場,60-64歳,その他,施錠せず
窃盗,自転車盗,葛飾,たつみ橋交番,131229,東京都,葛飾区,西新小岩４丁目,2020-05-28,13,一戸建住宅,駐車（輪）場,50歳代,その他,施錠せず
窃盗,自転車盗,葛飾,たつみ橋交番,131229,東京都,葛飾区,西新小岩４丁目,2020-06-16,15,その他,その他,50歳代,その他,施錠せず
窃盗,自転車盗,葛飾,たつみ橋交番,131229,東京都,葛飾区,西新小岩４丁目,2020-09-04,18,一戸建住宅,その他,40歳代,その他,施錠せず
窃盗,自転車盗,葛飾,たつみ橋交番,131229,東京都,葛飾区,東新小岩１丁目,2020-06-10,06,駐車（輪）場,駐車（輪）場,40歳代,その他,施錠せず
窃盗,自転車盗,葛飾,たつみ橋交番,131229,東京都,葛飾区,東新小岩４丁目,2020-03-09,20,４階建て以上共同住宅,その他,20歳代,その他,施錠せず
窃盗,自転車盗,葛飾,たつみ橋交番,131229,東京都,葛飾区,東新小岩５丁目,2019-12-13,18,道路上,その他,70歳以上,その他,施錠せず
窃盗,自転車盗,葛飾,たつみ橋交番,131229,東京都,葛飾区,東新小岩５丁目,2020-02-24,19,一戸建住宅,駐車（輪）場,70歳以上,その他,施錠せず
窃盗,自転車盗,葛飾,たつみ橋交番,131229,東京都,葛飾区,東新小岩５丁目,2020-03-02,07,一戸建住宅,駐車（輪）場,65-69歳,その他,施錠せず
窃盗,自転車盗,葛飾,たつみ橋交番,131229,東京都,葛飾区,東新小岩５丁目,2020-06-22,02,４階建て以上共同住宅,その他,20歳代,その他,施錠せず
窃盗,自転車盗,葛飾,たつみ橋交番,131229,東京都,葛飾区,東新小岩５丁目,2020-09-07,18,道路上,その他,10歳代,高校生,施錠せず
窃盗,自転車盗,葛飾,たつみ橋交番,131229,東京都,葛飾区,東新小岩５丁目,2020-09-10,18,その他の住宅（３階建て以下共同住宅等）,その他,50歳代,その他,施錠せず
窃盗,自転車盗,葛飾,上平井交番,131229,東京都,葛飾区,西新小岩１丁目,2020-09-12,12,４階建て以上共同住宅,その他,70歳以上,その他,施錠せず
窃盗,自転車盗,葛飾,上平井交番,131229,東京都,葛飾区,西新小岩５丁目,2020-03-17,15,道路上,その他,40歳代,その他,施錠せず
窃盗,自転車盗,葛飾,上平井交番,131229,東京都,葛飾区,西新小岩５丁目,2020-08-14,11,その他,その他,10歳代,大学生,施錠せず
窃盗,自転車盗,葛飾,上平井交番,131229,東京都,葛飾区,西新小岩５丁目,2020-10-27,22,一戸建住宅,その他,10歳代,高校生,施錠せず
窃盗,自転車盗,葛飾,上平井交番,131229,東京都,葛飾区,東新小岩３丁目,2020-02-21,14,４階建て以上共同住宅,駐車（輪）場,20歳代,その他,施錠せず
窃盗,自転車盗,葛飾,上平井交番,131229,東京都,葛飾区,東新小岩４丁目,2020-03-26,16,道路上,その他,70歳以上,その他,施錠せず
窃盗,自転車盗,葛飾,上平井交番,131229,東京都,葛飾区,東新小岩４丁目,2020-07-07,08,一戸建住宅,その他,30歳代,その他,施錠せず
窃盗,自転車盗,葛飾,上平井交番,131229,東京都,葛飾区,東新小岩６丁目,2020-01-06,15,その他,駐車（輪）場,20歳代,大学生,施錠せず
窃盗,自転車盗,葛飾,上平井交番,131229,東京都,葛飾区,東新小岩７丁目,2019-12-01,21,道路上,その他,40歳代,その他,施錠せず
窃盗,自転車盗,葛飾,上平井交番,131229,東京都,葛飾区,東新小岩７丁目,2020-02-18,10,その他の住宅（３階建て以下共同住宅等）,駐車（輪）場,30歳代,その他,施錠せず
窃盗,自転車盗,葛飾,上平井交番,131229,東京都,葛飾区,東新小岩７丁目,2020-06-15,07,その他の住宅（３階建て以下共同住宅等）,その他,30歳代,その他,施錠せず
窃盗,自転車盗,葛飾,上平井交番,131229,東京都,葛飾区,東新小岩７丁目,2020-07-20,15,一戸建住宅,その他,10歳代,高校生,施錠せず
窃盗,自転車盗,葛飾,上平井交番,131229,東京都,葛飾区,東新小岩７丁目,2020-10-03,10,一戸建住宅,その他,50歳代,その他,施錠せず
窃盗,自転車盗,葛飾,上平井交番,131229,東京都,葛飾区,東新小岩８丁目,2019-11-17,12,その他,駐車（輪）場,60-64歳,その他,施錠せず
窃盗,自転車盗,葛飾,上平井交番,131229,東京都,葛飾区,東新小岩８丁目,2019-11-28,12,道路上,その他,20歳代,その他,施錠せず
窃盗,自転車盗,葛飾,平和橋交番,131229,東京都,葛飾区,東立石１丁目,2020-06-08,19,４階建て以上共同住宅,その他,10歳代,中学生,施錠せず
窃盗,自転車盗,葛飾,平和橋交番,131229,東京都,葛飾区,東立石１丁目,2020-06-27,22,４階建て以上共同住宅,その他,10歳代,大学生,施錠せず
窃盗,自転車盗,葛飾,平和橋交番,131229,東京都,葛飾区,東立石４丁目,2020-08-02,17,その他の住宅（３階建て以下共同住宅等）,その他,20歳代,その他,施錠せず
窃盗,自転車盗,葛飾,平和橋交番,131229,東京都,葛飾区,東四つ木２丁目,2020-08-02,00,その他の住宅（３階建て以下共同住宅等）,その他,30歳代,その他,施錠せず
窃盗,自転車盗,葛飾,四ツ木駅前交番,131229,東京都,葛飾区,東四つ木３丁目,2020-04-26,13,一戸建住宅,駐車（輪）場,20歳代,その他,施錠せず
窃盗,自転車盗,葛飾,四ツ木駅前交番,131229,東京都,葛飾区,東四つ木３丁目,2020-06-22,18,その他,その他,法人・団体、被害者なし,法人・団体、被害者なし,施錠せず
窃盗,自転車盗,葛飾,四ツ木駅前交番,131229,東京都,葛飾区,東四つ木３丁目,2020-07-15,16,その他の住宅（３階建て以下共同住宅等）,その他,70歳以上,その他,施錠せず
窃盗,自転車盗,葛飾,四ツ木駅前交番,131229,東京都,葛飾区,東四つ木３丁目,2020-08-23,19,その他,その他,40歳代,その他,施錠せず
窃盗,自転車盗,葛飾,四ツ木駅前交番,131229,東京都,葛飾区,東四つ木３丁目,2020-11-14,07,駐車（輪）場,駐車（輪）場,10歳代,高校生,施錠せず
窃盗,自転車盗,葛飾,四ツ木駅前交番,131229,東京都,葛飾区,東四つ木３丁目,2020-11-22,19,道路上,その他,40歳代,その他,施錠せず
窃盗,自転車盗,葛飾,四ツ木駅前交番,131229,東京都,葛飾区,東四つ木４丁目,2019-11-24,20,４階建て以上共同住宅,駐車（輪）場,20歳代,その他,施錠せず
窃盗,自転車盗,葛飾,四ツ木駅前交番,131229,東京都,葛飾区,東四つ木４丁目,2019-12-17,08,駐車（輪）場,駐車（輪）場,20歳代,大学生,施錠せず
窃盗,自転車盗,葛飾,四ツ木駅前交番,131229,東京都,葛飾区,東四つ木４丁目,2020-01-31,09,駐車（輪）場,駐車（輪）場,40歳代,その他,施錠せず
窃盗,自転車盗,葛飾,四ツ木駅前交番,131229,東京都,葛飾区,東四つ木４丁目,2020-05-27,18,その他,駐車（輪）場,50歳代,その他,施錠せず
窃盗,自転車盗,葛飾,四ツ木駅前交番,131229,東京都,葛飾区,東四つ木４丁目,2020-07-07,08,道路上,その他,70歳以上,その他,施錠せず
窃盗,自転車盗,葛飾,四ツ木駅前交番,131229,東京都,葛飾区,東四つ木４丁目,2020-08-13,10,駐車（輪）場,駐車（輪）場,40歳代,その他,施錠せず
窃盗,自転車盗,葛飾,四ツ木駅前交番,131229,東京都,葛飾区,東四つ木４丁目,2020-08-26,23,一戸建住宅,その他,20歳代,その他,施錠せず
窃盗,自転車盗,葛飾,奥戸交番,131229,東京都,葛飾区,奥戸１丁目,2020-03-16,15,道路上,その他,40歳代,その他,施錠せず
窃盗,自転車盗,葛飾,奥戸交番,131229,東京都,葛飾区,奥戸１丁目,2020-04-12,19,道路上,その他,10歳代,高校生,施錠せず
窃盗,自転車盗,葛飾,奥戸交番,131229,東京都,葛飾区,奥戸２丁目,2019-12-20,20,一戸建住宅,駐車（輪）場,10歳代,小学生,施錠せず
窃盗,自転車盗,葛飾,奥戸交番,131229,東京都,葛飾区,奥戸２丁目,2020-01-11,21,その他の住宅（３階建て以下共同住宅等）,駐車（輪）場,30歳代,その他,施錠せず
窃盗,自転車盗,葛飾,奥戸交番,131229,東京都,葛飾区,奥戸２丁目,2020-01-29,22,一戸建住宅,駐車（輪）場,30歳代,その他,施錠せず
窃盗,自転車盗,葛飾,奥戸交番,131229,東京都,葛飾区,奥戸２丁目,2020-02-25,09,その他の住宅（３階建て以下共同住宅等）,その他,40歳代,その他,施錠せず
窃盗,自転車盗,葛飾,奥戸交番,131229,東京都,葛飾区,奥戸２丁目,2020-07-22,12,一戸建住宅,その他,40歳代,その他,施錠せず
窃盗,自転車盗,葛飾,奥戸交番,131229,東京都,葛飾区,奥戸２丁目,2020-10-11,06,道路上,その他,50歳代,その他,施錠せず
窃盗,自転車盗,葛飾,奥戸交番,131229,東京都,葛飾区,奥戸２丁目,2020-11-08,13,その他,駐車（輪）場,10歳代,高校生,施錠せず
窃盗,自転車盗,葛飾,奥戸交番,131229,東京都,葛飾区,奥戸３丁目,2020-01-25,17,その他,駐車（輪）場,10歳代,高校生,施錠せず
窃盗,自転車盗,葛飾,奥戸交番,131229,東京都,葛飾区,奥戸３丁目,2020-06-15,20,その他の住宅（３階建て以下共同住宅等）,その他,30歳代,その他,施錠せず
窃盗,自転車盗,葛飾,奥戸交番,131229,東京都,葛飾区,奥戸３丁目,2020-07-19,15,その他の住宅（３階建て以下共同住宅等）,その他,40歳代,その他,施錠せず
窃盗,自転車盗,葛飾,奥戸交番,131229,東京都,葛飾区,奥戸３丁目,2020-08-14,20,その他,駐車（輪）場,20歳代,その他,施錠せず
窃盗,自転車盗,葛飾,奥戸交番,131229,東京都,葛飾区,奥戸３丁目,2020-09-04,15,４階建て以上共同住宅,その他,10歳代,高校生,施錠せず
窃盗,自転車盗,葛飾,奥戸交番,131229,東京都,葛飾区,奥戸３丁目,2020-10-02,18,その他,駐車（輪）場,10歳代,高校生,施錠せず
窃盗,自転車盗,葛飾,奥戸交番,131229,東京都,葛飾区,奥戸３丁目,2020-11-22,12,その他,駐車（輪）場,20歳代,大学生,施錠せず
窃盗,自転車盗,葛飾,奥戸交番,131229,東京都,葛飾区,奥戸５丁目,2019-12-15,23,４階建て以上共同住宅,駐車（輪）場,40歳代,その他,施錠せず
窃盗,自転車盗,葛飾,奥戸交番,131229,東京都,葛飾区,奥戸５丁目,2020-03-03,18,一戸建住宅,その他,10歳代,小学生,施錠せず
窃盗,自転車盗,葛飾,奥戸交番,131229,東京都,葛飾区,奥戸５丁目,2020-03-03,22,一戸建住宅,駐車（輪）場,70歳以上,その他,施錠せず
窃盗,自転車盗,葛飾,奥戸交番,131229,東京都,葛飾区,奥戸５丁目,2020-09-16,19,一戸建住宅,その他,40歳代,その他,施錠せず
窃盗,自転車盗,葛飾,奥戸交番,131229,東京都,葛飾区,奥戸６丁目,2020-03-26,18,その他,駐車（輪）場,30歳代,その他,施錠せず
窃盗,自転車盗,葛飾,奥戸交番,131229,東京都,葛飾区,奥戸６丁目,2020-08-05,00,その他の住宅（３階建て以下共同住宅等）,その他,30歳代,その他,施錠せず
窃盗,自転車盗,葛飾,奥戸交番,131229,東京都,葛飾区,奥戸６丁目,2020-10-24,21,その他,駐車（輪）場,10歳代,高校生,施錠せず
窃盗,自転車盗,葛飾,奥戸交番,131229,東京都,葛飾区,奥戸７丁目,2019-11-29,18,４階建て以上共同住宅,駐車（輪）場,40歳代,その他,施錠せず
窃盗,自転車盗,葛飾,奥戸交番,131229,東京都,葛飾区,奥戸７丁目,2020-12-01,02,４階建て以上共同住宅,駐車（輪）場,10歳代,高校生,施錠せず
窃盗,自転車盗,葛飾,奥戸交番,131229,東京都,葛飾区,奥戸８丁目,2020-06-18,11,その他,その他,30歳代,その他,施錠せず
窃盗,自転車盗,葛飾,奥戸交番,131229,東京都,葛飾区,細田２丁目,2020-09-05,23,４階建て以上共同住宅,その他,10歳代,高校生,施錠せず
窃盗,自転車盗,葛飾,鎌倉交番,131229,東京都,葛飾区,鎌倉１丁目,2020-05-01,20,その他の住宅（３階建て以下共同住宅等）,その他,40歳代,その他,施錠せず
窃盗,自転車盗,葛飾,鎌倉交番,131229,東京都,葛飾区,鎌倉１丁目,2020-07-21,22,道路上,その他,20歳代,大学生,施錠せず
窃盗,自転車盗,葛飾,鎌倉交番,131229,東京都,葛飾区,鎌倉１丁目,2020-11-17,18,その他の住宅（３階建て以下共同住宅等）,その他,20歳代,その他,施錠せず
窃盗,自転車盗,葛飾,鎌倉交番,131229,東京都,葛飾区,鎌倉２丁目,2020-02-06,19,一戸建住宅,駐車（輪）場,40歳代,その他,施錠せず
窃盗,自転車盗,葛飾,鎌倉交番,131229,東京都,葛飾区,鎌倉２丁目,2020-11-03,00,４階建て以上共同住宅,その他,40歳代,その他,施錠せず
窃盗,自転車盗,葛飾,鎌倉交番,131229,東京都,葛飾区,鎌倉２丁目,2020-11-12,15,その他の住宅（３階建て以下共同住宅等）,その他,10歳代,高校生,施錠せず
窃盗,自転車盗,葛飾,鎌倉交番,131229,東京都,葛飾区,鎌倉３丁目,2020-07-26,20,その他の住宅（３階建て以下共同住宅等）,その他,40歳代,その他,施錠せず
窃盗,自転車盗,葛飾,鎌倉交番,131229,東京都,葛飾区,鎌倉３丁目,2020-09-16,18,一戸建住宅,その他,10歳代,小学生,施錠せず
窃盗,自転車盗,葛飾,鎌倉交番,131229,東京都,葛飾区,鎌倉４丁目,2020-01-09,19,その他,駐車（輪）場,40歳代,その他,施錠せず
窃盗,自転車盗,葛飾,鎌倉交番,131229,東京都,葛飾区,鎌倉４丁目,2020-09-05,13,道路上,その他,10歳代,その他,施錠せず
窃盗,自転車盗,葛飾,小松橋交番,131229,東京都,葛飾区,新小岩４丁目,2020-02-15,11,駐車（輪）場,駐車（輪）場,20歳代,その他,施錠せず
窃盗,自転車盗,葛飾,小松橋交番,131229,東京都,葛飾区,新小岩４丁目,2020-05-23,19,一戸建住宅,駐車（輪）場,70歳以上,その他,施錠せず
窃盗,自転車盗,葛飾,小松橋交番,131229,東京都,葛飾区,東新小岩２丁目,2019-11-25,08,道路上,その他,30歳代,その他,施錠せず
窃盗,自転車盗,葛飾,小松橋交番,131229,東京都,葛飾区,東新小岩２丁目,2019-11-25,22,道路上,その他,40歳代,その他,施錠せず
窃盗,自転車盗,葛飾,小松橋交番,131229,東京都,葛飾区,東新小岩２丁目,2020-01-07,22,４階建て以上共同住宅,駐車（輪）場,10歳代,中学生,施錠せず
窃盗,自転車盗,葛飾,小松橋交番,131229,東京都,葛飾区,東新小岩２丁目,2020-01-20,15,その他,その他,法人・団体、被害者なし,法人・団体、被害者なし,施錠せず
窃盗,自転車盗,葛飾,小松橋交番,131229,東京都,葛飾区,東新小岩２丁目,2020-06-02,11,４階建て以上共同住宅,駐車（輪）場,10歳代,その他,施錠せず
窃盗,自転車盗,葛飾,小松橋交番,131229,東京都,葛飾区,東新小岩２丁目,2020-07-19,16,４階建て以上共同住宅,その他,10歳代,その他,施錠せず
窃盗,自転車盗,葛飾,小松橋交番,131229,東京都,葛飾区,東新小岩２丁目,2020-08-27,00,道路上,その他,65-69歳,その他,施錠せず
窃盗,自転車盗,葛飾,小松橋交番,131229,東京都,葛飾区,東新小岩２丁目,2020-09-19,16,４階建て以上共同住宅,その他,20歳代,その他,施錠せず
窃盗,自転車盗,葛飾,小松橋交番,131229,東京都,葛飾区,東新小岩２丁目,2020-10-20,17,道路上,その他,10歳代,中学生,施錠せず
窃盗,自転車盗,小松川,小松川四丁目交番,131237,東京都,江戸川区,小松川３丁目,2020-02-10,18,その他,駐車（輪）場,10歳代,中学生,施錠せず
窃盗,自転車盗,小松川,小松川四丁目交番,131237,東京都,江戸川区,小松川３丁目,2020-09-02,20,４階建て以上共同住宅,駐車（輪）場,60-64歳,その他,施錠せず
窃盗,自転車盗,小松川,小松川四丁目交番,131237,東京都,江戸川区,小松川３丁目,2020-11-01,18,４階建て以上共同住宅,駐車（輪）場,40歳代,その他,施錠せず
窃盗,自転車盗,小松川,小松川四丁目交番,131237,東京都,江戸川区,小松川４丁目,2020-03-01,18,駐車（輪）場,駐車（輪）場,30歳代,その他,施錠せず
窃盗,自転車盗,小松川,小松川四丁目交番,131237,東京都,江戸川区,平井１丁目,2020-01-07,11,一戸建住宅,駐車（輪）場,70歳以上,その他,施錠せず
窃盗,自転車盗,小松川,小松川四丁目交番,131237,東京都,江戸川区,平井１丁目,2020-01-24,15,その他の住宅（３階建て以下共同住宅等）,駐車（輪）場,20歳代,その他,施錠せず
窃盗,自転車盗,小松川,小松川四丁目交番,131237,東京都,江戸川区,平井１丁目,2020-10-12,09,その他の住宅（３階建て以下共同住宅等）,駐車（輪）場,20歳代,その他,施錠せず
窃盗,自転車盗,小松川,小松川四丁目交番,131237,東京都,江戸川区,平井２丁目,2020-01-21,21,４階建て以上共同住宅,駐車（輪）場,20歳代,その他,施錠せず
窃盗,自転車盗,小松川,小松川四丁目交番,131237,東京都,江戸川区,平井２丁目,2020-04-20,09,その他,駐車（輪）場,30歳代,その他,施錠せず
窃盗,自転車盗,小松川,小松川四丁目交番,131237,東京都,江戸川区,平井２丁目,2020-06-15,19,道路上,その他,20歳代,その他,施錠せず
窃盗,自転車盗,小松川,小松川四丁目交番,131237,東京都,江戸川区,平井２丁目,2020-07-12,07,道路上,その他,40歳代,その他,施錠せず
窃盗,自転車盗,小松川,小松川四丁目交番,131237,東京都,江戸川区,平井２丁目,2020-12-18,16,その他の住宅（３階建て以下共同住宅等）,駐車（輪）場,30歳代,その他,施錠せず
窃盗,自転車盗,小松川,小松川四丁目交番,131237,東京都,江戸川区,平井４丁目,2020-02-21,10,道路上,その他,50歳代,その他,施錠せず
窃盗,自転車盗,小松川,小松川四丁目交番,131237,東京都,江戸川区,平井４丁目,2020-09-20,14,その他,駐車（輪）場,10歳代,中学生,施錠せず
窃盗,自転車盗,小松川,平井駅前交番,131237,東京都,江戸川区,平井３丁目,2020-01-06,17,道路上,その他,50歳代,その他,施錠せず
窃盗,自転車盗,小松川,平井駅前交番,131237,東京都,江戸川区,平井３丁目,2020-02-05,23,道路上,その他,40歳代,その他,施錠せず
窃盗,自転車盗,小松川,平井駅前交番,131237,東京都,江戸川区,平井３丁目,2020-02-20,08,道路上,その他,40歳代,その他,施錠せず
窃盗,自転車盗,小松川,平井駅前交番,131237,東京都,江戸川区,平井３丁目,2020-03-16,08,一戸建住宅,その他,10歳代,高校生,施錠せず
窃盗,自転車盗,小松川,平井駅前交番,131237,東京都,江戸川区,平井３丁目,2020-04-06,06,駐車（輪）場,駐車（輪）場,30歳代,その他,施錠せず
窃盗,自転車盗,小松川,平井駅前交番,131237,東京都,江戸川区,平井３丁目,2020-07-08,06,駐車（輪）場,駐車（輪）場,10歳代,その他,施錠せず
窃盗,自転車盗,小松川,平井駅前交番,131237,東京都,江戸川区,平井３丁目,2020-07-31,12,その他の住宅（３階建て以下共同住宅等）,駐車（輪）場,20歳代,その他,施錠せず
窃盗,自転車盗,小松川,平井駅前交番,131237,東京都,江戸川区,平井３丁目,2020-08-24,16,一戸建住宅,その他,40歳代,その他,施錠せず
窃盗,自転車盗,小松川,平井駅前交番,131237,東京都,江戸川区,平井３丁目,2020-09-01,06,４階建て以上共同住宅,駐車（輪）場,40歳代,その他,施錠せず
窃盗,自転車盗,小松川,平井駅前交番,131237,東京都,江戸川区,平井４丁目,2019-12-01,08,駐車（輪）場,駐車（輪）場,50歳代,その他,施錠せず
窃盗,自転車盗,小松川,平井駅前交番,131237,東京都,江戸川区,平井４丁目,2019-12-15,10,道路上,その他,50歳代,その他,施錠せず
窃盗,自転車盗,小松川,平井駅前交番,131237,東京都,江戸川区,平井４丁目,2020-01-15,21,一戸建住宅,駐車（輪）場,10歳代,高校生,施錠せず
窃盗,自転車盗,小松川,平井駅前交番,131237,東京都,江戸川区,平井４丁目,2020-11-01,22,道路上,その他,20歳代,その他,施錠せず
窃盗,自転車盗,小松川,平井駅前交番,131237,東京都,江戸川区,平井４丁目,2020-12-11,18,４階建て以上共同住宅,駐車（輪）場,30歳代,その他,施錠せず
窃盗,自転車盗,小松川,平井駅前交番,131237,東京都,江戸川区,平井５丁目,2020-04-30,18,４階建て以上共同住宅,駐車（輪）場,30歳代,その他,施錠せず
窃盗,自転車盗,小松川,平井駅前交番,131237,東京都,江戸川区,平井５丁目,2020-05-08,10,その他,駐車（輪）場,70歳以上,その他,施錠せず
窃盗,自転車盗,小松川,平井駅前交番,131237,東京都,江戸川区,平井５丁目,2020-06-20,08,道路上,その他,20歳代,その他,施錠せず
窃盗,自転車盗,小松川,平井駅前交番,131237,東京都,江戸川区,平井５丁目,2020-07-11,08,道路上,その他,50歳代,その他,施錠せず
窃盗,自転車盗,小松川,平井駅前交番,131237,東京都,江戸川区,平井５丁目,2020-07-17,11,駐車（輪）場,駐車（輪）場,20歳代,大学生,施錠せず
窃盗,自転車盗,小松川,平井駅前交番,131237,東京都,江戸川区,平井５丁目,2020-09-13,08,駐車（輪）場,駐車（輪）場,30歳代,その他,施錠せず
窃盗,自転車盗,小松川,平井駅前交番,131237,東京都,江戸川区,平井５丁目,2020-10-19,14,道路上,その他,70歳以上,その他,施錠せず
窃盗,自転車盗,小松川,平井駅前交番,131237,東京都,江戸川区,平井５丁目,2020-11-08,14,道路上,その他,40歳代,その他,施錠せず
窃盗,自転車盗,小松川,平井駅前交番,131237,東京都,江戸川区,平井５丁目,2020-11-20,05,駐車（輪）場,駐車（輪）場,30歳代,その他,施錠せず
窃盗,自転車盗,小松川,平井駅前交番,131237,東京都,江戸川区,平井５丁目,2020-11-26,19,道路上,その他,50歳代,その他,施錠せず
窃盗,自転車盗,小松川,平井駅前交番,131237,東京都,江戸川区,平井６丁目,2020-05-25,10,４階建て以上共同住宅,駐車（輪）場,30歳代,その他,施錠せず
窃盗,自転車盗,小松川,平井七丁目交番,131237,東京都,江戸川区,平井６丁目,2020-03-20,21,駐車（輪）場,駐車（輪）場,40歳代,その他,施錠せず
窃盗,自転車盗,小松川,平井七丁目交番,131237,東京都,江戸川区,平井６丁目,2020-04-23,07,道路上,その他,30歳代,その他,施錠せず
窃盗,自転車盗,小松川,平井七丁目交番,131237,東京都,江戸川区,平井６丁目,2020-06-26,12,道路上,その他,60-64歳,その他,施錠せず
窃盗,自転車盗,小松川,平井七丁目交番,131237,東京都,江戸川区,平井６丁目,2020-09-01,19,その他の住宅（３階建て以下共同住宅等）,駐車（輪）場,50歳代,その他,施錠せず
窃盗,自転車盗,小松川,平井七丁目交番,131237,東京都,江戸川区,平井７丁目,2020-03-20,22,４階建て以上共同住宅,駐車（輪）場,10歳代,小学生,施錠せず
窃盗,自転車盗,小松川,平井七丁目交番,131237,東京都,江戸川区,平井７丁目,2020-04-07,09,道路上,その他,20歳代,その他,施錠せず
窃盗,自転車盗,小松川,平井七丁目交番,131237,東京都,江戸川区,平井７丁目,2020-08-03,15,道路上,その他,50歳代,その他,施錠せず
窃盗,自転車盗,小松川,平井七丁目交番,131237,東京都,江戸川区,平井７丁目,2020-08-08,16,その他,駐車（輪）場,40歳代,その他,施錠せず
窃盗,自転車盗,小松川,平井七丁目交番,131237,東京都,江戸川区,平井７丁目,2020-09-03,06,４階建て以上共同住宅,駐車（輪）場,40歳代,その他,施錠せず
窃盗,自転車盗,小松川,平井七丁目交番,131237,東京都,江戸川区,平井７丁目,2020-10-18,14,その他の住宅（３階建て以下共同住宅等）,駐車（輪）場,30歳代,その他,施錠せず
窃盗,自転車盗,小松川,松島四丁目交番,131237,東京都,江戸川区,松江２丁目,2020-02-20,18,一戸建住宅,駐車（輪）場,40歳代,その他,施錠せず
窃盗,自転車盗,小松川,松島四丁目交番,131237,東京都,江戸川区,松江３丁目,2020-01-12,11,道路上,その他,20歳代,その他,施錠せず
窃盗,自転車盗,小松川,松島四丁目交番,131237,東京都,江戸川区,松島１丁目,2019-12-26,18,４階建て以上共同住宅,駐車（輪）場,40歳代,その他,施錠せず
窃盗,自転車盗,小松川,松島四丁目交番,131237,東京都,江戸川区,松島１丁目,2020-06-30,08,駐車（輪）場,駐車（輪）場,40歳代,その他,施錠せず
窃盗,自転車盗,小松川,松島四丁目交番,131237,東京都,江戸川区,松島１丁目,2020-11-18,01,一戸建住宅,その他,20歳代,その他,施錠せず
窃盗,自転車盗,小松川,松島四丁目交番,131237,東京都,江戸川区,松島１丁目,2020-12-09,21,一戸建住宅,その他,10歳代,高校生,施錠せず
窃盗,自転車盗,小松川,松島四丁目交番,131237,東京都,江戸川区,松島２丁目,2020-03-09,23,４階建て以上共同住宅,駐車（輪）場,10歳代,その他,施錠せず
窃盗,自転車盗,小松川,松島四丁目交番,131237,東京都,江戸川区,松島２丁目,2020-08-03,21,一戸建住宅,駐車（輪）場,40歳代,その他,施錠せず
窃盗,自転車盗,小松川,松島四丁目交番,131237,東京都,江戸川区,松島２丁目,2020-08-06,08,その他,駐車（輪）場,10歳代,高校生,施錠せず
窃盗,自転車盗,小松川,松島四丁目交番,131237,東京都,江戸川区,松島２丁目,2020-09-14,21,一戸建住宅,その他,50歳代,その他,施錠せず
窃盗,自転車盗,小松川,松島四丁目交番,131237,東京都,江戸川区,松島２丁目,2020-10-03,08,その他,駐車（輪）場,10歳代,高校生,施錠せず
窃盗,自転車盗,小松川,松島四丁目交番,131237,東京都,江戸川区,松島２丁目,2020-12-19,08,一戸建住宅,駐車（輪）場,30歳代,その他,施錠せず
窃盗,自転車盗,小松川,松島四丁目交番,131237,東京都,江戸川区,松島３丁目,2020-03-05,03,その他の住宅（３階建て以下共同住宅等）,その他,50歳代,その他,施錠せず
窃盗,自転車盗,小松川,松島四丁目交番,131237,東京都,江戸川区,松島３丁目,2020-04-07,15,４階建て以上共同住宅,駐車（輪）場,10歳代,小学生,施錠せず
窃盗,自転車盗,小松川,松島四丁目交番,131237,東京都,江戸川区,松島３丁目,2020-08-02,16,その他の住宅（３階建て以下共同住宅等）,駐車（輪）場,10歳代,小学生,施錠せず
窃盗,自転車盗,小松川,松島四丁目交番,131237,東京都,江戸川区,松島３丁目,2020-08-27,00,一戸建住宅,その他,10歳代,その他,施錠せず
窃盗,自転車盗,小松川,松島四丁目交番,131237,東京都,江戸川区,松島３丁目,2020-09-08,12,その他,その他,20歳代,その他,施錠せず
窃盗,自転車盗,小松川,松島四丁目交番,131237,東京都,江戸川区,松島３丁目,2020-10-21,11,その他の住宅（３階建て以下共同住宅等）,駐車（輪）場,10歳代,小学生,施錠せず
窃盗,自転車盗,小松川,松島四丁目交番,131237,東京都,江戸川区,松島３丁目,2020-12-02,17,一戸建住宅,その他,10歳代,高校生,施錠せず
窃盗,自転車盗,小松川,松島四丁目交番,131237,東京都,江戸川区,松島４丁目,2019-09-08,20,４階建て以上共同住宅,駐車（輪）場,50歳代,その他,施錠せず
窃盗,自転車盗,小松川,松島四丁目交番,131237,東京都,江戸川区,松島４丁目,2020-08-11,08,４階建て以上共同住宅,駐車（輪）場,20歳代,その他,施錠せず
窃盗,自転車盗,小松川,松島四丁目交番,131237,東京都,江戸川区,松島４丁目,2020-08-23,06,４階建て以上共同住宅,駐車（輪）場,50歳代,その他,施錠せず
窃盗,自転車盗,小松川,松島四丁目交番,131237,東京都,江戸川区,松島４丁目,2020-08-24,00,４階建て以上共同住宅,駐車（輪）場,40歳代,その他,施錠せず
窃盗,自転車盗,小松川,松島四丁目交番,131237,東京都,江戸川区,松島４丁目,2020-11-22,20,４階建て以上共同住宅,その他,30歳代,その他,施錠せず
窃盗,自転車盗,小松川,八蔵橋交番,131237,東京都,江戸川区,江戸川３丁目,2020-08-16,18,その他,駐車（輪）場,50歳代,その他,施錠せず
窃盗,自転車盗,小松川,八蔵橋交番,131237,東京都,江戸川区,中央１丁目,2020-01-01,01,その他,駐車（輪）場,法人・団体、被害者なし,法人・団体、被害者なし,施錠せず
窃盗,自転車盗,小松川,八蔵橋交番,131237,東京都,江戸川区,中央１丁目,2020-01-08,06,その他,駐車（輪）場,10歳代,高校生,施錠せず
窃盗,自転車盗,小松川,八蔵橋交番,131237,東京都,江戸川区,中央１丁目,2020-01-14,04,道路上,その他,40歳代,その他,施錠せず
窃盗,自転車盗,小松川,八蔵橋交番,131237,東京都,江戸川区,中央１丁目,2020-01-15,10,その他,駐車（輪）場,30歳代,その他,施錠せず
窃盗,自転車盗,小松川,八蔵橋交番,131237,東京都,江戸川区,中央１丁目,2020-04-04,11,その他,駐車（輪）場,50歳代,その他,施錠せず
窃盗,自転車盗,小松川,八蔵橋交番,131237,東京都,江戸川区,中央１丁目,2020-04-23,05,その他,駐車（輪）場,20歳代,その他,施錠せず
窃盗,自転車盗,小松川,八蔵橋交番,131237,東京都,江戸川区,中央１丁目,2020-05-31,10,一戸建住宅,駐車（輪）場,30歳代,その他,施錠せず
窃盗,自転車盗,小松川,八蔵橋交番,131237,東京都,江戸川区,中央１丁目,2020-06-04,19,４階建て以上共同住宅,駐車（輪）場,30歳代,その他,施錠せず
窃盗,自転車盗,小松川,八蔵橋交番,131237,東京都,江戸川区,中央１丁目,2020-07-10,08,その他,駐車（輪）場,20歳代,その他,施錠せず
窃盗,自転車盗,小松川,八蔵橋交番,131237,東京都,江戸川区,中央１丁目,2020-09-15,17,一戸建住宅,駐車（輪）場,10歳代,高校生,施錠せず
窃盗,自転車盗,小松川,八蔵橋交番,131237,東京都,江戸川区,中央１丁目,2020-12-06,18,４階建て以上共同住宅,駐車（輪）場,10歳代,中学生,施錠せず
窃盗,自転車盗,小松川,八蔵橋交番,131237,東京都,江戸川区,中央１丁目,2020-12-28,16,その他,駐車（輪）場,10歳代,大学生,施錠せず
窃盗,自転車盗,小松川,八蔵橋交番,131237,東京都,江戸川区,中央２丁目,2020-03-13,21,道路上,その他,20歳代,その他,施錠せず
窃盗,自転車盗,小松川,八蔵橋交番,131237,東京都,江戸川区,中央２丁目,2020-07-19,10,一戸建住宅,その他,70歳以上,その他,施錠せず
窃盗,自転車盗,小松川,八蔵橋交番,131237,東京都,江戸川区,中央２丁目,2020-08-12,21,道路上,その他,40歳代,その他,施錠せず
窃盗,自転車盗,小松川,八蔵橋交番,131237,東京都,江戸川区,中央３丁目,2020-01-27,22,その他の住宅（３階建て以下共同住宅等）,駐車（輪）場,10歳代,高校生,施錠せず
窃盗,自転車盗,小松川,八蔵橋交番,131237,東京都,江戸川区,中央３丁目,2020-03-25,15,その他,駐車（輪）場,60-64歳,その他,施錠せず
窃盗,自転車盗,小松川,八蔵橋交番,131237,東京都,江戸川区,中央３丁目,2020-04-21,23,その他の住宅（３階建て以下共同住宅等）,駐車（輪）場,40歳代,その他,施錠せず
窃盗,自転車盗,小松川,八蔵橋交番,131237,東京都,江戸川区,中央３丁目,2020-05-24,21,その他の住宅（３階建て以下共同住宅等）,駐車（輪）場,65-69歳,その他,施錠せず
窃盗,自転車盗,小松川,八蔵橋交番,131237,東京都,江戸川区,中央３丁目,2020-06-29,12,一戸建住宅,その他,10歳代,高校生,施錠せず
窃盗,自転車盗,小松川,八蔵橋交番,131237,東京都,江戸川区,中央３丁目,2020-12-25,18,４階建て以上共同住宅,駐車（輪）場,20歳代,その他,施錠せず
窃盗,自転車盗,小松川,八蔵橋交番,131237,東京都,江戸川区,中央４丁目,2020-02-25,17,その他,駐車（輪）場,20歳代,その他,施錠せず
窃盗,自転車盗,小松川,八蔵橋交番,131237,東京都,江戸川区,中央４丁目,2020-06-12,01,その他,駐車（輪）場,10歳代,大学生,施錠せず
窃盗,自転車盗,小松川,八蔵橋交番,131237,東京都,江戸川区,松島１丁目,2020-06-21,20,一戸建住宅,その他,10歳代,高校生,施錠せず
窃盗,自転車盗,小松川,八蔵橋交番,131237,東京都,江戸川区,松島１丁目,2020-12-04,22,その他の住宅（３階建て以下共同住宅等）,駐車（輪）場,10歳代,高校生,施錠せず
窃盗,自転車盗,小松川,八蔵橋交番,131237,東京都,江戸川区,松島１丁目,2020-12-05,13,一戸建住宅,その他,10歳代,高校生,施錠せず
窃盗,自転車盗,小松川,八蔵橋交番,131237,東京都,江戸川区,松島３丁目,2020-03-04,10,道路上,その他,70歳以上,その他,施錠せず
窃盗,自転車盗,小松川,八蔵橋交番,131237,東京都,江戸川区,大杉１丁目,2020-02-29,03,道路上,その他,10歳代,高校生,施錠せず
窃盗,自転車盗,小松川,八蔵橋交番,131237,東京都,江戸川区,大杉１丁目,2020-05-22,12,一戸建住宅,その他,40歳代,その他,施錠せず
窃盗,自転車盗,小松川,八蔵橋交番,131237,東京都,江戸川区,大杉１丁目,2020-07-13,16,道路上,その他,10歳代,高校生,施錠せず
窃盗,自転車盗,小松川,八蔵橋交番,131237,東京都,江戸川区,大杉４丁目,2020-02-08,19,道路上,その他,40歳代,その他,施錠せず
窃盗,自転車盗,小松川,八蔵橋交番,131237,東京都,江戸川区,大杉４丁目,2020-08-07,01,一戸建住宅,その他,20歳代,その他,施錠せず
窃盗,自転車盗,小松川,八蔵橋交番,131237,東京都,江戸川区,大杉５丁目,2020-03-20,11,一戸建住宅,その他,10歳代,高校生,施錠せず
窃盗,自転車盗,小松川,八蔵橋交番,131237,東京都,江戸川区,大杉５丁目,2020-06-30,19,一戸建住宅,駐車（輪）場,40歳代,その他,施錠せず
窃盗,自転車盗,小松川,八蔵橋交番,131237,東京都,江戸川区,大杉５丁目,2020-10-12,19,一戸建住宅,駐車（輪）場,40歳代,その他,施錠せず
窃盗,自転車盗,小松川,京葉通交番,131237,東京都,江戸川区,一之江１丁目,2020-08-07,12,４階建て以上共同住宅,駐車（輪）場,10歳代,高校生,施錠せず
窃盗,自転車盗,小松川,京葉通交番,131237,東京都,江戸川区,一之江１丁目,2020-08-22,17,一戸建住宅,その他,10歳代,小学生,施錠せず
窃盗,自転車盗,小松川,京葉通交番,131237,東京都,江戸川区,一之江１丁目,2020-09-14,10,一戸建住宅,その他,40歳代,その他,施錠せず
窃盗,自転車盗,小松川,京葉通交番,131237,東京都,江戸川区,中央２丁目,2019-12-31,01,４階建て以上共同住宅,駐車（輪）場,20歳代,その他,施錠せず
窃盗,自転車盗,小松川,京葉通交番,131237,東京都,江戸川区,中央２丁目,2020-06-17,05,一戸建住宅,その他,20歳代,その他,施錠せず
窃盗,自転車盗,小松川,京葉通交番,131237,東京都,江戸川区,中央２丁目,2020-06-29,17,一戸建住宅,その他,30歳代,その他,施錠せず
窃盗,自転車盗,小松川,京葉通交番,131237,東京都,江戸川区,中央２丁目,2020-07-12,19,道路上,その他,70歳以上,その他,施錠せず
窃盗,自転車盗,小松川,京葉通交番,131237,東京都,江戸川区,西一之江１丁目,2020-06-29,18,その他の住宅（３階建て以下共同住宅等）,駐車（輪）場,50歳代,その他,施錠せず
窃盗,自転車盗,小松川,京葉通交番,131237,東京都,江戸川区,西一之江２丁目,2020-01-18,19,一戸建住宅,その他,40歳代,その他,施錠せず
窃盗,自転車盗,小松川,京葉通交番,131237,東京都,江戸川区,西一之江２丁目,2020-07-10,22,一戸建住宅,その他,20歳代,その他,施錠せず
窃盗,自転車盗,小松川,京葉通交番,131237,東京都,江戸川区,西一之江２丁目,2020-09-29,15,その他,駐車（輪）場,20歳代,大学生,施錠せず
窃盗,自転車盗,小松川,京葉通交番,131237,東京都,江戸川区,西一之江２丁目,2020-11-09,12,その他,駐車（輪）場,20歳代,その他,施錠せず
窃盗,自転車盗,小松川,京葉通交番,131237,東京都,江戸川区,松江１丁目,2020-07-07,18,一戸建住宅,駐車（輪）場,10歳代,中学生,施錠せず
窃盗,自転車盗,小松川,京葉通交番,131237,東京都,江戸川区,松江１丁目,2020-07-21,21,道路上,その他,70歳以上,その他,施錠せず
窃盗,自転車盗,小松川,京葉通交番,131237,東京都,江戸川区,大杉２丁目,2020-01-24,19,４階建て以上共同住宅,駐車（輪）場,10歳代,その他,施錠せず
窃盗,自転車盗,小松川,京葉通交番,131237,東京都,江戸川区,大杉２丁目,2020-05-22,17,４階建て以上共同住宅,駐車（輪）場,20歳代,その他,施錠せず
窃盗,自転車盗,小松川,京葉通交番,131237,東京都,江戸川区,大杉２丁目,2020-07-04,15,その他の住宅（３階建て以下共同住宅等）,駐車（輪）場,40歳代,その他,施錠せず
窃盗,自転車盗,小松川,京葉通交番,131237,東京都,江戸川区,大杉２丁目,2020-08-26,05,道路上,その他,20歳代,その他,施錠せず
窃盗,自転車盗,小松川,京葉通交番,131237,東京都,江戸川区,大杉２丁目,2020-09-17,11,その他,駐車（輪）場,30歳代,その他,施錠せず
窃盗,自転車盗,小松川,京葉通交番,131237,東京都,江戸川区,大杉２丁目,2020-10-01,12,道路上,その他,40歳代,その他,施錠せず
窃盗,自転車盗,小松川,京葉通交番,131237,東京都,江戸川区,大杉３丁目,2020-02-20,20,その他の住宅（３階建て以下共同住宅等）,駐車（輪）場,20歳代,その他,施錠せず
窃盗,自転車盗,小松川,京葉通交番,131237,東京都,江戸川区,大杉３丁目,2020-03-23,19,一戸建住宅,駐車（輪）場,10歳代,高校生,施錠せず
窃盗,自転車盗,小松川,京葉通交番,131237,東京都,江戸川区,大杉３丁目,2020-06-30,20,その他の住宅（３階建て以下共同住宅等）,駐車（輪）場,20歳代,その他,施錠せず
窃盗,自転車盗,小松川,京葉通交番,131237,東京都,江戸川区,大杉３丁目,2020-07-01,18,その他の住宅（３階建て以下共同住宅等）,駐車（輪）場,10歳代,高校生,施錠せず
窃盗,自転車盗,小松川,京葉通交番,131237,東京都,江戸川区,大杉４丁目,2020-02-16,12,道路上,その他,40歳代,その他,施錠せず
窃盗,自転車盗,小松川,京葉通交番,131237,東京都,江戸川区,大杉５丁目,2020-01-21,21,一戸建住宅,その他,10歳代,小学生,施錠せず
窃盗,自転車盗,小松川,松江交番,131237,東京都,江戸川区,西一之江３丁目,2020-07-28,23,道路上,その他,50歳代,その他,施錠せず
窃盗,自転車盗,小松川,松江交番,131237,東京都,江戸川区,西一之江４丁目,2020-10-05,19,その他の住宅（３階建て以下共同住宅等）,駐車（輪）場,20歳代,その他,施錠せず
窃盗,自転車盗,小松川,松江交番,131237,東京都,江戸川区,西一之江４丁目,2020-11-19,23,一戸建住宅,その他,60-64歳,その他,施錠せず
窃盗,自転車盗,小松川,松江交番,131237,東京都,江戸川区,西小松川町,2020-04-04,11,その他の住宅（３階建て以下共同住宅等）,駐車（輪）場,30歳代,その他,施錠せず
窃盗,自転車盗,小松川,松江交番,131237,東京都,江戸川区,西小松川町,2020-04-24,20,４階建て以上共同住宅,駐車（輪）場,10歳代,その他,施錠せず
窃盗,自転車盗,小松川,松江交番,131237,東京都,江戸川区,西小松川町,2020-07-03,16,その他,駐車（輪）場,10歳代,高校生,施錠せず
窃盗,自転車盗,小松川,松江交番,131237,東京都,江戸川区,西小松川町,2020-11-08,10,４階建て以上共同住宅,駐車（輪）場,法人・団体、被害者なし,法人・団体、被害者なし,施錠せず
窃盗,自転車盗,小松川,松江交番,131237,東京都,江戸川区,東小松川１丁目,2020-02-15,13,一戸建住宅,駐車（輪）場,50歳代,その他,施錠せず
窃盗,自転車盗,小松川,松江交番,131237,東京都,江戸川区,東小松川２丁目,2020-03-28,16,４階建て以上共同住宅,駐車（輪）場,20歳代,その他,施錠せず
窃盗,自転車盗,小松川,松江交番,131237,東京都,江戸川区,東小松川２丁目,2020-08-19,06,一戸建住宅,駐車（輪）場,20歳代,その他,施錠せず
窃盗,自転車盗,小松川,松江交番,131237,東京都,江戸川区,東小松川２丁目,2020-08-22,22,一戸建住宅,その他,30歳代,その他,施錠せず
窃盗,自転車盗,小松川,松江交番,131237,東京都,江戸川区,東小松川３丁目,2020-05-25,09,一戸建住宅,その他,10歳未満,小学生,施錠せず
窃盗,自転車盗,小松川,松江交番,131237,東京都,江戸川区,東小松川３丁目,2020-11-04,20,４階建て以上共同住宅,駐車（輪）場,60-64歳,その他,施錠せず
窃盗,自転車盗,小松川,松江交番,131237,東京都,江戸川区,東小松川３丁目,2020-11-26,18,一戸建住宅,その他,50歳代,その他,施錠せず
窃盗,自転車盗,小松川,松江交番,131237,東京都,江戸川区,東小松川４丁目,2020-10-26,12,その他,駐車（輪）場,40歳代,その他,施錠せず
窃盗,自転車盗,小松川,松江交番,131237,東京都,江戸川区,松江１丁目,2020-10-10,17,その他,駐車（輪）場,30歳代,その他,施錠せず
窃盗,自転車盗,小松川,松江交番,131237,東京都,江戸川区,松江２丁目,2020-02-07,22,４階建て以上共同住宅,駐車（輪）場,20歳代,その他,施錠せず
窃盗,自転車盗,小松川,松江交番,131237,東京都,江戸川区,松江２丁目,2020-05-30,20,一戸建住宅,その他,40歳代,その他,施錠せず
窃盗,自転車盗,小松川,松江交番,131237,東京都,江戸川区,松江２丁目,2020-09-23,04,その他,駐車（輪）場,30歳代,その他,施錠せず
窃盗,自転車盗,小松川,松江交番,131237,東京都,江戸川区,松江４丁目,2020-01-09,17,一戸建住宅,駐車（輪）場,40歳代,その他,施錠せず
窃盗,自転車盗,小松川,松江交番,131237,東京都,江戸川区,松江７丁目,2020-08-27,19,その他の住宅（３階建て以下共同住宅等）,その他,10歳代,小学生,施錠せず
窃盗,自転車盗,小松川,松江交番,131237,東京都,江戸川区,松江７丁目,2020-09-20,06,道路上,その他,50歳代,その他,施錠せず
窃盗,自転車盗,小松川,一之江交番,131237,東京都,江戸川区,一之江２丁目,2020-03-07,21,その他の住宅（３階建て以下共同住宅等）,駐車（輪）場,10歳代,高校生,施錠せず
窃盗,自転車盗,小松川,一之江交番,131237,東京都,江戸川区,一之江４丁目,2020-04-26,20,その他の住宅（３階建て以下共同住宅等）,駐車（輪）場,70歳以上,その他,施錠せず
窃盗,自転車盗,小松川,一之江交番,131237,東京都,江戸川区,一之江５丁目,2020-09-03,23,その他,駐車（輪）場,20歳代,その他,施錠せず
窃盗,自転車盗,小松川,一之江交番,131237,東京都,江戸川区,一之江５丁目,2020-11-05,23,その他の住宅（３階建て以下共同住宅等）,駐車（輪）場,20歳代,その他,施錠せず
窃盗,自転車盗,小松川,一之江交番,131237,東京都,江戸川区,一之江６丁目,2020-03-05,16,駐車（輪）場,駐車（輪）場,65-69歳,その他,施錠せず
窃盗,自転車盗,小松川,一之江交番,131237,東京都,江戸川区,一之江６丁目,2020-04-03,11,その他の住宅（３階建て以下共同住宅等）,駐車（輪）場,20歳代,その他,施錠せず
窃盗,自転車盗,小松川,一之江交番,131237,東京都,江戸川区,一之江６丁目,2020-08-01,22,道路上,その他,20歳代,その他,施錠せず
窃盗,自転車盗,小松川,一之江交番,131237,東京都,江戸川区,一之江６丁目,2020-11-06,15,一戸建住宅,その他,20歳代,大学生,施錠せず
窃盗,自転車盗,小松川,一之江交番,131237,東京都,江戸川区,一之江７丁目,2020-01-13,18,その他の住宅（３階建て以下共同住宅等）,駐車（輪）場,30歳代,その他,施錠せず
窃盗,自転車盗,小松川,一之江交番,131237,東京都,江戸川区,一之江７丁目,2020-03-09,17,一戸建住宅,その他,10歳代,中学生,施錠せず
窃盗,自転車盗,小松川,一之江交番,131237,東京都,江戸川区,一之江７丁目,2020-05-01,18,駐車（輪）場,駐車（輪）場,10歳代,高校生,施錠せず
窃盗,自転車盗,小松川,一之江交番,131237,東京都,江戸川区,一之江７丁目,2020-07-02,20,その他の住宅（３階建て以下共同住宅等）,駐車（輪）場,40歳代,その他,施錠せず
窃盗,自転車盗,小松川,一之江交番,131237,東京都,江戸川区,一之江７丁目,2020-07-08,09,その他,駐車（輪）場,10歳代,高校生,施錠せず
窃盗,自転車盗,小松川,一之江交番,131237,東京都,江戸川区,一之江７丁目,2020-09-15,21,４階建て以上共同住宅,駐車（輪）場,40歳代,その他,施錠せず
窃盗,自転車盗,小松川,一之江交番,131237,東京都,江戸川区,一之江７丁目,2020-10-24,15,その他,駐車（輪）場,70歳以上,その他,施錠せず
窃盗,自転車盗,小松川,一之江交番,131237,東京都,江戸川区,一之江７丁目,2020-11-10,13,その他,その他,40歳代,その他,施錠せず
窃盗,自転車盗,小松川,一之江交番,131237,東京都,江戸川区,一之江７丁目,2020-12-20,20,４階建て以上共同住宅,駐車（輪）場,40歳代,その他,施錠せず
窃盗,自転車盗,小松川,一之江交番,131237,東京都,江戸川区,一之江７丁目,2020-12-22,09,駐車（輪）場,駐車（輪）場,10歳代,高校生,施錠せず
窃盗,自転車盗,小松川,一之江交番,131237,東京都,江戸川区,一之江８丁目,2020-08-08,20,道路上,その他,50歳代,その他,施錠せず
窃盗,自転車盗,小松川,一之江交番,131237,東京都,江戸川区,西一之江３丁目,2020-01-16,18,一戸建住宅,駐車（輪）場,20歳代,その他,施錠せず
窃盗,自転車盗,小松川,一之江交番,131237,東京都,江戸川区,西一之江３丁目,2020-03-17,14,その他の住宅（３階建て以下共同住宅等）,駐車（輪）場,40歳代,その他,施錠せず
窃盗,自転車盗,小松川,一之江交番,131237,東京都,江戸川区,西一之江３丁目,2020-04-22,10,４階建て以上共同住宅,駐車（輪）場,10歳代,高校生,施錠せず
窃盗,自転車盗,小松川,一之江交番,131237,東京都,江戸川区,西一之江３丁目,2020-08-25,18,その他の住宅（３階建て以下共同住宅等）,駐車（輪）場,10歳代,小学生,施錠せず
窃盗,自転車盗,小松川,一之江交番,131237,東京都,江戸川区,春江町４丁目,2020-09-15,13,その他の住宅（３階建て以下共同住宅等）,駐車（輪）場,10歳代,高校生,施錠せず
窃盗,自転車盗,小松川,一之江交番,131237,東京都,江戸川区,春江町４丁目,2020-09-22,17,４階建て以上共同住宅,駐車（輪）場,40歳代,その他,施錠せず
窃盗,自転車盗,小松川,一之江交番,131237,東京都,江戸川区,春江町４丁目,2020-10-05,06,その他の住宅（３階建て以下共同住宅等）,駐車（輪）場,10歳代,高校生,施錠せず
窃盗,自転車盗,小松川,一之江交番,131237,東京都,江戸川区,松江７丁目,2020-12-25,21,一戸建住宅,駐車（輪）場,10歳代,高校生,施錠せず
窃盗,自転車盗,小松川,今井交番,131237,東京都,江戸川区,一之江３丁目,2020-04-07,18,その他,駐車（輪）場,40歳代,その他,施錠せず
窃盗,自転車盗,小松川,今井交番,131237,東京都,江戸川区,一之江３丁目,2020-08-30,12,道路上,その他,20歳代,その他,施錠せず
窃盗,自転車盗,小松川,今井交番,131237,東京都,江戸川区,一之江３丁目,2020-09-22,10,その他の住宅（３階建て以下共同住宅等）,駐車（輪）場,65-69歳,その他,施錠せず
窃盗,自転車盗,小松川,今井交番,131237,東京都,江戸川区,一之江８丁目,2020-02-06,06,道路上,その他,10歳代,高校生,施錠せず
窃盗,自転車盗,小松川,今井交番,131237,東京都,江戸川区,一之江８丁目,2020-02-21,16,道路上,その他,20歳代,その他,施錠せず
窃盗,自転車盗,小松川,今井交番,131237,東京都,江戸川区,一之江８丁目,2020-03-12,20,４階建て以上共同住宅,駐車（輪）場,10歳代,中学生,施錠せず
窃盗,自転車盗,小松川,今井交番,131237,東京都,江戸川区,一之江８丁目,2020-03-24,11,その他,駐車（輪）場,30歳代,その他,施錠せず
窃盗,自転車盗,小松川,今井交番,131237,東京都,江戸川区,一之江８丁目,2020-04-06,19,道路上,その他,10歳代,中学生,施錠せず
窃盗,自転車盗,小松川,今井交番,131237,東京都,江戸川区,一之江８丁目,2020-04-15,11,その他,駐車（輪）場,40歳代,その他,施錠せず
窃盗,自転車盗,小松川,今井交番,131237,東京都,江戸川区,一之江８丁目,2020-08-03,10,その他,駐車（輪）場,法人・団体、被害者なし,法人・団体、被害者なし,施錠せず
窃盗,自転車盗,小松川,今井交番,131237,東京都,江戸川区,一之江８丁目,2020-10-28,16,その他,駐車（輪）場,20歳代,その他,施錠せず
窃盗,自転車盗,小松川,今井交番,131237,東京都,江戸川区,江戸川３丁目,2020-04-01,18,４階建て以上共同住宅,駐車（輪）場,30歳代,その他,施錠せず
窃盗,自転車盗,小松川,今井交番,131237,東京都,江戸川区,江戸川３丁目,2020-10-30,16,一戸建住宅,その他,10歳代,中学生,施錠せず
窃盗,自転車盗,小松川,今井交番,131237,東京都,江戸川区,江戸川４丁目,2020-10-16,00,その他の住宅（３階建て以下共同住宅等）,駐車（輪）場,10歳代,中学生,施錠せず
窃盗,自転車盗,小松川,今井交番,131237,東京都,江戸川区,西瑞江３丁目,2020-02-23,15,一戸建住宅,駐車（輪）場,70歳以上,その他,施錠せず
窃盗,自転車盗,小松川,今井交番,131237,東京都,江戸川区,西瑞江３丁目,2020-04-23,21,その他の住宅（３階建て以下共同住宅等）,その他,20歳代,その他,施錠せず
窃盗,自転車盗,小松川,今井交番,131237,東京都,江戸川区,西瑞江３丁目,2020-05-20,21,一戸建住宅,駐車（輪）場,30歳代,その他,施錠せず
窃盗,自転車盗,小松川,今井交番,131237,東京都,江戸川区,西瑞江３丁目,2020-05-28,16,道路上,その他,70歳以上,その他,施錠せず
窃盗,自転車盗,小松川,今井交番,131237,東京都,江戸川区,西瑞江３丁目,2020-08-25,17,４階建て以上共同住宅,駐車（輪）場,30歳代,その他,施錠せず
窃盗,自転車盗,小松川,今井交番,131237,東京都,江戸川区,西瑞江４丁目,2020-04-21,09,その他,駐車（輪）場,50歳代,その他,施錠せず
窃盗,自転車盗,小松川,今井交番,131237,東京都,江戸川区,西瑞江４丁目,2020-07-09,16,４階建て以上共同住宅,駐車（輪）場,40歳代,その他,施錠せず
窃盗,自転車盗,小松川,今井交番,131237,東京都,江戸川区,西瑞江４丁目,2020-08-05,16,一戸建住宅,その他,70歳以上,その他,施錠せず
窃盗,自転車盗,小松川,今井交番,131237,東京都,江戸川区,西瑞江４丁目,2020-09-07,18,道路上,その他,30歳代,その他,施錠せず
窃盗,自転車盗,小松川,今井交番,131237,東京都,江戸川区,西瑞江４丁目,2020-11-28,20,４階建て以上共同住宅,駐車（輪）場,40歳代,その他,施錠せず
窃盗,自転車盗,小松川,今井交番,131237,東京都,江戸川区,春江町１丁目,2020-02-29,01,４階建て以上共同住宅,駐車（輪）場,20歳代,その他,施錠せず
窃盗,自転車盗,小松川,今井交番,131237,東京都,江戸川区,春江町３丁目,2019-12-31,17,一戸建住宅,駐車（輪）場,10歳代,小学生,施錠せず
窃盗,自転車盗,小松川,椿町駐在所,131237,東京都,江戸川区,春江町２丁目,2020-01-06,22,駐車（輪）場,駐車（輪）場,10歳代,高校生,施錠せず
窃盗,自転車盗,小松川,椿町駐在所,131237,東京都,江戸川区,春江町２丁目,2020-05-31,09,その他の住宅（３階建て以下共同住宅等）,駐車（輪）場,50歳代,その他,施錠せず
窃盗,自転車盗,小松川,椿町駐在所,131237,東京都,江戸川区,春江町２丁目,2020-07-20,17,４階建て以上共同住宅,その他,60-64歳,その他,施錠せず
窃盗,自転車盗,小松川,椿町駐在所,131237,東京都,江戸川区,春江町２丁目,2020-08-27,12,一戸建住宅,その他,20歳代,その他,施錠せず
窃盗,自転車盗,小松川,椿町駐在所,131237,東京都,江戸川区,春江町２丁目,2020-09-02,20,その他,駐車（輪）場,30歳代,その他,施錠せず
窃盗,自転車盗,小松川,椿町駐在所,131237,東京都,江戸川区,春江町２丁目,2020-09-05,21,４階建て以上共同住宅,駐車（輪）場,50歳代,その他,施錠せず
窃盗,自転車盗,小松川,椿町駐在所,131237,東京都,江戸川区,春江町２丁目,2020-10-15,12,その他,駐車（輪）場,法人・団体、被害者なし,法人・団体、被害者なし,施錠せず
窃盗,自転車盗,小松川,椿町駐在所,131237,東京都,江戸川区,春江町３丁目,2020-02-06,20,一戸建住宅,駐車（輪）場,30歳代,その他,施錠せず
窃盗,自転車盗,小松川,椿町駐在所,131237,東京都,江戸川区,春江町３丁目,2020-02-18,12,その他,その他,65-69歳,その他,施錠せず
窃盗,自転車盗,小松川,南篠崎交番,131237,東京都,江戸川区,江戸川１丁目,2020-02-22,17,その他の住宅（３階建て以下共同住宅等）,駐車（輪）場,20歳代,その他,施錠せず
窃盗,自転車盗,小松川,南篠崎交番,131237,東京都,江戸川区,江戸川１丁目,2020-04-29,08,一戸建住宅,駐車（輪）場,40歳代,その他,施錠せず
窃盗,自転車盗,小松川,南篠崎交番,131237,東京都,江戸川区,江戸川１丁目,2020-08-10,23,一戸建住宅,その他,50歳代,その他,施錠せず
窃盗,自転車盗,小松川,南篠崎交番,131237,東京都,江戸川区,江戸川１丁目,2020-12-02,08,一戸建住宅,その他,10歳代,中学生,施錠せず
窃盗,自転車盗,小松川,南篠崎交番,131237,東京都,江戸川区,篠崎町２丁目,2020-11-22,12,４階建て以上共同住宅,駐車（輪）場,30歳代,その他,施錠せず
窃盗,自転車盗,小松川,南篠崎交番,131237,東京都,江戸川区,篠崎町４丁目,2020-08-16,01,一戸建住宅,その他,10歳代,大学生,施錠せず
窃盗,自転車盗,小松川,南篠崎交番,131237,東京都,江戸川区,下篠崎町,2020-03-11,07,道路上,その他,40歳代,その他,施錠せず
窃盗,自転車盗,小松川,南篠崎交番,131237,東京都,江戸川区,南篠崎町１丁目,2020-02-05,19,一戸建住宅,その他,70歳以上,その他,施錠せず
窃盗,自転車盗,小松川,南篠崎交番,131237,東京都,江戸川区,南篠崎町１丁目,2020-05-04,18,一戸建住宅,その他,10歳代,中学生,施錠せず
窃盗,自転車盗,小松川,南篠崎交番,131237,東京都,江戸川区,南篠崎町１丁目,2020-06-09,21,道路上,その他,60-64歳,その他,施錠せず
窃盗,自転車盗,小松川,南篠崎交番,131237,東京都,江戸川区,南篠崎町１丁目,2020-06-25,00,一戸建住宅,その他,20歳代,その他,施錠せず
窃盗,自転車盗,小松川,南篠崎交番,131237,東京都,江戸川区,南篠崎町１丁目,2020-07-19,00,一戸建住宅,その他,30歳代,その他,施錠せず
窃盗,自転車盗,小松川,南篠崎交番,131237,東京都,江戸川区,南篠崎町１丁目,2020-07-22,22,一戸建住宅,その他,40歳代,その他,施錠せず
窃盗,自転車盗,小松川,南篠崎交番,131237,東京都,江戸川区,南篠崎町１丁目,2020-08-05,20,４階建て以上共同住宅,駐車（輪）場,30歳代,その他,施錠せず
窃盗,自転車盗,小松川,南篠崎交番,131237,東京都,江戸川区,南篠崎町１丁目,2020-08-11,20,一戸建住宅,その他,30歳代,その他,施錠せず
窃盗,自転車盗,小松川,南篠崎交番,131237,東京都,江戸川区,南篠崎町１丁目,2020-09-28,15,４階建て以上共同住宅,駐車（輪）場,50歳代,その他,施錠せず
窃盗,自転車盗,小松川,南篠崎交番,131237,東京都,江戸川区,南篠崎町２丁目,2020-02-17,00,一戸建住宅,その他,20歳代,大学生,施錠せず
窃盗,自転車盗,小松川,南篠崎交番,131237,東京都,江戸川区,南篠崎町２丁目,2020-08-14,19,４階建て以上共同住宅,駐車（輪）場,20歳代,その他,施錠せず
窃盗,自転車盗,小松川,南篠崎交番,131237,東京都,江戸川区,南篠崎町２丁目,2020-10-05,16,その他の住宅（３階建て以下共同住宅等）,駐車（輪）場,30歳代,その他,施錠せず
窃盗,自転車盗,小松川,南篠崎交番,131237,東京都,江戸川区,南篠崎町２丁目,2020-10-15,16,その他の住宅（３階建て以下共同住宅等）,駐車（輪）場,50歳代,その他,施錠せず
窃盗,自転車盗,小松川,南篠崎交番,131237,東京都,江戸川区,南篠崎町５丁目,2019-12-31,11,４階建て以上共同住宅,駐車（輪）場,30歳代,その他,施錠せず
窃盗,自転車盗,小松川,南篠崎交番,131237,東京都,江戸川区,南篠崎町５丁目,2020-01-10,08,４階建て以上共同住宅,駐車（輪）場,10歳代,高校生,施錠せず
窃盗,自転車盗,小松川,南篠崎交番,131237,東京都,江戸川区,南篠崎町５丁目,2020-02-09,17,４階建て以上共同住宅,駐車（輪）場,40歳代,その他,施錠せず
窃盗,自転車盗,小松川,南篠崎交番,131237,東京都,江戸川区,南篠崎町５丁目,2020-03-19,23,４階建て以上共同住宅,駐車（輪）場,50歳代,その他,施錠せず
窃盗,自転車盗,小松川,南篠崎交番,131237,東京都,江戸川区,南篠崎町５丁目,2020-10-30,18,４階建て以上共同住宅,駐車（輪）場,10歳未満,小学生,施錠せず
窃盗,自転車盗,小松川,南篠崎交番,131237,東京都,江戸川区,南篠崎町５丁目,2020-11-14,20,４階建て以上共同住宅,駐車（輪）場,30歳代,その他,施錠せず
窃盗,自転車盗,小松川,南篠崎交番,131237,東京都,江戸川区,南篠崎町５丁目,2020-11-18,01,４階建て以上共同住宅,駐車（輪）場,20歳代,その他,施錠せず
窃盗,自転車盗,小松川,南篠崎交番,131237,東京都,江戸川区,東篠崎１丁目,2020-02-03,18,４階建て以上共同住宅,駐車（輪）場,50歳代,その他,施錠せず
窃盗,自転車盗,小松川,東小松川交番,131237,東京都,江戸川区,東小松川４丁目,2020-04-23,09,４階建て以上共同住宅,駐車（輪）場,20歳代,大学生,施錠せず
窃盗,自転車盗,小松川,東小松川交番,131237,東京都,江戸川区,東小松川４丁目,2020-05-21,00,一戸建住宅,その他,20歳代,その他,施錠せず
窃盗,自転車盗,小松川,東小松川交番,131237,東京都,江戸川区,東小松川４丁目,2020-08-12,21,道路上,その他,70歳以上,その他,施錠せず
窃盗,自転車盗,小松川,東小松川交番,131237,東京都,江戸川区,松江５丁目,2020-09-23,20,その他,駐車（輪）場,30歳代,その他,施錠せず
窃盗,自転車盗,小松川,東小松川交番,131237,東京都,江戸川区,松江５丁目,2020-11-07,21,４階建て以上共同住宅,駐車（輪）場,30歳代,その他,施錠せず
窃盗,自転車盗,小松川,東瑞江交番,131237,東京都,江戸川区,江戸川２丁目,2020-01-30,18,一戸建住宅,駐車（輪）場,30歳代,その他,施錠せず
窃盗,自転車盗,小松川,東瑞江交番,131237,東京都,江戸川区,江戸川２丁目,2020-02-02,14,道路上,その他,10歳代,小学生,施錠せず
窃盗,自転車盗,小松川,東瑞江交番,131237,東京都,江戸川区,江戸川２丁目,2020-02-14,17,道路上,その他,70歳以上,その他,施錠せず
窃盗,自転車盗,小松川,東瑞江交番,131237,東京都,江戸川区,江戸川２丁目,2020-03-12,12,一戸建住宅,駐車（輪）場,10歳代,大学生,施錠せず
窃盗,自転車盗,小松川,東瑞江交番,131237,東京都,江戸川区,江戸川２丁目,2020-05-23,20,道路上,その他,70歳以上,その他,施錠せず
窃盗,自転車盗,小松川,東瑞江交番,131237,東京都,江戸川区,江戸川２丁目,2020-07-22,16,４階建て以上共同住宅,駐車（輪）場,70歳以上,その他,施錠せず
窃盗,自転車盗,小松川,東瑞江交番,131237,東京都,江戸川区,江戸川２丁目,2020-09-20,15,その他,駐車（輪）場,10歳代,小学生,施錠せず
窃盗,自転車盗,小松川,東瑞江交番,131237,東京都,江戸川区,江戸川３丁目,2020-03-06,17,４階建て以上共同住宅,駐車（輪）場,50歳代,その他,施錠せず
窃盗,自転車盗,小松川,東瑞江交番,131237,東京都,江戸川区,東瑞江１丁目,2020-10-04,17,４階建て以上共同住宅,駐車（輪）場,40歳代,その他,施錠せず
窃盗,自転車盗,小松川,東瑞江交番,131237,東京都,江戸川区,東瑞江２丁目,2020-03-09,17,その他の住宅（３階建て以下共同住宅等）,駐車（輪）場,10歳代,その他,施錠せず
窃盗,自転車盗,小松川,東瑞江交番,131237,東京都,江戸川区,東瑞江２丁目,2020-11-20,00,一戸建住宅,その他,10歳代,小学生,施錠せず
窃盗,自転車盗,小松川,瑞江駅前交番,131237,東京都,江戸川区,西瑞江３丁目,2019-05-10,13,４階建て以上共同住宅,駐車（輪）場,20歳代,大学生,施錠せず
窃盗,自転車盗,小松川,瑞江駅前交番,131237,東京都,江戸川区,西瑞江３丁目,2020-05-31,09,道路上,その他,40歳代,その他,施錠せず
窃盗,自転車盗,小松川,瑞江駅前交番,131237,東京都,江戸川区,西瑞江３丁目,2020-08-16,20,道路上,その他,70歳以上,その他,施錠せず
窃盗,自転車盗,小松川,瑞江駅前交番,131237,東京都,江戸川区,春江町３丁目,2020-05-27,11,道路上,その他,10歳代,高校生,施錠せず
窃盗,自転車盗,小松川,瑞江駅前交番,131237,東京都,江戸川区,東瑞江１丁目,2020-01-30,09,その他,駐車（輪）場,50歳代,その他,施錠せず
窃盗,自転車盗,小松川,瑞江駅前交番,131237,東京都,江戸川区,東瑞江１丁目,2020-02-15,21,道路上,その他,20歳代,その他,施錠せず
窃盗,自転車盗,小松川,瑞江駅前交番,131237,東京都,江戸川区,東瑞江１丁目,2020-09-23,16,その他,駐車（輪）場,40歳代,その他,施錠せず
窃盗,自転車盗,小松川,瑞江駅前交番,131237,東京都,江戸川区,東瑞江１丁目,2020-10-16,19,道路上,その他,50歳代,その他,施錠せず
窃盗,自転車盗,小松川,瑞江駅前交番,131237,東京都,江戸川区,東瑞江３丁目,2020-03-20,02,道路上,その他,40歳代,その他,施錠せず
窃盗,自転車盗,小松川,瑞江駅前交番,131237,東京都,江戸川区,東瑞江３丁目,2020-05-30,10,一戸建住宅,その他,50歳代,その他,施錠せず
窃盗,自転車盗,小松川,瑞江駅前交番,131237,東京都,江戸川区,東瑞江３丁目,2020-11-20,12,その他,駐車（輪）場,10歳代,その他,施錠せず
窃盗,自転車盗,小松川,瑞江駅前交番,131237,東京都,江戸川区,南篠崎町１丁目,2019-12-18,23,道路上,その他,50歳代,その他,施錠せず
窃盗,自転車盗,小松川,瑞江駅前交番,131237,東京都,江戸川区,南篠崎町２丁目,2020-01-10,21,４階建て以上共同住宅,駐車（輪）場,20歳代,その他,施錠せず
窃盗,自転車盗,小松川,瑞江駅前交番,131237,東京都,江戸川区,南篠崎町２丁目,2020-05-29,14,その他の住宅（３階建て以下共同住宅等）,駐車（輪）場,65-69歳,その他,施錠せず
窃盗,自転車盗,小松川,瑞江駅前交番,131237,東京都,江戸川区,南篠崎町３丁目,2020-02-28,23,その他,駐車（輪）場,20歳代,大学生,施錠せず
窃盗,自転車盗,小松川,瑞江駅前交番,131237,東京都,江戸川区,南篠崎町３丁目,2020-11-04,21,４階建て以上共同住宅,駐車（輪）場,50歳代,その他,施錠せず
窃盗,自転車盗,小松川,瑞江駅前交番,131237,東京都,江戸川区,南篠崎町４丁目,2020-01-12,09,その他の住宅（３階建て以下共同住宅等）,駐車（輪）場,40歳代,その他,施錠せず
窃盗,自転車盗,小松川,瑞江駅前交番,131237,東京都,江戸川区,南篠崎町４丁目,2020-01-25,19,道路上,その他,70歳以上,その他,施錠せず
窃盗,自転車盗,小松川,瑞江駅前交番,131237,東京都,江戸川区,南篠崎町４丁目,2020-06-23,23,道路上,その他,10歳代,高校生,施錠せず
窃盗,自転車盗,小松川,瑞江駅前交番,131237,東京都,江戸川区,南篠崎町４丁目,2020-08-25,18,一戸建住宅,その他,50歳代,その他,施錠せず
窃盗,自転車盗,小松川,瑞江駅前交番,131237,東京都,江戸川区,南篠崎町４丁目,2020-09-03,15,４階建て以上共同住宅,駐車（輪）場,10歳代,高校生,施錠せず
窃盗,自転車盗,小松川,瑞江駅前交番,131237,東京都,江戸川区,瑞江２丁目,2019-12-05,14,道路上,その他,70歳以上,その他,施錠せず
窃盗,自転車盗,小松川,瑞江駅前交番,131237,東京都,江戸川区,瑞江２丁目,2019-12-07,20,道路上,その他,40歳代,その他,施錠せず
窃盗,自転車盗,小松川,瑞江駅前交番,131237,東京都,江戸川区,瑞江２丁目,2020-01-13,16,駐車（輪）場,駐車（輪）場,30歳代,その他,施錠せず
窃盗,自転車盗,小松川,瑞江駅前交番,131237,東京都,江戸川区,瑞江２丁目,2020-01-23,19,道路上,その他,10歳代,その他,施錠せず
窃盗,自転車盗,小松川,瑞江駅前交番,131237,東京都,江戸川区,瑞江２丁目,2020-02-01,23,その他,駐車（輪）場,50歳代,その他,施錠せず
窃盗,自転車盗,小松川,瑞江駅前交番,131237,東京都,江戸川区,瑞江２丁目,2020-02-04,18,その他の住宅（３階建て以下共同住宅等）,駐車（輪）場,50歳代,その他,施錠せず
窃盗,自転車盗,小松川,瑞江駅前交番,131237,東京都,江戸川区,瑞江２丁目,2020-02-05,21,その他,駐車（輪）場,40歳代,その他,施錠せず
窃盗,自転車盗,小松川,瑞江駅前交番,131237,東京都,江戸川区,瑞江２丁目,2020-02-14,00,道路上,その他,30歳代,その他,施錠せず
窃盗,自転車盗,小松川,瑞江駅前交番,131237,東京都,江戸川区,瑞江２丁目,2020-02-15,06,一戸建住宅,駐車（輪）場,40歳代,その他,施錠せず
窃盗,自転車盗,小松川,瑞江駅前交番,131237,東京都,江戸川区,瑞江２丁目,2020-02-16,00,その他の住宅（３階建て以下共同住宅等）,駐車（輪）場,30歳代,その他,施錠せず
窃盗,自転車盗,小松川,瑞江駅前交番,131237,東京都,江戸川区,瑞江２丁目,2020-02-17,07,駐車（輪）場,駐車（輪）場,20歳代,その他,施錠せず
窃盗,自転車盗,小松川,瑞江駅前交番,131237,東京都,江戸川区,瑞江２丁目,2020-02-18,13,その他,駐車（輪）場,50歳代,その他,施錠せず
窃盗,自転車盗,小松川,瑞江駅前交番,131237,東京都,江戸川区,瑞江２丁目,2020-03-03,17,その他,駐車（輪）場,30歳代,その他,施錠せず
窃盗,自転車盗,小松川,瑞江駅前交番,131237,東京都,江戸川区,瑞江２丁目,2020-03-03,20,その他,駐車（輪）場,10歳代,高校生,施錠せず
窃盗,自転車盗,小松川,瑞江駅前交番,131237,東京都,江戸川区,瑞江２丁目,2020-04-02,19,一戸建住宅,駐車（輪）場,60-64歳,その他,施錠せず
窃盗,自転車盗,小松川,瑞江駅前交番,131237,東京都,江戸川区,瑞江２丁目,2020-04-17,12,駐車（輪）場,駐車（輪）場,20歳代,その他,施錠せず
窃盗,自転車盗,小松川,瑞江駅前交番,131237,東京都,江戸川区,瑞江２丁目,2020-05-30,14,その他,駐車（輪）場,20歳代,その他,施錠せず
窃盗,自転車盗,小松川,瑞江駅前交番,131237,東京都,江戸川区,瑞江２丁目,2020-07-21,20,一戸建住宅,その他,40歳代,その他,施錠せず
窃盗,自転車盗,小松川,瑞江駅前交番,131237,東京都,江戸川区,瑞江２丁目,2020-08-23,20,駐車（輪）場,駐車（輪）場,30歳代,その他,施錠せず
窃盗,自転車盗,小松川,瑞江駅前交番,131237,東京都,江戸川区,瑞江２丁目,2020-08-29,23,道路上,その他,40歳代,その他,施錠せず
窃盗,自転車盗,小松川,瑞江駅前交番,131237,東京都,江戸川区,瑞江２丁目,2020-09-06,20,その他,駐車（輪）場,30歳代,その他,施錠せず
窃盗,自転車盗,小松川,瑞江駅前交番,131237,東京都,江戸川区,瑞江２丁目,2020-09-22,16,駐車（輪）場,駐車（輪）場,20歳代,大学生,施錠せず
窃盗,自転車盗,小松川,瑞江駅前交番,131237,東京都,江戸川区,瑞江２丁目,2020-10-12,17,一戸建住宅,その他,70歳以上,その他,施錠せず
窃盗,自転車盗,小松川,瑞江駅前交番,131237,東京都,江戸川区,瑞江２丁目,2020-11-08,10,その他,その他,10歳代,その他,施錠せず
窃盗,自転車盗,小松川,瑞江駅前交番,131237,東京都,江戸川区,瑞江２丁目,2020-12-13,12,４階建て以上共同住宅,駐車（輪）場,10歳代,小学生,施錠せず
窃盗,自転車盗,小松川,瑞江駅前交番,131237,東京都,江戸川区,瑞江２丁目,2020-12-28,18,４階建て以上共同住宅,駐車（輪）場,10歳代,大学生,施錠せず
窃盗,自転車盗,小松川,瑞江駅前交番,131237,東京都,江戸川区,瑞江４丁目,2020-04-08,12,道路上,その他,20歳代,その他,施錠せず
窃盗,自転車盗,小松川,瑞江駅前交番,131237,東京都,江戸川区,瑞江４丁目,2020-08-01,14,道路上,その他,10歳代,小学生,施錠せず
窃盗,自転車盗,小松川,小松川一丁目交番,131237,東京都,江戸川区,小松川１丁目,2020-01-10,23,４階建て以上共同住宅,駐車（輪）場,20歳代,その他,施錠せず
窃盗,自転車盗,小松川,小松川一丁目交番,131237,東京都,江戸川区,小松川１丁目,2020-01-15,00,４階建て以上共同住宅,駐車（輪）場,20歳代,大学生,施錠せず
窃盗,自転車盗,小松川,小松川一丁目交番,131237,東京都,江戸川区,小松川１丁目,2020-03-24,17,４階建て以上共同住宅,駐車（輪）場,40歳代,その他,施錠せず
窃盗,自転車盗,小松川,小松川一丁目交番,131237,東京都,江戸川区,小松川１丁目,2020-12-05,13,駐車（輪）場,駐車（輪）場,10歳代,大学生,施錠せず
窃盗,自転車盗,小松川,小松川一丁目交番,131237,東京都,江戸川区,小松川２丁目,2020-01-12,13,４階建て以上共同住宅,駐車（輪）場,10歳代,その他,施錠せず
窃盗,自転車盗,小松川,小松川一丁目交番,131237,東京都,江戸川区,小松川２丁目,2020-02-13,18,４階建て以上共同住宅,駐車（輪）場,10歳代,高校生,施錠せず
窃盗,自転車盗,小松川,小松川一丁目交番,131237,東京都,江戸川区,小松川２丁目,2020-03-08,07,４階建て以上共同住宅,駐車（輪）場,20歳代,その他,施錠せず
窃盗,自転車盗,小松川,篠崎駅前交番,131237,東京都,江戸川区,篠崎町２丁目,2020-01-09,08,その他の住宅（３階建て以下共同住宅等）,駐車（輪）場,40歳代,その他,施錠せず
窃盗,自転車盗,小松川,篠崎駅前交番,131237,東京都,江戸川区,篠崎町２丁目,2020-08-03,19,一戸建住宅,その他,60-64歳,その他,施錠せず
窃盗,自転車盗,小松川,篠崎駅前交番,131237,東京都,江戸川区,篠崎町２丁目,2020-08-30,12,道路上,その他,20歳代,その他,施錠せず
窃盗,自転車盗,小松川,篠崎駅前交番,131237,東京都,江戸川区,篠崎町２丁目,2020-11-26,16,４階建て以上共同住宅,駐車（輪）場,10歳代,小学生,施錠せず
窃盗,自転車盗,小松川,篠崎駅前交番,131237,東京都,江戸川区,篠崎町５丁目,2020-02-13,15,その他,駐車（輪）場,10歳代,中学生,施錠せず
窃盗,自転車盗,小松川,篠崎駅前交番,131237,東京都,江戸川区,篠崎町５丁目,2020-02-16,00,その他,駐車（輪）場,10歳代,その他,施錠せず
窃盗,自転車盗,小松川,篠崎駅前交番,131237,東京都,江戸川区,篠崎町５丁目,2020-05-24,07,４階建て以上共同住宅,駐車（輪）場,30歳代,その他,施錠せず
窃盗,自転車盗,小松川,篠崎駅前交番,131237,東京都,江戸川区,篠崎町６丁目,2019-12-10,19,道路上,その他,40歳代,その他,施錠せず
窃盗,自転車盗,小松川,篠崎駅前交番,131237,東京都,江戸川区,篠崎町６丁目,2020-12-07,17,その他の住宅（３階建て以下共同住宅等）,駐車（輪）場,50歳代,その他,施錠せず
窃盗,自転車盗,小松川,篠崎駅前交番,131237,東京都,江戸川区,篠崎町７丁目,2020-01-28,22,道路上,その他,20歳代,その他,施錠せず
窃盗,自転車盗,小松川,篠崎駅前交番,131237,東京都,江戸川区,篠崎町７丁目,2020-02-05,18,道路上,その他,10歳代,大学生,施錠せず
窃盗,自転車盗,小松川,篠崎駅前交番,131237,東京都,江戸川区,篠崎町７丁目,2020-03-16,19,道路上,その他,40歳代,その他,施錠せず
窃盗,自転車盗,小松川,篠崎駅前交番,131237,東京都,江戸川区,篠崎町７丁目,2020-03-24,22,道路上,その他,20歳代,その他,施錠せず
窃盗,自転車盗,小松川,篠崎駅前交番,131237,東京都,江戸川区,篠崎町７丁目,2020-06-19,20,道路上,その他,20歳代,その他,施錠せず
窃盗,自転車盗,小松川,篠崎駅前交番,131237,東京都,江戸川区,篠崎町７丁目,2020-07-11,10,駐車（輪）場,駐車（輪）場,20歳代,その他,施錠せず
窃盗,自転車盗,小松川,篠崎駅前交番,131237,東京都,江戸川区,篠崎町７丁目,2020-07-16,09,その他,駐車（輪）場,20歳代,その他,施錠せず
窃盗,自転車盗,小松川,篠崎駅前交番,131237,東京都,江戸川区,篠崎町７丁目,2020-07-22,09,駐車（輪）場,駐車（輪）場,50歳代,その他,施錠せず
窃盗,自転車盗,小松川,篠崎駅前交番,131237,東京都,江戸川区,篠崎町７丁目,2020-09-13,10,その他,駐車（輪）場,20歳代,大学生,施錠せず
窃盗,自転車盗,小松川,篠崎駅前交番,131237,東京都,江戸川区,篠崎町７丁目,2020-09-24,15,その他,駐車（輪）場,10歳代,高校生,施錠せず
窃盗,自転車盗,小松川,篠崎駅前交番,131237,東京都,江戸川区,篠崎町７丁目,2020-11-15,18,道路上,その他,10歳代,中学生,施錠せず
窃盗,自転車盗,小松川,篠崎駅前交番,131237,東京都,江戸川区,下篠崎町,2020-10-20,00,道路上,その他,50歳代,その他,施錠せず
窃盗,自転車盗,小松川,篠崎駅前交番,131237,東京都,江戸川区,下篠崎町,2020-11-27,23,４階建て以上共同住宅,駐車（輪）場,50歳代,その他,施錠せず
窃盗,自転車盗,小松川,篠崎駅前交番,131237,東京都,江戸川区,新堀１丁目,2020-08-22,18,その他,駐車（輪）場,60-64歳,その他,施錠せず
窃盗,自転車盗,小松川,篠崎駅前交番,131237,東京都,江戸川区,新堀１丁目,2020-10-09,00,駐車（輪）場,駐車（輪）場,70歳以上,その他,施錠せず
窃盗,自転車盗,小松川,篠崎駅前交番,131237,東京都,江戸川区,南篠崎町２丁目,2020-06-14,20,一戸建住宅,その他,10歳代,高校生,施錠せず
窃盗,自転車盗,小松川,篠崎駅前交番,131237,東京都,江戸川区,南篠崎町４丁目,2020-01-24,19,一戸建住宅,駐車（輪）場,30歳代,その他,施錠せず
窃盗,自転車盗,小松川,篠崎駅前交番,131237,東京都,江戸川区,南篠崎町４丁目,2020-10-23,23,４階建て以上共同住宅,駐車（輪）場,30歳代,その他,施錠せず
窃盗,自転車盗,小松川,篠崎駅前交番,131237,東京都,江戸川区,東篠崎１丁目,2020-02-04,09,４階建て以上共同住宅,駐車（輪）場,10歳代,中学生,施錠せず
窃盗,自転車盗,小松川,篠崎駅前交番,131237,東京都,江戸川区,東篠崎１丁目,2020-11-28,13,その他,駐車（輪）場,50歳代,その他,施錠せず
窃盗,自転車盗,小松川,篠崎駅前交番,131237,東京都,江戸川区,瑞江１丁目,2020-03-27,11,その他の住宅（３階建て以下共同住宅等）,駐車（輪）場,30歳代,その他,施錠せず
窃盗,自転車盗,小松川,篠崎駅前交番,131237,東京都,江戸川区,瑞江１丁目,2020-05-29,21,その他の住宅（３階建て以下共同住宅等）,駐車（輪）場,20歳代,その他,施錠せず
窃盗,自転車盗,小松川,篠崎駅前交番,131237,東京都,江戸川区,瑞江１丁目,2020-06-28,15,その他,駐車（輪）場,10歳代,高校生,施錠せず
窃盗,自転車盗,小松川,篠崎駅前交番,131237,東京都,江戸川区,瑞江１丁目,2020-10-31,08,一戸建住宅,駐車（輪）場,40歳代,その他,施錠せず
窃盗,自転車盗,小松川,篠崎駅前交番,131237,東京都,江戸川区,瑞江２丁目,2020-09-04,19,４階建て以上共同住宅,駐車（輪）場,50歳代,その他,施錠せず
窃盗,自転車盗,小松川,篠崎駅前交番,131237,東京都,江戸川区,谷河内１丁目,2019-12-20,13,その他,駐車（輪）場,30歳代,その他,施錠せず
窃盗,自転車盗,小松川,篠崎駅前交番,131237,東京都,江戸川区,谷河内１丁目,2020-02-06,16,その他の住宅（３階建て以下共同住宅等）,駐車（輪）場,10歳代,その他,施錠せず
窃盗,自転車盗,小松川,篠崎駅前交番,131237,東京都,江戸川区,谷河内１丁目,2020-02-25,00,その他の住宅（３階建て以下共同住宅等）,駐車（輪）場,20歳代,その他,施錠せず
窃盗,自転車盗,小松川,篠崎駅前交番,131237,東京都,江戸川区,谷河内２丁目,2020-08-05,11,その他の住宅（３階建て以下共同住宅等）,駐車（輪）場,50歳代,その他,施錠せず
窃盗,自転車盗,小松川,篠崎駅前交番,131237,東京都,江戸川区,谷河内２丁目,2020-09-29,08,道路上,その他,30歳代,その他,施錠せず
窃盗,自転車盗,小松川,篠崎駅前交番,131237,東京都,江戸川区,谷河内２丁目,2020-10-30,05,その他の住宅（３階建て以下共同住宅等）,その他,10歳代,高校生,施錠せず
窃盗,自転車盗,小松川,篠崎駅前交番,131237,東京都,江戸川区,谷河内２丁目,2020-11-06,06,その他の住宅（３階建て以下共同住宅等）,その他,10歳代,中学生,施錠せず
窃盗,自転車盗,小松川,篠崎駅前交番,131237,東京都,江戸川区,谷河内２丁目,2020-11-25,18,４階建て以上共同住宅,駐車（輪）場,50歳代,その他,施錠せず
窃盗,自転車盗,小岩,一里塚交番,131237,東京都,江戸川区,東小岩３丁目,2019-11-08,08,道路上,その他,40歳代,その他,施錠せず
窃盗,自転車盗,小岩,一里塚交番,131237,東京都,江戸川区,東小岩３丁目,2020-01-10,16,道路上,その他,50歳代,その他,施錠せず
窃盗,自転車盗,小岩,一里塚交番,131237,東京都,江戸川区,東小岩３丁目,2020-04-10,22,その他の住宅（３階建て以下共同住宅等）,駐車（輪）場,30歳代,その他,施錠せず
窃盗,自転車盗,小岩,一里塚交番,131237,東京都,江戸川区,東小岩３丁目,2020-09-13,16,４階建て以上共同住宅,駐車（輪）場,20歳代,その他,施錠せず
窃盗,自転車盗,小岩,一里塚交番,131237,東京都,江戸川区,東小岩３丁目,2020-10-29,06,一戸建住宅,駐車（輪）場,30歳代,その他,施錠せず
窃盗,自転車盗,小岩,一里塚交番,131237,東京都,江戸川区,東小岩５丁目,2020-06-07,22,道路上,その他,40歳代,その他,施錠せず
窃盗,自転車盗,小岩,一里塚交番,131237,東京都,江戸川区,東小岩５丁目,2020-08-15,00,その他の住宅（３階建て以下共同住宅等）,駐車（輪）場,20歳代,その他,施錠せず
窃盗,自転車盗,小岩,一里塚交番,131237,東京都,江戸川区,東小岩５丁目,2020-10-04,16,その他の住宅（３階建て以下共同住宅等）,駐車（輪）場,65-69歳,その他,施錠せず
窃盗,自転車盗,小岩,南小岩交番,131237,東京都,江戸川区,東小岩１丁目,2020-05-01,19,その他の住宅（３階建て以下共同住宅等）,駐車（輪）場,10歳代,高校生,施錠せず
窃盗,自転車盗,小岩,南小岩交番,131237,東京都,江戸川区,東小岩１丁目,2020-06-12,19,その他の住宅（３階建て以下共同住宅等）,その他,30歳代,その他,施錠せず
窃盗,自転車盗,小岩,南小岩交番,131237,東京都,江戸川区,東小岩１丁目,2020-12-09,20,一戸建住宅,駐車（輪）場,10歳代,中学生,施錠せず
窃盗,自転車盗,小岩,南小岩交番,131237,東京都,江戸川区,東小岩４丁目,2020-02-01,00,道路上,その他,10歳代,高校生,施錠せず
窃盗,自転車盗,小岩,南小岩交番,131237,東京都,江戸川区,南小岩１丁目,2020-07-31,20,一戸建住宅,駐車（輪）場,20歳代,大学生,施錠せず
窃盗,自転車盗,小岩,南小岩交番,131237,東京都,江戸川区,南小岩１丁目,2020-08-23,18,４階建て以上共同住宅,駐車（輪）場,50歳代,その他,施錠せず
窃盗,自転車盗,小岩,南小岩交番,131237,東京都,江戸川区,南小岩２丁目,2019-12-07,18,その他,駐車（輪）場,40歳代,その他,施錠せず
窃盗,自転車盗,小岩,南小岩交番,131237,東京都,江戸川区,南小岩２丁目,2020-01-11,20,４階建て以上共同住宅,駐車（輪）場,20歳代,その他,施錠せず
窃盗,自転車盗,小岩,南小岩交番,131237,東京都,江戸川区,南小岩２丁目,2020-05-17,19,一戸建住宅,その他,40歳代,その他,施錠せず
窃盗,自転車盗,小岩,南小岩交番,131237,東京都,江戸川区,南小岩２丁目,2020-07-28,16,その他の住宅（３階建て以下共同住宅等）,駐車（輪）場,40歳代,その他,施錠せず
窃盗,自転車盗,小岩,南小岩交番,131237,東京都,江戸川区,南小岩２丁目,2020-09-17,19,道路上,その他,70歳以上,その他,施錠せず
窃盗,自転車盗,小岩,南小岩交番,131237,東京都,江戸川区,南小岩３丁目,2020-08-01,20,４階建て以上共同住宅,その他,10歳代,中学生,施錠せず
窃盗,自転車盗,小岩,南小岩交番,131237,東京都,江戸川区,南小岩６丁目,2020-01-16,09,その他の住宅（３階建て以下共同住宅等）,駐車（輪）場,40歳代,その他,施錠せず
窃盗,自転車盗,小岩,南小岩交番,131237,東京都,江戸川区,北篠崎１丁目,2020-09-05,17,道路上,その他,10歳代,小学生,施錠せず
窃盗,自転車盗,小岩,南小岩交番,131237,東京都,江戸川区,北篠崎２丁目,2020-01-07,07,４階建て以上共同住宅,駐車（輪）場,10歳代,大学生,施錠せず
窃盗,自転車盗,小岩,南小岩交番,131237,東京都,江戸川区,北篠崎２丁目,2020-01-31,15,一戸建住宅,駐車（輪）場,10歳代,大学生,施錠せず
窃盗,自転車盗,小岩,南小岩交番,131237,東京都,江戸川区,北篠崎２丁目,2020-06-14,12,４階建て以上共同住宅,駐車（輪）場,20歳代,大学生,施錠せず
窃盗,自転車盗,小岩,南小岩交番,131237,東京都,江戸川区,北篠崎２丁目,2020-08-07,12,一戸建住宅,その他,10歳代,高校生,施錠せず
窃盗,自転車盗,小岩,南小岩交番,131237,東京都,江戸川区,東松本１丁目,2020-12-26,02,一戸建住宅,駐車（輪）場,30歳代,その他,施錠せず
窃盗,自転車盗,小岩,二枚橋交番,131237,東京都,江戸川区,南小岩１丁目,2020-12-09,15,一戸建住宅,その他,20歳代,その他,施錠せず
窃盗,自転車盗,小岩,二枚橋交番,131237,東京都,江戸川区,南小岩３丁目,2020-10-05,18,４階建て以上共同住宅,駐車（輪）場,50歳代,その他,施錠せず
窃盗,自転車盗,小岩,二枚橋交番,131237,東京都,江戸川区,南小岩４丁目,2019-12-26,22,一戸建住宅,駐車（輪）場,40歳代,その他,施錠せず
窃盗,自転車盗,小岩,二枚橋交番,131237,東京都,江戸川区,南小岩４丁目,2020-06-21,16,一戸建住宅,その他,20歳代,その他,施錠せず
窃盗,自転車盗,小岩,二枚橋交番,131237,東京都,江戸川区,南小岩４丁目,2020-07-19,21,４階建て以上共同住宅,駐車（輪）場,30歳代,その他,施錠せず
窃盗,自転車盗,小岩,二枚橋交番,131237,東京都,江戸川区,南小岩４丁目,2020-07-30,17,一戸建住宅,駐車（輪）場,10歳代,大学生,施錠せず
窃盗,自転車盗,小岩,二枚橋交番,131237,東京都,江戸川区,南小岩４丁目,2020-11-10,14,その他の住宅（３階建て以下共同住宅等）,駐車（輪）場,70歳以上,その他,施錠せず
窃盗,自転車盗,小岩,二枚橋交番,131237,東京都,江戸川区,南小岩４丁目,2020-11-17,07,道路上,その他,10歳代,中学生,施錠せず
窃盗,自転車盗,小岩,二枚橋交番,131237,東京都,江戸川区,南小岩５丁目,2019-12-08,23,その他の住宅（３階建て以下共同住宅等）,駐車（輪）場,20歳代,その他,施錠せず
窃盗,自転車盗,小岩,二枚橋交番,131237,東京都,江戸川区,南小岩５丁目,2020-11-01,14,一戸建住宅,その他,10歳代,中学生,施錠せず
窃盗,自転車盗,小岩,二枚橋交番,131237,東京都,江戸川区,東松本１丁目,2020-04-21,23,道路上,その他,50歳代,その他,施錠せず
窃盗,自転車盗,小岩,二枚橋交番,131237,東京都,江戸川区,東松本１丁目,2020-05-10,14,その他の住宅（３階建て以下共同住宅等）,駐車（輪）場,65-69歳,その他,施錠せず
窃盗,自転車盗,小岩,二枚橋交番,131237,東京都,江戸川区,東松本１丁目,2020-11-26,13,道路上,その他,50歳代,その他,施錠せず
窃盗,自転車盗,小岩,二枚橋交番,131237,東京都,江戸川区,東松本２丁目,2020-12-11,19,道路上,その他,40歳代,その他,施錠せず
窃盗,自転車盗,小岩,菅原橋交番,131237,東京都,江戸川区,本一色１丁目,2020-02-04,17,道路上,その他,10歳代,その他,施錠せず
窃盗,自転車盗,小岩,菅原橋交番,131237,東京都,江戸川区,本一色１丁目,2020-06-20,17,その他の住宅（３階建て以下共同住宅等）,その他,50歳代,その他,施錠せず
窃盗,自転車盗,小岩,菅原橋交番,131237,東京都,江戸川区,本一色１丁目,2020-06-21,11,道路上,その他,20歳代,その他,施錠せず
窃盗,自転車盗,小岩,菅原橋交番,131237,東京都,江戸川区,本一色１丁目,2020-08-26,11,その他の住宅（３階建て以下共同住宅等）,駐車（輪）場,70歳以上,その他,施錠せず
窃盗,自転車盗,小岩,菅原橋交番,131237,東京都,江戸川区,本一色１丁目,2020-10-31,22,その他の住宅（３階建て以下共同住宅等）,駐車（輪）場,10歳代,高校生,施錠せず
窃盗,自転車盗,小岩,菅原橋交番,131237,東京都,江戸川区,本一色３丁目,2020-01-02,12,一戸建住宅,駐車（輪）場,65-69歳,その他,施錠せず
窃盗,自転車盗,小岩,菅原橋交番,131237,東京都,江戸川区,本一色３丁目,2020-09-08,19,一戸建住宅,駐車（輪）場,10歳代,小学生,施錠せず
窃盗,自転車盗,小岩,菅原橋交番,131237,東京都,江戸川区,松本１丁目,2020-03-31,16,４階建て以上共同住宅,駐車（輪）場,10歳代,高校生,施錠せず
窃盗,自転車盗,小岩,菅原橋交番,131237,東京都,江戸川区,松本１丁目,2020-11-22,20,一戸建住宅,駐車（輪）場,20歳代,大学生,施錠せず
窃盗,自転車盗,小岩,小岩駅前交番,131237,東京都,江戸川区,北小岩２丁目,2020-03-21,17,その他の住宅（３階建て以下共同住宅等）,駐車（輪）場,60-64歳,その他,施錠せず
窃盗,自転車盗,小岩,小岩駅前交番,131237,東京都,江戸川区,西小岩１丁目,2019-12-19,00,道路上,その他,20歳代,その他,施錠せず
窃盗,自転車盗,小岩,小岩駅前交番,131237,東京都,江戸川区,西小岩１丁目,2020-01-12,19,その他,駐車（輪）場,40歳代,その他,施錠せず
窃盗,自転車盗,小岩,小岩駅前交番,131237,東京都,江戸川区,西小岩１丁目,2020-01-17,13,その他,駐車（輪）場,10歳代,中学生,施錠せず
窃盗,自転車盗,小岩,小岩駅前交番,131237,東京都,江戸川区,西小岩１丁目,2020-02-01,06,その他,駐車（輪）場,65-69歳,その他,施錠せず
窃盗,自転車盗,小岩,小岩駅前交番,131237,東京都,江戸川区,西小岩１丁目,2020-02-22,02,道路上,その他,20歳代,大学生,施錠せず
窃盗,自転車盗,小岩,小岩駅前交番,131237,東京都,江戸川区,西小岩１丁目,2020-07-25,22,道路上,その他,30歳代,その他,施錠せず
窃盗,自転車盗,小岩,小岩駅前交番,131237,東京都,江戸川区,西小岩１丁目,2020-10-03,00,道路上,その他,30歳代,その他,施錠せず
窃盗,自転車盗,小岩,小岩駅前交番,131237,東京都,江戸川区,西小岩１丁目,2020-10-15,08,その他,駐車（輪）場,20歳代,その他,施錠せず
窃盗,自転車盗,小岩,小岩駅前交番,131237,東京都,江戸川区,西小岩２丁目,2020-02-13,18,道路上,その他,50歳代,その他,施錠せず
窃盗,自転車盗,小岩,小岩駅前交番,131237,東京都,江戸川区,東小岩２丁目,2020-11-01,19,道路上,その他,20歳代,その他,施錠せず
窃盗,自転車盗,小岩,小岩駅前交番,131237,東京都,江戸川区,東小岩４丁目,2020-07-03,16,４階建て以上共同住宅,駐車（輪）場,30歳代,その他,施錠せず
窃盗,自転車盗,小岩,小岩駅前交番,131237,東京都,江戸川区,南小岩２丁目,2019-12-13,19,一戸建住宅,駐車（輪）場,50歳代,その他,施錠せず
窃盗,自転車盗,小岩,小岩駅前交番,131237,東京都,江戸川区,南小岩６丁目,2019-11-07,22,道路上,その他,20歳代,大学生,施錠せず
窃盗,自転車盗,小岩,小岩駅前交番,131237,東京都,江戸川区,南小岩６丁目,2019-12-13,16,その他,駐車（輪）場,10歳代,その他,施錠せず
窃盗,自転車盗,小岩,小岩駅前交番,131237,東京都,江戸川区,南小岩６丁目,2020-02-25,18,その他,駐車（輪）場,10歳代,高校生,施錠せず
窃盗,自転車盗,小岩,小岩駅前交番,131237,東京都,江戸川区,南小岩６丁目,2020-07-13,08,駐車（輪）場,駐車（輪）場,10歳代,高校生,施錠せず
窃盗,自転車盗,小岩,小岩駅前交番,131237,東京都,江戸川区,南小岩６丁目,2020-10-02,11,駐車（輪）場,駐車（輪）場,30歳代,その他,施錠せず
窃盗,自転車盗,小岩,小岩駅前交番,131237,東京都,江戸川区,南小岩６丁目,2020-11-26,10,駐車（輪）場,駐車（輪）場,20歳代,その他,施錠せず
窃盗,自転車盗,小岩,小岩駅前交番,131237,東京都,江戸川区,南小岩７丁目,2019-11-30,17,道路上,その他,40歳代,その他,施錠せず
窃盗,自転車盗,小岩,小岩駅前交番,131237,東京都,江戸川区,南小岩７丁目,2019-12-22,10,一戸建住宅,駐車（輪）場,10歳代,高校生,施錠せず
窃盗,自転車盗,小岩,小岩駅前交番,131237,東京都,江戸川区,南小岩７丁目,2020-01-23,10,その他,駐車（輪）場,20歳代,その他,施錠せず
窃盗,自転車盗,小岩,小岩駅前交番,131237,東京都,江戸川区,南小岩７丁目,2020-02-12,22,駐車（輪）場,駐車（輪）場,20歳代,その他,施錠せず
窃盗,自転車盗,小岩,小岩駅前交番,131237,東京都,江戸川区,南小岩７丁目,2020-03-04,08,その他の住宅（３階建て以下共同住宅等）,駐車（輪）場,20歳代,その他,施錠せず
窃盗,自転車盗,小岩,小岩駅前交番,131237,東京都,江戸川区,南小岩７丁目,2020-03-07,08,駐車（輪）場,駐車（輪）場,20歳代,その他,施錠せず
窃盗,自転車盗,小岩,小岩駅前交番,131237,東京都,江戸川区,南小岩７丁目,2020-03-17,00,４階建て以上共同住宅,駐車（輪）場,30歳代,その他,施錠せず
窃盗,自転車盗,小岩,小岩駅前交番,131237,東京都,江戸川区,南小岩７丁目,2020-05-29,16,道路上,その他,65-69歳,その他,施錠せず
窃盗,自転車盗,小岩,小岩駅前交番,131237,東京都,江戸川区,南小岩７丁目,2020-05-31,21,その他,駐車（輪）場,10歳代,その他,施錠せず
窃盗,自転車盗,小岩,小岩駅前交番,131237,東京都,江戸川区,南小岩７丁目,2020-06-01,08,駐車（輪）場,駐車（輪）場,20歳代,その他,施錠せず
窃盗,自転車盗,小岩,小岩駅前交番,131237,東京都,江戸川区,南小岩７丁目,2020-06-19,16,駐車（輪）場,駐車（輪）場,20歳代,その他,施錠せず
窃盗,自転車盗,小岩,小岩駅前交番,131237,東京都,江戸川区,南小岩７丁目,2020-07-18,16,その他,駐車（輪）場,50歳代,その他,施錠せず
窃盗,自転車盗,小岩,小岩駅前交番,131237,東京都,江戸川区,南小岩７丁目,2020-07-27,18,道路上,その他,40歳代,その他,施錠せず
窃盗,自転車盗,小岩,小岩駅前交番,131237,東京都,江戸川区,南小岩７丁目,2020-08-05,18,４階建て以上共同住宅,駐車（輪）場,10歳代,中学生,施錠せず
窃盗,自転車盗,小岩,小岩駅前交番,131237,東京都,江戸川区,南小岩７丁目,2020-08-15,00,道路上,その他,50歳代,その他,施錠せず
窃盗,自転車盗,小岩,小岩駅前交番,131237,東京都,江戸川区,南小岩７丁目,2020-08-26,15,道路上,その他,50歳代,その他,施錠せず
窃盗,自転車盗,小岩,小岩駅前交番,131237,東京都,江戸川区,南小岩７丁目,2020-09-22,01,その他の住宅（３階建て以下共同住宅等）,駐車（輪）場,40歳代,その他,施錠せず
窃盗,自転車盗,小岩,小岩駅前交番,131237,東京都,江戸川区,南小岩７丁目,2020-10-16,07,駐車（輪）場,駐車（輪）場,20歳代,その他,施錠せず
窃盗,自転車盗,小岩,小岩駅前交番,131237,東京都,江戸川区,南小岩７丁目,2020-10-17,11,その他,駐車（輪）場,20歳代,その他,施錠せず
窃盗,自転車盗,小岩,小岩駅前交番,131237,東京都,江戸川区,南小岩７丁目,2020-12-18,08,駐車（輪）場,駐車（輪）場,20歳代,その他,施錠せず
窃盗,自転車盗,小岩,小岩駅前交番,131237,東京都,江戸川区,南小岩８丁目,2020-01-31,07,道路上,その他,40歳代,その他,施錠せず
窃盗,自転車盗,小岩,小岩駅前交番,131237,東京都,江戸川区,南小岩８丁目,2020-03-03,17,道路上,その他,40歳代,その他,施錠せず
窃盗,自転車盗,小岩,小岩駅前交番,131237,東京都,江戸川区,南小岩８丁目,2020-04-09,22,その他,駐車（輪）場,30歳代,その他,施錠せず
窃盗,自転車盗,小岩,小岩駅前交番,131237,東京都,江戸川区,南小岩８丁目,2020-06-16,22,道路上,その他,20歳代,その他,施錠せず
窃盗,自転車盗,小岩,小岩駅前交番,131237,東京都,江戸川区,南小岩８丁目,2020-07-17,20,４階建て以上共同住宅,駐車（輪）場,50歳代,その他,施錠せず
窃盗,自転車盗,小岩,小岩駅前交番,131237,東京都,江戸川区,南小岩８丁目,2020-08-01,19,駐車（輪）場,駐車（輪）場,40歳代,その他,施錠せず
窃盗,自転車盗,小岩,小岩駅前交番,131237,東京都,江戸川区,南小岩８丁目,2020-10-18,15,駐車（輪）場,駐車（輪）場,30歳代,その他,施錠せず
窃盗,自転車盗,小岩,西小岩交番,131237,東京都,江戸川区,西小岩１丁目,2019-12-04,07,道路上,その他,10歳代,その他,施錠せず
窃盗,自転車盗,小岩,西小岩交番,131237,東京都,江戸川区,西小岩１丁目,2019-12-10,20,４階建て以上共同住宅,駐車（輪）場,10歳代,中学生,施錠せず
窃盗,自転車盗,小岩,西小岩交番,131237,東京都,江戸川区,西小岩１丁目,2020-03-20,01,駐車（輪）場,駐車（輪）場,20歳代,大学生,施錠せず
窃盗,自転車盗,小岩,西小岩交番,131237,東京都,江戸川区,西小岩１丁目,2020-08-25,20,一戸建住宅,その他,10歳代,その他,施錠せず
窃盗,自転車盗,小岩,西小岩交番,131237,東京都,江戸川区,西小岩１丁目,2020-10-25,14,４階建て以上共同住宅,駐車（輪）場,30歳代,その他,施錠せず
窃盗,自転車盗,小岩,西小岩交番,131237,東京都,江戸川区,西小岩２丁目,2020-02-08,18,一戸建住宅,駐車（輪）場,10歳代,中学生,施錠せず
窃盗,自転車盗,小岩,西小岩交番,131237,東京都,江戸川区,西小岩２丁目,2020-05-15,22,一戸建住宅,駐車（輪）場,40歳代,その他,施錠せず
窃盗,自転車盗,小岩,西小岩交番,131237,東京都,江戸川区,西小岩３丁目,2020-01-26,16,一戸建住宅,駐車（輪）場,70歳以上,その他,施錠せず
窃盗,自転車盗,小岩,西小岩交番,131237,東京都,江戸川区,西小岩３丁目,2020-05-16,18,道路上,その他,20歳代,その他,施錠せず
窃盗,自転車盗,小岩,西小岩交番,131237,東京都,江戸川区,西小岩３丁目,2020-08-26,18,駐車（輪）場,駐車（輪）場,60-64歳,その他,施錠せず
窃盗,自転車盗,小岩,西小岩交番,131237,東京都,江戸川区,東小岩１丁目,2020-06-06,18,その他の住宅（３階建て以下共同住宅等）,その他,65-69歳,その他,施錠せず
窃盗,自転車盗,小岩,西小岩交番,131237,東京都,江戸川区,南小岩６丁目,2020-02-03,17,その他,駐車（輪）場,10歳代,高校生,施錠せず
窃盗,自転車盗,小岩,西小岩交番,131237,東京都,江戸川区,上一色３丁目,2019-12-11,21,一戸建住宅,駐車（輪）場,10歳代,その他,施錠せず
窃盗,自転車盗,小岩,西小岩交番,131237,東京都,江戸川区,本一色３丁目,2020-06-11,09,一戸建住宅,その他,40歳代,その他,施錠せず
窃盗,自転車盗,小岩,北小岩二丁目交番,131237,東京都,江戸川区,北小岩１丁目,2020-07-31,13,その他,駐車（輪）場,50歳代,その他,施錠せず
窃盗,自転車盗,小岩,北小岩二丁目交番,131237,東京都,江戸川区,北小岩１丁目,2020-09-10,22,４階建て以上共同住宅,駐車（輪）場,60-64歳,その他,施錠せず
窃盗,自転車盗,小岩,北小岩二丁目交番,131237,東京都,江戸川区,北小岩３丁目,2020-02-09,02,一戸建住宅,駐車（輪）場,60-64歳,その他,施錠せず
窃盗,自転車盗,小岩,北小岩二丁目交番,131237,東京都,江戸川区,北小岩５丁目,2020-08-23,17,４階建て以上共同住宅,駐車（輪）場,40歳代,その他,施錠せず
窃盗,自転車盗,小岩,北小岩二丁目交番,131237,東京都,江戸川区,北小岩６丁目,2020-01-30,16,一戸建住宅,駐車（輪）場,65-69歳,その他,施錠せず
窃盗,自転車盗,小岩,北小岩二丁目交番,131237,東京都,江戸川区,西小岩１丁目,2019-12-06,19,道路上,その他,20歳代,その他,施錠せず
窃盗,自転車盗,小岩,北小岩二丁目交番,131237,東京都,江戸川区,西小岩１丁目,2020-02-27,08,その他,その他,10歳代,高校生,施錠せず
窃盗,自転車盗,小岩,北小岩二丁目交番,131237,東京都,江戸川区,西小岩１丁目,2020-02-28,13,その他,駐車（輪）場,70歳以上,その他,施錠せず
窃盗,自転車盗,小岩,北小岩二丁目交番,131237,東京都,江戸川区,西小岩１丁目,2020-04-03,16,その他の住宅（３階建て以下共同住宅等）,駐車（輪）場,20歳代,その他,施錠せず
窃盗,自転車盗,小岩,北小岩二丁目交番,131237,東京都,江戸川区,西小岩１丁目,2020-05-20,21,一戸建住宅,その他,30歳代,その他,施錠せず
窃盗,自転車盗,小岩,北小岩二丁目交番,131237,東京都,江戸川区,西小岩３丁目,2020-05-21,11,その他,駐車（輪）場,65-69歳,その他,施錠せず
窃盗,自転車盗,小岩,北小岩二丁目交番,131237,東京都,江戸川区,東小岩６丁目,2020-09-19,16,４階建て以上共同住宅,駐車（輪）場,10歳代,高校生,施錠せず
窃盗,自転車盗,小岩,北小岩二丁目交番,131237,東京都,江戸川区,南小岩８丁目,2020-02-04,19,駐車（輪）場,駐車（輪）場,20歳代,その他,施錠せず
窃盗,自転車盗,小岩,北小岩二丁目交番,131237,東京都,江戸川区,南小岩８丁目,2020-03-11,11,その他,駐車（輪）場,40歳代,その他,施錠せず
窃盗,自転車盗,小岩,北小岩二丁目交番,131237,東京都,江戸川区,南小岩８丁目,2020-03-13,19,駐車（輪）場,駐車（輪）場,30歳代,その他,施錠せず
窃盗,自転車盗,小岩,北小岩二丁目交番,131237,東京都,江戸川区,南小岩８丁目,2020-04-01,08,駐車（輪）場,駐車（輪）場,50歳代,その他,施錠せず
窃盗,自転車盗,小岩,北小岩二丁目交番,131237,東京都,江戸川区,南小岩８丁目,2020-05-29,00,道路上,その他,10歳代,高校生,施錠せず
窃盗,自転車盗,小岩,北小岩二丁目交番,131237,東京都,江戸川区,南小岩８丁目,2020-07-31,17,駐車（輪）場,駐車（輪）場,20歳代,その他,施錠せず
窃盗,自転車盗,小岩,北小岩二丁目交番,131237,東京都,江戸川区,南小岩８丁目,2020-10-02,07,駐車（輪）場,駐車（輪）場,10歳代,高校生,施錠せず
窃盗,自転車盗,小岩,京成小岩駅前交番,131237,東京都,江戸川区,北小岩２丁目,2020-11-07,17,４階建て以上共同住宅,駐車（輪）場,10歳代,中学生,施錠せず
窃盗,自転車盗,小岩,京成小岩駅前交番,131237,東京都,江戸川区,北小岩５丁目,2019-12-20,22,その他の住宅（３階建て以下共同住宅等）,駐車（輪）場,40歳代,その他,施錠せず
窃盗,自転車盗,小岩,京成小岩駅前交番,131237,東京都,江戸川区,北小岩６丁目,2019-12-29,21,道路上,その他,30歳代,その他,施錠せず
窃盗,自転車盗,小岩,京成小岩駅前交番,131237,東京都,江戸川区,北小岩６丁目,2020-07-11,21,道路上,その他,30歳代,その他,施錠せず
窃盗,自転車盗,小岩,京成小岩駅前交番,131237,東京都,江戸川区,北小岩６丁目,2020-10-13,22,道路上,その他,30歳代,その他,施錠せず
窃盗,自転車盗,小岩,京成小岩駅前交番,131237,東京都,江戸川区,北小岩６丁目,2020-10-29,17,一戸建住宅,その他,10歳代,中学生,施錠せず
窃盗,自転車盗,小岩,京成小岩駅前交番,131237,東京都,江戸川区,西小岩４丁目,2020-03-03,09,道路上,その他,30歳代,その他,施錠せず
窃盗,自転車盗,小岩,京成小岩駅前交番,131237,東京都,江戸川区,西小岩４丁目,2020-08-20,15,その他の住宅（３階建て以下共同住宅等）,駐車（輪）場,50歳代,その他,施錠せず
窃盗,自転車盗,小岩,京成小岩駅前交番,131237,東京都,江戸川区,西小岩４丁目,2020-10-13,18,４階建て以上共同住宅,駐車（輪）場,50歳代,その他,施錠せず
窃盗,自転車盗,小岩,京成小岩駅前交番,131237,東京都,江戸川区,西小岩５丁目,2020-07-02,22,一戸建住宅,その他,20歳代,その他,施錠せず
窃盗,自転車盗,小岩,京成小岩駅前交番,131237,東京都,江戸川区,西小岩５丁目,2020-09-21,14,その他,駐車（輪）場,30歳代,その他,施錠せず
窃盗,自転車盗,小岩,江戸川交番,131237,東京都,江戸川区,北小岩１丁目,2020-01-29,23,一戸建住宅,駐車（輪）場,40歳代,その他,施錠せず
窃盗,自転車盗,小岩,江戸川交番,131237,東京都,江戸川区,北小岩１丁目,2020-10-01,06,その他,駐車（輪）場,20歳代,その他,施錠せず
窃盗,自転車盗,小岩,江戸川交番,131237,東京都,江戸川区,北小岩１丁目,2020-10-03,22,一戸建住宅,駐車（輪）場,50歳代,その他,施錠せず
窃盗,自転車盗,小岩,江戸川交番,131237,東京都,江戸川区,北小岩３丁目,2020-05-05,19,その他の住宅（３階建て以下共同住宅等）,駐車（輪）場,30歳代,その他,施錠せず
窃盗,自転車盗,小岩,江戸川交番,131237,東京都,江戸川区,北小岩３丁目,2020-12-13,01,道路上,その他,10歳代,大学生,施錠せず
窃盗,自転車盗,小岩,江戸川交番,131237,東京都,江戸川区,北小岩４丁目,2020-01-11,16,一戸建住宅,駐車（輪）場,40歳代,その他,施錠せず
窃盗,自転車盗,小岩,江戸川交番,131237,東京都,江戸川区,北小岩４丁目,2020-01-26,09,道路上,その他,30歳代,その他,施錠せず
窃盗,自転車盗,小岩,江戸川交番,131237,東京都,江戸川区,北小岩４丁目,2020-03-01,17,４階建て以上共同住宅,駐車（輪）場,30歳代,その他,施錠せず
窃盗,自転車盗,小岩,江戸川交番,131237,東京都,江戸川区,北小岩４丁目,2020-05-13,19,道路上,その他,10歳代,中学生,施錠せず
窃盗,自転車盗,小岩,江戸川交番,131237,東京都,江戸川区,北小岩４丁目,2020-06-01,20,道路上,その他,40歳代,その他,施錠せず
窃盗,自転車盗,小岩,北小岩駐在所,131237,東京都,江戸川区,北小岩７丁目,2020-09-06,22,その他の住宅（３階建て以下共同住宅等）,駐車（輪）場,20歳代,その他,施錠せず
窃盗,自転車盗,小岩,北小岩駐在所,131237,東京都,江戸川区,北小岩８丁目,2020-07-11,13,その他の住宅（３階建て以下共同住宅等）,駐車（輪）場,10歳代,高校生,施錠せず
窃盗,自転車盗,小岩,上一色駐在所,131237,東京都,江戸川区,興宮町,2020-04-24,16,その他の住宅（３階建て以下共同住宅等）,駐車（輪）場,20歳代,その他,施錠せず
窃盗,自転車盗,小岩,上一色駐在所,131237,東京都,江戸川区,興宮町,2020-07-26,12,その他,その他,30歳代,その他,施錠せず
窃盗,自転車盗,小岩,上一色駐在所,131237,東京都,江戸川区,上一色２丁目,2020-11-12,21,道路上,その他,50歳代,その他,施錠せず
窃盗,自転車盗,小岩,上一色駐在所,131237,東京都,江戸川区,本一色３丁目,2020-12-09,21,その他の住宅（３階建て以下共同住宅等）,駐車（輪）場,60-64歳,その他,施錠せず
窃盗,自転車盗,小岩,鹿骨交番,131237,東京都,江戸川区,鹿骨２丁目,2020-04-11,18,その他の住宅（３階建て以下共同住宅等）,駐車（輪）場,10歳代,その他,施錠せず
窃盗,自転車盗,小岩,鹿骨交番,131237,東京都,江戸川区,鹿骨２丁目,2020-05-11,19,その他の住宅（３階建て以下共同住宅等）,駐車（輪）場,10歳代,小学生,施錠せず
窃盗,自転車盗,小岩,鹿骨交番,131237,東京都,江戸川区,鹿骨２丁目,2020-05-18,18,その他の住宅（３階建て以下共同住宅等）,駐車（輪）場,50歳代,その他,施錠せず
窃盗,自転車盗,小岩,鹿骨交番,131237,東京都,江戸川区,鹿骨２丁目,2020-07-12,14,駐車（輪）場,駐車（輪）場,20歳代,その他,施錠せず
窃盗,自転車盗,小岩,鹿骨交番,131237,東京都,江戸川区,鹿骨３丁目,2020-06-12,07,一戸建住宅,その他,20歳代,その他,施錠せず
窃盗,自転車盗,小岩,鹿骨交番,131237,東京都,江戸川区,鹿骨３丁目,2020-12-12,10,その他の住宅（３階建て以下共同住宅等）,駐車（輪）場,20歳代,その他,施錠せず
窃盗,自転車盗,小岩,鹿骨交番,131237,東京都,江戸川区,鹿骨５丁目,2020-03-12,20,駐車（輪）場,駐車（輪）場,10歳代,中学生,施錠せず
窃盗,自転車盗,小岩,鹿骨交番,131237,東京都,江戸川区,鹿骨５丁目,2020-07-21,16,一戸建住宅,駐車（輪）場,50歳代,その他,施錠せず
窃盗,自転車盗,小岩,鹿骨交番,131237,東京都,江戸川区,鹿骨５丁目,2020-08-02,09,駐車（輪）場,駐車（輪）場,20歳代,その他,施錠せず
窃盗,自転車盗,小岩,鹿骨交番,131237,東京都,江戸川区,鹿骨５丁目,2020-08-18,20,その他の住宅（３階建て以下共同住宅等）,駐車（輪）場,30歳代,その他,施錠せず
窃盗,自転車盗,小岩,鹿骨交番,131237,東京都,江戸川区,鹿骨５丁目,2020-09-09,22,その他の住宅（３階建て以下共同住宅等）,駐車（輪）場,20歳代,大学生,施錠せず
窃盗,自転車盗,小岩,鹿骨交番,131237,東京都,江戸川区,上篠崎１丁目,2020-08-28,17,道路上,その他,70歳以上,その他,施錠せず
窃盗,自転車盗,小岩,鹿骨交番,131237,東京都,江戸川区,上篠崎２丁目,2020-04-18,05,一戸建住宅,駐車（輪）場,40歳代,その他,施錠せず
窃盗,自転車盗,小岩,鹿骨交番,131237,東京都,江戸川区,上篠崎４丁目,2020-06-20,20,一戸建住宅,その他,30歳代,その他,施錠せず
窃盗,自転車盗,小岩,鹿骨交番,131237,東京都,江戸川区,上篠崎４丁目,2020-08-31,07,一戸建住宅,その他,10歳代,小学生,施錠せず
窃盗,自転車盗,小岩,鹿骨交番,131237,東京都,江戸川区,西篠崎１丁目,2020-08-04,18,その他の住宅（３階建て以下共同住宅等）,駐車（輪）場,30歳代,その他,施錠せず
窃盗,自転車盗,小岩,上篠崎駐在所,131237,東京都,江戸川区,篠崎町１丁目,2020-07-08,07,一戸建住宅,駐車（輪）場,40歳代,その他,施錠せず
窃盗,自転車盗,小岩,上篠崎駐在所,131237,東京都,江戸川区,上篠崎１丁目,2020-04-19,13,その他の住宅（３階建て以下共同住宅等）,駐車（輪）場,20歳代,その他,施錠せず
窃盗,自転車盗,小岩,上篠崎駐在所,131237,東京都,江戸川区,上篠崎２丁目,2020-07-02,13,その他の住宅（３階建て以下共同住宅等）,駐車（輪）場,20歳代,その他,施錠せず
窃盗,自転車盗,小岩,上篠崎駐在所,131237,東京都,江戸川区,上篠崎３丁目,2019-12-21,07,その他,駐車（輪）場,20歳代,その他,施錠せず
窃盗,自転車盗,小岩,上篠崎駐在所,131237,東京都,江戸川区,北篠崎２丁目,2020-04-10,17,一戸建住宅,その他,50歳代,その他,施錠せず
窃盗,自転車盗,小岩,上篠崎駐在所,131237,東京都,江戸川区,西篠崎２丁目,2020-01-18,19,駐車（輪）場,駐車（輪）場,20歳代,その他,施錠せず
窃盗,自転車盗,葛西,船堀駅前交番,131237,東京都,江戸川区,,2020-06-13,11,その他,その他,65-69歳,その他,施錠せず
窃盗,自転車盗,葛西,船堀駅前交番,131237,東京都,江戸川区,北葛西２丁目,2019-11-30,00,その他の住宅（３階建て以下共同住宅等）,駐車（輪）場,20歳代,その他,施錠せず
窃盗,自転車盗,葛西,船堀駅前交番,131237,東京都,江戸川区,北葛西２丁目,2020-06-14,21,一戸建住宅,その他,50歳代,その他,施錠せず
窃盗,自転車盗,葛西,船堀駅前交番,131237,東京都,江戸川区,北葛西２丁目,2020-09-12,00,４階建て以上共同住宅,駐車（輪）場,65-69歳,その他,施錠せず
窃盗,自転車盗,葛西,船堀駅前交番,131237,東京都,江戸川区,東葛西１丁目,2019-11-30,11,その他の住宅（３階建て以下共同住宅等）,駐車（輪）場,20歳代,その他,施錠せず
窃盗,自転車盗,葛西,船堀駅前交番,131237,東京都,江戸川区,船堀１丁目,2019-12-30,20,４階建て以上共同住宅,駐車（輪）場,30歳代,その他,施錠せず
窃盗,自転車盗,葛西,船堀駅前交番,131237,東京都,江戸川区,船堀１丁目,2020-02-09,14,その他,駐車（輪）場,10歳代,その他,施錠せず
窃盗,自転車盗,葛西,船堀駅前交番,131237,東京都,江戸川区,船堀１丁目,2020-08-01,18,その他,駐車（輪）場,20歳代,大学生,施錠せず
窃盗,自転車盗,葛西,船堀駅前交番,131237,東京都,江戸川区,船堀１丁目,2020-09-25,09,その他,その他,20歳代,その他,施錠せず
窃盗,自転車盗,葛西,船堀駅前交番,131237,東京都,江戸川区,船堀１丁目,2020-10-07,08,その他,駐車（輪）場,10歳代,その他,施錠せず
窃盗,自転車盗,葛西,船堀駅前交番,131237,東京都,江戸川区,船堀１丁目,2020-10-28,23,４階建て以上共同住宅,駐車（輪）場,50歳代,その他,施錠せず
窃盗,自転車盗,葛西,船堀駅前交番,131237,東京都,江戸川区,船堀１丁目,2020-11-21,19,その他,駐車（輪）場,70歳以上,その他,施錠せず
窃盗,自転車盗,葛西,船堀駅前交番,131237,東京都,江戸川区,船堀２丁目,2020-03-19,20,一戸建住宅,駐車（輪）場,20歳代,その他,施錠せず
窃盗,自転車盗,葛西,船堀駅前交番,131237,東京都,江戸川区,船堀２丁目,2020-03-29,17,その他の住宅（３階建て以下共同住宅等）,駐車（輪）場,50歳代,その他,施錠せず
窃盗,自転車盗,葛西,船堀駅前交番,131237,東京都,江戸川区,船堀２丁目,2020-04-07,21,道路上,その他,40歳代,その他,施錠せず
窃盗,自転車盗,葛西,船堀駅前交番,131237,東京都,江戸川区,船堀２丁目,2020-10-01,09,４階建て以上共同住宅,駐車（輪）場,40歳代,その他,施錠せず
窃盗,自転車盗,葛西,船堀駅前交番,131237,東京都,江戸川区,船堀２丁目,2020-10-28,12,４階建て以上共同住宅,駐車（輪）場,40歳代,その他,施錠せず
窃盗,自転車盗,葛西,船堀駅前交番,131237,東京都,江戸川区,船堀３丁目,2019-10-05,19,道路上,その他,20歳代,その他,施錠せず
窃盗,自転車盗,葛西,船堀駅前交番,131237,東京都,江戸川区,船堀３丁目,2019-12-08,06,４階建て以上共同住宅,駐車（輪）場,30歳代,その他,施錠せず
窃盗,自転車盗,葛西,船堀駅前交番,131237,東京都,江戸川区,船堀３丁目,2019-12-29,18,４階建て以上共同住宅,駐車（輪）場,20歳代,その他,施錠せず
窃盗,自転車盗,葛西,船堀駅前交番,131237,東京都,江戸川区,船堀３丁目,2020-02-21,12,道路上,その他,10歳代,大学生,施錠せず
窃盗,自転車盗,葛西,船堀駅前交番,131237,東京都,江戸川区,船堀３丁目,2020-02-26,17,４階建て以上共同住宅,駐車（輪）場,40歳代,その他,施錠せず
窃盗,自転車盗,葛西,船堀駅前交番,131237,東京都,江戸川区,船堀３丁目,2020-03-15,13,道路上,その他,10歳代,小学生,施錠せず
窃盗,自転車盗,葛西,船堀駅前交番,131237,東京都,江戸川区,船堀３丁目,2020-05-22,14,その他,駐車（輪）場,40歳代,その他,施錠せず
窃盗,自転車盗,葛西,船堀駅前交番,131237,東京都,江戸川区,船堀３丁目,2020-10-31,17,４階建て以上共同住宅,駐車（輪）場,30歳代,その他,施錠せず
窃盗,自転車盗,葛西,船堀駅前交番,131237,東京都,江戸川区,船堀４丁目,2019-12-18,09,その他,駐車（輪）場,30歳代,その他,施錠せず
窃盗,自転車盗,葛西,船堀駅前交番,131237,東京都,江戸川区,船堀４丁目,2019-12-22,09,その他,駐車（輪）場,10歳代,高校生,施錠せず
窃盗,自転車盗,葛西,船堀駅前交番,131237,東京都,江戸川区,船堀４丁目,2020-04-18,19,その他の住宅（３階建て以下共同住宅等）,駐車（輪）場,20歳代,その他,施錠せず
窃盗,自転車盗,葛西,船堀駅前交番,131237,東京都,江戸川区,船堀４丁目,2020-05-30,13,その他,駐車（輪）場,10歳代,大学生,施錠せず
窃盗,自転車盗,葛西,船堀駅前交番,131237,東京都,江戸川区,船堀４丁目,2020-07-26,18,その他,駐車（輪）場,10歳代,中学生,施錠せず
窃盗,自転車盗,葛西,船堀駅前交番,131237,東京都,江戸川区,船堀４丁目,2020-08-24,20,その他,駐車（輪）場,30歳代,その他,施錠せず
窃盗,自転車盗,葛西,船堀駅前交番,131237,東京都,江戸川区,船堀５丁目,2019-12-09,11,道路上,その他,60-64歳,その他,施錠せず
窃盗,自転車盗,葛西,船堀駅前交番,131237,東京都,江戸川区,船堀５丁目,2020-01-11,10,４階建て以上共同住宅,駐車（輪）場,50歳代,その他,施錠せず
窃盗,自転車盗,葛西,船堀駅前交番,131237,東京都,江戸川区,船堀５丁目,2020-05-07,15,４階建て以上共同住宅,駐車（輪）場,40歳代,その他,施錠せず
窃盗,自転車盗,葛西,船堀駅前交番,131237,東京都,江戸川区,船堀５丁目,2020-08-16,22,一戸建住宅,駐車（輪）場,20歳代,大学生,施錠せず
窃盗,自転車盗,葛西,船堀駅前交番,131237,東京都,江戸川区,船堀６丁目,2016-03-21,不明,道路上,その他,40歳代,その他,施錠せず
窃盗,自転車盗,葛西,船堀駅前交番,131237,東京都,江戸川区,船堀６丁目,2020-06-18,12,４階建て以上共同住宅,駐車（輪）場,50歳代,その他,施錠せず
窃盗,自転車盗,葛西,船堀駅前交番,131237,東京都,江戸川区,船堀６丁目,2020-08-17,23,４階建て以上共同住宅,駐車（輪）場,20歳代,その他,施錠せず
窃盗,自転車盗,葛西,船堀駅前交番,131237,東京都,江戸川区,船堀７丁目,2017-05-01,不明,その他,駐車（輪）場,10歳代,中学生,施錠せず
窃盗,自転車盗,葛西,船堀駅前交番,131237,東京都,江戸川区,船堀７丁目,2020-04-17,20,その他の住宅（３階建て以下共同住宅等）,駐車（輪）場,20歳代,その他,施錠せず
窃盗,自転車盗,葛西,船堀駅前交番,131237,東京都,江戸川区,船堀７丁目,2020-05-29,09,一戸建住宅,駐車（輪）場,10歳代,中学生,施錠せず
窃盗,自転車盗,葛西,船堀駅前交番,131237,東京都,江戸川区,船堀７丁目,2020-10-07,20,一戸建住宅,駐車（輪）場,30歳代,その他,施錠せず
窃盗,自転車盗,葛西,葛西橋東交番,131237,東京都,江戸川区,宇喜田町,2019-11-21,18,４階建て以上共同住宅,駐車（輪）場,65-69歳,その他,施錠せず
窃盗,自転車盗,葛西,葛西橋東交番,131237,東京都,江戸川区,北葛西２丁目,2020-04-02,01,その他,駐車（輪）場,50歳代,その他,施錠せず
窃盗,自転車盗,葛西,葛西橋東交番,131237,東京都,江戸川区,北葛西４丁目,2020-01-16,23,道路上,その他,20歳代,その他,施錠せず
窃盗,自転車盗,葛西,葛西橋東交番,131237,東京都,江戸川区,北葛西４丁目,2020-09-13,17,その他,駐車（輪）場,10歳代,その他,施錠せず
窃盗,自転車盗,葛西,葛西橋東交番,131237,東京都,江戸川区,西葛西１丁目,2019-12-29,20,その他の住宅（３階建て以下共同住宅等）,駐車（輪）場,50歳代,その他,施錠せず
窃盗,自転車盗,葛西,葛西橋東交番,131237,東京都,江戸川区,西葛西１丁目,2020-05-23,22,その他の住宅（３階建て以下共同住宅等）,駐車（輪）場,10歳未満,小学生,施錠せず
窃盗,自転車盗,葛西,葛西橋東交番,131237,東京都,江戸川区,西葛西１丁目,2020-11-19,19,４階建て以上共同住宅,駐車（輪）場,10歳代,高校生,施錠せず
窃盗,自転車盗,葛西,葛西橋東交番,131237,東京都,江戸川区,西葛西３丁目,2020-01-11,18,その他,駐車（輪）場,40歳代,その他,施錠せず
窃盗,自転車盗,葛西,共栄橋交番,131237,東京都,江戸川区,中葛西１丁目,2019-12-08,16,一戸建住宅,その他,10歳代,高校生,施錠せず
窃盗,自転車盗,葛西,共栄橋交番,131237,東京都,江戸川区,中葛西１丁目,2020-10-31,21,一戸建住宅,駐車（輪）場,65-69歳,その他,施錠せず
窃盗,自転車盗,葛西,共栄橋交番,131237,東京都,江戸川区,中葛西１丁目,2020-11-27,23,一戸建住宅,駐車（輪）場,50歳代,その他,施錠せず
窃盗,自転車盗,葛西,共栄橋交番,131237,東京都,江戸川区,中葛西２丁目,2020-01-25,00,４階建て以上共同住宅,駐車（輪）場,10歳代,大学生,施錠せず
窃盗,自転車盗,葛西,共栄橋交番,131237,東京都,江戸川区,中葛西２丁目,2020-03-06,18,４階建て以上共同住宅,駐車（輪）場,40歳代,その他,施錠せず
窃盗,自転車盗,葛西,共栄橋交番,131237,東京都,江戸川区,中葛西２丁目,2020-03-23,20,駐車（輪）場,駐車（輪）場,60-64歳,その他,施錠せず
窃盗,自転車盗,葛西,共栄橋交番,131237,東京都,江戸川区,中葛西２丁目,2020-07-15,01,４階建て以上共同住宅,駐車（輪）場,10歳代,その他,施錠せず
窃盗,自転車盗,葛西,共栄橋交番,131237,東京都,江戸川区,中葛西２丁目,2020-09-28,16,道路上,その他,50歳代,その他,施錠せず
窃盗,自転車盗,葛西,共栄橋交番,131237,東京都,江戸川区,中葛西３丁目,2019-11-30,07,その他,駐車（輪）場,10歳代,その他,施錠せず
窃盗,自転車盗,葛西,共栄橋交番,131237,東京都,江戸川区,中葛西３丁目,2019-11-30,07,その他,駐車（輪）場,20歳代,その他,施錠せず
窃盗,自転車盗,葛西,共栄橋交番,131237,東京都,江戸川区,中葛西３丁目,2019-12-24,23,道路上,その他,20歳代,大学生,施錠せず
窃盗,自転車盗,葛西,共栄橋交番,131237,東京都,江戸川区,中葛西３丁目,2020-01-01,23,その他の住宅（３階建て以下共同住宅等）,駐車（輪）場,10歳代,その他,施錠せず
窃盗,自転車盗,葛西,共栄橋交番,131237,東京都,江戸川区,中葛西３丁目,2020-02-08,22,その他,駐車（輪）場,10歳代,大学生,施錠せず
窃盗,自転車盗,葛西,共栄橋交番,131237,東京都,江戸川区,中葛西３丁目,2020-02-12,10,４階建て以上共同住宅,駐車（輪）場,20歳代,その他,施錠せず
窃盗,自転車盗,葛西,共栄橋交番,131237,東京都,江戸川区,中葛西３丁目,2020-02-19,08,駐車（輪）場,駐車（輪）場,10歳代,高校生,施錠せず
窃盗,自転車盗,葛西,共栄橋交番,131237,東京都,江戸川区,中葛西３丁目,2020-04-16,16,その他の住宅（３階建て以下共同住宅等）,駐車（輪）場,20歳代,その他,施錠せず
窃盗,自転車盗,葛西,共栄橋交番,131237,東京都,江戸川区,中葛西３丁目,2020-05-24,01,その他,駐車（輪）場,20歳代,その他,施錠せず
窃盗,自転車盗,葛西,共栄橋交番,131237,東京都,江戸川区,中葛西３丁目,2020-05-26,21,その他の住宅（３階建て以下共同住宅等）,駐車（輪）場,20歳代,その他,施錠せず
窃盗,自転車盗,葛西,共栄橋交番,131237,東京都,江戸川区,中葛西３丁目,2020-06-05,12,その他の住宅（３階建て以下共同住宅等）,駐車（輪）場,10歳代,その他,施錠せず
窃盗,自転車盗,葛西,共栄橋交番,131237,東京都,江戸川区,中葛西３丁目,2020-10-10,16,その他,駐車（輪）場,20歳代,その他,施錠せず
窃盗,自転車盗,葛西,共栄橋交番,131237,東京都,江戸川区,中葛西５丁目,2020-11-29,18,一戸建住宅,駐車（輪）場,40歳代,その他,施錠せず
窃盗,自転車盗,葛西,共栄橋交番,131237,東京都,江戸川区,東葛西２丁目,2020-01-09,01,その他の住宅（３階建て以下共同住宅等）,駐車（輪）場,20歳代,その他,施錠せず
窃盗,自転車盗,葛西,共栄橋交番,131237,東京都,江戸川区,東葛西２丁目,2020-02-08,19,４階建て以上共同住宅,駐車（輪）場,65-69歳,その他,施錠せず
窃盗,自転車盗,葛西,共栄橋交番,131237,東京都,江戸川区,東葛西２丁目,2020-10-20,12,その他の住宅（３階建て以下共同住宅等）,駐車（輪）場,20歳代,その他,施錠せず
窃盗,自転車盗,葛西,共栄橋交番,131237,東京都,江戸川区,東葛西２丁目,2020-11-03,23,その他の住宅（３階建て以下共同住宅等）,駐車（輪）場,20歳代,大学生,施錠せず
窃盗,自転車盗,葛西,共栄橋交番,131237,東京都,江戸川区,東葛西２丁目,2020-11-10,22,道路上,その他,30歳代,その他,施錠せず
窃盗,自転車盗,葛西,共栄橋交番,131237,東京都,江戸川区,東葛西２丁目,2020-11-11,23,その他の住宅（３階建て以下共同住宅等）,駐車（輪）場,20歳代,その他,施錠せず
窃盗,自転車盗,葛西,共栄橋交番,131237,東京都,江戸川区,東葛西４丁目,2020-08-21,19,４階建て以上共同住宅,駐車（輪）場,20歳代,その他,施錠せず
窃盗,自転車盗,葛西,共栄橋交番,131237,東京都,江戸川区,東葛西５丁目,2019-12-17,02,４階建て以上共同住宅,駐車（輪）場,20歳代,その他,施錠せず
窃盗,自転車盗,葛西,共栄橋交番,131237,東京都,江戸川区,東葛西５丁目,2020-01-31,17,４階建て以上共同住宅,駐車（輪）場,20歳代,その他,施錠せず
窃盗,自転車盗,葛西,共栄橋交番,131237,東京都,江戸川区,東葛西５丁目,2020-03-07,18,４階建て以上共同住宅,駐車（輪）場,10歳代,中学生,施錠せず
窃盗,自転車盗,葛西,共栄橋交番,131237,東京都,江戸川区,東葛西５丁目,2020-06-18,21,道路上,その他,20歳代,その他,施錠せず
窃盗,自転車盗,葛西,共栄橋交番,131237,東京都,江戸川区,東葛西５丁目,2020-06-23,15,道路上,その他,30歳代,その他,施錠せず
窃盗,自転車盗,葛西,共栄橋交番,131237,東京都,江戸川区,東葛西５丁目,2020-10-15,15,道路上,その他,20歳代,その他,施錠せず
窃盗,自転車盗,葛西,共栄橋交番,131237,東京都,江戸川区,南葛西１丁目,2019-12-10,08,その他,駐車（輪）場,10歳代,高校生,施錠せず
窃盗,自転車盗,葛西,東葛西五丁目交番,131237,東京都,江戸川区,東葛西１丁目,2020-03-30,07,４階建て以上共同住宅,駐車（輪）場,40歳代,その他,施錠せず
窃盗,自転車盗,葛西,東葛西五丁目交番,131237,東京都,江戸川区,東葛西１丁目,2020-09-21,22,その他,その他,70歳以上,その他,施錠せず
窃盗,自転車盗,葛西,東葛西五丁目交番,131237,東京都,江戸川区,東葛西１丁目,2020-11-17,19,道路上,その他,70歳以上,その他,施錠せず
窃盗,自転車盗,葛西,東葛西五丁目交番,131237,東京都,江戸川区,東葛西２丁目,2019-12-14,15,一戸建住宅,その他,10歳代,小学生,施錠せず
窃盗,自転車盗,葛西,東葛西五丁目交番,131237,東京都,江戸川区,東葛西３丁目,2019-12-11,21,その他の住宅（３階建て以下共同住宅等）,駐車（輪）場,20歳代,その他,施錠せず
窃盗,自転車盗,葛西,東葛西五丁目交番,131237,東京都,江戸川区,東葛西４丁目,2020-01-21,23,一戸建住宅,駐車（輪）場,50歳代,その他,施錠せず
窃盗,自転車盗,葛西,東葛西五丁目交番,131237,東京都,江戸川区,東葛西４丁目,2020-04-02,07,一戸建住宅,駐車（輪）場,50歳代,その他,施錠せず
窃盗,自転車盗,葛西,東葛西五丁目交番,131237,東京都,江戸川区,東葛西４丁目,2020-07-28,12,その他の住宅（３階建て以下共同住宅等）,駐車（輪）場,20歳代,その他,施錠せず
窃盗,自転車盗,葛西,東葛西五丁目交番,131237,東京都,江戸川区,東葛西４丁目,2020-08-09,17,その他の住宅（３階建て以下共同住宅等）,駐車（輪）場,20歳代,その他,施錠せず
窃盗,自転車盗,葛西,東葛西五丁目交番,131237,東京都,江戸川区,東葛西４丁目,2020-09-01,15,４階建て以上共同住宅,駐車（輪）場,70歳以上,その他,施錠せず
窃盗,自転車盗,葛西,東葛西五丁目交番,131237,東京都,江戸川区,東葛西５丁目,2020-03-27,20,その他の住宅（３階建て以下共同住宅等）,駐車（輪）場,20歳代,その他,施錠せず
窃盗,自転車盗,葛西,東葛西五丁目交番,131237,東京都,江戸川区,東葛西５丁目,2020-07-16,18,４階建て以上共同住宅,駐車（輪）場,20歳代,その他,施錠せず
窃盗,自転車盗,葛西,東葛西五丁目交番,131237,東京都,江戸川区,東葛西６丁目,2019-12-06,18,その他,駐車（輪）場,20歳代,その他,施錠せず
窃盗,自転車盗,葛西,西葛西駅前交番,131237,東京都,江戸川区,西葛西２丁目,2019-12-23,09,その他の住宅（３階建て以下共同住宅等）,駐車（輪）場,20歳代,その他,施錠せず
窃盗,自転車盗,葛西,西葛西駅前交番,131237,東京都,江戸川区,西葛西３丁目,2019-12-23,22,その他の住宅（３階建て以下共同住宅等）,駐車（輪）場,30歳代,その他,施錠せず
窃盗,自転車盗,葛西,西葛西駅前交番,131237,東京都,江戸川区,西葛西３丁目,2020-02-21,17,その他の住宅（３階建て以下共同住宅等）,駐車（輪）場,30歳代,その他,施錠せず
窃盗,自転車盗,葛西,西葛西駅前交番,131237,東京都,江戸川区,西葛西３丁目,2020-07-28,23,道路上,その他,10歳代,中学生,施錠せず
窃盗,自転車盗,葛西,西葛西駅前交番,131237,東京都,江戸川区,西葛西３丁目,2020-09-30,17,道路上,その他,10歳代,中学生,施錠せず
窃盗,自転車盗,葛西,西葛西駅前交番,131237,東京都,江戸川区,西葛西３丁目,2020-10-09,21,その他,駐車（輪）場,20歳代,その他,施錠せず
窃盗,自転車盗,葛西,西葛西駅前交番,131237,東京都,江戸川区,西葛西４丁目,2020-01-03,21,駐車（輪）場,駐車（輪）場,20歳代,その他,施錠せず
窃盗,自転車盗,葛西,西葛西駅前交番,131237,東京都,江戸川区,西葛西４丁目,2020-01-21,10,その他,駐車（輪）場,40歳代,その他,施錠せず
窃盗,自転車盗,葛西,西葛西駅前交番,131237,東京都,江戸川区,西葛西４丁目,2020-01-24,20,４階建て以上共同住宅,駐車（輪）場,40歳代,その他,施錠せず
窃盗,自転車盗,葛西,西葛西駅前交番,131237,東京都,江戸川区,西葛西４丁目,2020-02-20,11,その他,駐車（輪）場,40歳代,その他,施錠せず
窃盗,自転車盗,葛西,西葛西駅前交番,131237,東京都,江戸川区,西葛西４丁目,2020-05-29,15,道路上,その他,50歳代,その他,施錠せず
窃盗,自転車盗,葛西,西葛西駅前交番,131237,東京都,江戸川区,西葛西４丁目,2020-06-02,22,その他,駐車（輪）場,20歳代,大学生,施錠せず
窃盗,自転車盗,葛西,西葛西駅前交番,131237,東京都,江戸川区,西葛西４丁目,2020-07-10,08,その他の住宅（３階建て以下共同住宅等）,駐車（輪）場,30歳代,その他,施錠せず
窃盗,自転車盗,葛西,西葛西駅前交番,131237,東京都,江戸川区,西葛西４丁目,2020-08-05,22,その他,駐車（輪）場,10歳代,高校生,施錠せず
窃盗,自転車盗,葛西,西葛西駅前交番,131237,東京都,江戸川区,西葛西４丁目,2020-10-29,10,４階建て以上共同住宅,駐車（輪）場,30歳代,その他,施錠せず
窃盗,自転車盗,葛西,西葛西駅前交番,131237,東京都,江戸川区,西葛西４丁目,2020-11-29,13,その他,駐車（輪）場,30歳代,その他,施錠せず
窃盗,自転車盗,葛西,西葛西駅前交番,131237,東京都,江戸川区,西葛西５丁目,2020-06-28,10,道路上,その他,40歳代,その他,施錠せず
窃盗,自転車盗,葛西,西葛西駅前交番,131237,東京都,江戸川区,西葛西５丁目,2020-08-07,02,道路上,その他,10歳代,その他,施錠せず
窃盗,自転車盗,葛西,西葛西駅前交番,131237,東京都,江戸川区,西葛西６丁目,2019-12-14,18,道路上,その他,60-64歳,その他,施錠せず
窃盗,自転車盗,葛西,西葛西駅前交番,131237,東京都,江戸川区,西葛西６丁目,2020-01-12,18,４階建て以上共同住宅,駐車（輪）場,10歳未満,小学生,施錠せず
窃盗,自転車盗,葛西,西葛西駅前交番,131237,東京都,江戸川区,西葛西６丁目,2020-01-17,10,その他,駐車（輪）場,40歳代,その他,施錠せず
窃盗,自転車盗,葛西,西葛西駅前交番,131237,東京都,江戸川区,西葛西６丁目,2020-01-29,08,その他,駐車（輪）場,50歳代,その他,施錠せず
窃盗,自転車盗,葛西,西葛西駅前交番,131237,東京都,江戸川区,西葛西６丁目,2020-02-05,10,その他,駐車（輪）場,30歳代,その他,施錠せず
窃盗,自転車盗,葛西,西葛西駅前交番,131237,東京都,江戸川区,西葛西６丁目,2020-02-29,19,４階建て以上共同住宅,駐車（輪）場,10歳代,小学生,施錠せず
窃盗,自転車盗,葛西,西葛西駅前交番,131237,東京都,江戸川区,西葛西６丁目,2020-06-04,23,その他の住宅（３階建て以下共同住宅等）,駐車（輪）場,20歳代,大学生,施錠せず
窃盗,自転車盗,葛西,西葛西駅前交番,131237,東京都,江戸川区,西葛西６丁目,2020-07-13,00,道路上,その他,40歳代,その他,施錠せず
窃盗,自転車盗,葛西,西葛西駅前交番,131237,東京都,江戸川区,西葛西６丁目,2020-08-01,10,道路上,その他,20歳代,その他,施錠せず
窃盗,自転車盗,葛西,西葛西駅前交番,131237,東京都,江戸川区,西葛西６丁目,2020-08-05,12,道路上,その他,20歳代,その他,施錠せず
窃盗,自転車盗,葛西,西葛西駅前交番,131237,東京都,江戸川区,西葛西６丁目,2020-09-03,08,その他,駐車（輪）場,30歳代,その他,施錠せず
窃盗,自転車盗,葛西,西葛西駅前交番,131237,東京都,江戸川区,西葛西６丁目,2020-10-18,22,４階建て以上共同住宅,駐車（輪）場,50歳代,その他,施錠せず
窃盗,自転車盗,葛西,西葛西駅前交番,131237,東京都,江戸川区,西葛西６丁目,2020-11-25,11,道路上,その他,30歳代,その他,施錠せず
窃盗,自転車盗,葛西,西葛西駅前交番,131237,東京都,江戸川区,西葛西７丁目,2020-01-21,08,その他,駐車（輪）場,40歳代,その他,施錠せず
窃盗,自転車盗,葛西,西葛西駅前交番,131237,東京都,江戸川区,西葛西７丁目,2020-01-30,21,その他の住宅（３階建て以下共同住宅等）,駐車（輪）場,30歳代,その他,施錠せず
窃盗,自転車盗,葛西,西葛西駅前交番,131237,東京都,江戸川区,西葛西７丁目,2020-02-17,17,４階建て以上共同住宅,駐車（輪）場,10歳代,高校生,施錠せず
窃盗,自転車盗,葛西,西葛西駅前交番,131237,東京都,江戸川区,西葛西７丁目,2020-02-21,21,道路上,その他,20歳代,その他,施錠せず
窃盗,自転車盗,葛西,西葛西駅前交番,131237,東京都,江戸川区,西葛西７丁目,2020-06-01,00,４階建て以上共同住宅,駐車（輪）場,20歳代,その他,施錠せず
窃盗,自転車盗,葛西,西葛西駅前交番,131237,東京都,江戸川区,西葛西７丁目,2020-06-12,22,４階建て以上共同住宅,駐車（輪）場,10歳代,大学生,施錠せず
窃盗,自転車盗,葛西,西葛西駅前交番,131237,東京都,江戸川区,西葛西７丁目,2020-06-26,12,４階建て以上共同住宅,駐車（輪）場,20歳代,その他,施錠せず
窃盗,自転車盗,葛西,西葛西駅前交番,131237,東京都,江戸川区,西葛西７丁目,2020-06-30,00,４階建て以上共同住宅,駐車（輪）場,20歳代,その他,施錠せず
窃盗,自転車盗,葛西,西葛西駅前交番,131237,東京都,江戸川区,西葛西７丁目,2020-09-11,16,４階建て以上共同住宅,駐車（輪）場,20歳代,その他,施錠せず
窃盗,自転車盗,葛西,西葛西駅前交番,131237,東京都,江戸川区,西葛西７丁目,2020-09-13,17,その他の住宅（３階建て以下共同住宅等）,駐車（輪）場,10歳代,小学生,施錠せず
窃盗,自転車盗,葛西,西葛西駅前交番,131237,東京都,江戸川区,西葛西７丁目,2020-09-23,22,その他の住宅（３階建て以下共同住宅等）,駐車（輪）場,20歳代,その他,施錠せず
窃盗,自転車盗,葛西,西葛西駅前交番,131237,東京都,江戸川区,東葛西５丁目,2020-01-30,20,その他の住宅（３階建て以下共同住宅等）,その他,20歳代,その他,施錠せず
窃盗,自転車盗,葛西,西葛西駅前交番,131237,東京都,江戸川区,清新町１丁目,2020-01-31,16,４階建て以上共同住宅,駐車（輪）場,10歳代,中学生,施錠せず
窃盗,自転車盗,葛西,宇喜田駐在所,131237,東京都,江戸川区,宇喜田町,2020-05-11,不明,その他,その他,20歳代,その他,施錠せず
窃盗,自転車盗,葛西,宇喜田駐在所,131237,東京都,江戸川区,北葛西１丁目,2020-03-02,16,その他の住宅（３階建て以下共同住宅等）,駐車（輪）場,30歳代,その他,施錠せず
窃盗,自転車盗,葛西,宇喜田駐在所,131237,東京都,江戸川区,北葛西１丁目,2020-04-28,15,一戸建住宅,駐車（輪）場,65-69歳,その他,施錠せず
窃盗,自転車盗,葛西,宇喜田駐在所,131237,東京都,江戸川区,北葛西５丁目,2020-02-09,23,その他の住宅（３階建て以下共同住宅等）,駐車（輪）場,20歳代,その他,施錠せず
窃盗,自転車盗,葛西,宇喜田駐在所,131237,東京都,江戸川区,北葛西５丁目,2020-07-04,08,その他,駐車（輪）場,70歳以上,その他,施錠せず
窃盗,自転車盗,葛西,宇喜田駐在所,131237,東京都,江戸川区,北葛西５丁目,2020-09-21,22,その他の住宅（３階建て以下共同住宅等）,駐車（輪）場,20歳代,その他,施錠せず
窃盗,自転車盗,葛西,宇喜田駐在所,131237,東京都,江戸川区,北葛西５丁目,2020-10-31,15,駐車（輪）場,駐車（輪）場,10歳代,高校生,施錠せず
窃盗,自転車盗,葛西,東葛西九丁目駐在所,131237,東京都,江戸川区,東葛西７丁目,2019-11-06,22,４階建て以上共同住宅,駐車（輪）場,40歳代,その他,施錠せず
窃盗,自転車盗,葛西,東葛西九丁目駐在所,131237,東京都,江戸川区,東葛西７丁目,2020-04-20,16,その他の住宅（３階建て以下共同住宅等）,駐車（輪）場,20歳代,その他,施錠せず
窃盗,自転車盗,葛西,東葛西九丁目駐在所,131237,東京都,江戸川区,東葛西７丁目,2020-08-03,16,道路上,その他,20歳代,その他,施錠せず
窃盗,自転車盗,葛西,東葛西九丁目駐在所,131237,東京都,江戸川区,東葛西７丁目,2020-08-23,20,４階建て以上共同住宅,その他,20歳代,その他,施錠せず
窃盗,自転車盗,葛西,東葛西九丁目駐在所,131237,東京都,江戸川区,東葛西８丁目,2019-09-30,10,４階建て以上共同住宅,駐車（輪）場,20歳代,その他,施錠せず
窃盗,自転車盗,葛西,東葛西九丁目駐在所,131237,東京都,江戸川区,東葛西８丁目,2020-05-21,不明,その他の住宅（３階建て以下共同住宅等）,駐車（輪）場,40歳代,その他,施錠せず
窃盗,自転車盗,葛西,東葛西九丁目駐在所,131237,東京都,江戸川区,東葛西８丁目,2020-08-15,22,道路上,その他,50歳代,その他,施錠せず
窃盗,自転車盗,葛西,東葛西九丁目駐在所,131237,東京都,江戸川区,東葛西９丁目,2019-12-31,18,その他,駐車（輪）場,10歳代,高校生,施錠せず
窃盗,自転車盗,葛西,東葛西九丁目駐在所,131237,東京都,江戸川区,東葛西９丁目,2020-01-31,20,その他,駐車（輪）場,10歳代,高校生,施錠せず
窃盗,自転車盗,葛西,東葛西九丁目駐在所,131237,東京都,江戸川区,東葛西９丁目,2020-02-02,10,その他,駐車（輪）場,10歳代,中学生,施錠せず
窃盗,自転車盗,葛西,東葛西九丁目駐在所,131237,東京都,江戸川区,東葛西９丁目,2020-03-31,18,その他,駐車（輪）場,10歳代,高校生,施錠せず
窃盗,自転車盗,葛西,東葛西九丁目駐在所,131237,東京都,江戸川区,東葛西９丁目,2020-06-01,09,その他,駐車（輪）場,40歳代,その他,施錠せず
窃盗,自転車盗,葛西,東葛西九丁目駐在所,131237,東京都,江戸川区,東葛西９丁目,2020-06-23,18,その他,駐車（輪）場,50歳代,その他,施錠せず
窃盗,自転車盗,葛西,東葛西九丁目駐在所,131237,東京都,江戸川区,東葛西９丁目,2020-07-24,16,４階建て以上共同住宅,駐車（輪）場,50歳代,その他,施錠せず
窃盗,自転車盗,葛西,東葛西九丁目駐在所,131237,東京都,江戸川区,東葛西９丁目,2020-07-26,12,その他,駐車（輪）場,10歳代,大学生,施錠せず
窃盗,自転車盗,葛西,東葛西九丁目駐在所,131237,東京都,江戸川区,東葛西９丁目,2020-09-09,10,その他,駐車（輪）場,65-69歳,その他,施錠せず
窃盗,自転車盗,葛西,東葛西九丁目駐在所,131237,東京都,江戸川区,東葛西９丁目,2020-11-05,17,その他,駐車（輪）場,10歳代,高校生,施錠せず
窃盗,自転車盗,葛西,南葛西交番,131237,東京都,江戸川区,南葛西１丁目,2020-01-14,08,その他,駐車（輪）場,10歳代,高校生,施錠せず
窃盗,自転車盗,葛西,南葛西交番,131237,東京都,江戸川区,南葛西１丁目,2020-08-06,11,道路上,その他,20歳代,その他,施錠せず
窃盗,自転車盗,葛西,南葛西交番,131237,東京都,江戸川区,南葛西１丁目,2020-08-26,09,その他,駐車（輪）場,10歳代,高校生,施錠せず
窃盗,自転車盗,葛西,南葛西交番,131237,東京都,江戸川区,南葛西１丁目,2020-09-03,19,４階建て以上共同住宅,駐車（輪）場,40歳代,その他,施錠せず
窃盗,自転車盗,葛西,南葛西交番,131237,東京都,江戸川区,南葛西２丁目,2020-01-28,21,その他の住宅（３階建て以下共同住宅等）,駐車（輪）場,10歳代,その他,施錠せず
窃盗,自転車盗,葛西,南葛西交番,131237,東京都,江戸川区,南葛西２丁目,2020-02-22,16,４階建て以上共同住宅,駐車（輪）場,20歳代,その他,施錠せず
窃盗,自転車盗,葛西,南葛西交番,131237,東京都,江戸川区,南葛西２丁目,2020-09-15,15,４階建て以上共同住宅,駐車（輪）場,10歳代,高校生,施錠せず
窃盗,自転車盗,葛西,南葛西交番,131237,東京都,江戸川区,南葛西２丁目,2020-11-04,18,４階建て以上共同住宅,駐車（輪）場,10歳代,中学生,施錠せず
窃盗,自転車盗,葛西,南葛西交番,131237,東京都,江戸川区,南葛西３丁目,2020-01-11,11,４階建て以上共同住宅,駐車（輪）場,50歳代,その他,施錠せず
窃盗,自転車盗,葛西,南葛西交番,131237,東京都,江戸川区,南葛西３丁目,2020-06-09,14,４階建て以上共同住宅,駐車（輪）場,50歳代,その他,施錠せず
窃盗,自転車盗,葛西,南葛西交番,131237,東京都,江戸川区,南葛西３丁目,2020-07-24,16,一戸建住宅,駐車（輪）場,40歳代,その他,施錠せず
窃盗,自転車盗,葛西,南葛西交番,131237,東京都,江戸川区,南葛西３丁目,2020-08-14,19,一戸建住宅,その他,10歳代,高校生,施錠せず
窃盗,自転車盗,葛西,南葛西交番,131237,東京都,江戸川区,南葛西４丁目,2020-02-07,19,その他,駐車（輪）場,30歳代,その他,施錠せず
窃盗,自転車盗,葛西,南葛西交番,131237,東京都,江戸川区,南葛西４丁目,2020-06-26,23,その他,駐車（輪）場,40歳代,その他,施錠せず
窃盗,自転車盗,葛西,南葛西交番,131237,東京都,江戸川区,南葛西５丁目,2020-02-08,22,その他,駐車（輪）場,50歳代,その他,施錠せず
窃盗,自転車盗,葛西,南葛西交番,131237,東京都,江戸川区,南葛西５丁目,2020-08-15,00,道路上,その他,20歳代,大学生,施錠せず
窃盗,自転車盗,葛西,南葛西交番,131237,東京都,江戸川区,南葛西６丁目,2020-02-04,22,一戸建住宅,その他,20歳代,大学生,施錠せず
窃盗,自転車盗,葛西,南葛西交番,131237,東京都,江戸川区,南葛西６丁目,2020-04-14,22,道路上,その他,20歳代,その他,施錠せず
窃盗,自転車盗,葛西,南葛西交番,131237,東京都,江戸川区,南葛西６丁目,2020-04-29,19,４階建て以上共同住宅,駐車（輪）場,20歳代,その他,施錠せず
窃盗,自転車盗,葛西,南葛西交番,131237,東京都,江戸川区,南葛西６丁目,2020-08-22,16,その他の住宅（３階建て以下共同住宅等）,駐車（輪）場,40歳代,その他,施錠せず
窃盗,自転車盗,葛西,南葛西交番,131237,東京都,江戸川区,南葛西６丁目,2020-10-30,00,４階建て以上共同住宅,駐車（輪）場,20歳代,その他,施錠せず
窃盗,自転車盗,葛西,南葛西交番,131237,東京都,江戸川区,南葛西７丁目,2020-09-19,19,その他の住宅（３階建て以下共同住宅等）,その他,10歳代,中学生,施錠せず
窃盗,自転車盗,葛西,南葛西交番,131237,東京都,江戸川区,臨海町３丁目,2020-11-08,08,道路上,その他,40歳代,その他,施錠せず
窃盗,自転車盗,葛西,清新町交番,131237,東京都,江戸川区,西葛西８丁目,2019-11-29,23,４階建て以上共同住宅,駐車（輪）場,60-64歳,その他,施錠せず
窃盗,自転車盗,葛西,清新町交番,131237,東京都,江戸川区,西葛西８丁目,2020-03-27,22,その他の住宅（３階建て以下共同住宅等）,駐車（輪）場,65-69歳,その他,施錠せず
窃盗,自転車盗,葛西,清新町交番,131237,東京都,江戸川区,西葛西８丁目,2020-11-07,17,その他の住宅（３階建て以下共同住宅等）,駐車（輪）場,20歳代,その他,施錠せず
窃盗,自転車盗,葛西,清新町交番,131237,東京都,江戸川区,清新町１丁目,2019-12-30,18,４階建て以上共同住宅,駐車（輪）場,40歳代,その他,施錠せず
窃盗,自転車盗,葛西,清新町交番,131237,東京都,江戸川区,清新町１丁目,2020-01-30,16,その他,その他,10歳未満,小学生,施錠せず
窃盗,自転車盗,葛西,清新町交番,131237,東京都,江戸川区,清新町１丁目,2020-03-13,16,４階建て以上共同住宅,駐車（輪）場,10歳代,中学生,施錠せず
窃盗,自転車盗,葛西,清新町交番,131237,東京都,江戸川区,清新町１丁目,2020-08-18,17,その他,駐車（輪）場,50歳代,その他,施錠せず
窃盗,自転車盗,葛西,清新町交番,131237,東京都,江戸川区,清新町１丁目,2020-08-20,22,４階建て以上共同住宅,駐車（輪）場,30歳代,その他,施錠せず
窃盗,自転車盗,葛西,清新町交番,131237,東京都,江戸川区,清新町１丁目,2020-09-15,20,４階建て以上共同住宅,駐車（輪）場,60-64歳,その他,施錠せず
窃盗,自転車盗,葛西,清新町交番,131237,東京都,江戸川区,清新町１丁目,2020-09-18,13,４階建て以上共同住宅,駐車（輪）場,30歳代,その他,施錠せず
窃盗,自転車盗,葛西,清新町交番,131237,東京都,江戸川区,清新町２丁目,2020-01-31,11,４階建て以上共同住宅,駐車（輪）場,20歳代,その他,施錠せず
窃盗,自転車盗,葛西,清新町交番,131237,東京都,江戸川区,清新町２丁目,2020-02-17,17,道路上,その他,10歳代,高校生,施錠せず
窃盗,自転車盗,葛西,清新町交番,131237,東京都,江戸川区,清新町２丁目,2020-10-05,08,４階建て以上共同住宅,駐車（輪）場,10歳代,高校生,施錠せず
窃盗,自転車盗,葛西,清新町交番,131237,東京都,江戸川区,清新町２丁目,2020-10-09,17,４階建て以上共同住宅,駐車（輪）場,70歳以上,その他,施錠せず
窃盗,自転車盗,葛西,清新町交番,131237,東京都,江戸川区,清新町２丁目,2020-10-19,17,４階建て以上共同住宅,駐車（輪）場,10歳代,小学生,施錠せず
窃盗,自転車盗,葛西,葛西駅前交番,131237,東京都,江戸川区,宇喜田町,2020-02-09,00,その他の住宅（３階建て以下共同住宅等）,駐車（輪）場,20歳代,その他,施錠せず
窃盗,自転車盗,葛西,葛西駅前交番,131237,東京都,江戸川区,中葛西５丁目,2019-12-31,13,駐車（輪）場,駐車（輪）場,20歳代,その他,施錠せず
窃盗,自転車盗,葛西,葛西駅前交番,131237,東京都,江戸川区,中葛西５丁目,2020-01-09,17,その他,駐車（輪）場,10歳代,高校生,施錠せず
窃盗,自転車盗,葛西,葛西駅前交番,131237,東京都,江戸川区,中葛西５丁目,2020-01-20,00,駐車（輪）場,駐車（輪）場,20歳代,その他,施錠せず
窃盗,自転車盗,葛西,葛西駅前交番,131237,東京都,江戸川区,中葛西５丁目,2020-03-01,00,道路上,その他,20歳代,その他,施錠せず
窃盗,自転車盗,葛西,葛西駅前交番,131237,東京都,江戸川区,中葛西５丁目,2020-03-01,16,４階建て以上共同住宅,駐車（輪）場,65-69歳,その他,施錠せず
窃盗,自転車盗,葛西,葛西駅前交番,131237,東京都,江戸川区,中葛西５丁目,2020-03-20,20,４階建て以上共同住宅,駐車（輪）場,20歳代,その他,施錠せず
窃盗,自転車盗,葛西,葛西駅前交番,131237,東京都,江戸川区,中葛西５丁目,2020-03-21,16,４階建て以上共同住宅,駐車（輪）場,20歳代,その他,施錠せず
窃盗,自転車盗,葛西,葛西駅前交番,131237,東京都,江戸川区,中葛西５丁目,2020-08-18,20,その他,駐車（輪）場,40歳代,その他,施錠せず
窃盗,自転車盗,葛西,葛西駅前交番,131237,東京都,江戸川区,中葛西５丁目,2020-09-10,21,一戸建住宅,その他,30歳代,その他,施錠せず
窃盗,自転車盗,葛西,葛西駅前交番,131237,東京都,江戸川区,中葛西５丁目,2020-09-27,18,道路上,その他,40歳代,その他,施錠せず
窃盗,自転車盗,葛西,葛西駅前交番,131237,東京都,江戸川区,中葛西５丁目,2020-09-29,20,道路上,その他,20歳代,その他,施錠せず
窃盗,自転車盗,葛西,葛西駅前交番,131237,東京都,江戸川区,中葛西５丁目,2020-10-21,12,４階建て以上共同住宅,駐車（輪）場,20歳代,その他,施錠せず
窃盗,自転車盗,葛西,葛西駅前交番,131237,東京都,江戸川区,中葛西５丁目,2020-10-23,13,その他,駐車（輪）場,10歳代,その他,施錠せず
窃盗,自転車盗,葛西,葛西駅前交番,131237,東京都,江戸川区,中葛西６丁目,2020-03-07,18,４階建て以上共同住宅,駐車（輪）場,20歳代,大学生,施錠せず
窃盗,自転車盗,葛西,葛西駅前交番,131237,東京都,江戸川区,中葛西６丁目,2020-05-15,08,その他の住宅（３階建て以下共同住宅等）,駐車（輪）場,20歳代,その他,施錠せず
窃盗,自転車盗,葛西,葛西駅前交番,131237,東京都,江戸川区,中葛西６丁目,2020-09-08,20,道路上,その他,10歳代,その他,施錠せず
窃盗,自転車盗,葛西,葛西駅前交番,131237,東京都,江戸川区,中葛西６丁目,2020-09-27,22,道路上,その他,20歳代,その他,施錠せず
窃盗,自転車盗,葛西,葛西駅前交番,131237,東京都,江戸川区,中葛西６丁目,2020-11-18,15,その他,その他,法人・団体、被害者なし,法人・団体、被害者なし,施錠せず
窃盗,自転車盗,葛西,葛西駅前交番,131237,東京都,江戸川区,中葛西７丁目,2020-03-11,15,その他の住宅（３階建て以下共同住宅等）,駐車（輪）場,70歳以上,その他,施錠せず
窃盗,自転車盗,葛西,葛西駅前交番,131237,東京都,江戸川区,中葛西７丁目,2020-04-18,20,その他の住宅（３階建て以下共同住宅等）,駐車（輪）場,40歳代,その他,施錠せず
窃盗,自転車盗,葛西,葛西駅前交番,131237,東京都,江戸川区,中葛西７丁目,2020-09-30,17,一戸建住宅,その他,40歳代,その他,施錠せず
窃盗,自転車盗,葛西,葛西駅前交番,131237,東京都,江戸川区,中葛西７丁目,2020-10-21,不明,４階建て以上共同住宅,駐車（輪）場,70歳以上,その他,施錠せず
窃盗,自転車盗,葛西,葛西駅前交番,131237,東京都,江戸川区,中葛西７丁目,2020-11-10,08,その他,駐車（輪）場,50歳代,その他,施錠せず
窃盗,自転車盗,葛西,葛西駅前交番,131237,東京都,江戸川区,中葛西７丁目,2020-11-24,22,４階建て以上共同住宅,駐車（輪）場,10歳代,高校生,施錠せず
窃盗,自転車盗,葛西,葛西駅前交番,131237,東京都,江戸川区,西葛西５丁目,2020-09-19,08,駐車（輪）場,駐車（輪）場,20歳代,その他,施錠せず
窃盗,自転車盗,葛西,葛西駅前交番,131237,東京都,江戸川区,東葛西６丁目,2019-12-28,18,駐車（輪）場,駐車（輪）場,20歳代,その他,施錠せず
窃盗,自転車盗,葛西,葛西駅前交番,131237,東京都,江戸川区,東葛西６丁目,2020-01-24,19,駐車（輪）場,駐車（輪）場,40歳代,その他,施錠せず
窃盗,自転車盗,葛西,葛西駅前交番,131237,東京都,江戸川区,東葛西６丁目,2020-01-26,19,その他の住宅（３階建て以下共同住宅等）,駐車（輪）場,20歳代,その他,施錠せず
窃盗,自転車盗,葛西,葛西駅前交番,131237,東京都,江戸川区,東葛西６丁目,2020-02-11,18,４階建て以上共同住宅,駐車（輪）場,20歳代,その他,施錠せず
窃盗,自転車盗,葛西,葛西駅前交番,131237,東京都,江戸川区,東葛西６丁目,2020-03-01,06,駐車（輪）場,駐車（輪）場,40歳代,その他,施錠せず
窃盗,自転車盗,葛西,葛西駅前交番,131237,東京都,江戸川区,東葛西６丁目,2020-05-01,16,４階建て以上共同住宅,駐車（輪）場,40歳代,その他,施錠せず
窃盗,自転車盗,葛西,葛西駅前交番,131237,東京都,江戸川区,東葛西６丁目,2020-07-17,17,その他,駐車（輪）場,10歳代,大学生,施錠せず
窃盗,自転車盗,葛西,葛西駅前交番,131237,東京都,江戸川区,東葛西６丁目,2020-07-25,22,その他の住宅（３階建て以下共同住宅等）,駐車（輪）場,30歳代,その他,施錠せず
窃盗,自転車盗,葛西,葛西駅前交番,131237,東京都,江戸川区,東葛西６丁目,2020-08-12,06,その他,駐車（輪）場,10歳代,大学生,施錠せず
窃盗,自転車盗,葛西,葛西駅前交番,131237,東京都,江戸川区,東葛西６丁目,2020-09-04,18,４階建て以上共同住宅,駐車（輪）場,20歳代,その他,施錠せず
窃盗,自転車盗,葛西,葛西駅前交番,131237,東京都,江戸川区,東葛西６丁目,2020-09-08,01,道路上,その他,40歳代,その他,施錠せず
窃盗,自転車盗,葛西,葛西駅前交番,131237,東京都,江戸川区,東葛西６丁目,2020-09-11,22,道路上,その他,10歳代,その他,施錠せず
窃盗,自転車盗,葛西,葛西駅前交番,131237,東京都,江戸川区,東葛西６丁目,2020-10-02,10,４階建て以上共同住宅,駐車（輪）場,20歳代,その他,施錠せず
窃盗,自転車盗,葛西,葛西駅前交番,131237,東京都,江戸川区,東葛西６丁目,2020-10-02,17,４階建て以上共同住宅,駐車（輪）場,20歳代,その他,施錠せず
窃盗,自転車盗,葛西,江戸川六丁目交番,131237,東京都,江戸川区,江戸川５丁目,2020-03-10,17,一戸建住宅,駐車（輪）場,30歳代,その他,施錠せず
窃盗,自転車盗,葛西,江戸川六丁目交番,131237,東京都,江戸川区,江戸川５丁目,2020-05-05,22,４階建て以上共同住宅,駐車（輪）場,10歳代,高校生,施錠せず
窃盗,自転車盗,葛西,江戸川六丁目交番,131237,東京都,江戸川区,江戸川５丁目,2020-06-07,20,４階建て以上共同住宅,駐車（輪）場,30歳代,その他,施錠せず
窃盗,自転車盗,葛西,江戸川六丁目交番,131237,東京都,江戸川区,江戸川５丁目,2020-08-02,22,一戸建住宅,その他,50歳代,その他,施錠せず
窃盗,自転車盗,葛西,江戸川六丁目交番,131237,東京都,江戸川区,江戸川５丁目,2020-08-07,08,その他,駐車（輪）場,40歳代,その他,施錠せず
窃盗,自転車盗,葛西,江戸川六丁目交番,131237,東京都,江戸川区,江戸川６丁目,2019-12-21,12,その他の住宅（３階建て以下共同住宅等）,駐車（輪）場,20歳代,その他,施錠せず
窃盗,自転車盗,葛西,江戸川六丁目交番,131237,東京都,江戸川区,江戸川６丁目,2020-11-01,17,その他,駐車（輪）場,10歳代,高校生,施錠せず
窃盗,自転車盗,葛西,江戸川六丁目交番,131237,東京都,江戸川区,江戸川６丁目,2020-11-10,19,その他,駐車（輪）場,10歳代,中学生,施錠せず
窃盗,自転車盗,葛西,江戸川六丁目交番,131237,東京都,江戸川区,江戸川６丁目,2020-11-16,18,４階建て以上共同住宅,駐車（輪）場,10歳代,小学生,施錠せず
窃盗,自転車盗,葛西,江戸川六丁目交番,131237,東京都,江戸川区,西瑞江５丁目,2020-02-09,17,４階建て以上共同住宅,駐車（輪）場,40歳代,その他,施錠せず
窃盗,自転車盗,葛西,江戸川六丁目交番,131237,東京都,江戸川区,西瑞江５丁目,2020-04-18,20,道路上,その他,20歳代,その他,施錠せず
窃盗,自転車盗,葛西,江戸川六丁目交番,131237,東京都,江戸川区,西瑞江５丁目,2020-04-28,00,４階建て以上共同住宅,駐車（輪）場,20歳代,その他,施錠せず
窃盗,自転車盗,葛西,江戸川六丁目交番,131237,東京都,江戸川区,西瑞江５丁目,2020-07-09,11,道路上,その他,70歳以上,その他,施錠せず
窃盗,自転車盗,葛西,江戸川六丁目交番,131237,東京都,江戸川区,西瑞江５丁目,2020-08-01,20,その他の住宅（３階建て以下共同住宅等）,駐車（輪）場,50歳代,その他,施錠せず
窃盗,自転車盗,葛西,江戸川六丁目交番,131237,東京都,江戸川区,西瑞江５丁目,2020-11-14,21,一戸建住宅,駐車（輪）場,40歳代,その他,施錠せず
窃盗,自転車盗,葛西,江戸川六丁目交番,131237,東京都,江戸川区,春江町５丁目,2019-12-24,09,その他,駐車（輪）場,10歳代,その他,施錠せず
窃盗,自転車盗,葛西,江戸川六丁目交番,131237,東京都,江戸川区,春江町５丁目,2020-06-13,13,その他の住宅（３階建て以下共同住宅等）,駐車（輪）場,10歳代,中学生,施錠せず
窃盗,自転車盗,葛西,江戸川六丁目交番,131237,東京都,江戸川区,春江町５丁目,2020-07-04,20,その他の住宅（３階建て以下共同住宅等）,駐車（輪）場,40歳代,その他,施錠せず
窃盗,自転車盗,葛西,江戸川六丁目交番,131237,東京都,江戸川区,春江町５丁目,2020-08-22,13,その他の住宅（３階建て以下共同住宅等）,駐車（輪）場,50歳代,その他,施錠せず
窃盗,自転車盗,葛西,江戸川六丁目交番,131237,東京都,江戸川区,春江町５丁目,2020-08-26,13,その他,駐車（輪）場,50歳代,その他,施錠せず
窃盗,自転車盗,葛西,江戸川六丁目交番,131237,東京都,江戸川区,春江町５丁目,2020-10-20,16,４階建て以上共同住宅,駐車（輪）場,10歳代,高校生,施錠せず
窃盗,自転車盗,葛西,臨海公園交番,131237,東京都,江戸川区,南葛西５丁目,2019-12-01,17,４階建て以上共同住宅,駐車（輪）場,10歳未満,小学生,施錠せず
窃盗,自転車盗,葛西,臨海公園交番,131237,東京都,江戸川区,南葛西５丁目,2020-10-20,08,４階建て以上共同住宅,駐車（輪）場,30歳代,その他,施錠せず
窃盗,自転車盗,葛西,臨海公園交番,131237,東京都,江戸川区,南葛西５丁目,2020-10-21,18,その他の住宅（３階建て以下共同住宅等）,駐車（輪）場,30歳代,その他,施錠せず
窃盗,自転車盗,葛西,臨海公園交番,131237,東京都,江戸川区,臨海町１丁目,2020-02-15,16,４階建て以上共同住宅,駐車（輪）場,30歳代,その他,施錠せず
窃盗,自転車盗,葛西,臨海公園交番,131237,東京都,江戸川区,臨海町１丁目,2020-07-09,19,その他,駐車（輪）場,10歳代,高校生,施錠せず
窃盗,自転車盗,葛西,臨海公園交番,131237,東京都,江戸川区,臨海町１丁目,2020-08-13,21,４階建て以上共同住宅,駐車（輪）場,40歳代,その他,施錠せず
窃盗,自転車盗,葛西,臨海公園交番,131237,東京都,江戸川区,臨海町１丁目,2020-09-15,18,道路上,その他,10歳代,中学生,施錠せず
窃盗,自転車盗,葛西,臨海公園交番,131237,東京都,江戸川区,臨海町１丁目,2020-09-29,18,その他,駐車（輪）場,10歳代,中学生,施錠せず
窃盗,自転車盗,葛西,臨海公園交番,131237,東京都,江戸川区,臨海町１丁目,2020-11-26,16,駐車（輪）場,駐車（輪）場,10歳代,小学生,施錠せず
窃盗,自転車盗,葛西,臨海公園交番,131237,東京都,江戸川区,臨海町２丁目,2019-12-30,19,その他の住宅（３階建て以下共同住宅等）,駐車（輪）場,10歳代,小学生,施錠せず
窃盗,自転車盗,葛西,臨海公園交番,131237,東京都,江戸川区,臨海町２丁目,2020-06-29,23,４階建て以上共同住宅,駐車（輪）場,20歳代,大学生,施錠せず
窃盗,自転車盗,葛西,臨海公園交番,131237,東京都,江戸川区,臨海町２丁目,2020-10-08,15,４階建て以上共同住宅,駐車（輪）場,10歳代,高校生,施錠せず
窃盗,自転車盗,葛西,臨海公園交番,131237,東京都,江戸川区,臨海町４丁目,2020-11-24,02,道路上,その他,30歳代,その他,施錠せず
窃盗,自転車盗,葛西,臨海公園交番,131237,東京都,江戸川区,臨海町５丁目,2020-06-24,11,４階建て以上共同住宅,駐車（輪）場,40歳代,その他,施錠せず
窃盗,自転車盗,葛西,臨海公園交番,131237,東京都,江戸川区,臨海町６丁目,2019-11-21,08,道路上,その他,30歳代,その他,施錠せず
窃盗,自転車盗,葛西,臨海公園交番,131237,東京都,江戸川区,臨海町６丁目,2019-12-15,17,駐車（輪）場,駐車（輪）場,50歳代,その他,施錠せず
窃盗,自転車盗,葛西,臨海公園交番,131237,東京都,江戸川区,臨海町６丁目,2020-01-26,17,道路上,その他,10歳代,高校生,施錠せず
窃盗,自転車盗,葛西,臨海公園交番,131237,東京都,江戸川区,臨海町６丁目,2020-02-19,08,道路上,その他,20歳代,その他,施錠せず
窃盗,自転車盗,葛西,臨海公園交番,131237,東京都,江戸川区,臨海町６丁目,2020-09-29,18,その他,駐車（輪）場,50歳代,その他,施錠せず
窃盗,自転車盗,葛西,臨海公園交番,131237,東京都,江戸川区,臨海町６丁目,2020-10-11,19,その他,駐車（輪）場,10歳代,大学生,施錠せず
窃盗,自転車盗,葛西,臨海公園交番,131237,東京都,江戸川区,臨海町６丁目,2020-11-18,07,その他,駐車（輪）場,20歳代,その他,施錠せず
窃盗,自転車盗,南大沢,北野駅前交番,132012,東京都,八王子市,打越町,2020-05-25,15,一戸建住宅,駐車（輪）場,40歳代,その他,施錠せず
窃盗,自転車盗,南大沢,北野駅前交番,132012,東京都,八王子市,北野町,2020-06-18,04,一戸建住宅,駐車（輪）場,30歳代,その他,施錠せず
窃盗,自転車盗,南大沢,北野駅前交番,132012,東京都,八王子市,北野町,2020-06-26,17,一戸建住宅,駐車（輪）場,20歳代,大学生,施錠せず
窃盗,自転車盗,南大沢,北野駅前交番,132012,東京都,八王子市,打越町,2020-07-15,08,その他の住宅（３階建て以下共同住宅等）,駐車（輪）場,30歳代,その他,施錠せず
窃盗,自転車盗,南大沢,北野駅前交番,132012,東京都,八王子市,打越町,2020-09-02,07,その他,駐車（輪）場,10歳代,高校生,施錠せず
窃盗,自転車盗,南大沢,北野駅前交番,132012,東京都,八王子市,打越町,2020-02-22,17,一戸建住宅,駐車（輪）場,70歳以上,その他,施錠せず
窃盗,自転車盗,南大沢,北野駅前交番,132012,東京都,八王子市,打越町,2020-06-17,16,４階建て以上共同住宅,駐車（輪）場,20歳代,その他,施錠せず
窃盗,自転車盗,南大沢,北野駅前交番,132012,東京都,八王子市,打越町,2020-08-11,11,その他,その他,20歳代,大学生,施錠せず
窃盗,自転車盗,南大沢,北野駅前交番,132012,東京都,八王子市,打越町,2020-09-18,15,４階建て以上共同住宅,駐車（輪）場,40歳代,その他,施錠せず
窃盗,自転車盗,南大沢,北野駅前交番,132012,東京都,八王子市,北野町,2019-09-15,09,４階建て以上共同住宅,駐車（輪）場,20歳代,大学生,施錠せず
窃盗,自転車盗,南大沢,北野駅前交番,132012,東京都,八王子市,北野町,2020-02-07,12,その他の住宅（３階建て以下共同住宅等）,駐車（輪）場,20歳代,その他,施錠せず
窃盗,自転車盗,南大沢,北野駅前交番,132012,東京都,八王子市,北野町,2020-04-15,12,４階建て以上共同住宅,駐車（輪）場,20歳代,大学生,施錠せず
窃盗,自転車盗,南大沢,北野駅前交番,132012,東京都,八王子市,北野町,2020-09-19,17,その他,駐車（輪）場,10歳代,その他,施錠せず
窃盗,自転車盗,南大沢,北野駅前交番,132012,東京都,八王子市,北野町,2020-10-28,01,一戸建住宅,駐車（輪）場,65-69歳,その他,施錠せず
窃盗,自転車盗,南大沢,北野駅前交番,132012,東京都,八王子市,長沼町,2020-02-29,20,その他の住宅（３階建て以下共同住宅等）,駐車（輪）場,10歳代,小学生,施錠せず
窃盗,自転車盗,南大沢,北野駅前交番,132012,東京都,八王子市,長沼町,2020-03-06,17,４階建て以上共同住宅,駐車（輪）場,70歳以上,その他,施錠せず
窃盗,自転車盗,南大沢,北野駅前交番,132012,東京都,八王子市,長沼町,2020-08-25,11,４階建て以上共同住宅,駐車（輪）場,70歳以上,その他,施錠せず
窃盗,自転車盗,南大沢,下柚木交番,132012,東京都,八王子市,越野,2020-01-07,22,その他の住宅（３階建て以下共同住宅等）,駐車（輪）場,20歳代,大学生,施錠せず
窃盗,自転車盗,南大沢,下柚木交番,132012,東京都,八王子市,下柚木,2019-07-01,00,その他の住宅（３階建て以下共同住宅等）,駐車（輪）場,20歳代,大学生,施錠せず
窃盗,自転車盗,南大沢,下柚木交番,132012,東京都,八王子市,下柚木,2020-02-17,23,その他の住宅（３階建て以下共同住宅等）,駐車（輪）場,30歳代,その他,施錠せず
窃盗,自転車盗,南大沢,下柚木交番,132012,東京都,八王子市,下柚木２丁目,2020-06-25,15,その他の住宅（３階建て以下共同住宅等）,その他,20歳代,大学生,施錠せず
窃盗,自転車盗,南大沢,下柚木交番,132012,東京都,八王子市,下柚木２丁目,2020-06-27,20,４階建て以上共同住宅,駐車（輪）場,20歳代,大学生,施錠せず
窃盗,自転車盗,南大沢,下柚木交番,132012,東京都,八王子市,下柚木２丁目,2020-11-06,21,４階建て以上共同住宅,駐車（輪）場,20歳代,大学生,施錠せず
窃盗,自転車盗,南大沢,下柚木交番,132012,東京都,八王子市,下柚木３丁目,2020-08-04,22,駐車（輪）場,駐車（輪）場,10歳代,その他,施錠せず
窃盗,自転車盗,南大沢,下柚木交番,132012,東京都,八王子市,松木,2020-01-13,17,一戸建住宅,その他,40歳代,その他,施錠せず
窃盗,自転車盗,南大沢,下柚木交番,132012,東京都,八王子市,松木,2020-05-03,20,４階建て以上共同住宅,駐車（輪）場,20歳代,その他,施錠せず
窃盗,自転車盗,南大沢,下柚木交番,132012,東京都,八王子市,松木,2020-05-30,00,その他の住宅（３階建て以下共同住宅等）,駐車（輪）場,30歳代,その他,施錠せず
窃盗,自転車盗,南大沢,下柚木交番,132012,東京都,八王子市,松木,2020-09-17,23,その他,駐車（輪）場,50歳代,その他,施錠せず
窃盗,自転車盗,南大沢,下柚木交番,132012,東京都,八王子市,松木,2020-11-16,18,４階建て以上共同住宅,駐車（輪）場,30歳代,その他,施錠せず
窃盗,自転車盗,南大沢,松が谷交番,132012,東京都,八王子市,大塚,2020-01-23,10,駐車（輪）場,駐車（輪）場,20歳代,大学生,施錠せず
窃盗,自転車盗,南大沢,松が谷交番,132012,東京都,八王子市,大塚,2020-07-21,15,その他,駐車（輪）場,20歳代,大学生,施錠せず
窃盗,自転車盗,南大沢,松が谷交番,132012,東京都,八王子市,大塚,2020-09-16,07,その他,駐車（輪）場,20歳代,大学生,施錠せず
窃盗,自転車盗,南大沢,松が谷交番,132012,東京都,八王子市,大塚,2020-09-26,07,その他,駐車（輪）場,50歳代,その他,施錠せず
窃盗,自転車盗,南大沢,松が谷交番,132012,東京都,八王子市,大塚,2020-02-20,15,駐車（輪）場,駐車（輪）場,10歳代,大学生,施錠せず
窃盗,自転車盗,南大沢,松が谷交番,132012,東京都,八王子市,大塚,2020-02-21,21,その他の住宅（３階建て以下共同住宅等）,駐車（輪）場,20歳代,大学生,施錠せず
窃盗,自転車盗,南大沢,松が谷交番,132012,東京都,八王子市,大塚,2020-08-15,07,その他,駐車（輪）場,20歳代,大学生,施錠せず
窃盗,自転車盗,南大沢,松が谷交番,132012,東京都,八王子市,大塚,2020-10-24,01,その他,駐車（輪）場,20歳代,大学生,施錠せず
窃盗,自転車盗,南大沢,松が谷交番,132012,東京都,八王子市,鹿島,2020-08-08,15,４階建て以上共同住宅,駐車（輪）場,10歳代,高校生,施錠せず
窃盗,自転車盗,南大沢,松が谷交番,132012,東京都,八王子市,鹿島,2020-11-06,12,４階建て以上共同住宅,駐車（輪）場,10歳代,高校生,施錠せず
窃盗,自転車盗,南大沢,松が谷交番,132012,東京都,八王子市,鹿島,2020-11-27,18,４階建て以上共同住宅,駐車（輪）場,10歳代,その他,施錠せず
窃盗,自転車盗,南大沢,松が谷交番,132012,東京都,八王子市,松が谷,2020-08-24,18,４階建て以上共同住宅,駐車（輪）場,30歳代,その他,施錠せず
窃盗,自転車盗,南大沢,高嶺交番,132012,東京都,八王子市,鑓水２丁目,2020-02-06,18,４階建て以上共同住宅,駐車（輪）場,20歳代,その他,施錠せず
窃盗,自転車盗,南大沢,高嶺交番,132012,東京都,八王子市,北野台４丁目,2020-08-15,17,一戸建住宅,駐車（輪）場,20歳代,大学生,施錠せず
窃盗,自転車盗,南大沢,堀之内駅前交番,132012,東京都,八王子市,堀之内,2020-07-05,16,４階建て以上共同住宅,駐車（輪）場,10歳代,大学生,施錠せず
窃盗,自転車盗,南大沢,堀之内駅前交番,132012,東京都,八王子市,東中野,2020-09-04,17,その他の住宅（３階建て以下共同住宅等）,駐車（輪）場,20歳代,大学生,施錠せず
窃盗,自転車盗,南大沢,堀之内駅前交番,132012,東京都,八王子市,別所１丁目,2020-01-07,18,４階建て以上共同住宅,駐車（輪）場,10歳代,中学生,施錠せず
窃盗,自転車盗,南大沢,堀之内駅前交番,132012,東京都,八王子市,別所１丁目,2020-01-20,22,４階建て以上共同住宅,駐車（輪）場,20歳代,その他,施錠せず
窃盗,自転車盗,南大沢,堀之内駅前交番,132012,東京都,八王子市,別所１丁目,2020-02-06,20,４階建て以上共同住宅,駐車（輪）場,10歳代,高校生,施錠せず
窃盗,自転車盗,南大沢,堀之内駅前交番,132012,東京都,八王子市,別所１丁目,2020-04-01,不明,４階建て以上共同住宅,駐車（輪）場,50歳代,その他,施錠せず
窃盗,自転車盗,南大沢,堀之内駅前交番,132012,東京都,八王子市,別所１丁目,2020-07-14,18,４階建て以上共同住宅,駐車（輪）場,10歳代,中学生,施錠せず
窃盗,自転車盗,南大沢,堀之内駅前交番,132012,東京都,八王子市,別所２丁目,2020-01-26,10,その他,駐車（輪）場,10歳代,高校生,施錠せず
窃盗,自転車盗,南大沢,堀之内駅前交番,132012,東京都,八王子市,堀之内,2020-08-25,18,一戸建住宅,駐車（輪）場,30歳代,その他,施錠せず
窃盗,自転車盗,南大沢,堀之内駅前交番,132012,東京都,八王子市,堀之内２丁目,2019-12-31,14,その他,駐車（輪）場,20歳代,大学生,施錠せず
窃盗,自転車盗,南大沢,堀之内駅前交番,132012,東京都,八王子市,堀之内２丁目,2020-11-09,18,４階建て以上共同住宅,駐車（輪）場,20歳代,大学生,施錠せず
窃盗,自転車盗,南大沢,堀之内駅前交番,132012,東京都,八王子市,堀之内２丁目,2020-11-23,08,４階建て以上共同住宅,駐車（輪）場,20歳代,大学生,施錠せず
窃盗,自転車盗,南大沢,堀之内駅前交番,132012,東京都,八王子市,堀之内３丁目,2020-01-13,21,駐車（輪）場,駐車（輪）場,20歳代,その他,施錠せず
窃盗,自転車盗,南大沢,堀之内駅前交番,132012,東京都,八王子市,堀之内３丁目,2020-01-30,17,駐車（輪）場,駐車（輪）場,10歳代,高校生,施錠せず
窃盗,自転車盗,南大沢,堀之内駅前交番,132012,東京都,八王子市,堀之内３丁目,2020-02-12,11,駐車（輪）場,駐車（輪）場,10歳代,大学生,施錠せず
窃盗,自転車盗,南大沢,堀之内駅前交番,132012,東京都,八王子市,堀之内３丁目,2020-03-06,12,駐車（輪）場,駐車（輪）場,20歳代,大学生,施錠せず
窃盗,自転車盗,南大沢,堀之内駅前交番,132012,東京都,八王子市,堀之内３丁目,2020-05-09,17,その他,駐車（輪）場,10歳代,大学生,施錠せず
窃盗,自転車盗,南大沢,堀之内駅前交番,132012,東京都,八王子市,堀之内３丁目,2020-05-29,22,４階建て以上共同住宅,駐車（輪）場,20歳代,大学生,施錠せず
窃盗,自転車盗,南大沢,堀之内駅前交番,132012,東京都,八王子市,堀之内３丁目,2020-11-02,12,その他,駐車（輪）場,60-64歳,その他,施錠せず
窃盗,自転車盗,南大沢,堀之内駅前交番,132012,東京都,八王子市,松木,2020-01-19,09,その他,駐車（輪）場,10歳代,高校生,施錠せず
窃盗,自転車盗,南大沢,堀之内駅前交番,132012,東京都,八王子市,松木,2020-02-28,23,４階建て以上共同住宅,駐車（輪）場,20歳代,その他,施錠せず
窃盗,自転車盗,南大沢,堀之内駅前交番,132012,東京都,八王子市,松木,2020-04-08,19,その他,駐車（輪）場,20歳代,大学生,施錠せず
窃盗,自転車盗,南大沢,堀之内駅前交番,132012,東京都,八王子市,松木,2020-08-08,02,その他の住宅（３階建て以下共同住宅等）,駐車（輪）場,10歳代,大学生,施錠せず
窃盗,自転車盗,南大沢,南大沢駅前交番,132012,東京都,八王子市,上柚木３丁目,2020-05-04,00,その他の住宅（３階建て以下共同住宅等）,駐車（輪）場,10歳代,小学生,施錠せず
窃盗,自転車盗,南大沢,南大沢駅前交番,132012,東京都,八王子市,松木,2020-03-19,09,その他,駐車（輪）場,10歳代,その他,施錠せず
窃盗,自転車盗,南大沢,南大沢駅前交番,132012,東京都,八王子市,南大沢１丁目,2019-09-19,10,その他,駐車（輪）場,10歳代,大学生,施錠せず
窃盗,自転車盗,南大沢,南大沢駅前交番,132012,東京都,八王子市,南大沢１丁目,2020-02-02,16,駐車（輪）場,駐車（輪）場,10歳代,高校生,施錠せず
窃盗,自転車盗,南大沢,南大沢駅前交番,132012,東京都,八王子市,南大沢１丁目,2020-02-05,15,その他の住宅（３階建て以下共同住宅等）,駐車（輪）場,20歳代,大学生,施錠せず
窃盗,自転車盗,南大沢,南大沢駅前交番,132012,東京都,八王子市,南大沢１丁目,2020-02-11,09,駐車（輪）場,駐車（輪）場,10歳代,小学生,施錠せず
窃盗,自転車盗,南大沢,南大沢駅前交番,132012,東京都,八王子市,南大沢１丁目,2020-02-24,13,その他,駐車（輪）場,40歳代,その他,施錠せず
窃盗,自転車盗,南大沢,南大沢駅前交番,132012,東京都,八王子市,南大沢１丁目,2020-03-09,10,その他,駐車（輪）場,20歳代,大学生,施錠せず
窃盗,自転車盗,南大沢,南大沢駅前交番,132012,東京都,八王子市,南大沢１丁目,2020-04-23,15,その他の住宅（３階建て以下共同住宅等）,駐車（輪）場,20歳代,その他,施錠せず
窃盗,自転車盗,南大沢,南大沢駅前交番,132012,東京都,八王子市,南大沢１丁目,2020-08-23,17,その他,駐車（輪）場,20歳代,その他,施錠せず
窃盗,自転車盗,南大沢,南大沢駅前交番,132012,東京都,八王子市,南大沢１丁目,2020-10-13,23,その他,駐車（輪）場,20歳代,大学生,施錠せず
窃盗,自転車盗,南大沢,南大沢駅前交番,132012,東京都,八王子市,南大沢１丁目,2020-10-24,22,４階建て以上共同住宅,駐車（輪）場,20歳代,大学生,施錠せず
窃盗,自転車盗,南大沢,南大沢駅前交番,132012,東京都,八王子市,南大沢１丁目,2020-11-26,08,その他,駐車（輪）場,10歳代,高校生,施錠せず
窃盗,自転車盗,南大沢,南大沢駅前交番,132012,東京都,八王子市,南大沢１丁目,2020-12-14,22,その他,駐車（輪）場,20歳代,大学生,施錠せず
窃盗,自転車盗,南大沢,南大沢駅前交番,132012,東京都,八王子市,南大沢２丁目,2019-12-27,17,その他の住宅（３階建て以下共同住宅等）,駐車（輪）場,20歳代,大学生,施錠せず
窃盗,自転車盗,南大沢,南大沢駅前交番,132012,東京都,八王子市,南大沢２丁目,2020-01-09,14,その他の住宅（３階建て以下共同住宅等）,駐車（輪）場,10歳代,大学生,施錠せず
窃盗,自転車盗,南大沢,南大沢駅前交番,132012,東京都,八王子市,南大沢２丁目,2020-05-07,10,その他の住宅（３階建て以下共同住宅等）,駐車（輪）場,20歳代,大学生,施錠せず
窃盗,自転車盗,南大沢,南大沢駅前交番,132012,東京都,八王子市,南大沢２丁目,2020-06-01,06,駐車（輪）場,駐車（輪）場,50歳代,その他,施錠せず
窃盗,自転車盗,南大沢,南大沢駅前交番,132012,東京都,八王子市,南大沢２丁目,2020-08-18,12,駐車（輪）場,駐車（輪）場,10歳代,中学生,施錠せず
窃盗,自転車盗,南大沢,南大沢駅前交番,132012,東京都,八王子市,南大沢２丁目,2020-12-27,12,道路上,その他,20歳代,大学生,施錠せず
窃盗,自転車盗,南大沢,南大沢駅前交番,132012,東京都,八王子市,南大沢３丁目,2020-10-03,18,４階建て以上共同住宅,駐車（輪）場,10歳代,高校生,施錠せず
窃盗,自転車盗,南大沢,南大沢駅前交番,132012,東京都,八王子市,南大沢４丁目,2020-04-22,23,４階建て以上共同住宅,駐車（輪）場,40歳代,その他,施錠せず
窃盗,自転車盗,南大沢,南大沢駅前交番,132012,東京都,八王子市,南大沢５丁目,2020-02-10,10,４階建て以上共同住宅,駐車（輪）場,40歳代,その他,施錠せず
窃盗,自転車盗,南大沢,南大沢駅前交番,132012,東京都,八王子市,南大沢５丁目,2020-03-17,17,４階建て以上共同住宅,駐車（輪）場,30歳代,その他,施錠せず
窃盗,自転車盗,南大沢,南大沢駅前交番,132012,東京都,八王子市,南大沢５丁目,2020-04-01,00,４階建て以上共同住宅,駐車（輪）場,10歳代,中学生,施錠せず
窃盗,自転車盗,南大沢,南大沢駅前交番,132012,東京都,八王子市,鑓水２丁目,2020-01-25,23,４階建て以上共同住宅,駐車（輪）場,40歳代,その他,施錠せず
窃盗,自転車盗,南大沢,南大沢駅前交番,132098,東京都,町田市,小山町,2020-02-17,21,その他の住宅（３階建て以下共同住宅等）,駐車（輪）場,10歳代,高校生,施錠せず
窃盗,自転車盗,南大沢,みなみ野交番,132012,東京都,八王子市,片倉町,2020-02-20,16,４階建て以上共同住宅,駐車（輪）場,20歳代,その他,施錠せず
窃盗,自転車盗,南大沢,みなみ野交番,132012,東京都,八王子市,片倉町,2020-03-18,13,駐車（輪）場,駐車（輪）場,60-64歳,その他,施錠せず
窃盗,自転車盗,南大沢,みなみ野交番,132012,東京都,八王子市,片倉町,2020-03-19,21,その他,駐車（輪）場,10歳代,中学生,施錠せず
窃盗,自転車盗,南大沢,みなみ野交番,132012,東京都,八王子市,片倉町,2020-05-23,06,駐車（輪）場,駐車（輪）場,70歳以上,その他,施錠せず
窃盗,自転車盗,南大沢,みなみ野交番,132012,東京都,八王子市,片倉町,2020-06-19,19,その他の住宅（３階建て以下共同住宅等）,駐車（輪）場,20歳代,その他,施錠せず
窃盗,自転車盗,南大沢,みなみ野交番,132012,東京都,八王子市,片倉町,2020-08-02,07,駐車（輪）場,駐車（輪）場,10歳代,大学生,施錠せず
窃盗,自転車盗,南大沢,みなみ野交番,132012,東京都,八王子市,片倉町,2020-08-07,07,駐車（輪）場,駐車（輪）場,60-64歳,その他,施錠せず
窃盗,自転車盗,南大沢,みなみ野交番,132012,東京都,八王子市,片倉町,2020-08-09,07,その他,駐車（輪）場,10歳代,その他,施錠せず
窃盗,自転車盗,南大沢,みなみ野交番,132012,東京都,八王子市,片倉町,2020-08-29,07,その他,駐車（輪）場,20歳代,その他,施錠せず
窃盗,自転車盗,南大沢,みなみ野交番,132012,東京都,八王子市,片倉町,2020-08-31,08,その他,駐車（輪）場,10歳代,高校生,施錠せず
窃盗,自転車盗,南大沢,みなみ野交番,132012,東京都,八王子市,片倉町,2020-10-01,22,一戸建住宅,駐車（輪）場,30歳代,その他,施錠せず
窃盗,自転車盗,南大沢,みなみ野交番,132012,東京都,八王子市,片倉町,2020-10-06,05,その他,駐車（輪）場,65-69歳,その他,施錠せず
窃盗,自転車盗,南大沢,みなみ野交番,132012,東京都,八王子市,片倉町,2020-10-15,20,道路上,その他,20歳代,その他,施錠せず
窃盗,自転車盗,南大沢,みなみ野交番,132012,東京都,八王子市,小比企町,2020-12-23,09,一戸建住宅,駐車（輪）場,30歳代,その他,施錠せず
窃盗,自転車盗,南大沢,みなみ野交番,132012,東京都,八王子市,西片倉１丁目,2020-09-17,13,４階建て以上共同住宅,駐車（輪）場,20歳代,その他,施錠せず
窃盗,自転車盗,南大沢,みなみ野交番,132012,東京都,八王子市,みなみ野１丁目,2020-02-21,19,４階建て以上共同住宅,駐車（輪）場,10歳代,中学生,施錠せず
窃盗,自転車盗,南大沢,みなみ野交番,132012,東京都,八王子市,みなみ野１丁目,2020-02-25,18,その他,駐車（輪）場,20歳代,その他,施錠せず
窃盗,自転車盗,南大沢,みなみ野交番,132012,東京都,八王子市,みなみ野１丁目,2020-06-14,17,その他,駐車（輪）場,10歳代,高校生,施錠せず
窃盗,自転車盗,南大沢,みなみ野交番,132012,東京都,八王子市,みなみ野１丁目,2020-07-16,15,その他,駐車（輪）場,20歳代,大学生,施錠せず
窃盗,自転車盗,南大沢,みなみ野交番,132012,東京都,八王子市,みなみ野１丁目,2020-08-09,12,その他,駐車（輪）場,10歳代,中学生,施錠せず
窃盗,自転車盗,南大沢,みなみ野交番,132012,東京都,八王子市,みなみ野３丁目,2020-05-07,18,その他の住宅（３階建て以下共同住宅等）,駐車（輪）場,10歳代,中学生,施錠せず
窃盗,自転車盗,南大沢,みなみ野交番,132012,東京都,八王子市,みなみ野４丁目,2020-08-27,20,４階建て以上共同住宅,駐車（輪）場,10歳代,中学生,施錠せず
窃盗,自転車盗,南大沢,みなみ野交番,132012,東京都,八王子市,みなみ野４丁目,2020-09-09,12,その他の住宅（３階建て以下共同住宅等）,駐車（輪）場,10歳代,小学生,施錠せず
窃盗,自転車盗,南大沢,みなみ野交番,132012,東京都,八王子市,七国３丁目,2020-08-28,23,一戸建住宅,駐車（輪）場,10歳代,小学生,施錠せず
窃盗,自転車盗,南大沢,みなみ野交番,132012,東京都,八王子市,七国６丁目,2019-11-07,15,一戸建住宅,駐車（輪）場,40歳代,その他,施錠せず
窃盗,自転車盗,南大沢,相原駅前交番,132098,東京都,町田市,相原町,2020-01-12,12,駐車（輪）場,駐車（輪）場,10歳代,その他,施錠せず
窃盗,自転車盗,南大沢,相原駅前交番,132098,東京都,町田市,相原町,2020-10-30,08,駐車（輪）場,駐車（輪）場,50歳代,その他,施錠せず
窃盗,自転車盗,南大沢,相原駅前交番,132098,東京都,町田市,相原町,2020-11-17,21,一戸建住宅,駐車（輪）場,70歳以上,その他,施錠せず
窃盗,自転車盗,南大沢,堀之内駐在所,132012,東京都,八王子市,東中野,2019-11-30,20,４階建て以上共同住宅,駐車（輪）場,20歳代,大学生,施錠せず
窃盗,自転車盗,南大沢,堀之内駐在所,132012,東京都,八王子市,東中野,2020-01-06,08,駐車（輪）場,駐車（輪）場,20歳代,大学生,施錠せず
窃盗,自転車盗,南大沢,堀之内駐在所,132012,東京都,八王子市,東中野,2020-01-20,14,その他,駐車（輪）場,10歳代,大学生,施錠せず
窃盗,自転車盗,南大沢,堀之内駐在所,132012,東京都,八王子市,東中野,2020-01-24,19,その他,駐車（輪）場,20歳代,大学生,施錠せず
窃盗,自転車盗,南大沢,堀之内駐在所,132012,東京都,八王子市,東中野,2020-01-29,01,４階建て以上共同住宅,駐車（輪）場,10歳代,大学生,施錠せず
窃盗,自転車盗,南大沢,堀之内駐在所,132012,東京都,八王子市,東中野,2020-03-02,16,その他の住宅（３階建て以下共同住宅等）,駐車（輪）場,20歳代,大学生,施錠せず
窃盗,自転車盗,南大沢,上柚木駐在所,132012,東京都,八王子市,上柚木,2020-03-10,22,４階建て以上共同住宅,駐車（輪）場,20歳代,その他,施錠せず
窃盗,自転車盗,南大沢,上柚木駐在所,132012,東京都,八王子市,上柚木,2020-09-29,22,４階建て以上共同住宅,駐車（輪）場,20歳代,大学生,施錠せず
窃盗,自転車盗,南大沢,上柚木駐在所,132012,東京都,八王子市,上柚木３丁目,2020-05-04,17,４階建て以上共同住宅,駐車（輪）場,10歳未満,小学生,施錠せず
窃盗,自転車盗,南大沢,小比企駐在所,132012,東京都,八王子市,小比企町,2020-06-04,22,４階建て以上共同住宅,駐車（輪）場,10歳代,その他,施錠せず
窃盗,自転車盗,南大沢,小比企駐在所,132012,東京都,八王子市,小比企町,2020-11-09,23,その他,駐車（輪）場,20歳代,大学生,施錠せず
窃盗,自転車盗,南大沢,小比企駐在所,132012,東京都,八王子市,小比企町,2020-11-28,22,その他の住宅（３階建て以下共同住宅等）,駐車（輪）場,20歳代,大学生,施錠せず
窃盗,自転車盗,南大沢,宮上駐在所,132012,東京都,八王子市,上柚木３丁目,2020-01-12,12,４階建て以上共同住宅,駐車（輪）場,30歳代,その他,施錠せず
窃盗,自転車盗,南大沢,宮上駐在所,132012,東京都,八王子市,上柚木３丁目,2020-02-02,17,４階建て以上共同住宅,駐車（輪）場,40歳代,その他,施錠せず
窃盗,自転車盗,南大沢,宮上駐在所,132012,東京都,八王子市,上柚木３丁目,2020-12-04,20,４階建て以上共同住宅,駐車（輪）場,10歳代,小学生,施錠せず
窃盗,自転車盗,南大沢,宮上駐在所,132012,東京都,八王子市,南大沢５丁目,2020-12-11,10,４階建て以上共同住宅,駐車（輪）場,70歳以上,その他,施錠せず
窃盗,自転車盗,南大沢,宮上駐在所,132012,東京都,八王子市,鑓水２丁目,2019-12-22,12,４階建て以上共同住宅,駐車（輪）場,40歳代,その他,施錠せず
窃盗,自転車盗,南大沢,小山駐在所,132098,東京都,町田市,小山町,2020-03-06,00,一戸建住宅,駐車（輪）場,30歳代,その他,施錠せず
窃盗,自転車盗,南大沢,小山駐在所,132098,東京都,町田市,小山町,2020-07-15,11,その他,駐車（輪）場,40歳代,その他,施錠せず
窃盗,自転車盗,南大沢,小山駐在所,132098,東京都,町田市,小山ヶ丘３丁目,2019-11-08,10,その他,駐車（輪）場,20歳代,大学生,施錠せず
窃盗,自転車盗,南大沢,小山駐在所,132098,東京都,町田市,小山ヶ丘３丁目,2020-02-07,07,駐車（輪）場,駐車（輪）場,10歳代,高校生,施錠せず
窃盗,自転車盗,南大沢,小山駐在所,132098,東京都,町田市,小山ヶ丘３丁目,2020-10-29,15,４階建て以上共同住宅,駐車（輪）場,60-64歳,その他,施錠せず
窃盗,自転車盗,南大沢,相原駐在所,132098,東京都,町田市,相原町,2020-07-22,12,一戸建住宅,駐車（輪）場,10歳代,小学生,施錠せず
窃盗,自転車盗,南大沢,相原駐在所,132098,東京都,町田市,小山町,2020-10-22,20,その他の住宅（３階建て以下共同住宅等）,駐車（輪）場,20歳代,大学生,施錠せず
窃盗,自転車盗,南大沢,相原駐在所,132098,東京都,町田市,小山ヶ丘３丁目,2020-03-24,13,駐車（輪）場,駐車（輪）場,10歳代,高校生,施錠せず
窃盗,自転車盗,南大沢,大戸駐在所,132098,東京都,町田市,相原町,2020-08-15,05,その他,駐車（輪）場,10歳代,大学生,施錠せず
窃盗,自転車盗,高尾,高尾駅前交番,132012,東京都,八王子市,高尾町,2020-11-13,07,駐車（輪）場,駐車（輪）場,10歳代,中学生,施錠せず
窃盗,自転車盗,高尾,高尾駅前交番,132012,東京都,八王子市,高尾町,2020-06-27,17,その他,駐車（輪）場,20歳代,大学生,施錠せず
窃盗,自転車盗,高尾,高尾駅前交番,132012,東京都,八王子市,高尾町,2020-11-11,01,その他,駐車（輪）場,20歳代,大学生,施錠せず
窃盗,自転車盗,高尾,高尾駅前交番,132012,東京都,八王子市,館町,2020-06-14,12,その他,駐車（輪）場,10歳代,大学生,施錠せず
窃盗,自転車盗,高尾,高尾駅前交番,132012,東京都,八王子市,狭間町,2020-07-08,17,その他,駐車（輪）場,10歳代,その他,施錠せず
窃盗,自転車盗,高尾,高尾駅前交番,132012,東京都,八王子市,初沢町,2020-01-17,19,駐車（輪）場,駐車（輪）場,10歳代,高校生,施錠せず
窃盗,自転車盗,高尾,高尾駅前交番,132012,東京都,八王子市,初沢町,2020-04-28,17,その他の住宅（３階建て以下共同住宅等）,駐車（輪）場,20歳代,その他,施錠せず
窃盗,自転車盗,高尾,高尾駅前交番,132012,東京都,八王子市,初沢町,2020-06-16,00,道路上,その他,30歳代,その他,施錠せず
窃盗,自転車盗,高尾,高尾駅前交番,132012,東京都,八王子市,初沢町,2020-07-25,01,駐車（輪）場,駐車（輪）場,30歳代,その他,施錠せず
窃盗,自転車盗,高尾,高尾駅前交番,132012,東京都,八王子市,初沢町,2020-08-28,12,駐車（輪）場,駐車（輪）場,40歳代,その他,施錠せず
窃盗,自転車盗,高尾,高尾駅前交番,132012,東京都,八王子市,初沢町,2020-12-07,01,その他の住宅（３階建て以下共同住宅等）,駐車（輪）場,20歳代,大学生,施錠せず
窃盗,自転車盗,高尾,高尾駅前交番,132012,東京都,八王子市,東浅川町,2020-05-26,19,その他の住宅（３階建て以下共同住宅等）,駐車（輪）場,20歳代,その他,施錠せず
窃盗,自転車盗,高尾,高尾駅前交番,132012,東京都,八王子市,東浅川町,2020-12-11,17,４階建て以上共同住宅,駐車（輪）場,20歳代,大学生,施錠せず
窃盗,自転車盗,高尾,並木町交番,132012,東京都,八王子市,東浅川町,2020-02-01,02,４階建て以上共同住宅,駐車（輪）場,50歳代,その他,施錠せず
窃盗,自転車盗,高尾,並木町交番,132012,東京都,八王子市,東浅川町,2020-02-01,02,４階建て以上共同住宅,駐車（輪）場,50歳代,その他,施錠せず
窃盗,自転車盗,高尾,並木町交番,132012,東京都,八王子市,散田町３丁目,2020-01-25,02,４階建て以上共同住宅,駐車（輪）場,40歳代,その他,施錠せず
窃盗,自転車盗,高尾,並木町交番,132012,東京都,八王子市,散田町３丁目,2020-06-25,21,その他の住宅（３階建て以下共同住宅等）,駐車（輪）場,10歳代,その他,施錠せず
窃盗,自転車盗,高尾,並木町交番,132012,東京都,八王子市,散田町３丁目,2020-06-26,14,４階建て以上共同住宅,駐車（輪）場,40歳代,その他,施錠せず
窃盗,自転車盗,高尾,並木町交番,132012,東京都,八王子市,散田町３丁目,2020-08-29,07,駐車（輪）場,駐車（輪）場,10歳代,高校生,施錠せず
窃盗,自転車盗,高尾,並木町交番,132012,東京都,八王子市,散田町４丁目,2020-01-25,17,一戸建住宅,駐車（輪）場,70歳以上,その他,施錠せず
窃盗,自転車盗,高尾,並木町交番,132012,東京都,八王子市,散田町４丁目,2020-03-25,17,その他の住宅（３階建て以下共同住宅等）,駐車（輪）場,10歳代,小学生,施錠せず
窃盗,自転車盗,高尾,並木町交番,132012,東京都,八王子市,並木町,2020-03-27,05,一戸建住宅,駐車（輪）場,20歳代,大学生,施錠せず
窃盗,自転車盗,高尾,並木町交番,132012,東京都,八王子市,東浅川町,2020-07-08,01,その他,駐車（輪）場,50歳代,その他,施錠せず
窃盗,自転車盗,高尾,めじろ台交番,132012,東京都,八王子市,館町,2020-02-28,07,その他,駐車（輪）場,20歳代,大学生,施錠せず
窃盗,自転車盗,高尾,めじろ台交番,132012,東京都,八王子市,椚田町,2020-09-18,20,その他の住宅（３階建て以下共同住宅等）,駐車（輪）場,30歳代,その他,施錠せず
窃盗,自転車盗,高尾,めじろ台交番,132012,東京都,八王子市,椚田町,2020-03-10,不明,４階建て以上共同住宅,駐車（輪）場,10歳代,中学生,施錠せず
窃盗,自転車盗,高尾,めじろ台交番,132012,東京都,八王子市,椚田町,2020-03-10,不明,４階建て以上共同住宅,駐車（輪）場,10歳代,高校生,施錠せず
窃盗,自転車盗,高尾,めじろ台交番,132012,東京都,八王子市,椚田町,2020-09-18,21,その他の住宅（３階建て以下共同住宅等）,駐車（輪）場,10歳代,大学生,施錠せず
窃盗,自転車盗,高尾,めじろ台交番,132012,東京都,八王子市,椚田町,2020-09-25,19,その他の住宅（３階建て以下共同住宅等）,駐車（輪）場,20歳代,大学生,施錠せず
窃盗,自転車盗,高尾,めじろ台交番,132012,東京都,八王子市,めじろ台４丁目,2020-03-12,23,その他の住宅（３階建て以下共同住宅等）,駐車（輪）場,10歳代,大学生,施錠せず
窃盗,自転車盗,高尾,長房町交番,132012,東京都,八王子市,狭間町,2020-03-07,02,一戸建住宅,駐車（輪）場,20歳代,その他,施錠せず
窃盗,自転車盗,高尾,長房町交番,132012,東京都,八王子市,長房町,2020-05-20,18,一戸建住宅,駐車（輪）場,60-64歳,その他,施錠せず
窃盗,自転車盗,高尾,長房町交番,132012,東京都,八王子市,長房町,2020-07-18,10,その他の住宅（３階建て以下共同住宅等）,駐車（輪）場,30歳代,その他,施錠せず
窃盗,自転車盗,高尾,長房町交番,132012,東京都,八王子市,長房町,2020-03-09,18,一戸建住宅,駐車（輪）場,50歳代,その他,施錠せず
窃盗,自転車盗,高尾,長房町交番,132012,東京都,八王子市,長房町,2020-07-23,14,その他の住宅（３階建て以下共同住宅等）,駐車（輪）場,10歳代,大学生,施錠せず
窃盗,自転車盗,高尾,長房町交番,132012,東京都,八王子市,長房町,2020-08-11,08,一戸建住宅,駐車（輪）場,10歳代,中学生,施錠せず
窃盗,自転車盗,高尾,長房町交番,132012,東京都,八王子市,長房町,2020-08-26,02,その他の住宅（３階建て以下共同住宅等）,駐車（輪）場,10歳代,高校生,施錠せず
窃盗,自転車盗,高尾,長房町交番,132012,東京都,八王子市,長房町,2020-10-13,05,その他の住宅（３階建て以下共同住宅等）,駐車（輪）場,65-69歳,その他,施錠せず
窃盗,自転車盗,高尾,長房町交番,132012,東京都,八王子市,長房町,2020-12-02,08,一戸建住宅,その他,20歳代,その他,施錠せず
窃盗,自転車盗,高尾,長房町交番,132012,東京都,八王子市,東浅川町,2020-02-18,17,その他,駐車（輪）場,10歳代,高校生,施錠せず
窃盗,自転車盗,高尾,横川町交番,132012,東京都,八王子市,泉町,2020-09-14,17,その他の住宅（３階建て以下共同住宅等）,駐車（輪）場,10歳代,高校生,施錠せず
窃盗,自転車盗,高尾,横川町交番,132012,東京都,八王子市,横川町,2020-02-06,21,一戸建住宅,駐車（輪）場,65-69歳,その他,施錠せず
窃盗,自転車盗,高尾,横川町交番,132012,東京都,八王子市,横川町,2020-02-25,20,その他の住宅（３階建て以下共同住宅等）,駐車（輪）場,10歳代,中学生,施錠せず
窃盗,自転車盗,高尾,横川町交番,132012,東京都,八王子市,横川町,2020-06-19,22,その他の住宅（３階建て以下共同住宅等）,駐車（輪）場,70歳以上,その他,施錠せず
窃盗,自転車盗,高尾,横川町交番,132012,東京都,八王子市,横川町,2020-10-21,22,その他の住宅（３階建て以下共同住宅等）,駐車（輪）場,40歳代,その他,施錠せず
窃盗,自転車盗,高尾,横川町交番,132012,東京都,八王子市,横川町,2020-11-22,17,その他の住宅（３階建て以下共同住宅等）,駐車（輪）場,20歳代,その他,施錠せず
窃盗,自転車盗,高尾,諏訪交番,132012,東京都,八王子市,諏訪町,2020-03-23,19,４階建て以上共同住宅,駐車（輪）場,70歳以上,その他,施錠せず
窃盗,自転車盗,高尾,諏訪交番,132012,東京都,八王子市,上恩方町,2020-06-14,18,一戸建住宅,駐車（輪）場,40歳代,その他,施錠せず
窃盗,自転車盗,高尾,諏訪交番,132012,東京都,八王子市,叶谷町,2020-05-26,00,一戸建住宅,駐車（輪）場,40歳代,その他,施錠せず
窃盗,自転車盗,高尾,諏訪交番,132012,東京都,八王子市,上壱分方町,2020-05-01,13,その他の住宅（３階建て以下共同住宅等）,駐車（輪）場,20歳代,その他,施錠せず
窃盗,自転車盗,高尾,諏訪交番,132012,東京都,八王子市,諏訪町,2020-02-12,07,一戸建住宅,駐車（輪）場,10歳代,中学生,施錠せず
窃盗,自転車盗,高尾,諏訪交番,132012,東京都,八王子市,諏訪町,2020-06-16,09,一戸建住宅,駐車（輪）場,70歳以上,その他,施錠せず
窃盗,自転車盗,高尾,諏訪交番,132012,東京都,八王子市,諏訪町,2020-07-09,17,一戸建住宅,駐車（輪）場,10歳代,中学生,施錠せず
窃盗,自転車盗,高尾,諏訪交番,132012,東京都,八王子市,諏訪町,2020-08-10,12,一戸建住宅,駐車（輪）場,30歳代,その他,施錠せず
窃盗,自転車盗,高尾,諏訪交番,132012,東京都,八王子市,諏訪町,2020-11-20,12,その他,駐車（輪）場,10歳代,小学生,施錠せず
窃盗,自転車盗,高尾,諏訪交番,132012,東京都,八王子市,諏訪町,2020-11-20,21,その他の住宅（３階建て以下共同住宅等）,駐車（輪）場,10歳代,中学生,施錠せず
窃盗,自転車盗,高尾,諏訪交番,132012,東京都,八王子市,大楽寺町,2020-02-04,19,一戸建住宅,その他,10歳代,高校生,施錠せず
窃盗,自転車盗,高尾,諏訪交番,132012,東京都,八王子市,大楽寺町,2020-02-07,22,駐車（輪）場,駐車（輪）場,30歳代,その他,施錠せず
窃盗,自転車盗,高尾,諏訪交番,132012,東京都,八王子市,大楽寺町,2020-11-01,09,その他,駐車（輪）場,70歳以上,その他,施錠せず
窃盗,自転車盗,高尾,元八王子交番,132012,東京都,八王子市,弐分方町,2020-03-05,18,一戸建住宅,駐車（輪）場,10歳未満,小学生,施錠せず
窃盗,自転車盗,高尾,元八王子交番,132012,東京都,八王子市,川町,2020-03-16,07,その他,駐車（輪）場,60-64歳,その他,施錠せず
窃盗,自転車盗,高尾,元八王子交番,132012,東京都,八王子市,元八王子町２丁目,2020-05-11,18,その他の住宅（３階建て以下共同住宅等）,駐車（輪）場,10歳代,その他,施錠せず
窃盗,自転車盗,高尾,元八王子交番,132012,東京都,八王子市,元八王子町２丁目,2020-05-29,18,駐車（輪）場,駐車（輪）場,70歳以上,その他,施錠せず
窃盗,自転車盗,高尾,東浅川駐在所,132012,東京都,八王子市,東浅川町,2020-01-21,22,一戸建住宅,その他,10歳代,大学生,施錠せず
窃盗,自転車盗,高尾,東浅川駐在所,132012,東京都,八王子市,東浅川町,2020-01-31,18,道路上,その他,20歳代,大学生,施錠せず
窃盗,自転車盗,高尾,東浅川駐在所,132012,東京都,八王子市,東浅川町,2020-02-29,01,その他,駐車（輪）場,50歳代,その他,施錠せず
窃盗,自転車盗,高尾,東浅川駐在所,132012,東京都,八王子市,東浅川町,2020-04-13,12,一戸建住宅,その他,40歳代,その他,施錠せず
窃盗,自転車盗,高尾,東浅川駐在所,132012,東京都,八王子市,東浅川町,2020-06-20,18,４階建て以上共同住宅,駐車（輪）場,30歳代,その他,施錠せず
窃盗,自転車盗,高尾,東浅川駐在所,132012,東京都,八王子市,東浅川町,2020-10-21,18,駐車（輪）場,駐車（輪）場,法人・団体、被害者なし,法人・団体、被害者なし,施錠せず
窃盗,自転車盗,高尾,東浅川駐在所,132012,東京都,八王子市,東浅川町,2020-11-26,17,その他,駐車（輪）場,50歳代,その他,施錠せず
窃盗,自転車盗,高尾,館ケ丘駐在所,132012,東京都,八王子市,館町,2019-12-23,23,その他,駐車（輪）場,20歳代,大学生,施錠せず
窃盗,自転車盗,高尾,館ケ丘駐在所,132012,東京都,八王子市,館町,2020-02-03,20,その他の住宅（３階建て以下共同住宅等）,駐車（輪）場,20歳代,大学生,施錠せず
窃盗,自転車盗,高尾,館ケ丘駐在所,132012,東京都,八王子市,館町,2020-06-05,21,その他,駐車（輪）場,10歳代,大学生,施錠せず
窃盗,自転車盗,高尾,館ケ丘駐在所,132012,東京都,八王子市,館町,2020-06-16,07,その他,駐車（輪）場,20歳代,その他,施錠せず
窃盗,自転車盗,高尾,館駐在所,132012,東京都,八王子市,館町,2019-12-18,21,４階建て以上共同住宅,駐車（輪）場,20歳代,大学生,施錠せず
窃盗,自転車盗,高尾,館駐在所,132012,東京都,八王子市,狭間町,2020-04-07,16,その他の住宅（３階建て以下共同住宅等）,その他,10歳代,高校生,施錠せず
窃盗,自転車盗,高尾,寺田団地駐在所,132012,東京都,八王子市,寺田町,2020-06-25,17,その他の住宅（３階建て以下共同住宅等）,駐車（輪）場,10歳代,その他,施錠せず
窃盗,自転車盗,高尾,寺田団地駐在所,132012,東京都,八王子市,寺田町,2020-10-15,19,その他の住宅（３階建て以下共同住宅等）,駐車（輪）場,20歳代,大学生,施錠せず
窃盗,自転車盗,高尾,下恩方駐在所,132012,東京都,八王子市,下恩方町,2020-10-04,06,駐車（輪）場,駐車（輪）場,10歳代,高校生,施錠せず
窃盗,自転車盗,高尾,西寺方駐在所,132012,東京都,八王子市,西寺方町,2020-02-03,21,その他の住宅（３階建て以下共同住宅等）,駐車（輪）場,10歳代,その他,施錠せず
窃盗,自転車盗,高尾,西寺方駐在所,132012,東京都,八王子市,西寺方町,2020-08-17,17,その他の住宅（３階建て以下共同住宅等）,駐車（輪）場,65-69歳,その他,施錠せず
窃盗,自転車盗,高尾,西寺方駐在所,132012,東京都,八王子市,西寺方町,2020-10-14,11,その他の住宅（３階建て以下共同住宅等）,駐車（輪）場,10歳代,中学生,施錠せず
窃盗,自転車盗,高尾,西寺方駐在所,132012,東京都,八王子市,西寺方町,2020-11-22,07,一戸建住宅,駐車（輪）場,65-69歳,その他,施錠せず
窃盗,自転車盗,多摩中央,桜ケ丘駅前交番,132241,東京都,多摩市,一ノ宮１丁目,2020-06-09,21,その他の住宅（３階建て以下共同住宅等）,駐車（輪）場,30歳代,その他,施錠せず
窃盗,自転車盗,多摩中央,桜ケ丘駅前交番,132241,東京都,多摩市,一ノ宮１丁目,2020-08-12,22,４階建て以上共同住宅,駐車（輪）場,30歳代,その他,施錠せず
窃盗,自転車盗,多摩中央,桜ケ丘駅前交番,132241,東京都,多摩市,一ノ宮２丁目,2019-12-07,17,駐車（輪）場,駐車（輪）場,20歳代,大学生,施錠せず
窃盗,自転車盗,多摩中央,桜ケ丘駅前交番,132241,東京都,多摩市,一ノ宮３丁目,2020-09-06,10,駐車（輪）場,駐車（輪）場,10歳代,高校生,施錠せず
窃盗,自転車盗,多摩中央,桜ケ丘駅前交番,132241,東京都,多摩市,一ノ宮４丁目,2020-01-05,18,一戸建住宅,駐車（輪）場,50歳代,その他,施錠せず
窃盗,自転車盗,多摩中央,桜ケ丘駅前交番,132241,東京都,多摩市,関戸１丁目,2019-12-26,17,駐車（輪）場,駐車（輪）場,10歳代,中学生,施錠せず
窃盗,自転車盗,多摩中央,桜ケ丘駅前交番,132241,東京都,多摩市,関戸１丁目,2020-10-14,14,その他,駐車（輪）場,50歳代,その他,施錠せず
窃盗,自転車盗,多摩中央,桜ケ丘駅前交番,132241,東京都,多摩市,関戸２丁目,2020-02-13,19,４階建て以上共同住宅,駐車（輪）場,10歳代,小学生,施錠せず
窃盗,自転車盗,多摩中央,愛宕交番,132241,東京都,多摩市,貝取１丁目,2020-03-22,07,４階建て以上共同住宅,駐車（輪）場,10歳代,小学生,施錠せず
窃盗,自転車盗,多摩中央,愛宕交番,132241,東京都,多摩市,乞田,2020-05-28,20,４階建て以上共同住宅,駐車（輪）場,40歳代,その他,施錠せず
窃盗,自転車盗,多摩中央,愛宕交番,132241,東京都,多摩市,乞田,2020-07-30,00,その他,駐車（輪）場,10歳代,その他,施錠せず
窃盗,自転車盗,多摩中央,愛宕交番,132241,東京都,多摩市,乞田,2020-10-01,不明,その他,駐車（輪）場,10歳代,その他,施錠せず
窃盗,自転車盗,多摩中央,愛宕交番,132241,東京都,多摩市,豊ケ丘１丁目,2020-02-17,00,その他の住宅（３階建て以下共同住宅等）,駐車（輪）場,10歳代,中学生,施錠せず
窃盗,自転車盗,多摩中央,愛宕交番,132241,東京都,多摩市,豊ケ丘１丁目,2020-11-03,17,道路上,その他,10歳代,高校生,施錠せず
窃盗,自転車盗,多摩中央,愛宕交番,132241,東京都,多摩市,東寺方,2020-09-20,17,４階建て以上共同住宅,駐車（輪）場,10歳代,その他,施錠せず
窃盗,自転車盗,多摩中央,愛宕交番,132241,東京都,多摩市,百草,2019-12-26,12,その他の住宅（３階建て以下共同住宅等）,駐車（輪）場,20歳代,大学生,施錠せず
窃盗,自転車盗,多摩中央,愛宕交番,132241,東京都,多摩市,和田,2019-12-20,14,４階建て以上共同住宅,駐車（輪）場,10歳代,高校生,施錠せず
窃盗,自転車盗,多摩中央,愛宕交番,132241,東京都,多摩市,和田,2020-01-19,00,４階建て以上共同住宅,駐車（輪）場,20歳代,大学生,施錠せず
窃盗,自転車盗,多摩中央,愛宕交番,132241,東京都,多摩市,和田,2020-01-19,02,その他の住宅（３階建て以下共同住宅等）,駐車（輪）場,10歳代,大学生,施錠せず
窃盗,自転車盗,多摩中央,愛宕交番,132241,東京都,多摩市,和田,2020-01-19,20,その他の住宅（３階建て以下共同住宅等）,駐車（輪）場,20歳代,大学生,施錠せず
窃盗,自転車盗,多摩中央,愛宕交番,132241,東京都,多摩市,和田,2020-09-29,20,その他の住宅（３階建て以下共同住宅等）,駐車（輪）場,20歳代,その他,施錠せず
窃盗,自転車盗,多摩中央,永山駅前交番,132241,東京都,多摩市,貝取３丁目,2020-06-26,20,４階建て以上共同住宅,駐車（輪）場,10歳代,小学生,施錠せず
窃盗,自転車盗,多摩中央,永山駅前交番,132241,東京都,多摩市,乞田,2020-03-02,14,その他,駐車（輪）場,20歳代,その他,施錠せず
窃盗,自転車盗,多摩中央,永山駅前交番,132241,東京都,多摩市,諏訪４丁目,2020-10-03,14,４階建て以上共同住宅,駐車（輪）場,20歳代,その他,施錠せず
窃盗,自転車盗,多摩中央,永山駅前交番,132241,東京都,多摩市,永山１丁目,2019-11-01,00,道路上,その他,10歳代,大学生,施錠せず
窃盗,自転車盗,多摩中央,永山駅前交番,132241,東京都,多摩市,永山１丁目,2019-12-04,12,駐車（輪）場,駐車（輪）場,10歳代,その他,施錠せず
窃盗,自転車盗,多摩中央,永山駅前交番,132241,東京都,多摩市,永山１丁目,2020-02-12,13,駐車（輪）場,駐車（輪）場,50歳代,その他,施錠せず
窃盗,自転車盗,多摩中央,永山駅前交番,132241,東京都,多摩市,永山１丁目,2020-04-24,09,その他,駐車（輪）場,20歳代,その他,施錠せず
窃盗,自転車盗,多摩中央,永山駅前交番,132241,東京都,多摩市,永山２丁目,2019-12-19,15,４階建て以上共同住宅,駐車（輪）場,20歳代,その他,施錠せず
窃盗,自転車盗,多摩中央,永山駅前交番,132241,東京都,多摩市,永山３丁目,2020-07-13,09,その他,駐車（輪）場,65-69歳,その他,施錠せず
窃盗,自転車盗,多摩中央,永山駅前交番,132241,東京都,多摩市,馬引沢１丁目,2020-02-04,12,４階建て以上共同住宅,駐車（輪）場,10歳代,小学生,施錠せず
窃盗,自転車盗,多摩中央,永山駅前交番,132241,東京都,多摩市,馬引沢２丁目,2019-07-14,22,その他の住宅（３階建て以下共同住宅等）,駐車（輪）場,20歳代,大学生,施錠せず
窃盗,自転車盗,多摩中央,永山駅前交番,132241,東京都,多摩市,馬引沢２丁目,2020-09-18,20,４階建て以上共同住宅,駐車（輪）場,30歳代,その他,施錠せず
窃盗,自転車盗,多摩中央,永山四丁目交番,132241,東京都,多摩市,永山３丁目,2020-03-22,18,４階建て以上共同住宅,駐車（輪）場,10歳代,中学生,施錠せず
窃盗,自転車盗,多摩中央,永山四丁目交番,132241,東京都,多摩市,永山４丁目,2020-03-06,19,４階建て以上共同住宅,駐車（輪）場,30歳代,その他,施錠せず
窃盗,自転車盗,多摩中央,永山四丁目交番,132241,東京都,多摩市,永山４丁目,2020-11-16,16,４階建て以上共同住宅,駐車（輪）場,70歳以上,その他,施錠せず
窃盗,自転車盗,多摩中央,永山四丁目交番,132241,東京都,多摩市,永山５丁目,2020-01-10,08,その他,駐車（輪）場,10歳代,高校生,施錠せず
窃盗,自転車盗,多摩中央,永山四丁目交番,132241,東京都,多摩市,永山６丁目,2020-11-08,18,４階建て以上共同住宅,駐車（輪）場,10歳代,大学生,施錠せず
窃盗,自転車盗,多摩中央,貝取交番,132241,東京都,多摩市,貝取,2020-02-26,20,４階建て以上共同住宅,駐車（輪）場,10歳代,中学生,施錠せず
窃盗,自転車盗,多摩中央,貝取交番,132241,東京都,多摩市,貝取３丁目,2019-12-06,17,４階建て以上共同住宅,駐車（輪）場,10歳未満,小学生,施錠せず
窃盗,自転車盗,多摩中央,貝取交番,132241,東京都,多摩市,豊ケ丘５丁目,2019-12-09,16,その他,駐車（輪）場,70歳以上,その他,施錠せず
窃盗,自転車盗,多摩中央,貝取交番,132241,東京都,多摩市,豊ケ丘５丁目,2020-01-23,19,４階建て以上共同住宅,駐車（輪）場,10歳代,小学生,施錠せず
窃盗,自転車盗,多摩中央,貝取交番,132241,東京都,多摩市,豊ケ丘６丁目,2019-12-20,18,４階建て以上共同住宅,駐車（輪）場,30歳代,その他,施錠せず
窃盗,自転車盗,多摩中央,貝取交番,132241,東京都,多摩市,豊ケ丘６丁目,2020-01-08,17,４階建て以上共同住宅,駐車（輪）場,10歳代,小学生,施錠せず
窃盗,自転車盗,多摩中央,貝取交番,132241,東京都,多摩市,永山６丁目,2020-04-04,21,４階建て以上共同住宅,駐車（輪）場,10歳代,大学生,施錠せず
窃盗,自転車盗,多摩中央,多摩センター駅前交番,132241,東京都,多摩市,愛宕４丁目,2020-08-05,19,４階建て以上共同住宅,駐車（輪）場,50歳代,その他,施錠せず
窃盗,自転車盗,多摩中央,多摩センター駅前交番,132241,東京都,多摩市,落合１丁目,2019-12-23,18,その他,駐車（輪）場,10歳代,大学生,施錠せず
窃盗,自転車盗,多摩中央,多摩センター駅前交番,132241,東京都,多摩市,落合１丁目,2020-01-10,11,その他,駐車（輪）場,20歳代,その他,施錠せず
窃盗,自転車盗,多摩中央,多摩センター駅前交番,132241,東京都,多摩市,落合１丁目,2020-02-03,14,道路上,その他,60-64歳,その他,施錠せず
窃盗,自転車盗,多摩中央,多摩センター駅前交番,132241,東京都,多摩市,落合１丁目,2020-02-19,17,その他,駐車（輪）場,10歳代,高校生,施錠せず
窃盗,自転車盗,多摩中央,多摩センター駅前交番,132241,東京都,多摩市,落合１丁目,2020-04-22,15,その他,駐車（輪）場,30歳代,その他,施錠せず
窃盗,自転車盗,多摩中央,多摩センター駅前交番,132241,東京都,多摩市,落合１丁目,2020-07-14,17,駐車（輪）場,駐車（輪）場,10歳代,高校生,施錠せず
窃盗,自転車盗,多摩中央,多摩センター駅前交番,132241,東京都,多摩市,落合１丁目,2020-09-26,17,その他,駐車（輪）場,20歳代,大学生,施錠せず
窃盗,自転車盗,多摩中央,多摩センター駅前交番,132241,東京都,多摩市,落合１丁目,2020-10-13,01,その他,駐車（輪）場,10歳代,大学生,施錠せず
窃盗,自転車盗,多摩中央,多摩センター駅前交番,132241,東京都,多摩市,落合１丁目,2020-11-11,17,駐車（輪）場,駐車（輪）場,20歳代,大学生,施錠せず
窃盗,自転車盗,多摩中央,多摩センター駅前交番,132241,東京都,多摩市,落合１丁目,2020-11-21,10,その他,駐車（輪）場,10歳代,中学生,施錠せず
窃盗,自転車盗,多摩中央,多摩センター駅前交番,132241,東京都,多摩市,落合２丁目,2019-12-17,18,その他,駐車（輪）場,40歳代,その他,施錠せず
窃盗,自転車盗,多摩中央,多摩センター駅前交番,132241,東京都,多摩市,落合２丁目,2019-12-25,15,その他,駐車（輪）場,10歳代,中学生,施錠せず
窃盗,自転車盗,多摩中央,多摩センター駅前交番,132241,東京都,多摩市,落合２丁目,2020-01-16,09,その他,駐車（輪）場,10歳代,小学生,施錠せず
窃盗,自転車盗,多摩中央,多摩センター駅前交番,132241,東京都,多摩市,落合２丁目,2020-01-31,07,その他,駐車（輪）場,20歳代,大学生,施錠せず
窃盗,自転車盗,多摩中央,多摩センター駅前交番,132241,東京都,多摩市,落合２丁目,2020-03-01,不明,その他,駐車（輪）場,10歳代,高校生,施錠せず
窃盗,自転車盗,多摩中央,多摩センター駅前交番,132241,東京都,多摩市,落合２丁目,2020-07-10,18,駐車（輪）場,駐車（輪）場,10歳代,高校生,施錠せず
窃盗,自転車盗,多摩中央,多摩センター駅前交番,132241,東京都,多摩市,落合３丁目,2020-02-14,21,４階建て以上共同住宅,駐車（輪）場,10歳代,中学生,施錠せず
窃盗,自転車盗,多摩中央,多摩センター駅前交番,132241,東京都,多摩市,落合３丁目,2020-07-19,17,４階建て以上共同住宅,駐車（輪）場,10歳代,中学生,施錠せず
窃盗,自転車盗,多摩中央,多摩センター駅前交番,132241,東京都,多摩市,落合５丁目,2020-02-21,17,４階建て以上共同住宅,駐車（輪）場,10歳代,小学生,施錠せず
窃盗,自転車盗,多摩中央,多摩センター駅前交番,132241,東京都,多摩市,鶴牧１丁目,2019-12-18,18,道路上,その他,10歳代,大学生,施錠せず
窃盗,自転車盗,多摩中央,多摩センター駅前交番,132241,東京都,多摩市,鶴牧３丁目,2020-09-07,16,４階建て以上共同住宅,駐車（輪）場,10歳未満,小学生,施錠せず
窃盗,自転車盗,多摩中央,多摩センター駅前交番,132241,東京都,多摩市,豊ケ丘１丁目,2020-04-04,07,その他の住宅（３階建て以下共同住宅等）,駐車（輪）場,20歳代,その他,施錠せず
窃盗,自転車盗,多摩中央,多摩センター駅前交番,132241,東京都,多摩市,南野２丁目,2020-03-29,12,４階建て以上共同住宅,駐車（輪）場,10歳代,大学生,施錠せず
窃盗,自転車盗,多摩中央,多摩センター駅前交番,132241,東京都,多摩市,山王下１丁目,2020-08-04,09,４階建て以上共同住宅,駐車（輪）場,20歳代,大学生,施錠せず
窃盗,自転車盗,多摩中央,大丸交番,132250,東京都,稲城市,大丸,2019-12-10,18,４階建て以上共同住宅,駐車（輪）場,10歳代,小学生,施錠せず
窃盗,自転車盗,多摩中央,大丸交番,132250,東京都,稲城市,大丸,2019-12-13,07,駐車（輪）場,駐車（輪）場,40歳代,その他,施錠せず
窃盗,自転車盗,多摩中央,大丸交番,132250,東京都,稲城市,大丸,2020-01-12,07,４階建て以上共同住宅,駐車（輪）場,10歳代,大学生,施錠せず
窃盗,自転車盗,多摩中央,大丸交番,132250,東京都,稲城市,大丸,2020-01-22,18,一戸建住宅,駐車（輪）場,40歳代,その他,施錠せず
窃盗,自転車盗,多摩中央,大丸交番,132250,東京都,稲城市,大丸,2020-02-09,07,その他,駐車（輪）場,10歳代,高校生,施錠せず
窃盗,自転車盗,多摩中央,大丸交番,132250,東京都,稲城市,大丸,2020-09-24,15,４階建て以上共同住宅,駐車（輪）場,20歳代,その他,施錠せず
窃盗,自転車盗,多摩中央,大丸交番,132250,東京都,稲城市,大丸,2020-09-28,00,４階建て以上共同住宅,駐車（輪）場,10歳代,高校生,施錠せず
窃盗,自転車盗,多摩中央,大丸交番,132250,東京都,稲城市,東長沼,2020-01-24,09,駐車（輪）場,駐車（輪）場,40歳代,その他,施錠せず
窃盗,自転車盗,多摩中央,大丸交番,132250,東京都,稲城市,東長沼,2020-08-19,05,４階建て以上共同住宅,駐車（輪）場,20歳代,その他,施錠せず
窃盗,自転車盗,多摩中央,大丸交番,132250,東京都,稲城市,東長沼,2020-12-10,01,その他の住宅（３階建て以下共同住宅等）,駐車（輪）場,20歳代,その他,施錠せず
窃盗,自転車盗,多摩中央,矢野口交番,132250,東京都,稲城市,押立,2020-09-30,17,その他の住宅（３階建て以下共同住宅等）,駐車（輪）場,10歳代,小学生,施錠せず
窃盗,自転車盗,多摩中央,矢野口交番,132250,東京都,稲城市,押立,2020-09-30,19,その他の住宅（３階建て以下共同住宅等）,駐車（輪）場,30歳代,その他,施錠せず
窃盗,自転車盗,多摩中央,矢野口交番,132250,東京都,稲城市,東長沼,2020-06-29,20,一戸建住宅,駐車（輪）場,20歳代,その他,施錠せず
窃盗,自転車盗,多摩中央,矢野口交番,132250,東京都,稲城市,矢野口,2018-01-22,17,道路上,その他,20歳代,その他,施錠せず
窃盗,自転車盗,多摩中央,矢野口交番,132250,東京都,稲城市,矢野口,2019-08-01,00,４階建て以上共同住宅,駐車（輪）場,30歳代,その他,施錠せず
窃盗,自転車盗,多摩中央,矢野口交番,132250,東京都,稲城市,矢野口,2019-11-30,23,その他,駐車（輪）場,20歳代,大学生,施錠せず
窃盗,自転車盗,多摩中央,矢野口交番,132250,東京都,稲城市,矢野口,2019-12-08,07,駐車（輪）場,駐車（輪）場,10歳代,高校生,施錠せず
窃盗,自転車盗,多摩中央,矢野口交番,132250,東京都,稲城市,矢野口,2020-01-17,21,その他の住宅（３階建て以下共同住宅等）,駐車（輪）場,20歳代,その他,施錠せず
窃盗,自転車盗,多摩中央,矢野口交番,132250,東京都,稲城市,矢野口,2020-01-21,21,その他の住宅（３階建て以下共同住宅等）,駐車（輪）場,70歳以上,その他,施錠せず
窃盗,自転車盗,多摩中央,矢野口交番,132250,東京都,稲城市,矢野口,2020-03-11,12,道路上,その他,20歳代,大学生,施錠せず
窃盗,自転車盗,多摩中央,矢野口交番,132250,東京都,稲城市,矢野口,2020-03-29,12,４階建て以上共同住宅,駐車（輪）場,10歳代,高校生,施錠せず
窃盗,自転車盗,多摩中央,矢野口交番,132250,東京都,稲城市,矢野口,2020-05-23,09,その他,駐車（輪）場,50歳代,その他,施錠せず
窃盗,自転車盗,多摩中央,矢野口交番,132250,東京都,稲城市,矢野口,2020-08-30,17,４階建て以上共同住宅,駐車（輪）場,40歳代,その他,施錠せず
窃盗,自転車盗,多摩中央,矢野口交番,132250,東京都,稲城市,矢野口,2020-09-01,07,その他,駐車（輪）場,10歳代,高校生,施錠せず
窃盗,自転車盗,多摩中央,矢野口交番,132250,東京都,稲城市,矢野口,2020-09-08,05,駐車（輪）場,駐車（輪）場,40歳代,その他,施錠せず
窃盗,自転車盗,多摩中央,矢野口交番,132250,東京都,稲城市,矢野口,2020-09-24,05,４階建て以上共同住宅,駐車（輪）場,50歳代,その他,施錠せず
窃盗,自転車盗,多摩中央,矢野口交番,132250,東京都,稲城市,矢野口,2020-12-03,18,その他,駐車（輪）場,20歳代,その他,施錠せず
窃盗,自転車盗,多摩中央,矢野口交番,132250,東京都,稲城市,矢野口,2020-12-12,18,道路上,その他,40歳代,その他,施錠せず
窃盗,自転車盗,多摩中央,矢野口交番,132250,東京都,稲城市,矢野口,2020-12-18,19,一戸建住宅,駐車（輪）場,50歳代,その他,施錠せず
窃盗,自転車盗,多摩中央,平尾交番,132250,東京都,稲城市,平尾４丁目,2020-05-28,17,４階建て以上共同住宅,駐車（輪）場,10歳代,大学生,施錠せず
窃盗,自転車盗,多摩中央,平尾交番,132250,東京都,稲城市,平尾３丁目,2020-06-25,15,道路上,その他,10歳代,小学生,施錠せず
窃盗,自転車盗,多摩中央,和田駐在所,132241,東京都,多摩市,和田,2020-05-14,20,４階建て以上共同住宅,駐車（輪）場,50歳代,その他,施錠せず
窃盗,自転車盗,多摩中央,和田駐在所,132241,東京都,多摩市,和田,2020-09-22,12,その他の住宅（３階建て以下共同住宅等）,駐車（輪）場,20歳代,その他,施錠せず
窃盗,自転車盗,多摩中央,和田駐在所,132241,東京都,多摩市,和田,2020-09-22,16,４階建て以上共同住宅,駐車（輪）場,20歳代,その他,施錠せず
窃盗,自転車盗,多摩中央,和田駐在所,132241,東京都,多摩市,和田,2020-12-23,15,道路上,その他,10歳代,小学生,施錠せず
窃盗,自転車盗,多摩中央,北貝取駐在所,132241,東京都,多摩市,貝取２丁目,2020-01-10,16,４階建て以上共同住宅,駐車（輪）場,10歳代,高校生,施錠せず
窃盗,自転車盗,多摩中央,北貝取駐在所,132241,東京都,多摩市,貝取２丁目,2020-02-03,08,その他の住宅（３階建て以下共同住宅等）,駐車（輪）場,10歳代,中学生,施錠せず
窃盗,自転車盗,多摩中央,北貝取駐在所,132241,東京都,多摩市,豊ケ丘２丁目,2020-05-10,10,４階建て以上共同住宅,駐車（輪）場,10歳代,高校生,施錠せず
窃盗,自転車盗,多摩中央,桜ケ丘駐在所,132241,東京都,多摩市,桜ケ丘４丁目,2020-08-17,22,一戸建住宅,駐車（輪）場,20歳代,大学生,施錠せず
窃盗,自転車盗,多摩中央,桜ケ丘駐在所,132241,東京都,多摩市,東寺方,2020-06-07,19,その他の住宅（３階建て以下共同住宅等）,駐車（輪）場,20歳代,大学生,施錠せず
窃盗,自転車盗,多摩中央,落合六丁目駐在所,132241,東京都,多摩市,鶴牧５丁目,2020-09-06,16,道路上,その他,70歳以上,その他,施錠せず
窃盗,自転車盗,多摩中央,落合六丁目駐在所,132241,東京都,多摩市,鶴牧５丁目,2020-09-06,18,４階建て以上共同住宅,駐車（輪）場,40歳代,その他,施錠せず
窃盗,自転車盗,多摩中央,東長沼駐在所,132250,東京都,稲城市,押立,2019-12-17,06,駐車（輪）場,駐車（輪）場,30歳代,その他,施錠せず
窃盗,自転車盗,多摩中央,東長沼駐在所,132250,東京都,稲城市,東長沼,2019-12-08,17,４階建て以上共同住宅,駐車（輪）場,20歳代,その他,施錠せず
窃盗,自転車盗,多摩中央,東長沼駐在所,132250,東京都,稲城市,東長沼,2020-02-28,00,その他,駐車（輪）場,20歳代,その他,施錠せず
窃盗,自転車盗,多摩中央,東長沼駐在所,132250,東京都,稲城市,東長沼,2020-08-24,00,その他の住宅（３階建て以下共同住宅等）,駐車（輪）場,30歳代,その他,施錠せず
窃盗,自転車盗,多摩中央,坂浜駐在所,132250,東京都,稲城市,坂浜,2019-12-11,08,その他,駐車（輪）場,10歳代,高校生,施錠せず
窃盗,自転車盗,多摩中央,百村駐在所,132250,東京都,稲城市,東長沼,2020-02-22,05,その他,駐車（輪）場,20歳代,その他,施錠せず
窃盗,自転車盗,多摩中央,百村駐在所,132250,東京都,稲城市,東長沼,2020-06-27,02,４階建て以上共同住宅,駐車（輪）場,70歳以上,その他,施錠せず
窃盗,自転車盗,多摩中央,百村駐在所,132250,東京都,稲城市,東長沼,2020-07-06,08,駐車（輪）場,駐車（輪）場,30歳代,その他,施錠せず
窃盗,自転車盗,多摩中央,百村駐在所,132250,東京都,稲城市,東長沼,2020-10-21,07,駐車（輪）場,駐車（輪）場,40歳代,その他,施錠せず
窃盗,自転車盗,多摩中央,長峰駐在所,132250,東京都,稲城市,長峰３丁目,2020-03-19,00,４階建て以上共同住宅,駐車（輪）場,20歳代,その他,施錠せず
窃盗,自転車盗,多摩中央,若葉台駅前交番,132250,東京都,稲城市,若葉台１丁目,2020-10-26,20,一戸建住宅,その他,10歳代,高校生,施錠せず
窃盗,自転車盗,多摩中央,若葉台駅前交番,132250,東京都,稲城市,若葉台２丁目,2020-01-12,21,その他,駐車（輪）場,10歳代,中学生,施錠せず
窃盗,自転車盗,多摩中央,若葉台駅前交番,132250,東京都,稲城市,若葉台２丁目,2020-01-15,18,その他,駐車（輪）場,10歳代,中学生,施錠せず
窃盗,自転車盗,多摩中央,若葉台駅前交番,132250,東京都,稲城市,若葉台２丁目,2020-02-26,20,その他,駐車（輪）場,30歳代,その他,施錠せず
窃盗,自転車盗,多摩中央,若葉台駅前交番,132250,東京都,稲城市,若葉台２丁目,2020-03-07,17,４階建て以上共同住宅,駐車（輪）場,10歳代,高校生,施錠せず
窃盗,自転車盗,多摩中央,若葉台駅前交番,132250,東京都,稲城市,若葉台２丁目,2020-05-23,17,４階建て以上共同住宅,駐車（輪）場,60-64歳,その他,施錠せず
窃盗,自転車盗,多摩中央,若葉台駅前交番,132250,東京都,稲城市,若葉台２丁目,2020-07-14,16,その他,駐車（輪）場,10歳代,小学生,施錠せず
窃盗,自転車盗,多摩中央,若葉台駅前交番,132250,東京都,稲城市,若葉台２丁目,2020-11-11,09,４階建て以上共同住宅,駐車（輪）場,50歳代,その他,施錠せず
窃盗,自転車盗,多摩中央,若葉台駅前交番,132250,東京都,稲城市,若葉台２丁目,2020-11-17,10,その他,駐車（輪）場,30歳代,その他,施錠せず
窃盗,自転車盗,多摩中央,若葉台駅前交番,132250,東京都,稲城市,若葉台２丁目,2020-11-18,17,道路上,その他,10歳代,小学生,施錠せず
窃盗,自転車盗,多摩中央,若葉台駅前交番,132250,東京都,稲城市,若葉台２丁目,2020-12-04,07,その他,駐車（輪）場,20歳代,その他,施錠せず
窃盗,自転車盗,多摩中央,若葉台駅前交番,132250,東京都,稲城市,若葉台２丁目,2020-12-04,08,駐車（輪）場,駐車（輪）場,40歳代,その他,施錠せず
窃盗,自転車盗,多摩中央,若葉台駅前交番,132250,東京都,稲城市,若葉台４丁目,2019-11-20,20,４階建て以上共同住宅,駐車（輪）場,10歳代,大学生,施錠せず
窃盗,自転車盗,多摩中央,唐木田駅前駐在所,132241,東京都,多摩市,唐木田１丁目,2020-02-05,06,道路上,その他,10歳代,中学生,施錠せず
窃盗,自転車盗,多摩中央,唐木田駅前駐在所,132241,東京都,多摩市,唐木田１丁目,2020-06-23,08,駐車（輪）場,駐車（輪）場,50歳代,その他,施錠せず
窃盗,自転車盗,東大和,けやき通交番,132209,東京都,東大和市,清原２丁目,2020-01-30,16,一戸建住宅,駐車（輪）場,10歳代,高校生,施錠せず
窃盗,自転車盗,東大和,けやき通交番,132209,東京都,東大和市,清原２丁目,2020-03-19,11,４階建て以上共同住宅,駐車（輪）場,10歳代,その他,施錠せず
窃盗,自転車盗,東大和,けやき通交番,132209,東京都,東大和市,清原２丁目,2020-03-26,09,４階建て以上共同住宅,駐車（輪）場,10歳代,高校生,施錠せず
窃盗,自転車盗,東大和,けやき通交番,132209,東京都,東大和市,清原２丁目,2020-05-07,18,４階建て以上共同住宅,駐車（輪）場,10歳代,高校生,施錠せず
窃盗,自転車盗,東大和,けやき通交番,132209,東京都,東大和市,清原２丁目,2020-12-15,11,４階建て以上共同住宅,駐車（輪）場,70歳以上,その他,施錠せず
窃盗,自転車盗,東大和,けやき通交番,132209,東京都,東大和市,清原３丁目,2020-02-24,21,４階建て以上共同住宅,駐車（輪）場,40歳代,その他,施錠せず
窃盗,自転車盗,東大和,けやき通交番,132209,東京都,東大和市,清原３丁目,2020-08-17,17,４階建て以上共同住宅,駐車（輪）場,10歳代,小学生,施錠せず
窃盗,自転車盗,東大和,けやき通交番,132209,東京都,東大和市,清原３丁目,2020-11-01,19,４階建て以上共同住宅,駐車（輪）場,10歳代,高校生,施錠せず
窃盗,自転車盗,東大和,けやき通交番,132209,東京都,東大和市,清水６丁目,2020-01-01,18,その他,駐車（輪）場,10歳代,中学生,施錠せず
窃盗,自転車盗,東大和,けやき通交番,132209,東京都,東大和市,清水６丁目,2020-10-16,22,４階建て以上共同住宅,駐車（輪）場,20歳代,その他,施錠せず
窃盗,自転車盗,東大和,けやき通交番,132209,東京都,東大和市,清水６丁目,2020-11-01,10,その他,駐車（輪）場,20歳代,大学生,施錠せず
窃盗,自転車盗,東大和,けやき通交番,132209,東京都,東大和市,新堀２丁目,2020-02-14,07,駐車（輪）場,駐車（輪）場,30歳代,その他,施錠せず
窃盗,自転車盗,東大和,けやき通交番,132209,東京都,東大和市,新堀２丁目,2020-09-13,20,一戸建住宅,駐車（輪）場,10歳代,小学生,施錠せず
窃盗,自転車盗,東大和,けやき通交番,132209,東京都,東大和市,新堀３丁目,2020-10-07,07,その他の住宅（３階建て以下共同住宅等）,駐車（輪）場,20歳代,その他,施錠せず
窃盗,自転車盗,東大和,けやき通交番,132209,東京都,東大和市,仲原２丁目,2019-10-19,11,その他,駐車（輪）場,10歳代,高校生,施錠せず
窃盗,自転車盗,東大和,けやき通交番,132209,東京都,東大和市,仲原２丁目,2020-05-20,03,一戸建住宅,駐車（輪）場,20歳代,その他,施錠せず
窃盗,自転車盗,東大和,けやき通交番,132209,東京都,東大和市,仲原２丁目,2020-10-31,01,一戸建住宅,駐車（輪）場,10歳代,その他,施錠せず
窃盗,自転車盗,東大和,けやき通交番,132209,東京都,東大和市,向原１丁目,2020-02-13,08,４階建て以上共同住宅,その他,10歳代,高校生,施錠せず
窃盗,自転車盗,東大和,けやき通交番,132209,東京都,東大和市,向原１丁目,2020-09-30,18,その他,駐車（輪）場,10歳代,高校生,施錠せず
窃盗,自転車盗,東大和,けやき通交番,132209,東京都,東大和市,向原３丁目,2020-01-24,21,その他の住宅（３階建て以下共同住宅等）,駐車（輪）場,40歳代,その他,施錠せず
窃盗,自転車盗,東大和,南街交番,132209,東京都,東大和市,桜が丘１丁目,2020-01-06,09,駐車（輪）場,駐車（輪）場,20歳代,大学生,施錠せず
窃盗,自転車盗,東大和,南街交番,132209,東京都,東大和市,桜が丘１丁目,2020-01-10,18,駐車（輪）場,駐車（輪）場,10歳代,高校生,施錠せず
窃盗,自転車盗,東大和,南街交番,132209,東京都,東大和市,桜が丘１丁目,2020-01-24,13,駐車（輪）場,駐車（輪）場,10歳代,高校生,施錠せず
窃盗,自転車盗,東大和,南街交番,132209,東京都,東大和市,桜が丘１丁目,2020-02-09,15,駐車（輪）場,駐車（輪）場,10歳代,中学生,施錠せず
窃盗,自転車盗,東大和,南街交番,132209,東京都,東大和市,桜が丘１丁目,2020-02-17,17,４階建て以上共同住宅,駐車（輪）場,50歳代,その他,施錠せず
窃盗,自転車盗,東大和,南街交番,132209,東京都,東大和市,桜が丘１丁目,2020-02-20,17,駐車（輪）場,駐車（輪）場,10歳代,高校生,施錠せず
窃盗,自転車盗,東大和,南街交番,132209,東京都,東大和市,桜が丘１丁目,2020-02-21,14,駐車（輪）場,駐車（輪）場,10歳代,高校生,施錠せず
窃盗,自転車盗,東大和,南街交番,132209,東京都,東大和市,桜が丘１丁目,2020-02-24,18,４階建て以上共同住宅,駐車（輪）場,60-64歳,その他,施錠せず
窃盗,自転車盗,東大和,南街交番,132209,東京都,東大和市,桜が丘１丁目,2020-02-28,16,駐車（輪）場,駐車（輪）場,10歳代,高校生,施錠せず
窃盗,自転車盗,東大和,南街交番,132209,東京都,東大和市,桜が丘１丁目,2020-02-29,17,駐車（輪）場,駐車（輪）場,20歳代,その他,施錠せず
窃盗,自転車盗,東大和,南街交番,132209,東京都,東大和市,桜が丘１丁目,2020-03-06,10,駐車（輪）場,駐車（輪）場,30歳代,その他,施錠せず
窃盗,自転車盗,東大和,南街交番,132209,東京都,東大和市,桜が丘１丁目,2020-04-08,06,駐車（輪）場,駐車（輪）場,40歳代,その他,施錠せず
窃盗,自転車盗,東大和,南街交番,132209,東京都,東大和市,桜が丘１丁目,2020-06-24,21,その他,駐車（輪）場,10歳代,高校生,施錠せず
窃盗,自転車盗,東大和,南街交番,132209,東京都,東大和市,桜が丘１丁目,2020-07-16,18,駐車（輪）場,駐車（輪）場,10歳代,高校生,施錠せず
窃盗,自転車盗,東大和,南街交番,132209,東京都,東大和市,桜が丘１丁目,2020-08-30,11,駐車（輪）場,駐車（輪）場,20歳代,その他,施錠せず
窃盗,自転車盗,東大和,南街交番,132209,東京都,東大和市,桜が丘１丁目,2020-10-17,07,駐車（輪）場,駐車（輪）場,10歳代,大学生,施錠せず
窃盗,自転車盗,東大和,南街交番,132209,東京都,東大和市,桜が丘１丁目,2020-12-13,08,駐車（輪）場,駐車（輪）場,20歳代,その他,施錠せず
窃盗,自転車盗,東大和,南街交番,132209,東京都,東大和市,桜が丘２丁目,2020-01-16,17,その他,駐車（輪）場,10歳代,中学生,施錠せず
窃盗,自転車盗,東大和,南街交番,132209,東京都,東大和市,桜が丘２丁目,2020-02-29,19,その他,駐車（輪）場,10歳代,小学生,施錠せず
窃盗,自転車盗,東大和,南街交番,132209,東京都,東大和市,桜が丘２丁目,2020-07-20,17,その他,駐車（輪）場,20歳代,大学生,施錠せず
窃盗,自転車盗,東大和,南街交番,132209,東京都,東大和市,桜が丘２丁目,2020-08-02,14,その他,駐車（輪）場,10歳代,高校生,施錠せず
窃盗,自転車盗,東大和,南街交番,132209,東京都,東大和市,桜が丘２丁目,2020-08-17,13,その他,駐車（輪）場,10歳代,高校生,施錠せず
窃盗,自転車盗,東大和,南街交番,132209,東京都,東大和市,桜が丘２丁目,2020-10-20,11,その他,駐車（輪）場,70歳以上,その他,施錠せず
窃盗,自転車盗,東大和,南街交番,132209,東京都,東大和市,桜が丘２丁目,2020-12-29,14,その他,駐車（輪）場,10歳代,中学生,施錠せず
窃盗,自転車盗,東大和,南街交番,132209,東京都,東大和市,中央１丁目,2020-06-08,11,道路上,その他,65-69歳,その他,施錠せず
窃盗,自転車盗,東大和,南街交番,132209,東京都,東大和市,南街１丁目,2020-02-13,20,４階建て以上共同住宅,その他,60-64歳,その他,施錠せず
窃盗,自転車盗,東大和,南街交番,132209,東京都,東大和市,南街１丁目,2020-09-14,15,一戸建住宅,駐車（輪）場,60-64歳,その他,施錠せず
窃盗,自転車盗,東大和,南街交番,132209,東京都,東大和市,南街１丁目,2020-09-18,12,４階建て以上共同住宅,その他,20歳代,その他,施錠せず
窃盗,自転車盗,東大和,南街交番,132209,東京都,東大和市,南街１丁目,2020-10-13,17,４階建て以上共同住宅,駐車（輪）場,30歳代,その他,施錠せず
窃盗,自転車盗,東大和,南街交番,132209,東京都,東大和市,南街１丁目,2020-11-25,08,その他の住宅（３階建て以下共同住宅等）,駐車（輪）場,40歳代,その他,施錠せず
窃盗,自転車盗,東大和,南街交番,132209,東京都,東大和市,南街２丁目,2020-03-04,11,一戸建住宅,駐車（輪）場,10歳代,大学生,施錠せず
窃盗,自転車盗,東大和,南街交番,132209,東京都,東大和市,南街２丁目,2020-03-05,22,４階建て以上共同住宅,駐車（輪）場,10歳代,高校生,施錠せず
窃盗,自転車盗,東大和,南街交番,132209,東京都,東大和市,南街３丁目,2020-01-07,15,一戸建住宅,駐車（輪）場,50歳代,その他,施錠せず
窃盗,自転車盗,東大和,南街交番,132209,東京都,東大和市,南街３丁目,2020-10-31,18,一戸建住宅,その他,10歳代,中学生,施錠せず
窃盗,自転車盗,東大和,南街交番,132209,東京都,東大和市,南街３丁目,2020-11-24,19,道路上,その他,30歳代,その他,施錠せず
窃盗,自転車盗,東大和,南街交番,132209,東京都,東大和市,南街４丁目,2020-06-25,20,その他の住宅（３階建て以下共同住宅等）,駐車（輪）場,20歳代,その他,施錠せず
窃盗,自転車盗,東大和,南街交番,132209,東京都,東大和市,南街５丁目,2019-12-27,20,道路上,その他,65-69歳,その他,施錠せず
窃盗,自転車盗,東大和,南街交番,132209,東京都,東大和市,南街５丁目,2020-01-17,15,４階建て以上共同住宅,駐車（輪）場,20歳代,その他,施錠せず
窃盗,自転車盗,東大和,南街交番,132209,東京都,東大和市,南街５丁目,2020-02-26,09,一戸建住宅,駐車（輪）場,50歳代,その他,施錠せず
窃盗,自転車盗,東大和,南街交番,132209,東京都,東大和市,南街５丁目,2020-11-14,21,道路上,その他,20歳代,その他,施錠せず
窃盗,自転車盗,東大和,南街交番,132209,東京都,東大和市,向原１丁目,2020-02-16,08,一戸建住宅,駐車（輪）場,50歳代,その他,施錠せず
窃盗,自転車盗,東大和,南街交番,132209,東京都,東大和市,向原３丁目,2020-02-17,09,道路上,その他,20歳代,その他,施錠せず
窃盗,自転車盗,東大和,南街交番,132209,東京都,東大和市,向原３丁目,2020-07-01,13,４階建て以上共同住宅,駐車（輪）場,10歳代,中学生,施錠せず
窃盗,自転車盗,東大和,南街交番,132209,東京都,東大和市,向原６丁目,2019-12-19,18,４階建て以上共同住宅,駐車（輪）場,10歳代,中学生,施錠せず
窃盗,自転車盗,東大和,南街交番,132209,東京都,東大和市,向原６丁目,2020-01-16,21,４階建て以上共同住宅,駐車（輪）場,10歳代,高校生,施錠せず
窃盗,自転車盗,東大和,南街交番,132209,東京都,東大和市,向原６丁目,2020-01-19,19,４階建て以上共同住宅,駐車（輪）場,10歳代,中学生,施錠せず
窃盗,自転車盗,東大和,南街交番,132209,東京都,東大和市,向原６丁目,2020-02-24,21,４階建て以上共同住宅,駐車（輪）場,10歳代,中学生,施錠せず
窃盗,自転車盗,東大和,南街交番,132209,東京都,東大和市,向原６丁目,2020-03-09,10,駐車（輪）場,駐車（輪）場,10歳代,その他,施錠せず
窃盗,自転車盗,東大和,南街交番,132209,東京都,東大和市,向原６丁目,2020-03-12,13,４階建て以上共同住宅,駐車（輪）場,20歳代,その他,施錠せず
窃盗,自転車盗,東大和,南街交番,132209,東京都,東大和市,向原６丁目,2020-05-28,17,４階建て以上共同住宅,駐車（輪）場,10歳代,小学生,施錠せず
窃盗,自転車盗,東大和,南街交番,132209,東京都,東大和市,向原６丁目,2020-07-11,18,４階建て以上共同住宅,駐車（輪）場,60-64歳,その他,施錠せず
窃盗,自転車盗,東大和,南街交番,132209,東京都,東大和市,向原６丁目,2020-08-29,04,４階建て以上共同住宅,駐車（輪）場,10歳代,高校生,施錠せず
窃盗,自転車盗,東大和,南街交番,132209,東京都,東大和市,向原６丁目,2020-09-22,17,道路上,その他,10歳代,高校生,施錠せず
窃盗,自転車盗,東大和,南街交番,132209,東京都,東大和市,向原６丁目,2020-09-29,18,その他,駐車（輪）場,10歳代,高校生,施錠せず
窃盗,自転車盗,東大和,南街交番,132209,東京都,東大和市,向原６丁目,2020-12-16,20,４階建て以上共同住宅,駐車（輪）場,10歳代,中学生,施錠せず
窃盗,自転車盗,東大和,奈良橋交番,132209,東京都,東大和市,上北台１丁目,2020-03-13,11,その他,駐車（輪）場,10歳代,高校生,施錠せず
窃盗,自転車盗,東大和,奈良橋交番,132209,東京都,東大和市,上北台１丁目,2020-12-23,15,その他,駐車（輪）場,70歳以上,その他,施錠せず
窃盗,自転車盗,東大和,奈良橋交番,132209,東京都,東大和市,上北台２丁目,2020-05-07,16,その他,駐車（輪）場,30歳代,その他,施錠せず
窃盗,自転車盗,東大和,奈良橋交番,132209,東京都,東大和市,蔵敷３丁目,2020-04-21,16,４階建て以上共同住宅,駐車（輪）場,70歳以上,その他,施錠せず
窃盗,自転車盗,東大和,奈良橋交番,132209,東京都,東大和市,蔵敷３丁目,2020-07-07,18,４階建て以上共同住宅,駐車（輪）場,65-69歳,その他,施錠せず
窃盗,自転車盗,東大和,奈良橋交番,132209,東京都,東大和市,蔵敷３丁目,2020-08-25,23,４階建て以上共同住宅,駐車（輪）場,40歳代,その他,施錠せず
窃盗,自転車盗,東大和,奈良橋交番,132209,東京都,東大和市,高木３丁目,2020-10-29,17,その他,駐車（輪）場,20歳代,その他,施錠せず
窃盗,自転車盗,東大和,奈良橋交番,132209,東京都,東大和市,立野１丁目,2020-02-17,14,その他,駐車（輪）場,10歳代,その他,施錠せず
窃盗,自転車盗,東大和,奈良橋交番,132209,東京都,東大和市,立野２丁目,2020-02-07,11,その他,駐車（輪）場,20歳代,その他,施錠せず
窃盗,自転車盗,東大和,奈良橋交番,132209,東京都,東大和市,立野２丁目,2020-03-12,05,駐車（輪）場,駐車（輪）場,10歳代,高校生,施錠せず
窃盗,自転車盗,東大和,奈良橋交番,132209,東京都,東大和市,立野２丁目,2020-06-30,18,その他,駐車（輪）場,10歳代,高校生,施錠せず
窃盗,自転車盗,東大和,奈良橋交番,132209,東京都,東大和市,立野２丁目,2020-08-07,07,道路上,その他,10歳代,その他,施錠せず
窃盗,自転車盗,東大和,奈良橋交番,132209,東京都,東大和市,立野２丁目,2020-08-09,16,その他,駐車（輪）場,10歳代,その他,施錠せず
窃盗,自転車盗,東大和,奈良橋交番,132209,東京都,東大和市,中央１丁目,2020-02-28,16,一戸建住宅,駐車（輪）場,60-64歳,その他,施錠せず
窃盗,自転車盗,東大和,奈良橋交番,132209,東京都,東大和市,中央１丁目,2020-06-05,13,その他,駐車（輪）場,10歳代,高校生,施錠せず
窃盗,自転車盗,東大和,奈良橋交番,132209,東京都,東大和市,中央２丁目,2020-06-25,20,一戸建住宅,駐車（輪）場,50歳代,その他,施錠せず
窃盗,自転車盗,東大和,奈良橋交番,132209,東京都,東大和市,中央３丁目,2019-12-25,15,その他,駐車（輪）場,10歳代,高校生,施錠せず
窃盗,自転車盗,東大和,奈良橋交番,132209,東京都,東大和市,中央３丁目,2020-02-15,17,その他,駐車（輪）場,20歳代,大学生,施錠せず
窃盗,自転車盗,東大和,奈良橋交番,132209,東京都,東大和市,仲原４丁目,2020-01-31,15,一戸建住宅,駐車（輪）場,20歳代,大学生,施錠せず
窃盗,自転車盗,東大和,奈良橋交番,132209,東京都,東大和市,仲原４丁目,2020-06-25,16,その他の住宅（３階建て以下共同住宅等）,駐車（輪）場,20歳代,その他,施錠せず
窃盗,自転車盗,東大和,奈良橋交番,132209,東京都,東大和市,仲原４丁目,2020-08-19,23,その他の住宅（３階建て以下共同住宅等）,駐車（輪）場,20歳代,その他,施錠せず
窃盗,自転車盗,東大和,奈良橋交番,132209,東京都,東大和市,仲原４丁目,2020-11-22,18,４階建て以上共同住宅,駐車（輪）場,40歳代,その他,施錠せず
窃盗,自転車盗,東大和,奈良橋交番,132209,東京都,東大和市,奈良橋６丁目,2020-05-18,19,４階建て以上共同住宅,駐車（輪）場,10歳代,中学生,施錠せず
窃盗,自転車盗,東大和,村山交番,132233,東京都,武蔵村山市,榎１丁目,2019-11-16,17,その他,駐車（輪）場,40歳代,その他,施錠せず
窃盗,自転車盗,東大和,村山交番,132233,東京都,武蔵村山市,榎１丁目,2019-12-31,12,その他,駐車（輪）場,40歳代,その他,施錠せず
窃盗,自転車盗,東大和,村山交番,132233,東京都,武蔵村山市,榎１丁目,2020-01-08,14,その他,駐車（輪）場,10歳代,中学生,施錠せず
窃盗,自転車盗,東大和,村山交番,132233,東京都,武蔵村山市,榎１丁目,2020-01-13,13,その他,駐車（輪）場,10歳代,中学生,施錠せず
窃盗,自転車盗,東大和,村山交番,132233,東京都,武蔵村山市,榎１丁目,2020-01-22,14,その他,駐車（輪）場,10歳代,高校生,施錠せず
窃盗,自転車盗,東大和,村山交番,132233,東京都,武蔵村山市,榎１丁目,2020-02-07,08,駐車（輪）場,駐車（輪）場,30歳代,その他,施錠せず
窃盗,自転車盗,東大和,村山交番,132233,東京都,武蔵村山市,榎１丁目,2020-03-13,17,その他,駐車（輪）場,10歳代,高校生,施錠せず
窃盗,自転車盗,東大和,村山交番,132233,東京都,武蔵村山市,榎１丁目,2020-03-22,14,駐車（輪）場,駐車（輪）場,30歳代,その他,施錠せず
窃盗,自転車盗,東大和,村山交番,132233,東京都,武蔵村山市,榎１丁目,2020-04-06,15,その他,駐車（輪）場,65-69歳,その他,施錠せず
窃盗,自転車盗,東大和,村山交番,132233,東京都,武蔵村山市,榎１丁目,2020-04-15,04,その他,駐車（輪）場,70歳以上,その他,施錠せず
窃盗,自転車盗,東大和,村山交番,132233,東京都,武蔵村山市,榎１丁目,2020-06-16,21,その他,駐車（輪）場,20歳代,その他,施錠せず
窃盗,自転車盗,東大和,村山交番,132233,東京都,武蔵村山市,榎１丁目,2020-08-04,13,その他,駐車（輪）場,10歳代,高校生,施錠せず
窃盗,自転車盗,東大和,村山交番,132233,東京都,武蔵村山市,榎１丁目,2020-08-11,10,その他,駐車（輪）場,10歳代,中学生,施錠せず
窃盗,自転車盗,東大和,村山交番,132233,東京都,武蔵村山市,榎１丁目,2020-08-12,12,その他,駐車（輪）場,10歳代,大学生,施錠せず
窃盗,自転車盗,東大和,村山交番,132233,東京都,武蔵村山市,榎１丁目,2020-08-17,16,その他,駐車（輪）場,20歳代,その他,施錠せず
窃盗,自転車盗,東大和,村山交番,132233,東京都,武蔵村山市,榎１丁目,2020-09-09,17,その他,駐車（輪）場,10歳代,大学生,施錠せず
窃盗,自転車盗,東大和,村山交番,132233,東京都,武蔵村山市,榎１丁目,2020-09-11,17,その他,駐車（輪）場,10歳代,その他,施錠せず
窃盗,自転車盗,東大和,村山交番,132233,東京都,武蔵村山市,榎１丁目,2020-09-26,14,その他,駐車（輪）場,10歳代,中学生,施錠せず
窃盗,自転車盗,東大和,村山交番,132233,東京都,武蔵村山市,榎１丁目,2020-10-04,15,その他,駐車（輪）場,10歳代,中学生,施錠せず
窃盗,自転車盗,東大和,村山交番,132233,東京都,武蔵村山市,榎１丁目,2020-10-21,16,その他,駐車（輪）場,10歳代,中学生,施錠せず
窃盗,自転車盗,東大和,村山交番,132233,東京都,武蔵村山市,榎１丁目,2020-10-24,23,その他,駐車（輪）場,10歳代,その他,施錠せず
窃盗,自転車盗,東大和,村山交番,132233,東京都,武蔵村山市,榎１丁目,2020-10-29,18,その他,駐車（輪）場,10歳代,高校生,施錠せず
窃盗,自転車盗,東大和,村山交番,132233,東京都,武蔵村山市,榎１丁目,2020-11-07,12,その他,駐車（輪）場,10歳代,高校生,施錠せず
窃盗,自転車盗,東大和,村山交番,132233,東京都,武蔵村山市,榎１丁目,2020-12-14,16,その他,駐車（輪）場,10歳代,高校生,施錠せず
窃盗,自転車盗,東大和,村山交番,132233,東京都,武蔵村山市,大南１丁目,2019-12-30,09,その他,駐車（輪）場,40歳代,その他,施錠せず
窃盗,自転車盗,東大和,村山交番,132233,東京都,武蔵村山市,大南１丁目,2020-01-07,12,その他,駐車（輪）場,10歳代,中学生,施錠せず
窃盗,自転車盗,東大和,村山交番,132233,東京都,武蔵村山市,大南１丁目,2020-02-03,15,その他,駐車（輪）場,10歳代,中学生,施錠せず
窃盗,自転車盗,東大和,村山交番,132233,東京都,武蔵村山市,大南１丁目,2020-02-13,19,４階建て以上共同住宅,駐車（輪）場,30歳代,その他,施錠せず
窃盗,自転車盗,東大和,村山交番,132233,東京都,武蔵村山市,大南１丁目,2020-03-01,17,一戸建住宅,駐車（輪）場,10歳代,中学生,施錠せず
窃盗,自転車盗,東大和,村山交番,132233,東京都,武蔵村山市,大南１丁目,2020-03-02,20,一戸建住宅,駐車（輪）場,10歳代,高校生,施錠せず
窃盗,自転車盗,東大和,村山交番,132233,東京都,武蔵村山市,大南１丁目,2020-06-09,18,一戸建住宅,駐車（輪）場,10歳代,大学生,施錠せず
窃盗,自転車盗,東大和,村山交番,132233,東京都,武蔵村山市,大南１丁目,2020-06-27,01,一戸建住宅,駐車（輪）場,40歳代,その他,施錠せず
窃盗,自転車盗,東大和,村山交番,132233,東京都,武蔵村山市,大南１丁目,2020-09-21,19,その他,駐車（輪）場,10歳代,大学生,施錠せず
窃盗,自転車盗,東大和,村山交番,132233,東京都,武蔵村山市,大南１丁目,2020-10-20,17,その他の住宅（３階建て以下共同住宅等）,駐車（輪）場,20歳代,その他,施錠せず
窃盗,自転車盗,東大和,村山交番,132233,東京都,武蔵村山市,大南１丁目,2020-10-26,21,駐車（輪）場,駐車（輪）場,10歳代,大学生,施錠せず
窃盗,自転車盗,東大和,村山交番,132233,東京都,武蔵村山市,大南２丁目,2020-09-04,20,一戸建住宅,駐車（輪）場,10歳代,その他,施錠せず
窃盗,自転車盗,東大和,村山交番,132233,東京都,武蔵村山市,大南３丁目,2020-08-31,01,その他,駐車（輪）場,20歳代,その他,施錠せず
窃盗,自転車盗,東大和,村山交番,132233,東京都,武蔵村山市,学園２丁目,2019-12-27,19,４階建て以上共同住宅,駐車（輪）場,30歳代,その他,施錠せず
窃盗,自転車盗,東大和,村山交番,132233,東京都,武蔵村山市,学園３丁目,2019-12-28,10,駐車（輪）場,駐車（輪）場,20歳代,その他,施錠せず
窃盗,自転車盗,東大和,村山交番,132233,東京都,武蔵村山市,学園３丁目,2020-06-17,19,その他,駐車（輪）場,70歳以上,その他,施錠せず
窃盗,自転車盗,東大和,村山交番,132233,東京都,武蔵村山市,学園３丁目,2020-09-03,00,その他,駐車（輪）場,60-64歳,その他,施錠せず
窃盗,自転車盗,東大和,村山交番,132233,東京都,武蔵村山市,学園３丁目,2020-09-15,19,その他,駐車（輪）場,65-69歳,その他,施錠せず
窃盗,自転車盗,東大和,村山交番,132233,東京都,武蔵村山市,学園５丁目,2020-03-21,12,駐車（輪）場,駐車（輪）場,10歳代,中学生,施錠せず
窃盗,自転車盗,東大和,村山交番,132233,東京都,武蔵村山市,緑が丘,2019-12-28,13,４階建て以上共同住宅,駐車（輪）場,10歳代,中学生,施錠せず
窃盗,自転車盗,東大和,村山交番,132233,東京都,武蔵村山市,緑が丘,2019-12-29,22,４階建て以上共同住宅,駐車（輪）場,40歳代,その他,施錠せず
窃盗,自転車盗,東大和,村山交番,132233,東京都,武蔵村山市,緑が丘,2019-12-30,16,４階建て以上共同住宅,駐車（輪）場,70歳以上,その他,施錠せず
窃盗,自転車盗,東大和,村山交番,132233,東京都,武蔵村山市,緑が丘,2019-12-31,05,４階建て以上共同住宅,駐車（輪）場,30歳代,その他,施錠せず
窃盗,自転車盗,東大和,村山交番,132233,東京都,武蔵村山市,緑が丘,2020-01-25,15,４階建て以上共同住宅,駐車（輪）場,50歳代,その他,施錠せず
窃盗,自転車盗,東大和,村山交番,132233,東京都,武蔵村山市,緑が丘,2020-02-08,21,４階建て以上共同住宅,駐車（輪）場,10歳代,高校生,施錠せず
窃盗,自転車盗,東大和,村山交番,132233,東京都,武蔵村山市,緑が丘,2020-05-08,18,４階建て以上共同住宅,駐車（輪）場,10歳代,小学生,施錠せず
窃盗,自転車盗,東大和,村山交番,132233,東京都,武蔵村山市,緑が丘,2020-05-10,12,４階建て以上共同住宅,駐車（輪）場,40歳代,その他,施錠せず
窃盗,自転車盗,東大和,村山交番,132233,東京都,武蔵村山市,緑が丘,2020-05-11,21,４階建て以上共同住宅,駐車（輪）場,10歳代,高校生,施錠せず
窃盗,自転車盗,東大和,村山交番,132233,東京都,武蔵村山市,緑が丘,2020-05-26,08,４階建て以上共同住宅,駐車（輪）場,20歳代,その他,施錠せず
窃盗,自転車盗,東大和,村山交番,132233,東京都,武蔵村山市,緑が丘,2020-09-22,03,４階建て以上共同住宅,駐車（輪）場,40歳代,その他,施錠せず
窃盗,自転車盗,東大和,村山交番,132233,東京都,武蔵村山市,緑が丘,2020-10-02,17,４階建て以上共同住宅,駐車（輪）場,10歳代,高校生,施錠せず
窃盗,自転車盗,東大和,中藤交番,132233,東京都,武蔵村山市,榎３丁目,2020-09-11,16,その他,駐車（輪）場,20歳代,大学生,施錠せず
窃盗,自転車盗,東大和,中藤交番,132233,東京都,武蔵村山市,榎３丁目,2020-10-02,17,その他,駐車（輪）場,10歳代,その他,施錠せず
窃盗,自転車盗,東大和,中藤交番,132233,東京都,武蔵村山市,榎３丁目,2020-10-04,13,その他,駐車（輪）場,20歳代,大学生,施錠せず
窃盗,自転車盗,東大和,中藤交番,132233,東京都,武蔵村山市,学園１丁目,2020-03-27,22,道路上,その他,30歳代,その他,施錠せず
窃盗,自転車盗,東大和,中藤交番,132233,東京都,武蔵村山市,学園１丁目,2020-06-30,17,その他の住宅（３階建て以下共同住宅等）,駐車（輪）場,10歳代,小学生,施錠せず
窃盗,自転車盗,東大和,中藤交番,132233,東京都,武蔵村山市,三ツ藤１丁目,2020-07-02,16,道路上,その他,10歳代,中学生,施錠せず
窃盗,自転車盗,東大和,中藤交番,132233,東京都,武蔵村山市,三ツ藤３丁目,2020-06-18,21,一戸建住宅,駐車（輪）場,40歳代,その他,施錠せず
窃盗,自転車盗,東大和,中藤交番,132233,東京都,武蔵村山市,神明１丁目,2020-10-24,11,一戸建住宅,駐車（輪）場,70歳以上,その他,施錠せず
窃盗,自転車盗,東大和,中藤交番,132233,東京都,武蔵村山市,神明１丁目,2020-10-29,15,一戸建住宅,駐車（輪）場,40歳代,その他,施錠せず
窃盗,自転車盗,東大和,中藤交番,132233,東京都,武蔵村山市,神明１丁目,2020-11-04,21,一戸建住宅,駐車（輪）場,20歳代,その他,施錠せず
窃盗,自転車盗,東大和,中藤交番,132233,東京都,武蔵村山市,神明１丁目,2020-11-30,20,一戸建住宅,その他,10歳代,中学生,施錠せず
窃盗,自転車盗,東大和,中藤交番,132233,東京都,武蔵村山市,神明２丁目,2020-12-22,13,一戸建住宅,駐車（輪）場,50歳代,その他,施錠せず
窃盗,自転車盗,東大和,中藤交番,132233,東京都,武蔵村山市,神明４丁目,2020-09-30,17,一戸建住宅,駐車（輪）場,30歳代,その他,施錠せず
窃盗,自転車盗,東大和,中藤交番,132233,東京都,武蔵村山市,中藤１丁目,2020-10-02,18,一戸建住宅,駐車（輪）場,40歳代,その他,施錠せず
窃盗,自転車盗,東大和,中藤交番,132233,東京都,武蔵村山市,本町４丁目,2020-09-23,20,その他の住宅（３階建て以下共同住宅等）,駐車（輪）場,30歳代,その他,施錠せず
窃盗,自転車盗,東大和,中藤交番,132233,東京都,武蔵村山市,三ツ木１丁目,2020-06-26,20,道路上,その他,10歳代,その他,施錠せず
窃盗,自転車盗,東大和,三ツ木交番,132233,東京都,武蔵村山市,三ツ藤３丁目,2020-02-09,01,４階建て以上共同住宅,駐車（輪）場,10歳代,大学生,施錠せず
窃盗,自転車盗,東大和,三ツ木交番,132233,東京都,武蔵村山市,三ツ藤３丁目,2020-05-28,13,その他,駐車（輪）場,10歳代,中学生,施錠せず
窃盗,自転車盗,東大和,三ツ木交番,132233,東京都,武蔵村山市,中央３丁目,2020-07-27,17,その他,駐車（輪）場,10歳代,高校生,施錠せず
窃盗,自転車盗,東大和,三ツ木交番,132233,東京都,武蔵村山市,三ツ木１丁目,2020-07-12,20,一戸建住宅,駐車（輪）場,10歳代,中学生,施錠せず
窃盗,自転車盗,東大和,三ツ木交番,132233,東京都,武蔵村山市,三ツ木２丁目,2020-03-23,19,一戸建住宅,その他,70歳以上,その他,施錠せず
窃盗,自転車盗,東大和,三ツ木交番,132233,東京都,武蔵村山市,三ツ木２丁目,2020-12-06,13,道路上,その他,10歳代,高校生,施錠せず
窃盗,自転車盗,東大和,三ツ木交番,132233,東京都,武蔵村山市,三ツ木３丁目,2020-12-05,18,その他の住宅（３階建て以下共同住宅等）,その他,20歳代,その他,施錠せず
窃盗,自転車盗,東大和,三ツ木交番,132233,東京都,武蔵村山市,岸１丁目,2020-02-05,23,その他の住宅（３階建て以下共同住宅等）,駐車（輪）場,10歳代,中学生,施錠せず
窃盗,自転車盗,東大和,三ツ木交番,132233,東京都,武蔵村山市,岸１丁目,2020-02-12,15,その他,駐車（輪）場,10歳代,中学生,施錠せず
窃盗,自転車盗,東大和,三ツ木交番,132233,東京都,武蔵村山市,岸１丁目,2020-05-09,12,その他の住宅（３階建て以下共同住宅等）,駐車（輪）場,10歳代,中学生,施錠せず
窃盗,自転車盗,東大和,三ツ木交番,132233,東京都,武蔵村山市,岸１丁目,2020-05-18,14,その他の住宅（３階建て以下共同住宅等）,駐車（輪）場,20歳代,その他,施錠せず
窃盗,自転車盗,東大和,三ツ木交番,132233,東京都,武蔵村山市,岸１丁目,2020-11-22,00,４階建て以上共同住宅,駐車（輪）場,30歳代,その他,施錠せず
窃盗,自転車盗,東大和,三ツ木交番,132233,東京都,武蔵村山市,岸１丁目,2020-12-08,19,その他の住宅（３階建て以下共同住宅等）,駐車（輪）場,20歳代,その他,施錠せず
窃盗,自転車盗,東大和,三ツ木交番,132233,東京都,武蔵村山市,岸３丁目,2020-04-16,06,その他の住宅（３階建て以下共同住宅等）,駐車（輪）場,30歳代,その他,施錠せず
窃盗,自転車盗,東大和,三ツ木交番,132233,東京都,武蔵村山市,岸３丁目,2020-06-18,17,その他の住宅（３階建て以下共同住宅等）,駐車（輪）場,10歳代,小学生,施錠せず
窃盗,自転車盗,東大和,三ツ木交番,132233,東京都,武蔵村山市,中原２丁目,2020-01-27,20,その他の住宅（３階建て以下共同住宅等）,駐車（輪）場,65-69歳,その他,施錠せず
窃盗,自転車盗,東大和,三ツ木交番,132233,東京都,武蔵村山市,中原２丁目,2020-02-02,12,４階建て以上共同住宅,駐車（輪）場,10歳代,中学生,施錠せず
窃盗,自転車盗,東大和,三ツ木交番,132233,東京都,武蔵村山市,中原３丁目,2020-03-25,17,道路上,その他,70歳以上,その他,施錠せず
窃盗,自転車盗,東大和,村山貯水池駐在所,132209,東京都,東大和市,狭山１丁目,2020-06-19,17,その他の住宅（３階建て以下共同住宅等）,駐車（輪）場,10歳代,高校生,施錠せず
窃盗,自転車盗,東大和,村山貯水池駐在所,132209,東京都,東大和市,清水１丁目,2020-05-30,15,駐車（輪）場,駐車（輪）場,10歳代,大学生,施錠せず
窃盗,自転車盗,東大和,村山貯水池駐在所,132209,東京都,東大和市,清水１丁目,2020-10-07,07,駐車（輪）場,駐車（輪）場,20歳代,その他,施錠せず
窃盗,自転車盗,東大和,高木駐在所,132209,東京都,東大和市,狭山４丁目,2020-10-11,20,その他の住宅（３階建て以下共同住宅等）,駐車（輪）場,30歳代,その他,施錠せず
窃盗,自転車盗,東大和,残堀駐在所,132233,東京都,武蔵村山市,伊奈平１丁目,2020-10-23,20,一戸建住宅,駐車（輪）場,10歳代,中学生,施錠せず
窃盗,自転車盗,東大和,残堀駐在所,132233,東京都,武蔵村山市,伊奈平３丁目,2020-02-01,不明,その他,駐車（輪）場,10歳代,その他,施錠せず
窃盗,自転車盗,東大和,残堀駐在所,132233,東京都,武蔵村山市,伊奈平３丁目,2020-03-27,13,その他,駐車（輪）場,40歳代,その他,施錠せず
窃盗,自転車盗,東大和,残堀駐在所,132233,東京都,武蔵村山市,伊奈平３丁目,2020-05-13,12,その他,駐車（輪）場,40歳代,その他,施錠せず
窃盗,自転車盗,東大和,残堀駐在所,132233,東京都,武蔵村山市,伊奈平３丁目,2020-08-12,14,その他,駐車（輪）場,10歳代,高校生,施錠せず
窃盗,自転車盗,東大和,残堀駐在所,132233,東京都,武蔵村山市,伊奈平３丁目,2020-10-22,18,その他,駐車（輪）場,10歳代,高校生,施錠せず
窃盗,自転車盗,東大和,残堀駐在所,132233,東京都,武蔵村山市,伊奈平３丁目,2020-10-31,10,その他,駐車（輪）場,10歳代,中学生,施錠せず
窃盗,自転車盗,東大和,残堀駐在所,132233,東京都,武蔵村山市,伊奈平４丁目,2020-11-20,00,一戸建住宅,駐車（輪）場,10歳代,高校生,施錠せず
窃盗,自転車盗,東大和,残堀駐在所,132233,東京都,武蔵村山市,伊奈平５丁目,2020-03-14,00,駐車（輪）場,駐車（輪）場,40歳代,その他,施錠せず
窃盗,自転車盗,東大和,残堀駐在所,132233,東京都,武蔵村山市,伊奈平５丁目,2020-07-23,19,一戸建住宅,駐車（輪）場,40歳代,その他,施錠せず
窃盗,自転車盗,東大和,残堀駐在所,132233,東京都,武蔵村山市,残堀２丁目,2020-08-31,09,その他,駐車（輪）場,50歳代,その他,施錠せず
窃盗,自転車盗,東大和,残堀駐在所,132233,東京都,武蔵村山市,残堀２丁目,2020-09-18,08,その他,駐車（輪）場,10歳代,高校生,施錠せず
窃盗,自転車盗,東大和,玉川上水駅前交番,132209,東京都,東大和市,上北台３丁目,2020-01-18,14,４階建て以上共同住宅,駐車（輪）場,50歳代,その他,施錠せず
窃盗,自転車盗,東大和,玉川上水駅前交番,132209,東京都,東大和市,桜が丘２丁目,2020-01-14,08,駐車（輪）場,駐車（輪）場,10歳代,その他,施錠せず
窃盗,自転車盗,東大和,玉川上水駅前交番,132209,東京都,東大和市,桜が丘２丁目,2020-06-10,20,その他,駐車（輪）場,40歳代,その他,施錠せず
窃盗,自転車盗,東大和,玉川上水駅前交番,132209,東京都,東大和市,桜が丘２丁目,2020-08-28,21,その他,駐車（輪）場,20歳代,その他,施錠せず
窃盗,自転車盗,東大和,玉川上水駅前交番,132209,東京都,東大和市,桜が丘２丁目,2020-11-20,16,その他,駐車（輪）場,30歳代,その他,施錠せず
窃盗,自転車盗,東大和,玉川上水駅前交番,132209,東京都,東大和市,桜が丘３丁目,2019-12-25,11,駐車（輪）場,駐車（輪）場,10歳代,高校生,施錠せず
窃盗,自転車盗,東大和,玉川上水駅前交番,132209,東京都,東大和市,桜が丘３丁目,2020-02-10,22,４階建て以上共同住宅,駐車（輪）場,10歳代,高校生,施錠せず
窃盗,自転車盗,東大和,玉川上水駅前交番,132209,東京都,東大和市,桜が丘３丁目,2020-02-15,17,４階建て以上共同住宅,駐車（輪）場,65-69歳,その他,施錠せず
窃盗,自転車盗,東大和,玉川上水駅前交番,132209,東京都,東大和市,桜が丘３丁目,2020-07-28,14,駐車（輪）場,駐車（輪）場,10歳代,高校生,施錠せず
窃盗,自転車盗,東大和,玉川上水駅前交番,132209,東京都,東大和市,桜が丘３丁目,2020-10-01,07,駐車（輪）場,駐車（輪）場,20歳代,その他,施錠せず
窃盗,自転車盗,東大和,玉川上水駅前交番,132209,東京都,東大和市,桜が丘３丁目,2020-11-29,08,駐車（輪）場,駐車（輪）場,40歳代,その他,施錠せず
窃盗,自転車盗,東大和,玉川上水駅前交番,132209,東京都,東大和市,桜が丘４丁目,2020-02-27,07,駐車（輪）場,駐車（輪）場,10歳代,高校生,施錠せず
窃盗,自転車盗,東大和,玉川上水駅前交番,132209,東京都,東大和市,桜が丘４丁目,2020-03-06,17,４階建て以上共同住宅,駐車（輪）場,10歳代,中学生,施錠せず
窃盗,自転車盗,東大和,玉川上水駅前交番,132209,東京都,東大和市,桜が丘４丁目,2020-12-25,14,駐車（輪）場,駐車（輪）場,20歳代,大学生,施錠せず
窃盗,自転車盗,東大和,玉川上水駅前交番,132209,東京都,東大和市,立野３丁目,2020-05-10,16,４階建て以上共同住宅,駐車（輪）場,10歳代,小学生,施錠せず
窃盗,自転車盗,東大和,玉川上水駅前交番,132209,東京都,東大和市,立野３丁目,2020-05-15,13,その他,駐車（輪）場,10歳代,高校生,施錠せず
窃盗,自転車盗,東大和,玉川上水駅前交番,132209,東京都,東大和市,立野３丁目,2020-09-25,15,４階建て以上共同住宅,駐車（輪）場,30歳代,その他,施錠せず
窃盗,自転車盗,東大和,玉川上水駅前交番,132209,東京都,東大和市,立野３丁目,2020-12-24,15,４階建て以上共同住宅,駐車（輪）場,70歳以上,その他,施錠せず
窃盗,自転車盗,東大和,玉川上水駅前交番,132209,東京都,東大和市,立野４丁目,2020-10-31,03,その他,駐車（輪）場,20歳代,その他,施錠せず
窃盗,自転車盗,東大和,玉川上水駅前交番,132233,東京都,武蔵村山市,大南３丁目,2020-03-27,12,一戸建住宅,その他,30歳代,その他,施錠せず
窃盗,自転車盗,東大和,玉川上水駅前交番,132233,東京都,武蔵村山市,大南３丁目,2020-07-15,22,その他の住宅（３階建て以下共同住宅等）,駐車（輪）場,20歳代,その他,施錠せず
窃盗,自転車盗,東大和,玉川上水駅前交番,132233,東京都,武蔵村山市,大南３丁目,2020-12-04,17,その他の住宅（３階建て以下共同住宅等）,駐車（輪）場,20歳代,その他,施錠せず
窃盗,自転車盗,東大和,玉川上水駅前交番,132233,東京都,武蔵村山市,大南４丁目,2020-02-29,11,４階建て以上共同住宅,駐車（輪）場,10歳代,高校生,施錠せず
窃盗,自転車盗,東大和,玉川上水駅前交番,132233,東京都,武蔵村山市,大南４丁目,2020-03-26,21,４階建て以上共同住宅,駐車（輪）場,10歳代,高校生,施錠せず
窃盗,自転車盗,東大和,玉川上水駅前交番,132233,東京都,武蔵村山市,大南４丁目,2020-06-02,23,一戸建住宅,駐車（輪）場,10歳代,高校生,施錠せず
窃盗,自転車盗,東大和,玉川上水駅前交番,132233,東京都,武蔵村山市,大南４丁目,2020-09-02,07,一戸建住宅,駐車（輪）場,70歳以上,その他,施錠せず
窃盗,自転車盗,東大和,玉川上水駅前交番,132233,東京都,武蔵村山市,大南４丁目,2020-10-25,23,４階建て以上共同住宅,駐車（輪）場,20歳代,その他,施錠せず
窃盗,自転車盗,東大和,玉川上水駅前交番,132233,東京都,武蔵村山市,大南４丁目,2020-11-22,17,４階建て以上共同住宅,駐車（輪）場,20歳代,その他,施錠せず
窃盗,自転車盗,青梅,東青梅駅前交番,132055,東京都,青梅市,千ヶ瀬町４丁目,2020-01-27,00,その他,駐車（輪）場,10歳代,高校生,施錠せず
窃盗,自転車盗,青梅,東青梅駅前交番,132055,東京都,青梅市,東青梅１丁目,2020-08-20,08,４階建て以上共同住宅,駐車（輪）場,20歳代,その他,施錠せず
窃盗,自転車盗,青梅,東青梅駅前交番,132055,東京都,青梅市,東青梅２丁目,2020-06-18,07,駐車（輪）場,駐車（輪）場,10歳代,高校生,施錠せず
窃盗,自転車盗,青梅,東青梅駅前交番,132055,東京都,青梅市,東青梅２丁目,2020-09-19,16,４階建て以上共同住宅,駐車（輪）場,10歳代,小学生,施錠せず
窃盗,自転車盗,青梅,東青梅駅前交番,132055,東京都,青梅市,東青梅２丁目,2020-09-24,18,一戸建住宅,駐車（輪）場,40歳代,その他,施錠せず
窃盗,自転車盗,青梅,東青梅駅前交番,132055,東京都,青梅市,東青梅３丁目,2020-01-13,21,一戸建住宅,駐車（輪）場,20歳代,その他,施錠せず
窃盗,自転車盗,青梅,日向和田駐在所,132055,東京都,青梅市,日向和田１丁目,2020-09-13,22,一戸建住宅,駐車（輪）場,65-69歳,その他,施錠せず
窃盗,自転車盗,青梅,日向和田駐在所,132055,東京都,青梅市,日向和田３丁目,2020-04-13,19,駐車（輪）場,駐車（輪）場,40歳代,その他,施錠せず
窃盗,自転車盗,青梅,日向和田駐在所,132055,東京都,青梅市,日向和田３丁目,2020-06-23,08,駐車（輪）場,駐車（輪）場,10歳代,高校生,施錠せず
窃盗,自転車盗,青梅,千ケ瀬駐在所,132055,東京都,青梅市,千ヶ瀬町３丁目,2020-09-16,17,その他,駐車（輪）場,30歳代,その他,施錠せず
窃盗,自転車盗,青梅,千ケ瀬駐在所,132055,東京都,青梅市,千ヶ瀬町４丁目,2020-08-14,21,一戸建住宅,駐車（輪）場,40歳代,その他,施錠せず
窃盗,自転車盗,青梅,上長淵駐在所,132055,東京都,青梅市,駒木町３丁目,2020-05-12,16,その他,駐車（輪）場,40歳代,その他,施錠せず
窃盗,自転車盗,青梅,上長淵駐在所,132055,東京都,青梅市,長淵６丁目,2020-08-26,17,一戸建住宅,駐車（輪）場,50歳代,その他,施錠せず
窃盗,自転車盗,青梅,下長淵駐在所,132055,東京都,青梅市,長淵１丁目,2020-10-06,16,その他の住宅（３階建て以下共同住宅等）,駐車（輪）場,10歳代,中学生,施錠せず
窃盗,自転車盗,青梅,下長淵駐在所,132055,東京都,青梅市,長淵３丁目,2020-08-30,04,４階建て以上共同住宅,駐車（輪）場,30歳代,その他,施錠せず
窃盗,自転車盗,青梅,下長淵駐在所,132055,東京都,青梅市,長淵３丁目,2020-09-19,18,４階建て以上共同住宅,その他,10歳代,中学生,施錠せず
窃盗,自転車盗,青梅,下長淵駐在所,132055,東京都,青梅市,長淵４丁目,2020-09-18,06,一戸建住宅,駐車（輪）場,40歳代,その他,施錠せず
窃盗,自転車盗,青梅,下長淵駐在所,132055,東京都,青梅市,長淵６丁目,2020-06-24,17,４階建て以上共同住宅,駐車（輪）場,10歳代,小学生,施錠せず
窃盗,自転車盗,青梅,河辺駐在所,132055,東京都,青梅市,河辺町１丁目,2020-11-07,10,４階建て以上共同住宅,駐車（輪）場,40歳代,その他,施錠せず
窃盗,自転車盗,青梅,河辺駐在所,132055,東京都,青梅市,河辺町２丁目,2020-09-16,14,４階建て以上共同住宅,駐車（輪）場,10歳代,大学生,施錠せず
窃盗,自転車盗,青梅,河辺駐在所,132055,東京都,青梅市,河辺町３丁目,2020-01-05,14,４階建て以上共同住宅,駐車（輪）場,10歳代,中学生,施錠せず
窃盗,自転車盗,青梅,河辺駐在所,132055,東京都,青梅市,河辺町３丁目,2020-05-31,23,４階建て以上共同住宅,駐車（輪）場,20歳代,その他,施錠せず
窃盗,自転車盗,青梅,大門駐在所,132055,東京都,青梅市,野上町２丁目,2020-02-28,08,その他,駐車（輪）場,40歳代,その他,施錠せず
窃盗,自転車盗,青梅,今寺駐在所,132055,東京都,青梅市,今寺１丁目,2020-07-04,20,一戸建住宅,駐車（輪）場,10歳代,高校生,施錠せず
窃盗,自転車盗,青梅,今寺駐在所,132055,東京都,青梅市,今寺４丁目,2020-11-04,17,一戸建住宅,駐車（輪）場,10歳代,大学生,施錠せず
窃盗,自転車盗,青梅,今寺駐在所,132055,東京都,青梅市,今寺４丁目,2020-12-28,21,その他の住宅（３階建て以下共同住宅等）,駐車（輪）場,20歳代,その他,施錠せず
窃盗,自転車盗,青梅,今寺駐在所,132055,東京都,青梅市,今寺５丁目,2020-03-27,15,その他の住宅（３階建て以下共同住宅等）,駐車（輪）場,30歳代,その他,施錠せず
窃盗,自転車盗,青梅,今寺駐在所,132055,東京都,青梅市,大門３丁目,2020-08-04,22,その他の住宅（３階建て以下共同住宅等）,駐車（輪）場,10歳代,その他,施錠せず
窃盗,自転車盗,青梅,新町交番,132055,東京都,青梅市,今寺５丁目,2020-03-31,19,その他,駐車（輪）場,40歳代,その他,施錠せず
窃盗,自転車盗,青梅,新町交番,132055,東京都,青梅市,河辺町１０丁目,2020-01-26,10,その他,駐車（輪）場,10歳代,高校生,施錠せず
窃盗,自転車盗,青梅,新町交番,132055,東京都,青梅市,新町１丁目,2020-01-31,05,その他の住宅（３階建て以下共同住宅等）,駐車（輪）場,20歳代,その他,施錠せず
窃盗,自転車盗,青梅,新町交番,132055,東京都,青梅市,新町１丁目,2020-11-14,14,その他の住宅（３階建て以下共同住宅等）,駐車（輪）場,30歳代,その他,施錠せず
窃盗,自転車盗,青梅,新町交番,132055,東京都,青梅市,新町３丁目,2020-02-14,16,駐車（輪）場,駐車（輪）場,10歳代,中学生,施錠せず
窃盗,自転車盗,青梅,新町交番,132055,東京都,青梅市,新町３丁目,2020-03-13,16,駐車（輪）場,駐車（輪）場,10歳代,その他,施錠せず
窃盗,自転車盗,青梅,新町交番,132055,東京都,青梅市,新町３丁目,2020-03-21,07,駐車（輪）場,駐車（輪）場,10歳代,大学生,施錠せず
窃盗,自転車盗,青梅,新町交番,132055,東京都,青梅市,新町３丁目,2020-03-25,14,駐車（輪）場,駐車（輪）場,10歳代,中学生,施錠せず
窃盗,自転車盗,青梅,新町交番,132055,東京都,青梅市,新町３丁目,2020-04-13,08,駐車（輪）場,駐車（輪）場,20歳代,その他,施錠せず
窃盗,自転車盗,青梅,新町交番,132055,東京都,青梅市,新町３丁目,2020-04-16,12,駐車（輪）場,駐車（輪）場,20歳代,大学生,施錠せず
窃盗,自転車盗,青梅,新町交番,132055,東京都,青梅市,新町３丁目,2020-06-10,12,駐車（輪）場,駐車（輪）場,10歳代,高校生,施錠せず
窃盗,自転車盗,青梅,新町交番,132055,東京都,青梅市,新町３丁目,2020-06-10,18,駐車（輪）場,駐車（輪）場,70歳以上,その他,施錠せず
窃盗,自転車盗,青梅,新町交番,132055,東京都,青梅市,新町３丁目,2020-06-24,09,駐車（輪）場,駐車（輪）場,20歳代,その他,施錠せず
窃盗,自転車盗,青梅,新町交番,132055,東京都,青梅市,新町３丁目,2020-07-27,05,駐車（輪）場,駐車（輪）場,10歳代,高校生,施錠せず
窃盗,自転車盗,青梅,新町交番,132055,東京都,青梅市,新町３丁目,2020-08-16,14,駐車（輪）場,駐車（輪）場,10歳代,高校生,施錠せず
窃盗,自転車盗,青梅,新町交番,132055,東京都,青梅市,新町３丁目,2020-08-17,07,駐車（輪）場,駐車（輪）場,10歳代,高校生,施錠せず
窃盗,自転車盗,青梅,新町交番,132055,東京都,青梅市,新町３丁目,2020-08-24,08,駐車（輪）場,駐車（輪）場,10歳代,高校生,施錠せず
窃盗,自転車盗,青梅,新町交番,132055,東京都,青梅市,新町３丁目,2020-08-27,07,駐車（輪）場,駐車（輪）場,10歳代,高校生,施錠せず
窃盗,自転車盗,青梅,新町交番,132055,東京都,青梅市,新町３丁目,2020-11-17,08,駐車（輪）場,駐車（輪）場,10歳代,高校生,施錠せず
窃盗,自転車盗,青梅,新町交番,132055,東京都,青梅市,新町３丁目,2020-11-27,18,駐車（輪）場,駐車（輪）場,20歳代,その他,施錠せず
窃盗,自転車盗,青梅,新町交番,132055,東京都,青梅市,新町５丁目,2020-01-21,22,その他の住宅（３階建て以下共同住宅等）,駐車（輪）場,20歳代,その他,施錠せず
窃盗,自転車盗,青梅,新町交番,132055,東京都,青梅市,新町５丁目,2020-05-23,16,その他,駐車（輪）場,20歳代,その他,施錠せず
窃盗,自転車盗,青梅,新町交番,132055,東京都,青梅市,新町５丁目,2020-08-31,16,その他,駐車（輪）場,10歳代,その他,施錠せず
窃盗,自転車盗,青梅,新町交番,132055,東京都,青梅市,新町６丁目,2020-04-15,21,一戸建住宅,その他,40歳代,その他,施錠せず
窃盗,自転車盗,青梅,新町交番,132055,東京都,青梅市,新町７丁目,2020-01-25,20,一戸建住宅,駐車（輪）場,10歳代,高校生,施錠せず
窃盗,自転車盗,青梅,新町交番,132055,東京都,青梅市,新町７丁目,2020-02-17,08,その他の住宅（３階建て以下共同住宅等）,その他,10歳代,中学生,施錠せず
窃盗,自転車盗,青梅,新町交番,132055,東京都,青梅市,新町７丁目,2020-02-24,16,その他の住宅（３階建て以下共同住宅等）,駐車（輪）場,10歳代,小学生,施錠せず
窃盗,自転車盗,青梅,新町交番,132055,東京都,青梅市,新町７丁目,2020-03-13,16,一戸建住宅,その他,30歳代,その他,施錠せず
窃盗,自転車盗,青梅,新町交番,132055,東京都,青梅市,新町７丁目,2020-07-25,16,その他の住宅（３階建て以下共同住宅等）,駐車（輪）場,20歳代,その他,施錠せず
窃盗,自転車盗,青梅,新町交番,132055,東京都,青梅市,新町７丁目,2020-09-18,16,４階建て以上共同住宅,駐車（輪）場,40歳代,その他,施錠せず
窃盗,自転車盗,青梅,新町交番,132055,東京都,青梅市,新町８丁目,2020-07-30,08,４階建て以上共同住宅,駐車（輪）場,10歳代,小学生,施錠せず
窃盗,自転車盗,青梅,新町交番,132055,東京都,青梅市,新町９丁目,2020-12-02,17,４階建て以上共同住宅,駐車（輪）場,50歳代,その他,施錠せず
窃盗,自転車盗,青梅,新町交番,132055,東京都,青梅市,末広町２丁目,2019-12-27,20,４階建て以上共同住宅,駐車（輪）場,20歳代,その他,施錠せず
窃盗,自転車盗,青梅,新町交番,132055,東京都,青梅市,末広町２丁目,2020-10-02,13,４階建て以上共同住宅,駐車（輪）場,10歳代,大学生,施錠せず
窃盗,自転車盗,青梅,新町交番,132055,東京都,青梅市,野上町３丁目,2019-05-15,23,道路上,その他,50歳代,その他,施錠せず
窃盗,自転車盗,青梅,新町交番,132055,東京都,青梅市,野上町３丁目,2020-01-24,09,その他,駐車（輪）場,20歳代,その他,施錠せず
窃盗,自転車盗,青梅,新町交番,132055,東京都,青梅市,野上町３丁目,2020-03-13,11,４階建て以上共同住宅,駐車（輪）場,30歳代,その他,施錠せず
窃盗,自転車盗,青梅,新町交番,132055,東京都,青梅市,野上町３丁目,2020-06-25,07,４階建て以上共同住宅,駐車（輪）場,20歳代,その他,施錠せず
窃盗,自転車盗,青梅,新町交番,132055,東京都,青梅市,野上町３丁目,2020-09-23,17,その他,駐車（輪）場,10歳代,その他,施錠せず
窃盗,自転車盗,青梅,新町交番,132055,東京都,青梅市,野上町４丁目,2020-05-29,15,一戸建住宅,駐車（輪）場,30歳代,その他,施錠せず
窃盗,自転車盗,青梅,今井駐在所,132055,東京都,青梅市,藤橋２丁目,2020-10-13,13,一戸建住宅,駐車（輪）場,30歳代,その他,施錠せず
窃盗,自転車盗,青梅,今井駐在所,132055,東京都,青梅市,藤橋２丁目,2020-11-06,07,一戸建住宅,駐車（輪）場,40歳代,その他,施錠せず
窃盗,自転車盗,青梅,今井駐在所,132055,東京都,青梅市,藤橋３丁目,2020-06-17,16,４階建て以上共同住宅,駐車（輪）場,10歳代,中学生,施錠せず
窃盗,自転車盗,青梅,今井駐在所,132055,東京都,青梅市,藤橋３丁目,2020-10-30,23,一戸建住宅,駐車（輪）場,10歳代,高校生,施錠せず
窃盗,自転車盗,青梅,青梅駅前交番,132055,東京都,青梅市,駒木町３丁目,2020-09-08,09,駐車（輪）場,駐車（輪）場,10歳代,その他,施錠せず
窃盗,自転車盗,青梅,青梅駅前交番,132055,東京都,青梅市,裏宿町,2020-07-31,15,一戸建住宅,駐車（輪）場,10歳未満,小学生,施錠せず
窃盗,自転車盗,青梅,青梅駅前交番,132055,東京都,青梅市,大柳町,2020-12-24,14,一戸建住宅,駐車（輪）場,10歳代,中学生,施錠せず
窃盗,自転車盗,青梅,青梅駅前交番,132055,東京都,青梅市,本町,2020-08-16,05,駐車（輪）場,駐車（輪）場,50歳代,その他,施錠せず
窃盗,自転車盗,青梅,河辺駅前交番,132055,東京都,青梅市,河辺町５丁目,2020-01-31,23,４階建て以上共同住宅,その他,40歳代,その他,施錠せず
窃盗,自転車盗,青梅,河辺駅前交番,132055,東京都,青梅市,河辺町５丁目,2020-02-21,18,一戸建住宅,駐車（輪）場,40歳代,その他,施錠せず
窃盗,自転車盗,青梅,河辺駅前交番,132055,東京都,青梅市,河辺町５丁目,2020-10-09,18,駐車（輪）場,駐車（輪）場,30歳代,その他,施錠せず
窃盗,自転車盗,青梅,河辺駅前交番,132055,東京都,青梅市,河辺町７丁目,2020-06-06,18,４階建て以上共同住宅,駐車（輪）場,20歳代,その他,施錠せず
窃盗,自転車盗,青梅,河辺駅前交番,132055,東京都,青梅市,河辺町７丁目,2020-12-27,16,その他,駐車（輪）場,10歳代,高校生,施錠せず
窃盗,自転車盗,青梅,河辺駅前交番,132055,東京都,青梅市,河辺町１０丁目,2020-03-06,14,その他,駐車（輪）場,10歳代,その他,施錠せず
窃盗,自転車盗,青梅,河辺駅前交番,132055,東京都,青梅市,河辺町１０丁目,2020-03-28,15,その他,駐車（輪）場,10歳代,中学生,施錠せず
窃盗,自転車盗,青梅,河辺駅前交番,132055,東京都,青梅市,河辺町１０丁目,2020-04-16,18,その他の住宅（３階建て以下共同住宅等）,駐車（輪）場,40歳代,その他,施錠せず
窃盗,自転車盗,青梅,河辺駅前交番,132055,東京都,青梅市,河辺町１０丁目,2020-08-28,17,駐車（輪）場,駐車（輪）場,40歳代,その他,施錠せず
窃盗,自転車盗,青梅,河辺駅前交番,132055,東京都,青梅市,東青梅５丁目,2020-01-29,10,一戸建住宅,駐車（輪）場,40歳代,その他,施錠せず
窃盗,自転車盗,青梅,河辺駅前交番,132055,東京都,青梅市,師岡町２丁目,2020-10-14,21,４階建て以上共同住宅,駐車（輪）場,65-69歳,その他,施錠せず
窃盗,自転車盗,青梅,河辺駅前交番,132055,東京都,青梅市,師岡町３丁目,2020-02-22,17,その他,駐車（輪）場,10歳代,大学生,施錠せず
窃盗,自転車盗,青梅,河辺駅前交番,132055,東京都,青梅市,師岡町３丁目,2020-10-05,08,道路上,その他,10歳未満,小学生,施錠せず
窃盗,自転車盗,五日市,五日市駅前交番,132284,東京都,あきる野市,五日市,2020-03-12,11,駐車（輪）場,駐車（輪）場,20歳代,大学生,施錠せず
窃盗,自転車盗,五日市,五日市駅前交番,132284,東京都,あきる野市,伊奈,2020-08-17,08,一戸建住宅,その他,10歳未満,小学生,施錠せず
窃盗,自転車盗,五日市,五日市駅前交番,132284,東京都,あきる野市,舘谷台,2020-02-08,10,駐車（輪）場,駐車（輪）場,10歳代,大学生,施錠せず
窃盗,自転車盗,五日市,五日市駅前交番,132284,東京都,あきる野市,舘谷台,2020-02-23,14,駐車（輪）場,駐車（輪）場,10歳代,高校生,施錠せず
窃盗,自転車盗,五日市,五日市駅前交番,132284,東京都,あきる野市,舘谷台,2020-09-16,08,駐車（輪）場,駐車（輪）場,30歳代,その他,施錠せず
窃盗,自転車盗,五日市,伊奈駐在所,132284,東京都,あきる野市,伊奈,2020-09-29,08,一戸建住宅,駐車（輪）場,40歳代,その他,施錠せず
窃盗,自転車盗,五日市,山田駐在所,132284,東京都,あきる野市,伊奈,2020-08-08,06,駐車（輪）場,駐車（輪）場,20歳代,その他,施錠せず
窃盗,自転車盗,五日市,平井駐在所,133051,東京都,日の出町,大字平井,2019-12-23,13,駐車（輪）場,駐車（輪）場,10歳代,高校生,施錠せず
窃盗,自転車盗,五日市,平井駐在所,133051,東京都,日の出町,大字平井,2019-12-27,12,一戸建住宅,駐車（輪）場,10歳代,中学生,施錠せず
窃盗,自転車盗,五日市,平井駐在所,133051,東京都,日の出町,大字平井,2020-03-17,17,その他,駐車（輪）場,20歳代,その他,施錠せず
窃盗,自転車盗,五日市,平井駐在所,133051,東京都,日の出町,大字平井,2020-05-09,08,駐車（輪）場,駐車（輪）場,30歳代,その他,施錠せず
窃盗,自転車盗,五日市,平井駐在所,133051,東京都,日の出町,大字平井,2020-08-21,06,駐車（輪）場,駐車（輪）場,10歳代,大学生,施錠せず
窃盗,自転車盗,五日市,平井駐在所,133051,東京都,日の出町,大字平井,2020-11-19,17,その他,駐車（輪）場,10歳代,大学生,施錠せず
窃盗,自転車盗,五日市,平井駐在所,133051,東京都,日の出町,大字平井,2020-11-22,18,その他,駐車（輪）場,10歳代,中学生,施錠せず
窃盗,自転車盗,五日市,平井駐在所,133051,東京都,日の出町,大字平井,2020-12-18,15,その他の住宅（３階建て以下共同住宅等）,駐車（輪）場,10歳代,小学生,施錠せず
窃盗,自転車盗,五日市,本宿駐在所,132284,東京都,あきる野市,伊奈,2020-03-02,16,駐車（輪）場,駐車（輪）場,30歳代,その他,施錠せず
窃盗,自転車盗,五日市,本宿駐在所,133051,東京都,日の出町,大字平井,2020-02-15,15,一戸建住宅,その他,20歳代,その他,施錠せず
窃盗,自転車盗,福生,福生駅前交番,132187,東京都,福生市,加美平１丁目,2019-12-16,20,その他の住宅（３階建て以下共同住宅等）,駐車（輪）場,20歳代,その他,施錠せず
窃盗,自転車盗,福生,福生駅前交番,132187,東京都,福生市,大字熊川,2020-10-04,11,道路上,その他,50歳代,その他,施錠せず
窃盗,自転車盗,福生,福生駅前交番,132187,東京都,福生市,大字福生,2020-05-24,19,一戸建住宅,その他,30歳代,その他,施錠せず
窃盗,自転車盗,福生,福生駅前交番,132187,東京都,福生市,大字福生,2020-08-18,16,その他の住宅（３階建て以下共同住宅等）,その他,20歳代,その他,施錠せず
窃盗,自転車盗,福生,福生駅前交番,132187,東京都,福生市,大字福生,2020-09-03,22,その他,駐車（輪）場,40歳代,その他,施錠せず
窃盗,自転車盗,福生,福生駅前交番,132187,東京都,福生市,本町,2020-05-26,05,その他,駐車（輪）場,20歳代,その他,施錠せず
窃盗,自転車盗,福生,福生駅前交番,132187,東京都,福生市,本町,2020-11-06,23,道路上,その他,30歳代,その他,施錠せず
窃盗,自転車盗,福生,福生駅前交番,132187,東京都,福生市,武蔵野台１丁目,2019-12-01,15,一戸建住宅,その他,50歳代,その他,施錠せず
窃盗,自転車盗,福生,福生駅前交番,132187,東京都,福生市,武蔵野台２丁目,2019-06-27,15,その他の住宅（３階建て以下共同住宅等）,駐車（輪）場,20歳代,その他,施錠せず
窃盗,自転車盗,福生,福生駅前交番,132187,東京都,福生市,武蔵野台２丁目,2019-12-31,20,その他の住宅（３階建て以下共同住宅等）,駐車（輪）場,30歳代,その他,施錠せず
窃盗,自転車盗,福生,福生駅前交番,132187,東京都,福生市,武蔵野台２丁目,2020-01-15,18,その他,駐車（輪）場,50歳代,その他,施錠せず
窃盗,自転車盗,福生,福生駅前交番,132187,東京都,福生市,武蔵野台２丁目,2020-01-29,14,駐車（輪）場,駐車（輪）場,30歳代,その他,施錠せず
窃盗,自転車盗,福生,福生駅前交番,132187,東京都,福生市,武蔵野台２丁目,2020-08-15,10,道路上,その他,20歳代,その他,施錠せず
窃盗,自転車盗,福生,福生駅前交番,132187,東京都,福生市,東町,2020-01-17,14,道路上,その他,10歳代,高校生,施錠せず
窃盗,自転車盗,福生,福生駅前交番,132187,東京都,福生市,東町,2020-05-28,07,駐車（輪）場,駐車（輪）場,20歳代,その他,施錠せず
窃盗,自転車盗,福生,福生駅前交番,132187,東京都,福生市,東町,2020-08-29,18,その他,駐車（輪）場,20歳代,その他,施錠せず
窃盗,自転車盗,福生,福生駅前交番,132276,東京都,羽村市,双葉町３丁目,2020-10-31,07,一戸建住宅,その他,50歳代,その他,施錠せず
窃盗,自転車盗,福生,横田交番,132187,東京都,福生市,大字福生,2019-12-05,08,駐車（輪）場,駐車（輪）場,40歳代,その他,施錠せず
窃盗,自転車盗,福生,横田交番,132187,東京都,福生市,大字福生,2020-01-07,02,一戸建住宅,その他,40歳代,その他,施錠せず
窃盗,自転車盗,福生,横田交番,132187,東京都,福生市,大字福生,2020-02-21,19,一戸建住宅,駐車（輪）場,20歳代,その他,施錠せず
窃盗,自転車盗,福生,横田交番,132187,東京都,福生市,大字福生,2020-09-19,20,一戸建住宅,その他,40歳代,その他,施錠せず
窃盗,自転車盗,福生,横田交番,132187,東京都,福生市,武蔵野台１丁目,2020-03-23,17,４階建て以上共同住宅,駐車（輪）場,10歳代,高校生,施錠せず
窃盗,自転車盗,福生,横田交番,132187,東京都,福生市,武蔵野台１丁目,2020-08-27,19,４階建て以上共同住宅,駐車（輪）場,40歳代,その他,施錠せず
窃盗,自転車盗,福生,横田交番,132187,東京都,福生市,武蔵野台１丁目,2020-09-10,19,４階建て以上共同住宅,駐車（輪）場,30歳代,その他,施錠せず
窃盗,自転車盗,福生,横田交番,132187,東京都,福生市,武蔵野台１丁目,2020-09-29,04,４階建て以上共同住宅,駐車（輪）場,65-69歳,その他,施錠せず
窃盗,自転車盗,福生,横田交番,132187,東京都,福生市,武蔵野台１丁目,2020-10-02,14,その他,駐車（輪）場,70歳以上,その他,施錠せず
窃盗,自転車盗,福生,内出交番,132187,東京都,福生市,大字熊川,2019-12-17,08,駐車（輪）場,駐車（輪）場,30歳代,その他,施錠せず
窃盗,自転車盗,福生,内出交番,132187,東京都,福生市,大字熊川,2019-12-23,12,一戸建住宅,その他,70歳以上,その他,施錠せず
窃盗,自転車盗,福生,内出交番,132187,東京都,福生市,大字熊川,2020-03-15,16,その他,駐車（輪）場,20歳代,その他,施錠せず
窃盗,自転車盗,福生,内出交番,132187,東京都,福生市,大字熊川,2020-05-21,16,駐車（輪）場,駐車（輪）場,20歳代,その他,施錠せず
窃盗,自転車盗,福生,内出交番,132187,東京都,福生市,大字熊川,2020-05-27,18,４階建て以上共同住宅,駐車（輪）場,30歳代,その他,施錠せず
窃盗,自転車盗,福生,内出交番,132187,東京都,福生市,大字熊川,2020-06-25,17,その他の住宅（３階建て以下共同住宅等）,駐車（輪）場,20歳代,その他,施錠せず
窃盗,自転車盗,福生,内出交番,132187,東京都,福生市,大字熊川,2020-10-04,16,その他,駐車（輪）場,30歳代,その他,施錠せず
窃盗,自転車盗,福生,内出交番,132187,東京都,福生市,大字熊川,2020-11-27,23,その他の住宅（３階建て以下共同住宅等）,駐車（輪）場,20歳代,その他,施錠せず
窃盗,自転車盗,福生,下福生駐在所,132187,東京都,福生市,牛浜,2019-12-02,21,４階建て以上共同住宅,駐車（輪）場,10歳代,高校生,施錠せず
窃盗,自転車盗,福生,下福生駐在所,132187,東京都,福生市,牛浜,2020-02-26,16,その他,駐車（輪）場,10歳代,高校生,施錠せず
窃盗,自転車盗,福生,下福生駐在所,132187,東京都,福生市,牛浜,2020-03-01,06,駐車（輪）場,駐車（輪）場,60-64歳,その他,施錠せず
窃盗,自転車盗,福生,下福生駐在所,132187,東京都,福生市,牛浜,2020-06-27,10,駐車（輪）場,駐車（輪）場,50歳代,その他,施錠せず
窃盗,自転車盗,福生,下福生駐在所,132187,東京都,福生市,大字熊川,2020-01-31,21,道路上,その他,50歳代,その他,施錠せず
窃盗,自転車盗,福生,下福生駐在所,132187,東京都,福生市,大字熊川,2020-07-26,16,その他の住宅（３階建て以下共同住宅等）,駐車（輪）場,70歳以上,その他,施錠せず
窃盗,自転車盗,福生,下福生駐在所,132187,東京都,福生市,大字熊川,2020-09-27,07,一戸建住宅,その他,10歳代,高校生,施錠せず
窃盗,自転車盗,福生,中福生駐在所,132187,東京都,福生市,北田園２丁目,2020-01-04,16,その他の住宅（３階建て以下共同住宅等）,駐車（輪）場,10歳代,中学生,施錠せず
窃盗,自転車盗,福生,中福生駐在所,132187,東京都,福生市,志茂,2019-09-19,17,４階建て以上共同住宅,駐車（輪）場,30歳代,その他,施錠せず
窃盗,自転車盗,福生,上福生駐在所,132187,東京都,福生市,加美平３丁目,2020-03-08,02,一戸建住宅,その他,70歳以上,その他,施錠せず
窃盗,自転車盗,福生,上福生駐在所,132187,東京都,福生市,大字福生,2020-10-06,07,一戸建住宅,その他,60-64歳,その他,施錠せず
窃盗,自転車盗,福生,箱根ケ崎北駐在所,133035,東京都,瑞穂町,大字箱根ケ崎,2020-07-30,13,その他の住宅（３階建て以下共同住宅等）,駐車（輪）場,10歳代,高校生,施錠せず
窃盗,自転車盗,福生,箱根ケ崎北駐在所,133035,東京都,瑞穂町,大字箱根ケ崎,2020-10-02,15,一戸建住宅,その他,70歳以上,その他,施錠せず
窃盗,自転車盗,福生,石畑上駐在所,133035,東京都,瑞穂町,大字石畑,2020-08-24,07,その他,駐車（輪）場,10歳代,高校生,施錠せず
窃盗,自転車盗,福生,石畑上駐在所,133035,東京都,瑞穂町,大字石畑,2020-08-24,08,その他,駐車（輪）場,10歳代,高校生,施錠せず
窃盗,自転車盗,福生,石畑駐在所,133035,東京都,瑞穂町,大字殿ケ谷,2020-05-24,16,その他,駐車（輪）場,10歳代,高校生,施錠せず
窃盗,自転車盗,福生,石畑駐在所,133035,東京都,瑞穂町,大字殿ケ谷,2020-11-29,10,その他,駐車（輪）場,10歳代,中学生,施錠せず
窃盗,自転車盗,福生,長岡駐在所,133035,東京都,瑞穂町,長岡４丁目,2019-12-12,12,一戸建住宅,その他,10歳代,高校生,施錠せず
窃盗,自転車盗,福生,元狭山駐在所,133035,東京都,瑞穂町,大字高根,2019-12-31,09,駐車（輪）場,駐車（輪）場,10歳代,高校生,施錠せず
窃盗,自転車盗,福生,元狭山駐在所,133035,東京都,瑞穂町,大字高根,2019-12-31,10,駐車（輪）場,駐車（輪）場,10歳代,高校生,施錠せず
窃盗,自転車盗,福生,元狭山駐在所,133035,東京都,瑞穂町,大字高根,2019-12-31,10,駐車（輪）場,駐車（輪）場,10歳代,高校生,施錠せず
窃盗,自転車盗,福生,元狭山駐在所,133035,東京都,瑞穂町,大字高根,2020-05-09,09,その他,駐車（輪）場,10歳代,大学生,施錠せず
窃盗,自転車盗,福生,元狭山駐在所,133035,東京都,瑞穂町,大字高根,2020-11-22,12,その他,その他,20歳代,大学生,施錠せず
窃盗,自転車盗,福生,元狭山駐在所,133035,東京都,瑞穂町,大字二本木,2020-01-13,17,一戸建住宅,その他,10歳代,中学生,施錠せず
窃盗,自転車盗,福生,元狭山駐在所,133035,東京都,瑞穂町,大字二本木,2020-10-09,10,一戸建住宅,その他,65-69歳,その他,施錠せず
窃盗,自転車盗,福生,武蔵野駐在所,133035,東京都,瑞穂町,むさし野１丁目,2020-06-08,06,４階建て以上共同住宅,駐車（輪）場,20歳代,その他,施錠せず
窃盗,自転車盗,福生,武蔵野駐在所,133035,東京都,瑞穂町,むさし野１丁目,2020-07-27,23,４階建て以上共同住宅,駐車（輪）場,10歳代,高校生,施錠せず
窃盗,自転車盗,福生,武蔵野駐在所,133035,東京都,瑞穂町,むさし野１丁目,2020-09-23,16,４階建て以上共同住宅,その他,30歳代,その他,施錠せず
窃盗,自転車盗,福生,羽村西駐在所,132276,東京都,羽村市,羽西３丁目,2019-12-31,08,一戸建住宅,その他,30歳代,その他,施錠せず
窃盗,自転車盗,福生,羽村西駐在所,132276,東京都,羽村市,羽西３丁目,2020-06-17,23,一戸建住宅,その他,10歳代,中学生,施錠せず
窃盗,自転車盗,福生,神明台交番,132276,東京都,羽村市,神明台１丁目,2020-03-10,15,駐車（輪）場,駐車（輪）場,20歳代,その他,施錠せず
窃盗,自転車盗,福生,神明台交番,132276,東京都,羽村市,神明台１丁目,2020-06-15,18,一戸建住宅,その他,30歳代,その他,施錠せず
窃盗,自転車盗,福生,神明台交番,132276,東京都,羽村市,神明台３丁目,2020-08-06,20,その他の住宅（３階建て以下共同住宅等）,駐車（輪）場,30歳代,その他,施錠せず
窃盗,自転車盗,福生,神明台交番,132276,東京都,羽村市,神明台３丁目,2020-08-25,05,その他の住宅（３階建て以下共同住宅等）,駐車（輪）場,20歳代,その他,施錠せず
窃盗,自転車盗,福生,神明台交番,132276,東京都,羽村市,神明台３丁目,2020-12-03,20,一戸建住宅,その他,50歳代,その他,施錠せず
窃盗,自転車盗,福生,羽村駅前交番,132276,東京都,羽村市,五ノ神１丁目,2020-01-25,14,その他,その他,70歳以上,その他,施錠せず
窃盗,自転車盗,福生,羽村駅前交番,132276,東京都,羽村市,五ノ神１丁目,2020-06-26,22,駐車（輪）場,駐車（輪）場,10歳代,その他,施錠せず
窃盗,自転車盗,福生,羽村駅前交番,132276,東京都,羽村市,五ノ神１丁目,2020-07-05,18,駐車（輪）場,駐車（輪）場,20歳代,大学生,施錠せず
窃盗,自転車盗,福生,羽村駅前交番,132276,東京都,羽村市,五ノ神１丁目,2020-08-05,08,その他,駐車（輪）場,65-69歳,その他,施錠せず
窃盗,自転車盗,福生,羽村駅前交番,132276,東京都,羽村市,五ノ神１丁目,2020-08-25,08,駐車（輪）場,駐車（輪）場,20歳代,その他,施錠せず
窃盗,自転車盗,福生,羽村駅前交番,132276,東京都,羽村市,五ノ神１丁目,2020-09-18,16,駐車（輪）場,駐車（輪）場,20歳代,大学生,施錠せず
窃盗,自転車盗,福生,羽村駅前交番,132276,東京都,羽村市,五ノ神１丁目,2020-11-18,07,駐車（輪）場,駐車（輪）場,10歳代,高校生,施錠せず
窃盗,自転車盗,福生,羽村駅前交番,132276,東京都,羽村市,五ノ神１丁目,2020-11-19,13,駐車（輪）場,駐車（輪）場,10歳代,大学生,施錠せず
窃盗,自転車盗,福生,羽村駅前交番,132276,東京都,羽村市,五ノ神１丁目,2020-12-04,09,駐車（輪）場,駐車（輪）場,20歳代,その他,施錠せず
窃盗,自転車盗,福生,羽村駅前交番,132276,東京都,羽村市,五ノ神３丁目,2019-12-05,19,その他の住宅（３階建て以下共同住宅等）,駐車（輪）場,10歳代,その他,施錠せず
窃盗,自転車盗,福生,羽村駅前交番,132276,東京都,羽村市,五ノ神３丁目,2020-04-28,11,一戸建住宅,その他,10歳代,中学生,施錠せず
窃盗,自転車盗,福生,羽村駅前交番,132276,東京都,羽村市,五ノ神４丁目,2020-06-05,08,駐車（輪）場,駐車（輪）場,10歳代,高校生,施錠せず
窃盗,自転車盗,福生,羽村駅前交番,132276,東京都,羽村市,五ノ神４丁目,2020-08-16,08,駐車（輪）場,駐車（輪）場,10歳代,その他,施錠せず
窃盗,自転車盗,福生,羽村駅前交番,132276,東京都,羽村市,五ノ神４丁目,2020-08-17,01,駐車（輪）場,駐車（輪）場,10歳代,高校生,施錠せず
窃盗,自転車盗,福生,羽村駅前交番,132276,東京都,羽村市,五ノ神４丁目,2020-09-24,09,駐車（輪）場,駐車（輪）場,20歳代,その他,施錠せず
窃盗,自転車盗,福生,羽村駅前交番,132276,東京都,羽村市,五ノ神４丁目,2020-10-15,18,駐車（輪）場,駐車（輪）場,30歳代,その他,施錠せず
窃盗,自転車盗,福生,羽村駅前交番,132276,東京都,羽村市,五ノ神４丁目,2020-10-20,08,駐車（輪）場,駐車（輪）場,10歳代,高校生,施錠せず
窃盗,自転車盗,福生,羽村駅前交番,132276,東京都,羽村市,五ノ神４丁目,2020-11-07,19,駐車（輪）場,駐車（輪）場,10歳代,高校生,施錠せず
窃盗,自転車盗,福生,羽村駅前交番,132276,東京都,羽村市,神明台１丁目,2019-12-25,18,その他の住宅（３階建て以下共同住宅等）,駐車（輪）場,30歳代,その他,施錠せず
窃盗,自転車盗,福生,羽村駅前交番,132276,東京都,羽村市,羽東１丁目,2020-01-16,07,駐車（輪）場,駐車（輪）場,40歳代,その他,施錠せず
窃盗,自転車盗,福生,羽村駅前交番,132276,東京都,羽村市,羽東１丁目,2020-01-22,17,駐車（輪）場,駐車（輪）場,30歳代,その他,施錠せず
窃盗,自転車盗,福生,羽村駅前交番,132276,東京都,羽村市,羽東１丁目,2020-03-06,07,駐車（輪）場,駐車（輪）場,40歳代,その他,施錠せず
窃盗,自転車盗,福生,羽村駅前交番,132276,東京都,羽村市,羽東１丁目,2020-08-11,16,駐車（輪）場,駐車（輪）場,20歳代,大学生,施錠せず
窃盗,自転車盗,福生,羽村駅前交番,132276,東京都,羽村市,羽東１丁目,2020-09-03,08,駐車（輪）場,駐車（輪）場,60-64歳,その他,施錠せず
窃盗,自転車盗,福生,羽村駅前交番,132276,東京都,羽村市,羽東１丁目,2020-10-18,12,駐車（輪）場,駐車（輪）場,10歳代,高校生,施錠せず
窃盗,自転車盗,福生,羽村駅前交番,132276,東京都,羽村市,緑ヶ丘１丁目,2020-01-17,07,駐車（輪）場,駐車（輪）場,10歳代,高校生,施錠せず
窃盗,自転車盗,福生,羽村駅前交番,132276,東京都,羽村市,緑ヶ丘１丁目,2020-04-24,17,４階建て以上共同住宅,駐車（輪）場,10歳代,中学生,施錠せず
窃盗,自転車盗,福生,羽村駅前交番,132276,東京都,羽村市,緑ヶ丘２丁目,2020-07-24,18,一戸建住宅,その他,10歳代,中学生,施錠せず
窃盗,自転車盗,福生,野辺駐在所,132284,東京都,あきる野市,野辺,2019-12-09,07,駐車（輪）場,駐車（輪）場,10歳代,高校生,施錠せず
窃盗,自転車盗,福生,野辺駐在所,132284,東京都,あきる野市,野辺,2020-06-11,09,駐車（輪）場,駐車（輪）場,20歳代,その他,施錠せず
窃盗,自転車盗,福生,野辺駐在所,132284,東京都,あきる野市,野辺,2020-08-09,11,駐車（輪）場,駐車（輪）場,10歳代,中学生,施錠せず
窃盗,自転車盗,福生,野辺駐在所,132284,東京都,あきる野市,野辺,2020-08-20,08,駐車（輪）場,駐車（輪）場,20歳代,その他,施錠せず
窃盗,自転車盗,福生,二宮駐在所,132284,東京都,あきる野市,二宮,2020-02-09,22,一戸建住宅,その他,10歳代,高校生,施錠せず
窃盗,自転車盗,福生,二宮駐在所,132284,東京都,あきる野市,二宮,2020-04-24,17,４階建て以上共同住宅,駐車（輪）場,50歳代,その他,施錠せず
窃盗,自転車盗,福生,二宮駐在所,132284,東京都,あきる野市,二宮,2020-08-02,23,一戸建住宅,その他,40歳代,その他,施錠せず
窃盗,自転車盗,福生,草花駐在所,132284,東京都,あきる野市,草花,2020-10-03,11,道路上,その他,30歳代,その他,施錠せず
窃盗,自転車盗,福生,菅生駐在所,132284,東京都,あきる野市,菅生,2020-02-13,08,駐車（輪）場,駐車（輪）場,10歳代,高校生,施錠せず
窃盗,自転車盗,福生,菅生駐在所,132284,東京都,あきる野市,瀬戸岡,2020-04-05,13,一戸建住宅,その他,30歳代,その他,施錠せず
窃盗,自転車盗,福生,渕上駐在所,132284,東京都,あきる野市,引田,2019-12-25,16,駐車（輪）場,駐車（輪）場,10歳代,高校生,施錠せず
窃盗,自転車盗,福生,渕上駐在所,132284,東京都,あきる野市,引田,2020-03-06,09,駐車（輪）場,駐車（輪）場,20歳代,その他,施錠せず
窃盗,自転車盗,福生,渕上駐在所,132284,東京都,あきる野市,引田,2020-07-22,08,駐車（輪）場,駐車（輪）場,10歳代,高校生,施錠せず
窃盗,自転車盗,福生,渕上駐在所,132284,東京都,あきる野市,引田,2020-09-17,07,駐車（輪）場,駐車（輪）場,10歳代,高校生,施錠せず
窃盗,自転車盗,福生,油平駐在所,132284,東京都,あきる野市,雨間,2020-08-09,15,その他,その他,10歳代,小学生,施錠せず
窃盗,自転車盗,福生,小作駅前交番,132276,東京都,羽村市,栄町１丁目,2020-03-08,20,その他の住宅（３階建て以下共同住宅等）,駐車（輪）場,10歳代,中学生,施錠せず
窃盗,自転車盗,福生,小作駅前交番,132276,東京都,羽村市,栄町１丁目,2020-07-12,07,駐車（輪）場,駐車（輪）場,10歳代,その他,施錠せず
窃盗,自転車盗,福生,小作駅前交番,132276,東京都,羽村市,栄町１丁目,2020-08-06,09,その他の住宅（３階建て以下共同住宅等）,駐車（輪）場,20歳代,その他,施錠せず
窃盗,自転車盗,福生,小作駅前交番,132276,東京都,羽村市,栄町１丁目,2020-09-15,16,駐車（輪）場,駐車（輪）場,20歳代,その他,施錠せず
窃盗,自転車盗,福生,小作駅前交番,132276,東京都,羽村市,栄町１丁目,2020-10-27,22,４階建て以上共同住宅,駐車（輪）場,30歳代,その他,施錠せず
窃盗,自転車盗,福生,小作駅前交番,132276,東京都,羽村市,栄町２丁目,2020-05-06,13,一戸建住宅,その他,65-69歳,その他,施錠せず
窃盗,自転車盗,福生,小作駅前交番,132276,東京都,羽村市,栄町２丁目,2020-07-04,05,一戸建住宅,その他,40歳代,その他,施錠せず
窃盗,自転車盗,福生,小作駅前交番,132276,東京都,羽村市,羽加美１丁目,2020-10-25,16,その他,駐車（輪）場,70歳以上,その他,施錠せず
窃盗,自転車盗,福生,小作駅前交番,132276,東京都,羽村市,小作台１丁目,2020-02-18,07,駐車（輪）場,駐車（輪）場,10歳代,高校生,施錠せず
窃盗,自転車盗,福生,小作駅前交番,132276,東京都,羽村市,小作台１丁目,2020-02-20,17,駐車（輪）場,駐車（輪）場,30歳代,その他,施錠せず
窃盗,自転車盗,福生,小作駅前交番,132276,東京都,羽村市,小作台２丁目,2020-01-08,09,駐車（輪）場,駐車（輪）場,10歳代,高校生,施錠せず
窃盗,自転車盗,福生,小作駅前交番,132276,東京都,羽村市,小作台２丁目,2020-07-18,18,その他,駐車（輪）場,10歳代,大学生,施錠せず
窃盗,自転車盗,福生,小作駅前交番,132276,東京都,羽村市,小作台２丁目,2020-08-05,06,駐車（輪）場,駐車（輪）場,30歳代,その他,施錠せず
窃盗,自転車盗,福生,小作駅前交番,132276,東京都,羽村市,小作台２丁目,2020-08-07,18,その他の住宅（３階建て以下共同住宅等）,駐車（輪）場,20歳代,その他,施錠せず
窃盗,自転車盗,福生,小作駅前交番,132276,東京都,羽村市,小作台３丁目,2019-12-10,11,駐車（輪）場,駐車（輪）場,20歳代,大学生,施錠せず
窃盗,自転車盗,福生,小作駅前交番,132276,東京都,羽村市,小作台３丁目,2019-12-29,08,一戸建住宅,その他,40歳代,その他,施錠せず
窃盗,自転車盗,福生,小作駅前交番,132276,東京都,羽村市,小作台３丁目,2020-02-28,19,駐車（輪）場,駐車（輪）場,10歳代,その他,施錠せず
窃盗,自転車盗,福生,小作駅前交番,132276,東京都,羽村市,小作台３丁目,2020-07-19,07,駐車（輪）場,駐車（輪）場,10歳代,高校生,施錠せず
窃盗,自転車盗,福生,小作駅前交番,132276,東京都,羽村市,小作台３丁目,2020-10-28,21,駐車（輪）場,駐車（輪）場,10歳代,その他,施錠せず
窃盗,自転車盗,福生,小作駅前交番,132276,東京都,羽村市,小作台３丁目,2020-11-15,09,駐車（輪）場,駐車（輪）場,10歳代,高校生,施錠せず
窃盗,自転車盗,福生,小作駅前交番,132276,東京都,羽村市,小作台４丁目,2020-08-28,07,一戸建住宅,その他,20歳代,大学生,施錠せず
窃盗,自転車盗,福生,小作駅前交番,132276,東京都,羽村市,小作台５丁目,2019-12-11,19,一戸建住宅,その他,10歳代,中学生,施錠せず
窃盗,自転車盗,福生,小作駅前交番,132276,東京都,羽村市,小作台５丁目,2020-01-12,07,駐車（輪）場,駐車（輪）場,10歳代,高校生,施錠せず
窃盗,自転車盗,福生,小作駅前交番,132276,東京都,羽村市,小作台５丁目,2020-01-15,14,その他の住宅（３階建て以下共同住宅等）,その他,30歳代,その他,施錠せず
窃盗,自転車盗,福生,小作駅前交番,132276,東京都,羽村市,小作台５丁目,2020-07-02,15,駐車（輪）場,駐車（輪）場,10歳代,大学生,施錠せず
窃盗,自転車盗,福生,五ノ神駐在所,132276,東京都,羽村市,五ノ神２丁目,2020-06-03,12,その他,駐車（輪）場,10歳代,中学生,施錠せず
窃盗,自転車盗,福生,五ノ神駐在所,132276,東京都,羽村市,神明台２丁目,2020-08-03,21,その他,駐車（輪）場,10歳代,高校生,施錠せず
窃盗,自転車盗,福生,五ノ神駐在所,132276,東京都,羽村市,富士見平２丁目,2020-05-01,17,４階建て以上共同住宅,駐車（輪）場,50歳代,その他,施錠せず
窃盗,自転車盗,福生,五ノ神駐在所,132276,東京都,羽村市,富士見平２丁目,2020-06-04,07,４階建て以上共同住宅,駐車（輪）場,50歳代,その他,施錠せず
窃盗,自転車盗,福生,秋川駅前交番,132284,東京都,あきる野市,秋川１丁目,2019-12-19,16,駐車（輪）場,駐車（輪）場,10歳代,高校生,施錠せず
窃盗,自転車盗,福生,秋川駅前交番,132284,東京都,あきる野市,秋川１丁目,2019-12-27,13,駐車（輪）場,駐車（輪）場,10歳代,高校生,施錠せず
窃盗,自転車盗,福生,秋川駅前交番,132284,東京都,あきる野市,秋川１丁目,2020-02-11,17,その他,駐車（輪）場,10歳代,中学生,施錠せず
窃盗,自転車盗,福生,秋川駅前交番,132284,東京都,あきる野市,秋川１丁目,2020-03-13,01,道路上,その他,20歳代,その他,施錠せず
窃盗,自転車盗,福生,秋川駅前交番,132284,東京都,あきる野市,秋川１丁目,2020-09-30,16,その他,駐車（輪）場,10歳代,高校生,施錠せず
窃盗,自転車盗,福生,秋川駅前交番,132284,東京都,あきる野市,秋川１丁目,2020-11-13,20,その他,駐車（輪）場,10歳代,高校生,施錠せず
窃盗,自転車盗,福生,秋川駅前交番,132284,東京都,あきる野市,秋川１丁目,2020-11-27,20,その他,駐車（輪）場,10歳代,高校生,施錠せず
窃盗,自転車盗,福生,秋川駅前交番,132284,東京都,あきる野市,秋川２丁目,2020-11-12,18,道路上,その他,20歳代,その他,施錠せず
窃盗,自転車盗,福生,秋川駅前交番,132284,東京都,あきる野市,秋川４丁目,2020-08-25,22,その他の住宅（３階建て以下共同住宅等）,駐車（輪）場,20歳代,その他,施錠せず
窃盗,自転車盗,福生,秋川駅前交番,132284,東京都,あきる野市,秋川６丁目,2020-10-09,08,その他の住宅（３階建て以下共同住宅等）,その他,20歳代,その他,施錠せず
窃盗,自転車盗,福生,秋川駅前交番,132284,東京都,あきる野市,油平,2020-01-15,07,駐車（輪）場,駐車（輪）場,10歳代,高校生,施錠せず
窃盗,自転車盗,福生,秋川駅前交番,132284,東京都,あきる野市,油平,2020-01-30,19,駐車（輪）場,駐車（輪）場,10歳代,中学生,施錠せず
窃盗,自転車盗,福生,秋川駅前交番,132284,東京都,あきる野市,油平,2020-03-02,07,駐車（輪）場,駐車（輪）場,10歳代,高校生,施錠せず
窃盗,自転車盗,福生,秋川駅前交番,132284,東京都,あきる野市,油平,2020-03-16,11,駐車（輪）場,駐車（輪）場,10歳代,大学生,施錠せず
窃盗,自転車盗,福生,秋川駅前交番,132284,東京都,あきる野市,油平,2020-03-26,07,駐車（輪）場,駐車（輪）場,20歳代,その他,施錠せず
窃盗,自転車盗,福生,秋川駅前交番,132284,東京都,あきる野市,油平,2020-06-18,07,駐車（輪）場,駐車（輪）場,10歳代,大学生,施錠せず
窃盗,自転車盗,福生,秋川駅前交番,132284,東京都,あきる野市,油平,2020-06-29,08,駐車（輪）場,駐車（輪）場,10歳代,高校生,施錠せず
窃盗,自転車盗,福生,秋川駅前交番,132284,東京都,あきる野市,油平,2020-08-08,23,駐車（輪）場,駐車（輪）場,20歳代,その他,施錠せず
窃盗,自転車盗,福生,秋川駅前交番,132284,東京都,あきる野市,油平,2020-08-25,17,駐車（輪）場,駐車（輪）場,40歳代,その他,施錠せず
窃盗,自転車盗,福生,秋川駅前交番,132284,東京都,あきる野市,油平,2020-09-03,08,駐車（輪）場,駐車（輪）場,10歳代,高校生,施錠せず
窃盗,自転車盗,福生,秋川駅前交番,132284,東京都,あきる野市,油平,2020-10-14,08,駐車（輪）場,駐車（輪）場,10歳代,高校生,施錠せず
窃盗,自転車盗,福生,秋川駅前交番,132284,東京都,あきる野市,油平,2020-11-06,09,駐車（輪）場,駐車（輪）場,10歳代,高校生,施錠せず
窃盗,自転車盗,福生,秋川駅前交番,132284,東京都,あきる野市,雨間,2020-06-18,15,一戸建住宅,その他,10歳代,小学生,施錠せず
窃盗,自転車盗,福生,秋川駅前交番,132284,東京都,あきる野市,雨間,2020-08-27,10,一戸建住宅,駐車（輪）場,50歳代,その他,施錠せず
窃盗,自転車盗,福生,秋川駅前交番,132284,東京都,あきる野市,二宮,2019-12-20,12,その他,駐車（輪）場,10歳代,高校生,施錠せず
窃盗,自転車盗,福生,秋川駅前交番,132284,東京都,あきる野市,平沢,2020-01-14,08,その他,駐車（輪）場,10歳代,高校生,施錠せず
窃盗,自転車盗,福生,秋川駅前交番,132284,東京都,あきる野市,平沢,2020-01-15,15,一戸建住宅,その他,10歳代,中学生,施錠せず
窃盗,自転車盗,福生,秋川駅前交番,132284,東京都,あきる野市,平沢,2020-09-15,09,その他,駐車（輪）場,10歳代,高校生,施錠せず
窃盗,自転車盗,福生,秋川駅前交番,132284,東京都,あきる野市,秋留２丁目,2020-08-23,22,その他,駐車（輪）場,20歳代,その他,施錠せず
窃盗,自転車盗,福生,小川駐在所,132284,東京都,あきる野市,小川東２丁目,2020-08-25,19,一戸建住宅,その他,50歳代,その他,施錠せず
窃盗,自転車盗,福生,箱根ヶ崎駅前交番,133035,東京都,瑞穂町,大字殿ケ谷,2020-08-09,05,道路上,その他,10歳代,高校生,施錠せず
窃盗,自転車盗,福生,箱根ヶ崎駅前交番,133035,東京都,瑞穂町,大字二本木,2020-10-29,19,その他の住宅（３階建て以下共同住宅等）,駐車（輪）場,10歳代,高校生,施錠せず
窃盗,自転車盗,福生,箱根ヶ崎駅前交番,133035,東京都,瑞穂町,大字箱根ケ崎,2020-01-11,22,駐車（輪）場,駐車（輪）場,20歳代,その他,施錠せず
窃盗,自転車盗,福生,箱根ヶ崎駅前交番,133035,東京都,瑞穂町,大字箱根ケ崎,2020-01-16,07,駐車（輪）場,駐車（輪）場,10歳代,高校生,施錠せず
窃盗,自転車盗,福生,箱根ヶ崎駅前交番,133035,東京都,瑞穂町,大字箱根ケ崎,2020-02-29,18,一戸建住宅,その他,30歳代,その他,施錠せず
窃盗,自転車盗,福生,箱根ヶ崎駅前交番,133035,東京都,瑞穂町,大字箱根ケ崎,2020-03-07,16,駐車（輪）場,駐車（輪）場,10歳代,高校生,施錠せず
窃盗,自転車盗,福生,箱根ヶ崎駅前交番,133035,東京都,瑞穂町,大字箱根ケ崎,2020-03-20,19,道路上,その他,10歳代,中学生,施錠せず
窃盗,自転車盗,福生,箱根ヶ崎駅前交番,133035,東京都,瑞穂町,大字箱根ケ崎,2020-05-13,10,駐車（輪）場,駐車（輪）場,20歳代,その他,施錠せず
窃盗,自転車盗,福生,箱根ヶ崎駅前交番,133035,東京都,瑞穂町,大字箱根ケ崎,2020-09-23,07,駐車（輪）場,駐車（輪）場,10歳代,高校生,施錠せず
窃盗,自転車盗,福生,箱根ヶ崎駅前交番,133035,東京都,瑞穂町,大字箱根ケ崎,2020-09-26,07,駐車（輪）場,駐車（輪）場,10歳代,高校生,施錠せず
窃盗,自転車盗,福生,箱根ヶ崎駅前交番,133035,東京都,瑞穂町,大字箱根ケ崎,2020-10-03,19,駐車（輪）場,駐車（輪）場,20歳代,その他,施錠せず
窃盗,自転車盗,福生,箱根ヶ崎駅前交番,133035,東京都,瑞穂町,大字箱根ケ崎,2020-11-20,06,駐車（輪）場,駐車（輪）場,10歳代,高校生,施錠せず
窃盗,自転車盗,福生,箱根ヶ崎駅前交番,133035,東京都,瑞穂町,箱根ケ崎西松原,2019-12-27,14,その他,駐車（輪）場,10歳代,中学生,施錠せず
窃盗,自転車盗,八王子,西八王子駅前交番,132012,東京都,八王子市,千人町２丁目,2020-03-01,23,その他,駐車（輪）場,30歳代,その他,施錠せず
窃盗,自転車盗,八王子,西八王子駅前交番,132012,東京都,八王子市,千人町２丁目,2020-06-18,21,４階建て以上共同住宅,駐車（輪）場,30歳代,その他,施錠せず
窃盗,自転車盗,八王子,西八王子駅前交番,132012,東京都,八王子市,千人町２丁目,2020-09-27,06,４階建て以上共同住宅,駐車（輪）場,50歳代,その他,施錠せず
窃盗,自転車盗,八王子,西八王子駅前交番,132012,東京都,八王子市,千人町２丁目,2020-10-20,11,その他の住宅（３階建て以下共同住宅等）,駐車（輪）場,10歳代,大学生,施錠せず
窃盗,自転車盗,八王子,西八王子駅前交番,132012,東京都,八王子市,千人町２丁目,2020-10-29,00,その他,駐車（輪）場,20歳代,大学生,施錠せず
窃盗,自転車盗,八王子,西八王子駅前交番,132012,東京都,八王子市,千人町３丁目,2019-12-20,不明,駐車（輪）場,駐車（輪）場,20歳代,その他,施錠せず
窃盗,自転車盗,八王子,西八王子駅前交番,132012,東京都,八王子市,千人町３丁目,2020-02-26,21,一戸建住宅,駐車（輪）場,40歳代,その他,施錠せず
窃盗,自転車盗,八王子,西八王子駅前交番,132012,東京都,八王子市,千人町３丁目,2020-02-28,23,駐車（輪）場,駐車（輪）場,10歳代,その他,施錠せず
窃盗,自転車盗,八王子,西八王子駅前交番,132012,東京都,八王子市,千人町３丁目,2020-09-08,08,駐車（輪）場,駐車（輪）場,10歳代,高校生,施錠せず
窃盗,自転車盗,八王子,西八王子駅前交番,132012,東京都,八王子市,千人町３丁目,2020-09-09,06,駐車（輪）場,駐車（輪）場,50歳代,その他,施錠せず
窃盗,自転車盗,八王子,西八王子駅前交番,132012,東京都,八王子市,千人町３丁目,2020-12-09,09,その他,駐車（輪）場,50歳代,その他,施錠せず
窃盗,自転車盗,八王子,西八王子駅前交番,132012,東京都,八王子市,千人町４丁目,2020-03-18,18,４階建て以上共同住宅,駐車（輪）場,20歳代,その他,施錠せず
窃盗,自転車盗,八王子,西八王子駅前交番,132012,東京都,八王子市,台町３丁目,2020-10-27,17,その他,駐車（輪）場,10歳代,高校生,施錠せず
窃盗,自転車盗,八王子,西八王子駅前交番,132012,東京都,八王子市,台町４丁目,2019-12-20,18,その他の住宅（３階建て以下共同住宅等）,駐車（輪）場,20歳代,その他,施錠せず
窃盗,自転車盗,八王子,西八王子駅前交番,132012,東京都,八王子市,台町４丁目,2019-12-28,18,その他の住宅（３階建て以下共同住宅等）,駐車（輪）場,30歳代,その他,施錠せず
窃盗,自転車盗,八王子,西八王子駅前交番,132012,東京都,八王子市,台町４丁目,2020-01-31,02,その他の住宅（３階建て以下共同住宅等）,駐車（輪）場,20歳代,その他,施錠せず
窃盗,自転車盗,八王子,西八王子駅前交番,132012,東京都,八王子市,台町４丁目,2020-03-12,17,その他の住宅（３階建て以下共同住宅等）,駐車（輪）場,10歳代,中学生,施錠せず
窃盗,自転車盗,八王子,追分交番,132012,東京都,八王子市,追分町,2020-06-13,23,４階建て以上共同住宅,駐車（輪）場,20歳代,その他,施錠せず
窃盗,自転車盗,八王子,追分交番,132012,東京都,八王子市,追分町,2020-08-30,03,４階建て以上共同住宅,駐車（輪）場,20歳代,その他,施錠せず
窃盗,自転車盗,八王子,追分交番,132012,東京都,八王子市,小門町,2020-07-19,00,４階建て以上共同住宅,駐車（輪）場,20歳代,大学生,施錠せず
窃盗,自転車盗,八王子,追分交番,132012,東京都,八王子市,小門町,2020-08-30,14,その他の住宅（３階建て以下共同住宅等）,駐車（輪）場,30歳代,その他,施錠せず
窃盗,自転車盗,八王子,追分交番,132012,東京都,八王子市,小門町,2020-11-12,17,その他の住宅（３階建て以下共同住宅等）,駐車（輪）場,30歳代,その他,施錠せず
窃盗,自転車盗,八王子,追分交番,132012,東京都,八王子市,千人町１丁目,2020-11-22,22,４階建て以上共同住宅,駐車（輪）場,40歳代,その他,施錠せず
窃盗,自転車盗,八王子,追分交番,132012,東京都,八王子市,八幡町,2020-11-06,20,４階建て以上共同住宅,駐車（輪）場,10歳代,中学生,施錠せず
窃盗,自転車盗,八王子,追分交番,132012,東京都,八王子市,日吉町,2020-03-15,21,一戸建住宅,駐車（輪）場,50歳代,その他,施錠せず
窃盗,自転車盗,八王子,追分交番,132012,東京都,八王子市,日吉町,2020-10-09,19,４階建て以上共同住宅,駐車（輪）場,20歳代,その他,施錠せず
窃盗,自転車盗,八王子,追分交番,132012,東京都,八王子市,元本郷町２丁目,2020-10-04,16,一戸建住宅,駐車（輪）場,10歳代,中学生,施錠せず
窃盗,自転車盗,八王子,追分交番,132012,東京都,八王子市,元本郷町３丁目,2020-06-30,23,一戸建住宅,駐車（輪）場,40歳代,その他,施錠せず
窃盗,自転車盗,八王子,追分交番,132012,東京都,八王子市,元本郷町４丁目,2020-02-01,04,その他の住宅（３階建て以下共同住宅等）,駐車（輪）場,30歳代,その他,施錠せず
窃盗,自転車盗,八王子,追分交番,132012,東京都,八王子市,八木町,2020-01-09,08,道路上,その他,20歳代,その他,施錠せず
窃盗,自転車盗,八王子,追分交番,132012,東京都,八王子市,八木町,2020-07-31,18,４階建て以上共同住宅,駐車（輪）場,10歳代,中学生,施錠せず
窃盗,自転車盗,八王子,中野交番,132012,東京都,八王子市,大横町,2020-01-19,12,その他の住宅（３階建て以下共同住宅等）,駐車（輪）場,20歳代,その他,施錠せず
窃盗,自転車盗,八王子,中野交番,132012,東京都,八王子市,大横町,2020-06-14,16,一戸建住宅,駐車（輪）場,30歳代,その他,施錠せず
窃盗,自転車盗,八王子,中野交番,132012,東京都,八王子市,清川町,2019-12-30,19,一戸建住宅,その他,70歳以上,その他,施錠せず
窃盗,自転車盗,八王子,中野交番,132012,東京都,八王子市,清川町,2020-07-12,05,一戸建住宅,駐車（輪）場,10歳代,小学生,施錠せず
窃盗,自転車盗,八王子,中野交番,132012,東京都,八王子市,中野上町３丁目,2020-08-16,20,その他の住宅（３階建て以下共同住宅等）,駐車（輪）場,20歳代,その他,施錠せず
窃盗,自転車盗,八王子,中野交番,132012,東京都,八王子市,中野上町４丁目,2020-04-18,13,その他の住宅（３階建て以下共同住宅等）,駐車（輪）場,30歳代,その他,施錠せず
窃盗,自転車盗,八王子,中野交番,132012,東京都,八王子市,中野上町４丁目,2020-07-11,17,一戸建住宅,駐車（輪）場,30歳代,その他,施錠せず
窃盗,自転車盗,八王子,中野交番,132012,東京都,八王子市,中野上町４丁目,2020-10-10,20,一戸建住宅,駐車（輪）場,50歳代,その他,施錠せず
窃盗,自転車盗,八王子,中野交番,132012,東京都,八王子市,中野上町５丁目,2020-08-08,10,その他,駐車（輪）場,50歳代,その他,施錠せず
窃盗,自転車盗,八王子,中野交番,132012,東京都,八王子市,中野上町５丁目,2020-10-09,11,その他の住宅（３階建て以下共同住宅等）,駐車（輪）場,20歳代,大学生,施錠せず
窃盗,自転車盗,八王子,中野交番,132012,東京都,八王子市,中野上町５丁目,2020-10-22,17,一戸建住宅,駐車（輪）場,20歳代,その他,施錠せず
窃盗,自転車盗,八王子,中野交番,132012,東京都,八王子市,中野上町５丁目,2020-10-25,12,一戸建住宅,駐車（輪）場,20歳代,その他,施錠せず
窃盗,自転車盗,八王子,中野交番,132012,東京都,八王子市,八幡町,2020-02-15,20,４階建て以上共同住宅,駐車（輪）場,20歳代,その他,施錠せず
窃盗,自転車盗,八王子,中野交番,132012,東京都,八王子市,八幡町,2020-03-11,18,４階建て以上共同住宅,駐車（輪）場,20歳代,その他,施錠せず
窃盗,自転車盗,八王子,中野交番,132012,東京都,八王子市,平岡町,2020-03-06,22,一戸建住宅,駐車（輪）場,20歳代,その他,施錠せず
窃盗,自転車盗,八王子,中野交番,132012,東京都,八王子市,平岡町,2020-03-15,18,一戸建住宅,駐車（輪）場,10歳代,小学生,施錠せず
窃盗,自転車盗,八王子,中野交番,132012,東京都,八王子市,平岡町,2020-04-20,00,一戸建住宅,その他,20歳代,その他,施錠せず
窃盗,自転車盗,八王子,中野交番,132012,東京都,八王子市,元本郷町１丁目,2020-05-26,22,一戸建住宅,駐車（輪）場,60-64歳,その他,施錠せず
窃盗,自転車盗,八王子,富士森交番,132012,東京都,八王子市,上野町,2020-07-20,21,その他の住宅（３階建て以下共同住宅等）,駐車（輪）場,30歳代,その他,施錠せず
窃盗,自転車盗,八王子,富士森交番,132012,東京都,八王子市,上野町,2020-08-24,12,一戸建住宅,駐車（輪）場,60-64歳,その他,施錠せず
窃盗,自転車盗,八王子,富士森交番,132012,東京都,八王子市,台町１丁目,2020-02-22,18,４階建て以上共同住宅,駐車（輪）場,40歳代,その他,施錠せず
窃盗,自転車盗,八王子,富士森交番,132012,東京都,八王子市,台町１丁目,2020-04-27,19,４階建て以上共同住宅,駐車（輪）場,30歳代,その他,施錠せず
窃盗,自転車盗,八王子,富士森交番,132012,東京都,八王子市,台町１丁目,2020-09-22,21,４階建て以上共同住宅,駐車（輪）場,50歳代,その他,施錠せず
窃盗,自転車盗,八王子,富士森交番,132012,東京都,八王子市,台町２丁目,2020-03-18,18,その他の住宅（３階建て以下共同住宅等）,駐車（輪）場,40歳代,その他,施錠せず
窃盗,自転車盗,八王子,富士森交番,132012,東京都,八王子市,台町２丁目,2020-06-16,17,その他の住宅（３階建て以下共同住宅等）,駐車（輪）場,10歳代,その他,施錠せず
窃盗,自転車盗,八王子,富士森交番,132012,東京都,八王子市,台町２丁目,2020-07-04,10,その他,その他,法人・団体、被害者なし,法人・団体、被害者なし,施錠せず
窃盗,自転車盗,八王子,富士森交番,132012,東京都,八王子市,台町３丁目,2020-03-07,19,一戸建住宅,駐車（輪）場,40歳代,その他,施錠せず
窃盗,自転車盗,八王子,富士森交番,132012,東京都,八王子市,台町３丁目,2020-07-29,15,その他,駐車（輪）場,10歳代,高校生,施錠せず
窃盗,自転車盗,八王子,富士森交番,132012,東京都,八王子市,台町４丁目,2020-03-11,11,一戸建住宅,その他,10歳代,高校生,施錠せず
窃盗,自転車盗,八王子,富士森交番,132012,東京都,八王子市,緑町,2020-06-30,14,駐車（輪）場,駐車（輪）場,40歳代,その他,施錠せず
窃盗,自転車盗,八王子,八王子駅南口交番,132012,東京都,八王子市,旭町,2020-09-11,15,駐車（輪）場,駐車（輪）場,10歳代,高校生,施錠せず
窃盗,自転車盗,八王子,八王子駅南口交番,132012,東京都,八王子市,子安町１丁目,2020-06-29,06,４階建て以上共同住宅,駐車（輪）場,10歳代,その他,施錠せず
窃盗,自転車盗,八王子,八王子駅南口交番,132012,東京都,八王子市,子安町３丁目,2020-05-24,08,４階建て以上共同住宅,駐車（輪）場,30歳代,その他,施錠せず
窃盗,自転車盗,八王子,八王子駅南口交番,132012,東京都,八王子市,子安町３丁目,2020-09-25,08,その他,駐車（輪）場,40歳代,その他,施錠せず
窃盗,自転車盗,八王子,八王子駅南口交番,132012,東京都,八王子市,子安町４丁目,2020-09-17,16,駐車（輪）場,駐車（輪）場,10歳代,高校生,施錠せず
窃盗,自転車盗,八王子,八王子駅南口交番,132012,東京都,八王子市,子安町４丁目,2020-09-22,20,道路上,その他,10歳代,高校生,施錠せず
窃盗,自転車盗,八王子,八王子駅南口交番,132012,東京都,八王子市,寺町,2020-02-15,16,一戸建住宅,駐車（輪）場,40歳代,その他,施錠せず
窃盗,自転車盗,八王子,八王子駅南口交番,132012,東京都,八王子市,寺町,2020-07-31,14,４階建て以上共同住宅,駐車（輪）場,65-69歳,その他,施錠せず
窃盗,自転車盗,八王子,八王子駅南口交番,132012,東京都,八王子市,寺町,2020-08-12,19,一戸建住宅,駐車（輪）場,50歳代,その他,施錠せず
窃盗,自転車盗,八王子,八王子駅南口交番,132012,東京都,八王子市,万町,2020-06-28,22,一戸建住宅,駐車（輪）場,10歳代,小学生,施錠せず
窃盗,自転車盗,八王子,八王子駅南口交番,132012,東京都,八王子市,万町,2020-08-06,17,道路上,その他,10歳代,高校生,施錠せず
窃盗,自転車盗,八王子,八王子駅南口交番,132012,東京都,八王子市,万町,2020-08-28,18,４階建て以上共同住宅,駐車（輪）場,10歳代,中学生,施錠せず
窃盗,自転車盗,八王子,八王子駅南口交番,132012,東京都,八王子市,万町,2020-09-17,18,一戸建住宅,駐車（輪）場,10歳代,高校生,施錠せず
窃盗,自転車盗,八王子,八王子駅南口交番,132012,東京都,八王子市,万町,2020-09-17,18,４階建て以上共同住宅,駐車（輪）場,10歳代,高校生,施錠せず
窃盗,自転車盗,八王子,八王子駅南口交番,132012,東京都,八王子市,万町,2020-11-18,18,一戸建住宅,駐車（輪）場,40歳代,その他,施錠せず
窃盗,自転車盗,八王子,八王子駅北口交番,132012,東京都,八王子市,旭町,2020-02-22,06,その他,駐車（輪）場,10歳代,大学生,施錠せず
窃盗,自転車盗,八王子,八王子駅北口交番,132012,東京都,八王子市,旭町,2020-03-21,08,駐車（輪）場,駐車（輪）場,20歳代,その他,施錠せず
窃盗,自転車盗,八王子,八王子駅北口交番,132012,東京都,八王子市,旭町,2020-06-03,18,道路上,その他,30歳代,その他,施錠せず
窃盗,自転車盗,八王子,八王子駅北口交番,132012,東京都,八王子市,旭町,2020-06-19,20,その他,駐車（輪）場,20歳代,大学生,施錠せず
窃盗,自転車盗,八王子,八王子駅北口交番,132012,東京都,八王子市,旭町,2020-07-16,10,その他,駐車（輪）場,50歳代,その他,施錠せず
窃盗,自転車盗,八王子,八王子駅北口交番,132012,東京都,八王子市,旭町,2020-07-17,05,その他,駐車（輪）場,30歳代,その他,施錠せず
窃盗,自転車盗,八王子,八王子駅北口交番,132012,東京都,八王子市,旭町,2020-09-03,08,駐車（輪）場,駐車（輪）場,10歳代,高校生,施錠せず
窃盗,自転車盗,八王子,八王子駅北口交番,132012,東京都,八王子市,旭町,2020-10-21,23,駐車（輪）場,駐車（輪）場,40歳代,その他,施錠せず
窃盗,自転車盗,八王子,八王子駅北口交番,132012,東京都,八王子市,旭町,2020-10-27,21,駐車（輪）場,駐車（輪）場,20歳代,その他,施錠せず
窃盗,自転車盗,八王子,八王子駅北口交番,132012,東京都,八王子市,旭町,2020-11-27,06,駐車（輪）場,駐車（輪）場,20歳代,その他,施錠せず
窃盗,自転車盗,八王子,八王子駅北口交番,132012,東京都,八王子市,旭町,2020-11-28,13,駐車（輪）場,駐車（輪）場,10歳代,高校生,施錠せず
窃盗,自転車盗,八王子,八王子駅北口交番,132012,東京都,八王子市,東町,2020-01-05,17,その他,駐車（輪）場,10歳代,中学生,施錠せず
窃盗,自転車盗,八王子,八王子駅北口交番,132012,東京都,八王子市,東町,2020-01-19,00,道路上,その他,20歳代,その他,施錠せず
窃盗,自転車盗,八王子,八王子駅北口交番,132012,東京都,八王子市,東町,2020-02-27,09,その他,駐車（輪）場,50歳代,その他,施錠せず
窃盗,自転車盗,八王子,八王子駅北口交番,132012,東京都,八王子市,東町,2020-03-07,13,その他,その他,10歳代,高校生,施錠せず
窃盗,自転車盗,八王子,八王子駅北口交番,132012,東京都,八王子市,東町,2020-08-04,14,その他,駐車（輪）場,10歳代,中学生,施錠せず
窃盗,自転車盗,八王子,八王子駅北口交番,132012,東京都,八王子市,小門町,2020-07-28,21,道路上,その他,10歳代,大学生,施錠せず
窃盗,自転車盗,八王子,八王子駅北口交番,132012,東京都,八王子市,寺町,2020-05-23,09,その他,その他,10歳代,その他,施錠せず
窃盗,自転車盗,八王子,八王子駅北口交番,132012,東京都,八王子市,中町,2020-01-04,16,道路上,その他,10歳代,高校生,施錠せず
窃盗,自転車盗,八王子,八王子駅北口交番,132012,東京都,八王子市,中町,2020-01-31,00,道路上,その他,20歳代,大学生,施錠せず
窃盗,自転車盗,八王子,八王子駅北口交番,132012,東京都,八王子市,中町,2020-03-08,00,その他,その他,20歳代,その他,施錠せず
窃盗,自転車盗,八王子,八王子駅北口交番,132012,東京都,八王子市,中町,2020-06-03,17,その他,駐車（輪）場,20歳代,大学生,施錠せず
窃盗,自転車盗,八王子,八王子駅北口交番,132012,東京都,八王子市,中町,2020-06-03,23,道路上,その他,10歳代,高校生,施錠せず
窃盗,自転車盗,八王子,八王子駅北口交番,132012,東京都,八王子市,中町,2020-08-09,01,その他,駐車（輪）場,10歳代,その他,施錠せず
窃盗,自転車盗,八王子,八王子駅北口交番,132012,東京都,八王子市,中町,2020-08-24,23,道路上,その他,20歳代,大学生,施錠せず
窃盗,自転車盗,八王子,八王子駅北口交番,132012,東京都,八王子市,中町,2020-08-27,17,駐車（輪）場,駐車（輪）場,10歳代,高校生,施錠せず
窃盗,自転車盗,八王子,八王子駅北口交番,132012,東京都,八王子市,中町,2020-10-15,21,道路上,その他,40歳代,その他,施錠せず
窃盗,自転車盗,八王子,八王子駅北口交番,132012,東京都,八王子市,中町,2020-11-15,17,道路上,その他,30歳代,その他,施錠せず
窃盗,自転車盗,八王子,八王子駅北口交番,132012,東京都,八王子市,中町,2020-12-08,12,その他,駐車（輪）場,10歳代,その他,施錠せず
窃盗,自転車盗,八王子,八王子駅北口交番,132012,東京都,八王子市,本町,2020-09-09,21,その他の住宅（３階建て以下共同住宅等）,駐車（輪）場,20歳代,その他,施錠せず
窃盗,自転車盗,八王子,八王子駅北口交番,132012,東京都,八王子市,三崎町,2020-05-31,05,道路上,その他,60-64歳,その他,施錠せず
窃盗,自転車盗,八王子,八王子駅北口交番,132012,東京都,八王子市,緑町,2020-10-20,21,一戸建住宅,駐車（輪）場,10歳代,中学生,施錠せず
窃盗,自転車盗,八王子,八王子駅北口交番,132012,東京都,八王子市,南新町,2020-06-12,10,道路上,その他,70歳以上,その他,施錠せず
窃盗,自転車盗,八王子,八王子駅北口交番,132012,東京都,八王子市,明神町１丁目,2020-08-09,18,４階建て以上共同住宅,駐車（輪）場,70歳以上,その他,施錠せず
窃盗,自転車盗,八王子,八王子駅北口交番,132012,東京都,八王子市,明神町１丁目,2020-09-20,00,４階建て以上共同住宅,駐車（輪）場,30歳代,その他,施錠せず
窃盗,自転車盗,八王子,八王子駅北口交番,132012,東京都,八王子市,明神町２丁目,2020-07-28,10,その他の住宅（３階建て以下共同住宅等）,駐車（輪）場,20歳代,大学生,施錠せず
窃盗,自転車盗,八王子,八王子駅北口交番,132012,東京都,八王子市,明神町３丁目,2020-01-03,23,４階建て以上共同住宅,駐車（輪）場,20歳代,大学生,施錠せず
窃盗,自転車盗,八王子,八王子駅北口交番,132012,東京都,八王子市,明神町３丁目,2020-04-04,23,その他,駐車（輪）場,20歳代,その他,施錠せず
窃盗,自転車盗,八王子,八王子駅北口交番,132012,東京都,八王子市,明神町３丁目,2020-06-26,00,駐車（輪）場,駐車（輪）場,30歳代,その他,施錠せず
窃盗,自転車盗,八王子,八王子駅北口交番,132012,東京都,八王子市,明神町３丁目,2020-06-29,18,駐車（輪）場,駐車（輪）場,20歳代,その他,施錠せず
窃盗,自転車盗,八王子,八王子駅北口交番,132012,東京都,八王子市,明神町３丁目,2020-10-18,15,駐車（輪）場,駐車（輪）場,20歳代,その他,施錠せず
窃盗,自転車盗,八王子,八王子駅北口交番,132012,東京都,八王子市,明神町４丁目,2020-07-18,23,４階建て以上共同住宅,駐車（輪）場,40歳代,その他,施錠せず
窃盗,自転車盗,八王子,八王子駅北口交番,132012,東京都,八王子市,横山町,2020-05-02,23,４階建て以上共同住宅,その他,20歳代,その他,施錠せず
窃盗,自転車盗,八王子,八王子駅北口交番,132012,東京都,八王子市,横山町,2020-11-20,08,その他,駐車（輪）場,20歳代,その他,施錠せず
窃盗,自転車盗,八王子,元横山交番,132012,東京都,八王子市,大横町,2020-01-05,13,一戸建住宅,駐車（輪）場,30歳代,その他,施錠せず
窃盗,自転車盗,八王子,元横山交番,132012,東京都,八王子市,田町,2020-04-14,15,駐車（輪）場,駐車（輪）場,70歳以上,その他,施錠せず
窃盗,自転車盗,八王子,元横山交番,132012,東京都,八王子市,本町,2020-01-15,16,一戸建住宅,駐車（輪）場,70歳以上,その他,施錠せず
窃盗,自転車盗,八王子,元横山交番,132012,東京都,八王子市,本町,2020-07-16,14,一戸建住宅,駐車（輪）場,70歳以上,その他,施錠せず
窃盗,自転車盗,八王子,元横山交番,132012,東京都,八王子市,本町,2020-09-09,09,その他の住宅（３階建て以下共同住宅等）,駐車（輪）場,40歳代,その他,施錠せず
窃盗,自転車盗,八王子,元横山交番,132012,東京都,八王子市,元横山町１丁目,2020-07-12,18,一戸建住宅,駐車（輪）場,50歳代,その他,施錠せず
窃盗,自転車盗,八王子,元横山交番,132012,東京都,八王子市,元横山町２丁目,2020-01-02,19,その他,駐車（輪）場,30歳代,その他,施錠せず
窃盗,自転車盗,八王子,元横山交番,132012,東京都,八王子市,元横山町２丁目,2020-01-24,06,道路上,その他,40歳代,その他,施錠せず
窃盗,自転車盗,八王子,元横山交番,132012,東京都,八王子市,元横山町２丁目,2020-10-26,15,その他の住宅（３階建て以下共同住宅等）,駐車（輪）場,30歳代,その他,施錠せず
窃盗,自転車盗,八王子,元横山交番,132012,東京都,八王子市,元横山町３丁目,2020-03-25,12,４階建て以上共同住宅,駐車（輪）場,30歳代,その他,施錠せず
窃盗,自転車盗,八王子,大和田交番,132012,東京都,八王子市,大和田町１丁目,2020-04-29,02,４階建て以上共同住宅,駐車（輪）場,70歳以上,その他,施錠せず
窃盗,自転車盗,八王子,大和田交番,132012,東京都,八王子市,大和田町２丁目,2020-09-02,15,一戸建住宅,駐車（輪）場,70歳以上,その他,施錠せず
窃盗,自転車盗,八王子,大和田交番,132012,東京都,八王子市,大和田町３丁目,2020-08-05,21,その他の住宅（３階建て以下共同住宅等）,駐車（輪）場,20歳代,その他,施錠せず
窃盗,自転車盗,八王子,大和田交番,132012,東京都,八王子市,大和田町４丁目,2020-06-17,23,４階建て以上共同住宅,駐車（輪）場,30歳代,その他,施錠せず
窃盗,自転車盗,八王子,大和田交番,132012,東京都,八王子市,大和田町４丁目,2020-12-09,20,一戸建住宅,駐車（輪）場,50歳代,その他,施錠せず
窃盗,自転車盗,八王子,大和田交番,132012,東京都,八王子市,大和田町５丁目,2020-01-23,00,その他,駐車（輪）場,40歳代,その他,施錠せず
窃盗,自転車盗,八王子,大和田交番,132012,東京都,八王子市,大和田町５丁目,2020-07-01,15,その他の住宅（３階建て以下共同住宅等）,駐車（輪）場,70歳以上,その他,施錠せず
窃盗,自転車盗,八王子,大和田交番,132012,東京都,八王子市,大和田町６丁目,2020-01-14,13,一戸建住宅,駐車（輪）場,40歳代,その他,施錠せず
窃盗,自転車盗,八王子,大和田交番,132012,東京都,八王子市,大和田町６丁目,2020-03-22,14,４階建て以上共同住宅,駐車（輪）場,10歳代,大学生,施錠せず
窃盗,自転車盗,八王子,大和田交番,132012,東京都,八王子市,大和田町６丁目,2020-04-24,12,その他の住宅（３階建て以下共同住宅等）,駐車（輪）場,20歳代,その他,施錠せず
窃盗,自転車盗,八王子,大和田交番,132012,東京都,八王子市,大和田町６丁目,2020-06-05,20,その他の住宅（３階建て以下共同住宅等）,駐車（輪）場,20歳代,その他,施錠せず
窃盗,自転車盗,八王子,安戸駐在所,132012,東京都,八王子市,暁町１丁目,2020-06-05,18,その他の住宅（３階建て以下共同住宅等）,駐車（輪）場,30歳代,その他,施錠せず
窃盗,自転車盗,八王子,安戸駐在所,132012,東京都,八王子市,暁町１丁目,2020-07-18,18,その他の住宅（３階建て以下共同住宅等）,駐車（輪）場,20歳代,その他,施錠せず
窃盗,自転車盗,八王子,稲荷坂交番,132012,東京都,八王子市,暁町１丁目,2020-01-07,09,その他の住宅（３階建て以下共同住宅等）,駐車（輪）場,40歳代,その他,施錠せず
窃盗,自転車盗,八王子,稲荷坂交番,132012,東京都,八王子市,暁町１丁目,2020-05-04,08,その他の住宅（３階建て以下共同住宅等）,駐車（輪）場,50歳代,その他,施錠せず
窃盗,自転車盗,八王子,稲荷坂交番,132012,東京都,八王子市,暁町１丁目,2020-07-13,19,一戸建住宅,駐車（輪）場,10歳代,中学生,施錠せず
窃盗,自転車盗,八王子,稲荷坂交番,132012,東京都,八王子市,暁町１丁目,2020-08-03,11,４階建て以上共同住宅,駐車（輪）場,20歳代,大学生,施錠せず
窃盗,自転車盗,八王子,稲荷坂交番,132012,東京都,八王子市,暁町１丁目,2020-08-10,18,一戸建住宅,駐車（輪）場,70歳以上,その他,施錠せず
窃盗,自転車盗,八王子,稲荷坂交番,132012,東京都,八王子市,中野上町１丁目,2020-02-29,01,一戸建住宅,駐車（輪）場,10歳代,中学生,施錠せず
窃盗,自転車盗,八王子,稲荷坂交番,132012,東京都,八王子市,中野上町２丁目,2020-05-13,03,その他の住宅（３階建て以下共同住宅等）,駐車（輪）場,20歳代,その他,施錠せず
窃盗,自転車盗,八王子,稲荷坂交番,132012,東京都,八王子市,中野上町３丁目,2020-04-10,23,４階建て以上共同住宅,駐車（輪）場,10歳代,その他,施錠せず
窃盗,自転車盗,八王子,稲荷坂交番,132012,東京都,八王子市,中野山王１丁目,2020-05-11,09,その他,駐車（輪）場,30歳代,その他,施錠せず
窃盗,自転車盗,八王子,稲荷坂交番,132012,東京都,八王子市,中野山王１丁目,2020-05-25,16,一戸建住宅,駐車（輪）場,40歳代,その他,施錠せず
窃盗,自転車盗,八王子,稲荷坂交番,132012,東京都,八王子市,中野山王１丁目,2020-07-22,15,その他,駐車（輪）場,30歳代,その他,施錠せず
窃盗,自転車盗,八王子,稲荷坂交番,132012,東京都,八王子市,中野山王１丁目,2020-09-10,01,一戸建住宅,駐車（輪）場,10歳代,その他,施錠せず
窃盗,自転車盗,八王子,稲荷坂交番,132012,東京都,八王子市,中野山王１丁目,2020-09-19,18,４階建て以上共同住宅,駐車（輪）場,10歳代,中学生,施錠せず
窃盗,自転車盗,八王子,稲荷坂交番,132012,東京都,八王子市,中野山王１丁目,2020-11-16,19,その他,駐車（輪）場,40歳代,その他,施錠せず
窃盗,自転車盗,八王子,稲荷坂交番,132012,東京都,八王子市,中野山王２丁目,2020-05-20,07,４階建て以上共同住宅,駐車（輪）場,20歳代,その他,施錠せず
窃盗,自転車盗,八王子,稲荷坂交番,132012,東京都,八王子市,中野山王２丁目,2020-06-02,18,４階建て以上共同住宅,駐車（輪）場,50歳代,その他,施錠せず
窃盗,自転車盗,八王子,稲荷坂交番,132012,東京都,八王子市,中野山王２丁目,2020-09-05,07,一戸建住宅,駐車（輪）場,40歳代,その他,施錠せず
窃盗,自転車盗,八王子,稲荷坂交番,132012,東京都,八王子市,中野山王２丁目,2020-10-13,17,一戸建住宅,駐車（輪）場,40歳代,その他,施錠せず
窃盗,自転車盗,八王子,稲荷坂交番,132012,東京都,八王子市,中野山王３丁目,2020-09-06,22,４階建て以上共同住宅,駐車（輪）場,10歳代,高校生,施錠せず
窃盗,自転車盗,八王子,稲荷坂交番,132012,東京都,八王子市,中野町,2020-09-15,11,その他の住宅（３階建て以下共同住宅等）,駐車（輪）場,10歳代,大学生,施錠せず
窃盗,自転車盗,八王子,稲荷坂交番,132012,東京都,八王子市,中野町,2020-10-14,19,その他の住宅（３階建て以下共同住宅等）,駐車（輪）場,20歳代,大学生,施錠せず
窃盗,自転車盗,八王子,小宮町駐在所,132012,東京都,八王子市,小宮町,2020-02-21,07,駐車（輪）場,駐車（輪）場,10歳代,高校生,施錠せず
窃盗,自転車盗,八王子,小宮町駐在所,132012,東京都,八王子市,小宮町,2020-08-26,07,駐車（輪）場,駐車（輪）場,20歳代,その他,施錠せず
窃盗,自転車盗,八王子,小宮町駐在所,132012,東京都,八王子市,小宮町,2020-01-08,05,駐車（輪）場,駐車（輪）場,10歳代,高校生,施錠せず
窃盗,自転車盗,八王子,小宮町駐在所,132012,東京都,八王子市,小宮町,2020-08-30,10,一戸建住宅,その他,50歳代,その他,施錠せず
窃盗,自転車盗,八王子,小宮町駐在所,132012,東京都,八王子市,小宮町,2020-11-10,18,その他,駐車（輪）場,10歳代,高校生,施錠せず
窃盗,自転車盗,八王子,石川駐在所,132012,東京都,八王子市,宇津木町,2020-01-16,09,道路上,その他,10歳代,中学生,施錠せず
窃盗,自転車盗,八王子,石川駐在所,132012,東京都,八王子市,宇津木町,2020-01-16,09,道路上,その他,10歳代,中学生,施錠せず
窃盗,自転車盗,八王子,石川駐在所,132012,東京都,八王子市,宇津木町,2020-01-16,09,道路上,その他,10歳代,中学生,施錠せず
窃盗,自転車盗,八王子,犬目交番,132012,東京都,八王子市,中町,2020-01-10,17,その他,駐車（輪）場,20歳代,大学生,施錠せず
窃盗,自転車盗,八王子,犬目交番,132012,東京都,八王子市,犬目町,2020-07-31,17,道路上,その他,70歳以上,その他,施錠せず
窃盗,自転車盗,八王子,犬目交番,132012,東京都,八王子市,犬目町,2020-08-05,12,その他の住宅（３階建て以下共同住宅等）,駐車（輪）場,20歳代,その他,施錠せず
窃盗,自転車盗,八王子,犬目交番,132012,東京都,八王子市,中野町,2020-03-19,13,その他,駐車（輪）場,10歳代,大学生,施錠せず
窃盗,自転車盗,八王子,犬目交番,132012,東京都,八王子市,中野町,2020-08-13,20,その他の住宅（３階建て以下共同住宅等）,駐車（輪）場,10歳代,大学生,施錠せず
窃盗,自転車盗,八王子,犬目交番,132012,東京都,八王子市,中野町,2020-09-16,23,４階建て以上共同住宅,駐車（輪）場,10歳代,大学生,施錠せず
窃盗,自転車盗,八王子,犬目交番,132012,東京都,八王子市,中野町,2020-10-15,02,その他の住宅（３階建て以下共同住宅等）,駐車（輪）場,20歳代,大学生,施錠せず
窃盗,自転車盗,八王子,犬目交番,132012,東京都,八王子市,楢原町,2020-01-03,13,一戸建住宅,その他,70歳以上,その他,施錠せず
窃盗,自転車盗,八王子,犬目交番,132012,東京都,八王子市,楢原町,2020-01-31,18,その他,駐車（輪）場,10歳代,高校生,施錠せず
窃盗,自転車盗,八王子,犬目交番,132012,東京都,八王子市,楢原町,2020-03-10,21,その他の住宅（３階建て以下共同住宅等）,駐車（輪）場,30歳代,その他,施錠せず
窃盗,自転車盗,八王子,犬目交番,132012,東京都,八王子市,楢原町,2020-03-24,17,その他の住宅（３階建て以下共同住宅等）,駐車（輪）場,30歳代,その他,施錠せず
窃盗,自転車盗,八王子,犬目交番,132012,東京都,八王子市,楢原町,2020-04-04,14,その他の住宅（３階建て以下共同住宅等）,駐車（輪）場,10歳代,大学生,施錠せず
窃盗,自転車盗,八王子,犬目交番,132012,東京都,八王子市,楢原町,2020-05-22,17,その他の住宅（３階建て以下共同住宅等）,その他,20歳代,その他,施錠せず
窃盗,自転車盗,八王子,犬目交番,132012,東京都,八王子市,楢原町,2020-05-29,18,一戸建住宅,駐車（輪）場,10歳代,中学生,施錠せず
窃盗,自転車盗,八王子,犬目交番,132012,東京都,八王子市,楢原町,2020-06-05,08,その他の住宅（３階建て以下共同住宅等）,駐車（輪）場,30歳代,その他,施錠せず
窃盗,自転車盗,八王子,犬目交番,132012,東京都,八王子市,楢原町,2020-06-23,13,一戸建住宅,駐車（輪）場,10歳代,高校生,施錠せず
窃盗,自転車盗,八王子,犬目交番,132012,東京都,八王子市,楢原町,2020-07-10,21,その他の住宅（３階建て以下共同住宅等）,駐車（輪）場,20歳代,大学生,施錠せず
窃盗,自転車盗,八王子,犬目交番,132012,東京都,八王子市,楢原町,2020-07-31,07,一戸建住宅,駐車（輪）場,10歳代,中学生,施錠せず
窃盗,自転車盗,八王子,犬目交番,132012,東京都,八王子市,楢原町,2020-08-05,18,その他の住宅（３階建て以下共同住宅等）,駐車（輪）場,30歳代,その他,施錠せず
窃盗,自転車盗,八王子,宮下駐在所,132012,東京都,八王子市,宮下町,2020-10-21,17,その他の住宅（３階建て以下共同住宅等）,駐車（輪）場,65-69歳,その他,施錠せず
窃盗,自転車盗,八王子,丹木駐在所,132012,東京都,八王子市,左入町,2020-05-24,14,４階建て以上共同住宅,駐車（輪）場,20歳代,大学生,施錠せず
窃盗,自転車盗,八王子,丹木駐在所,132012,東京都,八王子市,高倉町,2020-11-11,22,４階建て以上共同住宅,駐車（輪）場,10歳代,中学生,施錠せず
窃盗,自転車盗,八王子,丹木駐在所,132012,東京都,八王子市,丹木町１丁目,2019-12-12,15,４階建て以上共同住宅,駐車（輪）場,20歳代,大学生,施錠せず
窃盗,自転車盗,八王子,丹木駐在所,132012,東京都,八王子市,丹木町１丁目,2020-01-21,16,道路上,その他,30歳代,その他,施錠せず
窃盗,自転車盗,八王子,丹木駐在所,132012,東京都,八王子市,丹木町１丁目,2020-02-15,10,その他,駐車（輪）場,20歳代,大学生,施錠せず
窃盗,自転車盗,八王子,北八王子交番,132012,東京都,八王子市,石川町,2020-09-20,06,駐車（輪）場,駐車（輪）場,10歳代,高校生,施錠せず
窃盗,自転車盗,八王子,北八王子交番,132012,東京都,八王子市,石川町,2020-10-13,18,一戸建住宅,その他,10歳代,小学生,施錠せず
窃盗,自転車盗,八王子,北八王子交番,132012,東京都,八王子市,石川町,2020-11-11,16,一戸建住宅,駐車（輪）場,10歳代,大学生,施錠せず
窃盗,自転車盗,八王子,北八王子交番,132012,東京都,八王子市,石川町,2020-11-19,07,駐車（輪）場,駐車（輪）場,50歳代,その他,施錠せず
窃盗,自転車盗,八王子,北八王子交番,132012,東京都,八王子市,高倉町,2020-05-23,16,４階建て以上共同住宅,駐車（輪）場,10歳代,小学生,施錠せず
窃盗,自転車盗,八王子,左入町駐在所,132012,東京都,八王子市,谷野町,2020-03-10,21,その他の住宅（３階建て以下共同住宅等）,駐車（輪）場,30歳代,その他,施錠せず
窃盗,自転車盗,八王子,久保山駐在所,132012,東京都,八王子市,本町,2020-08-07,05,道路上,その他,20歳代,大学生,施錠せず
窃盗,自転車盗,町田,町田駅前交番,132098,東京都,町田市,原町田６丁目,2019-12-29,17,駐車（輪）場,駐車（輪）場,10歳代,高校生,施錠せず
窃盗,自転車盗,町田,町田駅前交番,132098,東京都,町田市,原町田６丁目,2020-09-17,19,駐車（輪）場,駐車（輪）場,40歳代,その他,施錠せず
窃盗,自転車盗,町田,町田駅前交番,132098,東京都,町田市,原町田６丁目,2020-09-27,06,駐車（輪）場,駐車（輪）場,10歳代,高校生,施錠せず
窃盗,自転車盗,町田,町田駅前交番,132098,東京都,町田市,原町田６丁目,2020-11-20,18,道路上,その他,10歳代,大学生,施錠せず
窃盗,自転車盗,町田,町田駅前交番,132098,東京都,町田市,原町田６丁目,2020-11-21,19,その他,駐車（輪）場,20歳代,その他,施錠せず
窃盗,自転車盗,町田,町田駅前交番,132098,東京都,町田市,森野１丁目,2020-01-04,14,駐車（輪）場,駐車（輪）場,10歳代,高校生,施錠せず
窃盗,自転車盗,町田,町田駅前交番,132098,東京都,町田市,森野１丁目,2020-01-09,18,道路上,その他,10歳代,高校生,施錠せず
窃盗,自転車盗,町田,町田駅前交番,132098,東京都,町田市,森野１丁目,2020-04-18,16,駐車（輪）場,駐車（輪）場,60-64歳,その他,施錠せず
窃盗,自転車盗,町田,町田駅前交番,132098,東京都,町田市,森野１丁目,2020-06-14,08,駐車（輪）場,駐車（輪）場,20歳代,その他,施錠せず
窃盗,自転車盗,町田,町田駅前交番,132098,東京都,町田市,森野１丁目,2020-06-21,08,その他,その他,20歳代,その他,施錠せず
窃盗,自転車盗,町田,町田駅前交番,132098,東京都,町田市,森野１丁目,2020-08-09,10,駐車（輪）場,駐車（輪）場,60-64歳,その他,施錠せず
窃盗,自転車盗,町田,町田駅前交番,132098,東京都,町田市,森野１丁目,2020-08-27,13,駐車（輪）場,駐車（輪）場,60-64歳,その他,施錠せず
窃盗,自転車盗,町田,町田駅前交番,132098,東京都,町田市,森野１丁目,2020-09-05,16,駐車（輪）場,駐車（輪）場,60-64歳,その他,施錠せず
窃盗,自転車盗,町田,町田駅前交番,132098,東京都,町田市,森野１丁目,2020-09-18,19,その他,駐車（輪）場,20歳代,その他,施錠せず
窃盗,自転車盗,町田,町田駅前交番,132098,東京都,町田市,森野１丁目,2020-10-13,14,駐車（輪）場,駐車（輪）場,30歳代,その他,施錠せず
窃盗,自転車盗,町田,町田駅前交番,132098,東京都,町田市,森野１丁目,2020-10-25,13,その他,駐車（輪）場,10歳代,大学生,施錠せず
窃盗,自転車盗,町田,町田駅前交番,132098,東京都,町田市,森野２丁目,2020-01-11,18,４階建て以上共同住宅,駐車（輪）場,40歳代,その他,施錠せず
窃盗,自転車盗,町田,町田駅前交番,132098,東京都,町田市,森野２丁目,2020-02-13,09,その他,駐車（輪）場,10歳代,その他,施錠せず
窃盗,自転車盗,町田,町田駅前交番,132098,東京都,町田市,森野２丁目,2020-03-27,12,その他の住宅（３階建て以下共同住宅等）,駐車（輪）場,50歳代,その他,施錠せず
窃盗,自転車盗,町田,町田駅前交番,132098,東京都,町田市,森野２丁目,2020-05-25,06,その他,駐車（輪）場,50歳代,その他,施錠せず
窃盗,自転車盗,町田,町田駅前交番,132098,東京都,町田市,森野２丁目,2020-11-17,19,４階建て以上共同住宅,駐車（輪）場,20歳代,大学生,施錠せず
窃盗,自転車盗,町田,町田駅前交番,132098,東京都,町田市,森野５丁目,2020-01-10,16,４階建て以上共同住宅,駐車（輪）場,30歳代,その他,施錠せず
窃盗,自転車盗,町田,中町交番,132098,東京都,町田市,旭町１丁目,2020-05-17,15,一戸建住宅,駐車（輪）場,20歳代,大学生,施錠せず
窃盗,自転車盗,町田,中町交番,132098,東京都,町田市,旭町１丁目,2020-09-17,18,その他,駐車（輪）場,20歳代,その他,施錠せず
窃盗,自転車盗,町田,中町交番,132098,東京都,町田市,中町１丁目,2019-12-28,06,一戸建住宅,駐車（輪）場,10歳代,中学生,施錠せず
窃盗,自転車盗,町田,中町交番,132098,東京都,町田市,中町１丁目,2020-10-30,21,その他,駐車（輪）場,50歳代,その他,施錠せず
窃盗,自転車盗,町田,中町交番,132098,東京都,町田市,中町１丁目,2020-11-17,21,道路上,その他,30歳代,その他,施錠せず
窃盗,自転車盗,町田,中町交番,132098,東京都,町田市,中町３丁目,2020-07-15,21,４階建て以上共同住宅,駐車（輪）場,20歳代,その他,施錠せず
窃盗,自転車盗,町田,中町交番,132098,東京都,町田市,中町３丁目,2020-11-04,09,４階建て以上共同住宅,駐車（輪）場,40歳代,その他,施錠せず
窃盗,自転車盗,町田,中町交番,132098,東京都,町田市,中町４丁目,2020-01-25,11,その他,駐車（輪）場,40歳代,その他,施錠せず
窃盗,自転車盗,町田,中町交番,132098,東京都,町田市,森野３丁目,2020-06-14,08,その他,駐車（輪）場,10歳代,高校生,施錠せず
窃盗,自転車盗,町田,中町交番,132098,東京都,町田市,森野３丁目,2020-11-09,17,その他,駐車（輪）場,10歳代,大学生,施錠せず
窃盗,自転車盗,町田,中町交番,132098,東京都,町田市,森野４丁目,2020-01-19,17,駐車（輪）場,駐車（輪）場,30歳代,その他,施錠せず
窃盗,自転車盗,町田,中町交番,132098,東京都,町田市,森野４丁目,2020-02-07,01,一戸建住宅,その他,10歳代,大学生,施錠せず
窃盗,自転車盗,町田,中町交番,132098,東京都,町田市,森野４丁目,2020-03-04,22,道路上,その他,10歳代,高校生,施錠せず
窃盗,自転車盗,町田,中町交番,132098,東京都,町田市,森野５丁目,2020-02-05,15,４階建て以上共同住宅,駐車（輪）場,30歳代,その他,施錠せず
窃盗,自転車盗,町田,中町交番,132098,東京都,町田市,森野６丁目,2020-02-01,04,その他,駐車（輪）場,20歳代,その他,施錠せず
窃盗,自転車盗,町田,中町交番,132098,東京都,町田市,森野６丁目,2020-04-06,22,４階建て以上共同住宅,駐車（輪）場,10歳代,大学生,施錠せず
窃盗,自転車盗,町田,中町交番,132098,東京都,町田市,森野６丁目,2020-10-14,20,４階建て以上共同住宅,駐車（輪）場,10歳代,その他,施錠せず
窃盗,自転車盗,町田,原町田交番,132098,東京都,町田市,中町２丁目,2020-02-11,10,その他の住宅（３階建て以下共同住宅等）,駐車（輪）場,20歳代,その他,施錠せず
窃盗,自転車盗,町田,原町田交番,132098,東京都,町田市,中町４丁目,2020-10-21,15,その他の住宅（３階建て以下共同住宅等）,駐車（輪）場,40歳代,その他,施錠せず
窃盗,自転車盗,町田,原町田交番,132098,東京都,町田市,原町田１丁目,2020-02-20,23,その他,駐車（輪）場,40歳代,その他,施錠せず
窃盗,自転車盗,町田,原町田交番,132098,東京都,町田市,原町田１丁目,2020-05-07,15,道路上,その他,20歳代,大学生,施錠せず
窃盗,自転車盗,町田,原町田交番,132098,東京都,町田市,原町田１丁目,2020-09-10,21,一戸建住宅,駐車（輪）場,30歳代,その他,施錠せず
窃盗,自転車盗,町田,原町田交番,132098,東京都,町田市,原町田２丁目,2020-03-22,21,４階建て以上共同住宅,駐車（輪）場,40歳代,その他,施錠せず
窃盗,自転車盗,町田,原町田交番,132098,東京都,町田市,原町田２丁目,2020-07-23,20,その他の住宅（３階建て以下共同住宅等）,駐車（輪）場,30歳代,その他,施錠せず
窃盗,自転車盗,町田,原町田交番,132098,東京都,町田市,原町田２丁目,2020-09-27,21,一戸建住宅,駐車（輪）場,40歳代,その他,施錠せず
窃盗,自転車盗,町田,原町田交番,132098,東京都,町田市,原町田３丁目,2020-02-21,23,道路上,その他,40歳代,その他,施錠せず
窃盗,自転車盗,町田,原町田交番,132098,東京都,町田市,原町田３丁目,2020-04-28,19,その他,その他,20歳代,その他,施錠せず
窃盗,自転車盗,町田,原町田交番,132098,東京都,町田市,原町田４丁目,2020-02-07,13,駐車（輪）場,駐車（輪）場,10歳代,高校生,施錠せず
窃盗,自転車盗,町田,原町田交番,132098,東京都,町田市,原町田４丁目,2020-05-22,16,その他,その他,20歳代,その他,施錠せず
窃盗,自転車盗,町田,原町田交番,132098,東京都,町田市,原町田４丁目,2020-07-19,01,道路上,その他,20歳代,その他,施錠せず
窃盗,自転車盗,町田,原町田交番,132098,東京都,町田市,原町田４丁目,2020-08-17,00,駐車（輪）場,駐車（輪）場,20歳代,その他,施錠せず
窃盗,自転車盗,町田,原町田交番,132098,東京都,町田市,原町田５丁目,2020-06-22,08,その他の住宅（３階建て以下共同住宅等）,駐車（輪）場,60-64歳,その他,施錠せず
窃盗,自転車盗,町田,原町田交番,132098,東京都,町田市,原町田５丁目,2020-07-14,13,その他,駐車（輪）場,10歳代,その他,施錠せず
窃盗,自転車盗,町田,原町田交番,132098,東京都,町田市,原町田６丁目,2020-02-02,19,その他,駐車（輪）場,10歳代,高校生,施錠せず
窃盗,自転車盗,町田,原町田交番,132098,東京都,町田市,原町田６丁目,2020-03-27,12,駐車（輪）場,駐車（輪）場,10歳代,大学生,施錠せず
窃盗,自転車盗,町田,原町田交番,132098,東京都,町田市,原町田６丁目,2020-06-10,10,その他,駐車（輪）場,10歳代,高校生,施錠せず
窃盗,自転車盗,町田,金森交番,132098,東京都,町田市,金森２丁目,2020-03-22,17,４階建て以上共同住宅,駐車（輪）場,10歳代,大学生,施錠せず
窃盗,自転車盗,町田,金森交番,132098,東京都,町田市,金森２丁目,2020-04-14,19,その他の住宅（３階建て以下共同住宅等）,駐車（輪）場,20歳代,その他,施錠せず
窃盗,自転車盗,町田,金森交番,132098,東京都,町田市,金森３丁目,2020-01-19,17,４階建て以上共同住宅,駐車（輪）場,30歳代,その他,施錠せず
窃盗,自転車盗,町田,金森交番,132098,東京都,町田市,金森３丁目,2020-04-20,18,駐車（輪）場,駐車（輪）場,40歳代,その他,施錠せず
窃盗,自転車盗,町田,金森交番,132098,東京都,町田市,金森３丁目,2020-06-14,17,４階建て以上共同住宅,駐車（輪）場,50歳代,その他,施錠せず
窃盗,自転車盗,町田,金森交番,132098,東京都,町田市,金森東３丁目,2020-09-29,19,４階建て以上共同住宅,駐車（輪）場,10歳代,高校生,施錠せず
窃盗,自転車盗,町田,鶴間交番,132098,東京都,町田市,小川５丁目,2020-06-20,18,その他,駐車（輪）場,10歳代,中学生,施錠せず
窃盗,自転車盗,町田,鶴間交番,132098,東京都,町田市,小川５丁目,2020-07-02,19,４階建て以上共同住宅,駐車（輪）場,10歳代,中学生,施錠せず
窃盗,自転車盗,町田,鶴間交番,132098,東京都,町田市,小川５丁目,2020-08-01,04,一戸建住宅,駐車（輪）場,20歳代,その他,施錠せず
窃盗,自転車盗,町田,鶴間交番,132098,東京都,町田市,小川５丁目,2020-09-09,12,その他の住宅（３階建て以下共同住宅等）,駐車（輪）場,20歳代,大学生,施錠せず
窃盗,自転車盗,町田,鶴間交番,132098,東京都,町田市,鶴間１丁目,2020-02-04,07,道路上,その他,20歳代,その他,施錠せず
窃盗,自転車盗,町田,鶴間交番,132098,東京都,町田市,鶴間１丁目,2020-10-25,20,４階建て以上共同住宅,駐車（輪）場,20歳代,大学生,施錠せず
窃盗,自転車盗,町田,鶴間交番,132098,東京都,町田市,鶴間２丁目,2020-08-13,17,一戸建住宅,駐車（輪）場,70歳以上,その他,施錠せず
窃盗,自転車盗,町田,鶴間交番,132098,東京都,町田市,鶴間３丁目,2020-01-10,07,その他,駐車（輪）場,20歳代,大学生,施錠せず
窃盗,自転車盗,町田,鶴間交番,132098,東京都,町田市,鶴間３丁目,2020-01-27,15,その他,その他,10歳代,大学生,施錠せず
窃盗,自転車盗,町田,鶴間交番,132098,東京都,町田市,鶴間３丁目,2020-06-20,18,駐車（輪）場,駐車（輪）場,10歳代,中学生,施錠せず
窃盗,自転車盗,町田,鶴間交番,132098,東京都,町田市,鶴間５丁目,2020-09-21,22,４階建て以上共同住宅,駐車（輪）場,60-64歳,その他,施錠せず
窃盗,自転車盗,町田,鶴間交番,132098,東京都,町田市,南町田１丁目,2020-08-08,18,その他の住宅（３階建て以下共同住宅等）,駐車（輪）場,40歳代,その他,施錠せず
窃盗,自転車盗,町田,成瀬駐在所,132098,東京都,町田市,西成瀬３丁目,2020-01-31,23,一戸建住宅,その他,40歳代,その他,施錠せず
窃盗,自転車盗,町田,南大谷駐在所,132098,東京都,町田市,南大谷,2019-07-01,01,その他の住宅（３階建て以下共同住宅等）,その他,20歳代,大学生,施錠せず
窃盗,自転車盗,町田,南大谷駐在所,132098,東京都,町田市,南大谷,2020-02-14,17,その他の住宅（３階建て以下共同住宅等）,駐車（輪）場,10歳代,小学生,施錠せず
窃盗,自転車盗,町田,南大谷駐在所,132098,東京都,町田市,南大谷,2020-03-22,03,駐車（輪）場,駐車（輪）場,40歳代,その他,施錠せず
窃盗,自転車盗,町田,南大谷駐在所,132098,東京都,町田市,南大谷,2020-07-10,17,駐車（輪）場,駐車（輪）場,法人・団体、被害者なし,法人・団体、被害者なし,施錠せず
窃盗,自転車盗,町田,南大谷駐在所,132098,東京都,町田市,南大谷,2020-07-14,21,道路上,その他,10歳代,その他,施錠せず
窃盗,自転車盗,町田,玉川学園駐在所,132098,東京都,町田市,玉川学園１丁目,2020-07-28,19,４階建て以上共同住宅,駐車（輪）場,20歳代,その他,施錠せず
窃盗,自転車盗,町田,玉川学園駐在所,132098,東京都,町田市,中町２丁目,2020-07-14,15,その他,駐車（輪）場,10歳代,大学生,施錠せず
窃盗,自転車盗,町田,本町田交番,132098,東京都,町田市,旭町１丁目,2020-03-15,10,その他,駐車（輪）場,20歳代,その他,施錠せず
窃盗,自転車盗,町田,本町田交番,132098,東京都,町田市,本町田,2020-06-11,10,一戸建住宅,駐車（輪）場,40歳代,その他,施錠せず
窃盗,自転車盗,町田,本町田交番,132098,東京都,町田市,本町田,2020-08-27,18,４階建て以上共同住宅,駐車（輪）場,10歳代,その他,施錠せず
窃盗,自転車盗,町田,本町田交番,132098,東京都,町田市,本町田,2020-11-16,15,その他,駐車（輪）場,10歳代,高校生,施錠せず
窃盗,自転車盗,町田,鶴川駅前交番,132098,東京都,町田市,能ヶ谷１丁目,2020-03-27,17,その他,駐車（輪）場,20歳代,大学生,施錠せず
窃盗,自転車盗,町田,鶴川駅前交番,132098,東京都,町田市,能ヶ谷１丁目,2020-04-04,12,その他,駐車（輪）場,20歳代,その他,施錠せず
窃盗,自転車盗,町田,鶴川駅前交番,132098,東京都,町田市,能ヶ谷１丁目,2020-07-19,07,４階建て以上共同住宅,駐車（輪）場,10歳代,中学生,施錠せず
窃盗,自転車盗,町田,鶴川駅前交番,132098,東京都,町田市,能ヶ谷１丁目,2020-08-03,16,その他,駐車（輪）場,10歳代,大学生,施錠せず
窃盗,自転車盗,町田,鶴川駅前交番,132098,東京都,町田市,能ヶ谷１丁目,2020-08-17,14,４階建て以上共同住宅,駐車（輪）場,10歳代,中学生,施錠せず
窃盗,自転車盗,町田,鶴川駅前交番,132098,東京都,町田市,能ヶ谷１丁目,2020-10-13,08,その他,駐車（輪）場,20歳代,その他,施錠せず
窃盗,自転車盗,町田,鶴川駅前交番,132098,東京都,町田市,能ヶ谷４丁目,2018-05-07,18,４階建て以上共同住宅,駐車（輪）場,20歳代,大学生,施錠せず
窃盗,自転車盗,町田,大蔵駐在所,132098,東京都,町田市,大蔵町,2020-01-10,07,一戸建住宅,その他,40歳代,その他,施錠せず
窃盗,自転車盗,町田,真光寺駐在所,132098,東京都,町田市,真光寺町,2020-02-21,08,その他,駐車（輪）場,10歳代,中学生,施錠せず
窃盗,自転車盗,町田,真光寺駐在所,132098,東京都,町田市,真光寺１丁目,2020-11-21,18,その他の住宅（３階建て以下共同住宅等）,駐車（輪）場,20歳代,その他,施錠せず
窃盗,自転車盗,町田,真光寺駐在所,132098,東京都,町田市,真光寺３丁目,2020-02-21,16,４階建て以上共同住宅,駐車（輪）場,10歳代,高校生,施錠せず
窃盗,自転車盗,町田,真光寺駐在所,132098,東京都,町田市,広袴１丁目,2019-12-24,10,その他の住宅（３階建て以下共同住宅等）,駐車（輪）場,20歳代,大学生,施錠せず
窃盗,自転車盗,町田,野津田駐在所,132098,東京都,町田市,野津田町,2019-12-21,13,一戸建住宅,その他,30歳代,その他,施錠せず
窃盗,自転車盗,町田,野津田駐在所,132098,東京都,町田市,野津田町,2019-12-27,15,一戸建住宅,駐車（輪）場,10歳代,高校生,施錠せず
窃盗,自転車盗,町田,野津田駐在所,132098,東京都,町田市,野津田町,2020-02-11,07,その他,駐車（輪）場,10歳代,中学生,施錠せず
窃盗,自転車盗,町田,野津田駐在所,132098,東京都,町田市,野津田町,2020-03-28,00,その他の住宅（３階建て以下共同住宅等）,駐車（輪）場,10歳代,高校生,施錠せず
窃盗,自転車盗,町田,野津田駐在所,132098,東京都,町田市,野津田町,2020-05-08,07,道路上,その他,40歳代,その他,施錠せず
窃盗,自転車盗,町田,野津田駐在所,132098,東京都,町田市,薬師台１丁目,2019-12-29,12,道路上,その他,20歳代,大学生,施錠せず
窃盗,自転車盗,町田,小野路駐在所,132098,東京都,町田市,小野路町,2020-07-19,16,その他の住宅（３階建て以下共同住宅等）,駐車（輪）場,10歳代,中学生,施錠せず
窃盗,自転車盗,町田,小野路駐在所,132098,東京都,町田市,小野路町,2020-08-10,07,その他,駐車（輪）場,10歳代,高校生,施錠せず
窃盗,自転車盗,町田,小野路駐在所,132098,東京都,町田市,小野路町,2020-09-30,06,その他,駐車（輪）場,10歳代,高校生,施錠せず
窃盗,自転車盗,町田,小野路駐在所,132098,東京都,町田市,小野路町,2020-09-30,06,その他,駐車（輪）場,10歳代,高校生,施錠せず
窃盗,自転車盗,町田,木曽交番,132098,東京都,町田市,木曽町,2020-05-31,01,道路上,その他,40歳代,その他,施錠せず
窃盗,自転車盗,町田,木曽交番,132098,東京都,町田市,本町田,2020-01-23,15,４階建て以上共同住宅,駐車（輪）場,40歳代,その他,施錠せず
窃盗,自転車盗,町田,木曽交番,132098,東京都,町田市,木曽西２丁目,2020-10-12,15,道路上,その他,10歳代,中学生,施錠せず
窃盗,自転車盗,町田,木曽交番,132098,東京都,町田市,木曽西４丁目,2020-06-17,09,その他,駐車（輪）場,10歳代,高校生,施錠せず
窃盗,自転車盗,町田,木曽交番,132098,東京都,町田市,木曽東１丁目,2019-12-16,20,その他の住宅（３階建て以下共同住宅等）,駐車（輪）場,30歳代,その他,施錠せず
窃盗,自転車盗,町田,木曽交番,132098,東京都,町田市,木曽東１丁目,2020-02-07,20,４階建て以上共同住宅,駐車（輪）場,10歳代,中学生,施錠せず
窃盗,自転車盗,町田,木曽交番,132098,東京都,町田市,木曽東１丁目,2020-08-24,19,４階建て以上共同住宅,駐車（輪）場,10歳代,中学生,施錠せず
窃盗,自転車盗,町田,木曽交番,132098,東京都,町田市,木曽東４丁目,2020-05-30,09,４階建て以上共同住宅,駐車（輪）場,20歳代,その他,施錠せず
窃盗,自転車盗,町田,木曽交番,132098,東京都,町田市,木曽東４丁目,2020-08-02,19,４階建て以上共同住宅,駐車（輪）場,10歳代,中学生,施錠せず
窃盗,自転車盗,町田,常盤駐在所,132098,東京都,町田市,常盤町,2020-02-26,10,その他,駐車（輪）場,20歳代,大学生,施錠せず
窃盗,自転車盗,町田,常盤駐在所,132098,東京都,町田市,常盤町,2020-08-06,08,その他の住宅（３階建て以下共同住宅等）,駐車（輪）場,10歳未満,小学生,施錠せず
窃盗,自転車盗,町田,常盤駐在所,132098,東京都,町田市,常盤町,2020-09-25,09,その他の住宅（３階建て以下共同住宅等）,駐車（輪）場,10歳代,高校生,施錠せず
窃盗,自転車盗,町田,小山田駐在所,132098,東京都,町田市,上小山田町,2020-02-13,08,一戸建住宅,駐車（輪）場,20歳代,その他,施錠せず
窃盗,自転車盗,町田,小山田駐在所,132098,東京都,町田市,上小山田町,2020-02-18,08,一戸建住宅,駐車（輪）場,10歳代,高校生,施錠せず
窃盗,自転車盗,町田,小山田駐在所,132098,東京都,町田市,上小山田町,2020-03-11,10,一戸建住宅,駐車（輪）場,10歳代,高校生,施錠せず
窃盗,自転車盗,町田,小山田駐在所,132098,東京都,町田市,下小山田町,2020-01-10,17,一戸建住宅,その他,70歳以上,その他,施錠せず
窃盗,自転車盗,町田,つくし野駅前交番,132098,東京都,町田市,小川１丁目,2020-02-28,18,道路上,その他,30歳代,その他,施錠せず
窃盗,自転車盗,町田,つくし野駅前交番,132098,東京都,町田市,小川１丁目,2020-08-23,16,その他,駐車（輪）場,65-69歳,その他,施錠せず
窃盗,自転車盗,町田,山崎交番,132098,東京都,町田市,山崎町,2020-05-26,18,道路上,その他,10歳代,大学生,施錠せず
窃盗,自転車盗,町田,藤の台団地交番,132098,東京都,町田市,本町田,2020-02-06,00,４階建て以上共同住宅,駐車（輪）場,10歳代,小学生,施錠せず
窃盗,自転車盗,町田,藤の台団地交番,132098,東京都,町田市,金井２丁目,2020-09-06,15,その他の住宅（３階建て以下共同住宅等）,駐車（輪）場,10歳代,高校生,施錠せず
窃盗,自転車盗,町田,藤の台団地交番,132098,東京都,町田市,金井８丁目,2020-04-06,02,４階建て以上共同住宅,駐車（輪）場,20歳代,大学生,施錠せず
窃盗,自転車盗,町田,成瀬駅前交番,132098,東京都,町田市,小川２丁目,2020-01-22,17,その他,駐車（輪）場,10歳代,高校生,施錠せず
窃盗,自転車盗,町田,成瀬駅前交番,132098,東京都,町田市,小川３丁目,2020-01-22,18,その他,駐車（輪）場,10歳代,高校生,施錠せず
窃盗,自転車盗,町田,成瀬駅前交番,132098,東京都,町田市,南成瀬１丁目,2020-03-30,13,４階建て以上共同住宅,駐車（輪）場,30歳代,その他,施錠せず
窃盗,自転車盗,町田,成瀬駅前交番,132098,東京都,町田市,南成瀬４丁目,2019-03-15,不明,その他の住宅（３階建て以下共同住宅等）,その他,20歳代,その他,施錠せず
窃盗,自転車盗,町田,成瀬駅前交番,132098,東京都,町田市,南成瀬８丁目,2020-04-13,08,一戸建住宅,駐車（輪）場,65-69歳,その他,施錠せず
窃盗,自転車盗,町田,成瀬駅前交番,132098,東京都,町田市,成瀬が丘３丁目,2020-01-24,22,４階建て以上共同住宅,駐車（輪）場,20歳代,大学生,施錠せず
窃盗,自転車盗,町田,三輪駐在所,132098,東京都,町田市,三輪町,2020-03-12,23,その他の住宅（３階建て以下共同住宅等）,駐車（輪）場,30歳代,その他,施錠せず
窃盗,自転車盗,町田,三輪駐在所,132098,東京都,町田市,三輪町,2020-10-30,15,その他の住宅（３階建て以下共同住宅等）,駐車（輪）場,10歳代,大学生,施錠せず
窃盗,自転車盗,町田,高ヶ坂駐在所,132098,東京都,町田市,高ヶ坂２丁目,2020-08-09,07,駐車（輪）場,駐車（輪）場,70歳以上,その他,施錠せず
窃盗,自転車盗,町田,高ヶ坂駐在所,132098,東京都,町田市,高ヶ坂５丁目,2020-05-14,18,その他,駐車（輪）場,10歳代,高校生,施錠せず
窃盗,自転車盗,町田,高ヶ坂駐在所,132098,東京都,町田市,高ヶ坂５丁目,2020-11-19,15,その他,駐車（輪）場,20歳代,大学生,施錠せず
窃盗,自転車盗,町田,高ヶ坂駐在所,132098,東京都,町田市,高ヶ坂７丁目,2020-09-11,18,４階建て以上共同住宅,駐車（輪）場,10歳代,小学生,施錠せず
窃盗,自転車盗,町田,高ヶ坂駐在所,132098,東京都,町田市,高ヶ坂７丁目,2020-10-22,19,４階建て以上共同住宅,駐車（輪）場,10歳代,中学生,施錠せず
窃盗,自転車盗,町田,忠生地区交番,132098,東京都,町田市,忠生１丁目,2020-06-06,13,道路上,その他,40歳代,その他,施錠せず
窃盗,自転車盗,町田,忠生地区交番,132098,東京都,町田市,忠生２丁目,2020-01-02,18,一戸建住宅,駐車（輪）場,30歳代,その他,施錠せず
窃盗,自転車盗,町田,忠生地区交番,132098,東京都,町田市,忠生２丁目,2020-06-20,22,一戸建住宅,駐車（輪）場,10歳代,高校生,施錠せず
窃盗,自転車盗,町田,忠生地区交番,132098,東京都,町田市,山崎町,2020-02-29,18,道路上,その他,70歳以上,その他,施錠せず
窃盗,自転車盗,町田,忠生地区交番,132098,東京都,町田市,山崎町,2020-04-20,18,４階建て以上共同住宅,駐車（輪）場,20歳代,その他,施錠せず
窃盗,自転車盗,町田,忠生地区交番,132098,東京都,町田市,木曽西１丁目,2020-02-09,12,一戸建住宅,その他,40歳代,その他,施錠せず
窃盗,自転車盗,町田,忠生地区交番,132098,東京都,町田市,木曽西１丁目,2020-03-16,19,道路上,その他,20歳代,大学生,施錠せず
窃盗,自転車盗,町田,忠生地区交番,132098,東京都,町田市,木曽西２丁目,2020-01-10,16,その他,駐車（輪）場,20歳代,その他,施錠せず
窃盗,自転車盗,町田,忠生地区交番,132098,東京都,町田市,木曽西２丁目,2020-05-25,18,その他,その他,法人・団体、被害者なし,法人・団体、被害者なし,施錠せず
窃盗,自転車盗,町田,忠生地区交番,132098,東京都,町田市,木曽西３丁目,2020-01-26,17,その他,駐車（輪）場,10歳代,高校生,施錠せず
窃盗,自転車盗,町田,忠生地区交番,132098,東京都,町田市,木曽西３丁目,2020-02-20,08,その他,駐車（輪）場,10歳代,高校生,施錠せず
窃盗,自転車盗,町田,忠生地区交番,132098,東京都,町田市,木曽西３丁目,2020-07-07,15,駐車（輪）場,駐車（輪）場,10歳代,高校生,施錠せず
窃盗,自転車盗,町田,忠生地区交番,132098,東京都,町田市,木曽西３丁目,2020-09-17,17,その他,駐車（輪）場,30歳代,その他,施錠せず
窃盗,自転車盗,町田,忠生地区交番,132098,東京都,町田市,木曽西５丁目,2018-10-18,19,一戸建住宅,その他,10歳代,中学生,施錠せず
窃盗,自転車盗,町田,忠生地区交番,132098,東京都,町田市,木曽西５丁目,2020-02-14,19,一戸建住宅,その他,10歳代,高校生,施錠せず
窃盗,自転車盗,町田,忠生地区交番,132098,東京都,町田市,木曽東２丁目,2019-12-27,20,４階建て以上共同住宅,駐車（輪）場,20歳代,その他,施錠せず
窃盗,自転車盗,町田,忠生地区交番,132098,東京都,町田市,根岸２丁目,2020-09-10,18,その他,駐車（輪）場,10歳代,高校生,施錠せず
窃盗,自転車盗,日野,日野駅前交番,132128,東京都,日野市,栄町１丁目,2019-12-25,10,その他,駐車（輪）場,65-69歳,その他,施錠せず
窃盗,自転車盗,日野,日野駅前交番,132128,東京都,日野市,栄町１丁目,2020-04-22,16,その他,駐車（輪）場,20歳代,その他,施錠せず
窃盗,自転車盗,日野,日野駅前交番,132128,東京都,日野市,栄町１丁目,2020-06-02,10,駐車（輪）場,駐車（輪）場,20歳代,その他,施錠せず
窃盗,自転車盗,日野,日野駅前交番,132128,東京都,日野市,大字日野,2019-11-10,17,その他の住宅（３階建て以下共同住宅等）,駐車（輪）場,60-64歳,その他,施錠せず
窃盗,自転車盗,日野,日野駅前交番,132128,東京都,日野市,大字日野,2020-02-07,19,その他,駐車（輪）場,30歳代,その他,施錠せず
窃盗,自転車盗,日野,日野駅前交番,132128,東京都,日野市,大坂上１丁目,2020-08-29,21,一戸建住宅,駐車（輪）場,10歳代,中学生,施錠せず
窃盗,自転車盗,日野,日野駅前交番,132128,東京都,日野市,大坂上１丁目,2020-09-05,07,駐車（輪）場,駐車（輪）場,10歳代,高校生,施錠せず
窃盗,自転車盗,日野,日野駅前交番,132128,東京都,日野市,大坂上１丁目,2020-09-14,16,その他,駐車（輪）場,法人・団体、被害者なし,法人・団体、被害者なし,施錠せず
窃盗,自転車盗,日野,日野駅前交番,132128,東京都,日野市,大坂上３丁目,2020-07-21,08,その他の住宅（３階建て以下共同住宅等）,駐車（輪）場,40歳代,その他,施錠せず
窃盗,自転車盗,日野,日野駅前交番,132128,東京都,日野市,神明２丁目,2020-04-21,17,４階建て以上共同住宅,駐車（輪）場,10歳代,中学生,施錠せず
窃盗,自転車盗,日野,日野駅前交番,132128,東京都,日野市,神明４丁目,2020-11-20,20,４階建て以上共同住宅,駐車（輪）場,50歳代,その他,施錠せず
窃盗,自転車盗,日野,日野駅前交番,132128,東京都,日野市,日野本町２丁目,2020-10-01,17,４階建て以上共同住宅,駐車（輪）場,30歳代,その他,施錠せず
窃盗,自転車盗,日野,日野駅前交番,132128,東京都,日野市,日野本町３丁目,2019-12-26,18,道路上,その他,40歳代,その他,施錠せず
窃盗,自転車盗,日野,日野駅前交番,132128,東京都,日野市,日野本町３丁目,2020-01-05,19,４階建て以上共同住宅,駐車（輪）場,40歳代,その他,施錠せず
窃盗,自転車盗,日野,日野駅前交番,132128,東京都,日野市,日野本町３丁目,2020-09-23,12,道路上,その他,40歳代,その他,施錠せず
窃盗,自転車盗,日野,日野駅前交番,132128,東京都,日野市,日野本町４丁目,2020-10-31,23,その他,駐車（輪）場,50歳代,その他,施錠せず
窃盗,自転車盗,日野,日野駅前交番,132128,東京都,日野市,日野本町６丁目,2020-06-18,20,その他,駐車（輪）場,20歳代,大学生,施錠せず
窃盗,自転車盗,日野,豊田駅前交番,132128,東京都,日野市,旭が丘１丁目,2020-01-19,16,４階建て以上共同住宅,駐車（輪）場,20歳代,その他,施錠せず
窃盗,自転車盗,日野,豊田駅前交番,132128,東京都,日野市,旭が丘１丁目,2020-02-14,22,一戸建住宅,駐車（輪）場,10歳代,その他,施錠せず
窃盗,自転車盗,日野,豊田駅前交番,132128,東京都,日野市,旭が丘１丁目,2020-09-11,06,駐車（輪）場,駐車（輪）場,40歳代,その他,施錠せず
窃盗,自転車盗,日野,豊田駅前交番,132128,東京都,日野市,旭が丘１丁目,2020-10-17,17,駐車（輪）場,駐車（輪）場,10歳代,大学生,施錠せず
窃盗,自転車盗,日野,豊田駅前交番,132128,東京都,日野市,旭が丘１丁目,2020-10-30,21,駐車（輪）場,駐車（輪）場,20歳代,その他,施錠せず
窃盗,自転車盗,日野,豊田駅前交番,132128,東京都,日野市,多摩平２丁目,2020-09-10,08,駐車（輪）場,駐車（輪）場,10歳代,中学生,施錠せず
窃盗,自転車盗,日野,豊田駅前交番,132128,東京都,日野市,豊田２丁目,2020-01-10,17,その他,駐車（輪）場,30歳代,その他,施錠せず
窃盗,自転車盗,日野,豊田駅前交番,132128,東京都,日野市,豊田３丁目,2020-07-06,17,その他の住宅（３階建て以下共同住宅等）,駐車（輪）場,30歳代,その他,施錠せず
窃盗,自転車盗,日野,豊田駅前交番,132128,東京都,日野市,豊田３丁目,2020-11-17,06,駐車（輪）場,駐車（輪）場,10歳代,高校生,施錠せず
窃盗,自転車盗,日野,豊田駅前交番,132128,東京都,日野市,豊田４丁目,2020-01-16,08,道路上,その他,10歳代,高校生,施錠せず
窃盗,自転車盗,日野,豊田駅前交番,132128,東京都,日野市,豊田４丁目,2020-02-10,06,４階建て以上共同住宅,駐車（輪）場,40歳代,その他,施錠せず
窃盗,自転車盗,日野,豊田駅前交番,132128,東京都,日野市,豊田４丁目,2020-09-12,18,道路上,その他,10歳代,その他,施錠せず
窃盗,自転車盗,日野,豊田駅前交番,132128,東京都,日野市,豊田４丁目,2020-11-14,16,その他の住宅（３階建て以下共同住宅等）,駐車（輪）場,20歳代,その他,施錠せず
窃盗,自転車盗,日野,豊田駅前交番,132128,東京都,日野市,西平山３丁目,2020-07-02,08,駐車（輪）場,駐車（輪）場,10歳代,高校生,施錠せず
窃盗,自転車盗,日野,豊田駅前交番,132128,東京都,日野市,東豊田１丁目,2020-10-31,18,一戸建住宅,駐車（輪）場,40歳代,その他,施錠せず
窃盗,自転車盗,日野,豊田駅前交番,132128,東京都,日野市,東豊田２丁目,2020-08-16,14,その他の住宅（３階建て以下共同住宅等）,駐車（輪）場,20歳代,その他,施錠せず
窃盗,自転車盗,日野,豊田駅前交番,132128,東京都,日野市,東豊田３丁目,2020-03-12,19,一戸建住宅,駐車（輪）場,10歳代,高校生,施錠せず
窃盗,自転車盗,日野,豊田駅前交番,132128,東京都,日野市,東豊田４丁目,2020-06-02,20,その他の住宅（３階建て以下共同住宅等）,駐車（輪）場,法人・団体、被害者なし,法人・団体、被害者なし,施錠せず
窃盗,自転車盗,日野,豊田駅前交番,132128,東京都,日野市,東豊田４丁目,2020-08-08,12,その他の住宅（３階建て以下共同住宅等）,駐車（輪）場,20歳代,その他,施錠せず
窃盗,自転車盗,日野,豊田駅前交番,132128,東京都,日野市,東平山３丁目,2020-01-17,06,駐車（輪）場,駐車（輪）場,10歳代,高校生,施錠せず
窃盗,自転車盗,日野,豊田駅前交番,132128,東京都,日野市,東平山３丁目,2020-10-24,16,駐車（輪）場,駐車（輪）場,20歳代,大学生,施錠せず
窃盗,自転車盗,日野,豊田駅前交番,132128,東京都,日野市,東平山３丁目,2020-10-30,07,駐車（輪）場,駐車（輪）場,10歳代,高校生,施錠せず
窃盗,自転車盗,日野,豊田駅前交番,132128,東京都,日野市,万願寺１丁目,2020-10-06,01,一戸建住宅,その他,20歳代,その他,施錠せず
窃盗,自転車盗,日野,多摩平交番,132128,東京都,日野市,旭が丘２丁目,2020-08-14,15,その他の住宅（３階建て以下共同住宅等）,駐車（輪）場,20歳代,大学生,施錠せず
窃盗,自転車盗,日野,多摩平交番,132128,東京都,日野市,旭が丘２丁目,2020-09-11,00,その他の住宅（３階建て以下共同住宅等）,駐車（輪）場,30歳代,その他,施錠せず
窃盗,自転車盗,日野,多摩平交番,132128,東京都,日野市,旭が丘６丁目,2020-06-28,17,一戸建住宅,駐車（輪）場,10歳代,中学生,施錠せず
窃盗,自転車盗,日野,多摩平交番,132128,東京都,日野市,多摩平１丁目,2019-12-04,16,道路上,その他,10歳代,高校生,施錠せず
窃盗,自転車盗,日野,多摩平交番,132128,東京都,日野市,多摩平１丁目,2020-01-16,09,駐車（輪）場,駐車（輪）場,20歳代,その他,施錠せず
窃盗,自転車盗,日野,多摩平交番,132128,東京都,日野市,多摩平１丁目,2020-01-31,17,駐車（輪）場,駐車（輪）場,10歳代,高校生,施錠せず
窃盗,自転車盗,日野,多摩平交番,132128,東京都,日野市,多摩平１丁目,2020-02-06,18,駐車（輪）場,駐車（輪）場,10歳代,高校生,施錠せず
窃盗,自転車盗,日野,多摩平交番,132128,東京都,日野市,多摩平１丁目,2020-02-25,19,道路上,その他,10歳代,中学生,施錠せず
窃盗,自転車盗,日野,多摩平交番,132128,東京都,日野市,多摩平１丁目,2020-03-23,01,道路上,その他,20歳代,その他,施錠せず
窃盗,自転車盗,日野,多摩平交番,132128,東京都,日野市,多摩平１丁目,2020-09-30,01,その他,駐車（輪）場,20歳代,その他,施錠せず
窃盗,自転車盗,日野,多摩平交番,132128,東京都,日野市,多摩平１丁目,2020-10-03,01,駐車（輪）場,駐車（輪）場,10歳代,大学生,施錠せず
窃盗,自転車盗,日野,多摩平交番,132128,東京都,日野市,多摩平２丁目,2020-01-22,22,駐車（輪）場,駐車（輪）場,法人・団体、被害者なし,法人・団体、被害者なし,施錠せず
窃盗,自転車盗,日野,多摩平交番,132128,東京都,日野市,多摩平２丁目,2020-01-24,06,駐車（輪）場,駐車（輪）場,10歳代,高校生,施錠せず
窃盗,自転車盗,日野,多摩平交番,132128,東京都,日野市,多摩平２丁目,2020-01-26,10,その他,駐車（輪）場,50歳代,その他,施錠せず
窃盗,自転車盗,日野,多摩平交番,132128,東京都,日野市,多摩平２丁目,2020-07-10,07,駐車（輪）場,駐車（輪）場,20歳代,その他,施錠せず
窃盗,自転車盗,日野,多摩平交番,132128,東京都,日野市,多摩平２丁目,2020-08-06,06,駐車（輪）場,駐車（輪）場,30歳代,その他,施錠せず
窃盗,自転車盗,日野,多摩平交番,132128,東京都,日野市,多摩平３丁目,2020-08-20,19,その他,駐車（輪）場,60-64歳,その他,施錠せず
窃盗,自転車盗,日野,多摩平交番,132128,東京都,日野市,多摩平３丁目,2020-11-15,14,駐車（輪）場,駐車（輪）場,10歳代,中学生,施錠せず
窃盗,自転車盗,日野,多摩平交番,132128,東京都,日野市,多摩平４丁目,2019-12-07,18,４階建て以上共同住宅,駐車（輪）場,50歳代,その他,施錠せず
窃盗,自転車盗,日野,多摩平交番,132128,東京都,日野市,多摩平４丁目,2020-09-23,20,４階建て以上共同住宅,駐車（輪）場,60-64歳,その他,施錠せず
窃盗,自転車盗,日野,多摩平交番,132128,東京都,日野市,多摩平７丁目,2020-05-10,18,駐車（輪）場,駐車（輪）場,50歳代,その他,施錠せず
窃盗,自転車盗,日野,多摩平交番,132128,東京都,日野市,多摩平７丁目,2020-06-05,12,一戸建住宅,駐車（輪）場,20歳代,大学生,施錠せず
窃盗,自転車盗,日野,多摩平交番,132128,東京都,日野市,富士町,2020-03-01,09,４階建て以上共同住宅,駐車（輪）場,40歳代,その他,施錠せず
窃盗,自転車盗,日野,多摩平交番,132128,東京都,日野市,富士町,2020-10-31,19,４階建て以上共同住宅,駐車（輪）場,40歳代,その他,施錠せず
窃盗,自転車盗,日野,日野橋駐在所,132128,東京都,日野市,大字石田,2020-09-19,17,一戸建住宅,駐車（輪）場,20歳代,その他,施錠せず
窃盗,自転車盗,日野,日野橋駐在所,132128,東京都,日野市,大字日野,2020-02-04,08,一戸建住宅,その他,10歳未満,小学生,施錠せず
窃盗,自転車盗,日野,日野橋駐在所,132128,東京都,日野市,大字日野,2020-02-05,07,一戸建住宅,駐車（輪）場,10歳未満,小学生,施錠せず
窃盗,自転車盗,日野,日野橋駐在所,132128,東京都,日野市,大字日野,2020-03-10,17,その他の住宅（３階建て以下共同住宅等）,駐車（輪）場,10歳代,その他,施錠せず
窃盗,自転車盗,日野,日野橋駐在所,132128,東京都,日野市,大字日野,2020-09-09,18,４階建て以上共同住宅,駐車（輪）場,10歳代,中学生,施錠せず
窃盗,自転車盗,日野,日野橋駐在所,132128,東京都,日野市,大字日野,2020-09-21,12,一戸建住宅,駐車（輪）場,50歳代,その他,施錠せず
窃盗,自転車盗,日野,日野橋駐在所,132128,東京都,日野市,大字日野,2020-09-23,15,その他,駐車（輪）場,65-69歳,その他,施錠せず
窃盗,自転車盗,日野,日野橋駐在所,132128,東京都,日野市,万願寺１丁目,2020-09-19,17,その他の住宅（３階建て以下共同住宅等）,駐車（輪）場,10歳代,中学生,施錠せず
窃盗,自転車盗,日野,日野橋駐在所,132128,東京都,日野市,万願寺２丁目,2019-12-21,14,その他,駐車（輪）場,70歳以上,その他,施錠せず
窃盗,自転車盗,日野,日野橋駐在所,132128,東京都,日野市,万願寺２丁目,2020-02-26,19,４階建て以上共同住宅,駐車（輪）場,10歳代,中学生,施錠せず
窃盗,自転車盗,日野,日野橋駐在所,132128,東京都,日野市,万願寺２丁目,2020-03-08,16,その他の住宅（３階建て以下共同住宅等）,駐車（輪）場,10歳代,大学生,施錠せず
窃盗,自転車盗,日野,日野橋駐在所,132128,東京都,日野市,万願寺２丁目,2020-03-15,23,４階建て以上共同住宅,駐車（輪）場,30歳代,その他,施錠せず
窃盗,自転車盗,日野,宮駐在所,132128,東京都,日野市,大字上田,2020-06-27,18,その他の住宅（３階建て以下共同住宅等）,駐車（輪）場,10歳代,その他,施錠せず
窃盗,自転車盗,日野,宮駐在所,132128,東京都,日野市,大字上田,2020-08-14,16,その他の住宅（３階建て以下共同住宅等）,駐車（輪）場,20歳代,その他,施錠せず
窃盗,自転車盗,日野,宮駐在所,132128,東京都,日野市,大字川辺堀之内,2020-03-13,18,道路上,その他,30歳代,その他,施錠せず
窃盗,自転車盗,日野,宮駐在所,132128,東京都,日野市,万願寺３丁目,2020-02-17,21,その他の住宅（３階建て以下共同住宅等）,駐車（輪）場,20歳代,その他,施錠せず
窃盗,自転車盗,日野,宮駐在所,132128,東京都,日野市,万願寺３丁目,2020-03-04,17,その他,駐車（輪）場,10歳代,高校生,施錠せず
窃盗,自転車盗,日野,宮駐在所,132128,東京都,日野市,万願寺３丁目,2020-04-10,13,一戸建住宅,駐車（輪）場,20歳代,その他,施錠せず
窃盗,自転車盗,日野,宮駐在所,132128,東京都,日野市,万願寺３丁目,2020-07-11,10,その他の住宅（３階建て以下共同住宅等）,駐車（輪）場,20歳代,大学生,施錠せず
窃盗,自転車盗,日野,宮駐在所,132128,東京都,日野市,万願寺３丁目,2020-09-15,16,その他,駐車（輪）場,10歳代,高校生,施錠せず
窃盗,自転車盗,日野,宮駐在所,132128,東京都,日野市,万願寺３丁目,2020-11-05,15,一戸建住宅,駐車（輪）場,30歳代,その他,施錠せず
窃盗,自転車盗,日野,東光寺駐在所,132128,東京都,日野市,新町３丁目,2020-10-24,19,４階建て以上共同住宅,駐車（輪）場,30歳代,その他,施錠せず
窃盗,自転車盗,日野,大坂上駐在所,132128,東京都,日野市,大坂上４丁目,2020-02-01,20,その他の住宅（３階建て以下共同住宅等）,駐車（輪）場,10歳代,高校生,施錠せず
窃盗,自転車盗,日野,平山交番,132128,東京都,日野市,平山４丁目,2020-07-07,05,その他,駐車（輪）場,10歳代,その他,施錠せず
窃盗,自転車盗,日野,平山交番,132128,東京都,日野市,平山４丁目,2020-11-04,22,その他の住宅（３階建て以下共同住宅等）,駐車（輪）場,20歳代,大学生,施錠せず
窃盗,自転車盗,日野,平山交番,132128,東京都,日野市,平山５丁目,2020-08-29,01,一戸建住宅,駐車（輪）場,10歳代,高校生,施錠せず
窃盗,自転車盗,日野,平山交番,132128,東京都,日野市,平山６丁目,2020-10-27,18,その他,駐車（輪）場,40歳代,その他,施錠せず
窃盗,自転車盗,日野,平山交番,132128,東京都,日野市,南平２丁目,2020-09-24,08,一戸建住宅,駐車（輪）場,20歳代,その他,施錠せず
窃盗,自転車盗,日野,平山交番,132128,東京都,日野市,南平４丁目,2019-11-28,19,一戸建住宅,駐車（輪）場,50歳代,その他,施錠せず
窃盗,自転車盗,日野,平山交番,132128,東京都,日野市,南平４丁目,2019-12-17,23,その他の住宅（３階建て以下共同住宅等）,駐車（輪）場,40歳代,その他,施錠せず
窃盗,自転車盗,日野,平山交番,132128,東京都,日野市,南平５丁目,2020-05-21,23,４階建て以上共同住宅,駐車（輪）場,30歳代,その他,施錠せず
窃盗,自転車盗,日野,平山交番,132128,東京都,日野市,南平６丁目,2019-12-28,11,その他の住宅（３階建て以下共同住宅等）,駐車（輪）場,30歳代,その他,施錠せず
窃盗,自転車盗,日野,平山交番,132128,東京都,日野市,南平６丁目,2020-06-17,17,その他の住宅（３階建て以下共同住宅等）,駐車（輪）場,20歳代,大学生,施錠せず
窃盗,自転車盗,日野,平山交番,132128,東京都,日野市,南平７丁目,2019-11-27,17,その他の住宅（３階建て以下共同住宅等）,駐車（輪）場,10歳代,大学生,施錠せず
窃盗,自転車盗,日野,平山交番,132128,東京都,日野市,南平７丁目,2020-11-05,01,その他の住宅（３階建て以下共同住宅等）,駐車（輪）場,50歳代,その他,施錠せず
窃盗,自転車盗,日野,平山交番,132128,東京都,日野市,南平８丁目,2020-07-15,15,その他の住宅（３階建て以下共同住宅等）,駐車（輪）場,20歳代,大学生,施錠せず
窃盗,自転車盗,日野,高幡不動駅南口交番,132128,東京都,日野市,高幡,2019-12-05,17,４階建て以上共同住宅,駐車（輪）場,10歳代,中学生,施錠せず
窃盗,自転車盗,日野,高幡不動駅南口交番,132128,東京都,日野市,高幡,2019-12-07,11,道路上,その他,10歳代,高校生,施錠せず
窃盗,自転車盗,日野,高幡不動駅南口交番,132128,東京都,日野市,高幡,2019-12-18,18,その他,駐車（輪）場,65-69歳,その他,施錠せず
窃盗,自転車盗,日野,高幡不動駅南口交番,132128,東京都,日野市,高幡,2019-12-21,18,道路上,その他,20歳代,大学生,施錠せず
窃盗,自転車盗,日野,高幡不動駅南口交番,132128,東京都,日野市,高幡,2020-01-12,08,その他,駐車（輪）場,10歳代,高校生,施錠せず
窃盗,自転車盗,日野,高幡不動駅南口交番,132128,東京都,日野市,高幡,2020-02-02,16,道路上,その他,10歳代,中学生,施錠せず
窃盗,自転車盗,日野,高幡不動駅南口交番,132128,東京都,日野市,高幡,2020-02-10,12,その他,駐車（輪）場,10歳代,中学生,施錠せず
窃盗,自転車盗,日野,高幡不動駅南口交番,132128,東京都,日野市,高幡,2020-03-06,19,道路上,その他,50歳代,その他,施錠せず
窃盗,自転車盗,日野,高幡不動駅南口交番,132128,東京都,日野市,高幡,2020-05-10,22,その他の住宅（３階建て以下共同住宅等）,駐車（輪）場,20歳代,その他,施錠せず
窃盗,自転車盗,日野,高幡不動駅南口交番,132128,東京都,日野市,高幡,2020-06-13,10,道路上,その他,30歳代,その他,施錠せず
窃盗,自転車盗,日野,高幡不動駅南口交番,132128,東京都,日野市,高幡,2020-08-16,10,その他,駐車（輪）場,20歳代,その他,施錠せず
窃盗,自転車盗,日野,高幡不動駅南口交番,132128,東京都,日野市,高幡,2020-08-17,01,道路上,その他,20歳代,その他,施錠せず
窃盗,自転車盗,日野,高幡不動駅南口交番,132128,東京都,日野市,高幡,2020-08-24,13,道路上,その他,10歳代,大学生,施錠せず
窃盗,自転車盗,日野,高幡不動駅南口交番,132128,東京都,日野市,高幡,2020-08-31,19,道路上,その他,20歳代,大学生,施錠せず
窃盗,自転車盗,日野,高幡不動駅南口交番,132128,東京都,日野市,高幡,2020-09-28,10,４階建て以上共同住宅,駐車（輪）場,40歳代,その他,施錠せず
窃盗,自転車盗,日野,高幡不動駅南口交番,132128,東京都,日野市,高幡,2020-11-08,18,道路上,その他,10歳代,中学生,施錠せず
窃盗,自転車盗,日野,高幡不動駅南口交番,132128,東京都,日野市,高幡,2020-11-27,07,駐車（輪）場,駐車（輪）場,10歳代,その他,施錠せず
窃盗,自転車盗,日野,高幡不動駅南口交番,132128,東京都,日野市,三沢,2020-01-01,12,４階建て以上共同住宅,駐車（輪）場,20歳代,その他,施錠せず
窃盗,自転車盗,日野,高幡不動駅南口交番,132128,東京都,日野市,南平３丁目,2020-03-08,18,一戸建住宅,駐車（輪）場,40歳代,その他,施錠せず
窃盗,自転車盗,日野,高幡不動駅南口交番,132128,東京都,日野市,南平３丁目,2020-07-11,07,その他,駐車（輪）場,30歳代,その他,施錠せず
窃盗,自転車盗,日野,高幡不動駅南口交番,132128,東京都,日野市,南平４丁目,2020-02-15,11,４階建て以上共同住宅,駐車（輪）場,10歳代,中学生,施錠せず
窃盗,自転車盗,日野,高幡不動駅南口交番,132128,東京都,日野市,南平４丁目,2020-05-29,10,その他の住宅（３階建て以下共同住宅等）,駐車（輪）場,20歳代,その他,施錠せず
窃盗,自転車盗,日野,高幡不動駅南口交番,132128,東京都,日野市,南平４丁目,2020-11-13,01,その他,駐車（輪）場,10歳代,大学生,施錠せず
窃盗,自転車盗,日野,高幡不動駅南口交番,132128,東京都,日野市,南平５丁目,2019-11-27,22,その他の住宅（３階建て以下共同住宅等）,駐車（輪）場,20歳代,大学生,施錠せず
窃盗,自転車盗,日野,高幡不動駅南口交番,132128,東京都,日野市,石田２丁目,2020-09-19,16,その他,駐車（輪）場,10歳代,高校生,施錠せず
窃盗,自転車盗,日野,百草園交番,132128,東京都,日野市,大字新井,2020-10-31,12,一戸建住宅,駐車（輪）場,70歳以上,その他,施錠せず
窃盗,自転車盗,日野,百草園交番,132128,東京都,日野市,落川,2019-11-30,19,その他の住宅（３階建て以下共同住宅等）,駐車（輪）場,20歳代,その他,施錠せず
窃盗,自転車盗,日野,百草園交番,132128,東京都,日野市,落川,2019-12-06,16,駐車（輪）場,駐車（輪）場,10歳代,高校生,施錠せず
窃盗,自転車盗,日野,百草園交番,132128,東京都,日野市,落川,2019-12-17,08,４階建て以上共同住宅,その他,20歳代,その他,施錠せず
窃盗,自転車盗,日野,百草園交番,132128,東京都,日野市,落川,2020-01-25,12,道路上,その他,70歳以上,その他,施錠せず
窃盗,自転車盗,日野,百草園交番,132128,東京都,日野市,落川,2020-07-30,20,その他の住宅（３階建て以下共同住宅等）,駐車（輪）場,30歳代,その他,施錠せず
窃盗,自転車盗,日野,百草園交番,132128,東京都,日野市,落川,2020-10-13,09,４階建て以上共同住宅,駐車（輪）場,20歳代,その他,施錠せず
窃盗,自転車盗,日野,百草園交番,132128,東京都,日野市,三沢,2020-10-02,19,その他の住宅（３階建て以下共同住宅等）,駐車（輪）場,40歳代,その他,施錠せず
窃盗,自転車盗,日野,百草園交番,132128,東京都,日野市,三沢,2020-11-22,16,その他の住宅（３階建て以下共同住宅等）,駐車（輪）場,40歳代,その他,施錠せず
窃盗,自転車盗,日野,百草園交番,132128,東京都,日野市,三沢１丁目,2020-01-10,00,その他,駐車（輪）場,20歳代,その他,施錠せず
窃盗,自転車盗,日野,百草園交番,132128,東京都,日野市,三沢２丁目,2020-02-06,17,その他の住宅（３階建て以下共同住宅等）,駐車（輪）場,30歳代,その他,施錠せず
窃盗,自転車盗,日野,百草園交番,132128,東京都,日野市,百草,2020-03-22,18,その他の住宅（３階建て以下共同住宅等）,駐車（輪）場,20歳代,その他,施錠せず
窃盗,自転車盗,日野,百草園交番,132128,東京都,日野市,百草,2020-08-29,21,一戸建住宅,駐車（輪）場,50歳代,その他,施錠せず
窃盗,自転車盗,日野,滝合橋駐在所,132128,東京都,日野市,西平山１丁目,2020-08-02,09,その他の住宅（３階建て以下共同住宅等）,駐車（輪）場,30歳代,その他,施錠せず
窃盗,自転車盗,日野,滝合橋駐在所,132128,東京都,日野市,西平山３丁目,2020-11-15,14,その他の住宅（３階建て以下共同住宅等）,駐車（輪）場,30歳代,その他,施錠せず
窃盗,自転車盗,日野,滝合橋駐在所,132128,東京都,日野市,東平山１丁目,2020-03-16,11,４階建て以上共同住宅,駐車（輪）場,65-69歳,その他,施錠せず
窃盗,自転車盗,日野,旭が丘駐在所,132128,東京都,日野市,旭が丘５丁目,2020-08-08,13,その他の住宅（３階建て以下共同住宅等）,駐車（輪）場,10歳代,中学生,施錠せず
窃盗,自転車盗,日野,旭が丘駐在所,132128,東京都,日野市,西平山５丁目,2020-07-23,18,一戸建住宅,駐車（輪）場,50歳代,その他,施錠せず
窃盗,自転車盗,昭島,昭島駅前交番,132071,東京都,昭島市,朝日町２丁目,2020-08-11,15,一戸建住宅,駐車（輪）場,10歳代,中学生,施錠せず
窃盗,自転車盗,昭島,昭島駅前交番,132071,東京都,昭島市,朝日町４丁目,2019-12-31,17,その他の住宅（３階建て以下共同住宅等）,駐車（輪）場,30歳代,その他,施錠せず
窃盗,自転車盗,昭島,昭島駅前交番,132071,東京都,昭島市,朝日町４丁目,2020-02-24,14,その他,その他,10歳代,小学生,施錠せず
窃盗,自転車盗,昭島,昭島駅前交番,132071,東京都,昭島市,朝日町４丁目,2020-05-27,11,その他の住宅（３階建て以下共同住宅等）,駐車（輪）場,70歳以上,その他,施錠せず
窃盗,自転車盗,昭島,昭島駅前交番,132071,東京都,昭島市,田中町,2020-01-29,11,駐車（輪）場,駐車（輪）場,50歳代,その他,施錠せず
窃盗,自転車盗,昭島,昭島駅前交番,132071,東京都,昭島市,昭和町２丁目,2019-10-11,07,道路上,その他,70歳以上,その他,施錠せず
窃盗,自転車盗,昭島,昭島駅前交番,132071,東京都,昭島市,昭和町３丁目,2020-11-13,10,一戸建住宅,駐車（輪）場,30歳代,その他,施錠せず
窃盗,自転車盗,昭島,昭島駅前交番,132071,東京都,昭島市,昭和町３丁目,2020-11-18,08,一戸建住宅,駐車（輪）場,30歳代,その他,施錠せず
窃盗,自転車盗,昭島,昭島駅前交番,132071,東京都,昭島市,昭和町５丁目,2020-09-20,12,その他,駐車（輪）場,20歳代,その他,施錠せず
窃盗,自転車盗,昭島,昭島駅前交番,132071,東京都,昭島市,昭和町５丁目,2020-10-12,18,駐車（輪）場,駐車（輪）場,10歳代,中学生,施錠せず
窃盗,自転車盗,昭島,昭島駅前交番,132071,東京都,昭島市,昭和町５丁目,2020-10-23,18,駐車（輪）場,駐車（輪）場,10歳代,高校生,施錠せず
窃盗,自転車盗,昭島,昭島駅前交番,132071,東京都,昭島市,昭和町５丁目,2020-11-12,18,その他の住宅（３階建て以下共同住宅等）,駐車（輪）場,30歳代,その他,施錠せず
窃盗,自転車盗,昭島,昭島駅前交番,132071,東京都,昭島市,上川原町１丁目,2020-06-26,18,その他の住宅（３階建て以下共同住宅等）,駐車（輪）場,20歳代,その他,施錠せず
窃盗,自転車盗,昭島,昭島駅前交番,132071,東京都,昭島市,上川原町２丁目,2020-08-11,13,４階建て以上共同住宅,駐車（輪）場,60-64歳,その他,施錠せず
窃盗,自転車盗,昭島,昭島駅前交番,132071,東京都,昭島市,田中町,2019-12-14,06,その他,駐車（輪）場,30歳代,その他,施錠せず
窃盗,自転車盗,昭島,昭島駅前交番,132071,東京都,昭島市,田中町,2020-01-08,09,駐車（輪）場,駐車（輪）場,10歳代,大学生,施錠せず
窃盗,自転車盗,昭島,昭島駅前交番,132071,東京都,昭島市,田中町,2020-03-24,17,駐車（輪）場,駐車（輪）場,10歳代,高校生,施錠せず
窃盗,自転車盗,昭島,昭島駅前交番,132071,東京都,昭島市,田中町,2020-08-26,18,その他,駐車（輪）場,20歳代,その他,施錠せず
窃盗,自転車盗,昭島,昭島駅前交番,132071,東京都,昭島市,田中町,2020-09-19,14,駐車（輪）場,駐車（輪）場,50歳代,その他,施錠せず
窃盗,自転車盗,昭島,昭島駅前交番,132071,東京都,昭島市,田中町,2020-10-02,07,駐車（輪）場,駐車（輪）場,10歳代,高校生,施錠せず
窃盗,自転車盗,昭島,昭島駅前交番,132071,東京都,昭島市,田中町,2020-10-19,08,駐車（輪）場,駐車（輪）場,20歳代,その他,施錠せず
窃盗,自転車盗,昭島,昭島駅前交番,132071,東京都,昭島市,田中町,2020-11-15,18,その他,駐車（輪）場,10歳代,大学生,施錠せず
窃盗,自転車盗,昭島,昭島駅前交番,132071,東京都,昭島市,田中町,2020-11-20,16,駐車（輪）場,駐車（輪）場,10歳代,高校生,施錠せず
窃盗,自転車盗,昭島,昭島駅前交番,132071,東京都,昭島市,田中町,2020-11-28,12,駐車（輪）場,駐車（輪）場,20歳代,その他,施錠せず
窃盗,自転車盗,昭島,昭島駅前交番,132071,東京都,昭島市,松原町１丁目,2019-10-09,13,４階建て以上共同住宅,駐車（輪）場,40歳代,その他,施錠せず
窃盗,自転車盗,昭島,昭島駅前交番,132071,東京都,昭島市,松原町１丁目,2020-05-02,16,その他,駐車（輪）場,30歳代,その他,施錠せず
窃盗,自転車盗,昭島,昭島駅前交番,132071,東京都,昭島市,松原町３丁目,2019-12-14,18,４階建て以上共同住宅,駐車（輪）場,40歳代,その他,施錠せず
窃盗,自転車盗,昭島,昭島駅前交番,132071,東京都,昭島市,宮沢町１丁目,2020-03-19,19,その他の住宅（３階建て以下共同住宅等）,駐車（輪）場,20歳代,その他,施錠せず
窃盗,自転車盗,昭島,福島交番,132071,東京都,昭島市,朝日町５丁目,2020-10-30,21,４階建て以上共同住宅,駐車（輪）場,30歳代,その他,施錠せず
窃盗,自転車盗,昭島,福島交番,132071,東京都,昭島市,東町２丁目,2019-12-17,12,４階建て以上共同住宅,駐車（輪）場,50歳代,その他,施錠せず
窃盗,自転車盗,昭島,福島交番,132071,東京都,昭島市,東町３丁目,2020-03-09,20,その他の住宅（３階建て以下共同住宅等）,駐車（輪）場,30歳代,その他,施錠せず
窃盗,自転車盗,昭島,福島交番,132071,東京都,昭島市,郷地町１丁目,2020-04-06,17,一戸建住宅,駐車（輪）場,10歳代,高校生,施錠せず
窃盗,自転車盗,昭島,福島交番,132071,東京都,昭島市,郷地町２丁目,2020-05-03,15,その他の住宅（３階建て以下共同住宅等）,駐車（輪）場,50歳代,その他,施錠せず
窃盗,自転車盗,昭島,福島交番,132071,東京都,昭島市,玉川町３丁目,2020-03-26,08,一戸建住宅,駐車（輪）場,50歳代,その他,施錠せず
窃盗,自転車盗,昭島,福島交番,132071,東京都,昭島市,玉川町３丁目,2020-09-19,17,一戸建住宅,駐車（輪）場,40歳代,その他,施錠せず
窃盗,自転車盗,昭島,福島交番,132071,東京都,昭島市,玉川町４丁目,2020-04-11,18,その他,駐車（輪）場,20歳代,その他,施錠せず
窃盗,自転車盗,昭島,福島交番,132071,東京都,昭島市,玉川町４丁目,2020-08-19,18,４階建て以上共同住宅,駐車（輪）場,10歳代,中学生,施錠せず
窃盗,自転車盗,昭島,中神駐在所,132071,東京都,昭島市,中神町,2020-11-27,06,その他,駐車（輪）場,65-69歳,その他,施錠せず
窃盗,自転車盗,昭島,中神駐在所,132071,東京都,昭島市,宮沢町,2020-02-09,13,その他,駐車（輪）場,10歳代,中学生,施錠せず
窃盗,自転車盗,昭島,中神駐在所,132071,東京都,昭島市,宮沢町,2020-02-21,15,その他,駐車（輪）場,10歳代,中学生,施錠せず
窃盗,自転車盗,昭島,玉川駐在所,132071,東京都,昭島市,朝日町５丁目,2020-05-28,06,一戸建住宅,駐車（輪）場,50歳代,その他,施錠せず
窃盗,自転車盗,昭島,玉川駐在所,132071,東京都,昭島市,中神町１丁目,2020-10-31,16,その他の住宅（３階建て以下共同住宅等）,駐車（輪）場,50歳代,その他,施錠せず
窃盗,自転車盗,昭島,多摩大橋交番,132071,東京都,昭島市,中神町３丁目,2020-04-19,18,その他,駐車（輪）場,30歳代,その他,施錠せず
窃盗,自転車盗,昭島,多摩大橋交番,132071,東京都,昭島市,拝島町２丁目,2020-02-17,19,その他の住宅（３階建て以下共同住宅等）,駐車（輪）場,20歳代,その他,施錠せず
窃盗,自転車盗,昭島,多摩大橋交番,132071,東京都,昭島市,拝島町３丁目,2020-03-13,12,駐車（輪）場,駐車（輪）場,50歳代,その他,施錠せず
窃盗,自転車盗,昭島,多摩大橋交番,132071,東京都,昭島市,福島町１丁目,2020-10-19,11,駐車（輪）場,駐車（輪）場,20歳代,大学生,施錠せず
窃盗,自転車盗,昭島,多摩大橋交番,132071,東京都,昭島市,福島町３丁目,2020-01-11,18,一戸建住宅,駐車（輪）場,20歳代,その他,施錠せず
窃盗,自転車盗,昭島,多摩大橋交番,132071,東京都,昭島市,福島町３丁目,2020-01-26,13,一戸建住宅,駐車（輪）場,20歳代,その他,施錠せず
窃盗,自転車盗,昭島,多摩大橋交番,132071,東京都,昭島市,福島町３丁目,2020-05-17,16,一戸建住宅,駐車（輪）場,30歳代,その他,施錠せず
窃盗,自転車盗,昭島,大神駐在所,132071,東京都,昭島市,田中町２丁目,2020-05-25,19,一戸建住宅,駐車（輪）場,50歳代,その他,施錠せず
窃盗,自転車盗,昭島,大神駐在所,132071,東京都,昭島市,田中町４丁目,2020-05-18,20,４階建て以上共同住宅,駐車（輪）場,10歳代,中学生,施錠せず
窃盗,自転車盗,昭島,拝島駐在所,132071,東京都,昭島市,緑町３丁目,2020-04-18,16,一戸建住宅,駐車（輪）場,70歳以上,その他,施錠せず
窃盗,自転車盗,昭島,拝島駐在所,132071,東京都,昭島市,緑町３丁目,2020-11-10,09,一戸建住宅,駐車（輪）場,10歳代,中学生,施錠せず
窃盗,自転車盗,昭島,堀向駐在所,132071,東京都,昭島市,拝島町,2020-05-21,07,その他,駐車（輪）場,30歳代,その他,施錠せず
窃盗,自転車盗,昭島,堀向駐在所,132071,東京都,昭島市,田中町,2020-08-20,10,その他,駐車（輪）場,10歳代,高校生,施錠せず
窃盗,自転車盗,昭島,堀向駐在所,132071,東京都,昭島市,田中町,2020-08-20,14,その他,駐車（輪）場,10歳代,大学生,施錠せず
窃盗,自転車盗,昭島,堀向駐在所,132071,東京都,昭島市,つつじが丘１丁目,2020-06-19,23,その他,駐車（輪）場,40歳代,その他,施錠せず
窃盗,自転車盗,昭島,堀向駐在所,132071,東京都,昭島市,美堀町２丁目,2020-07-10,13,その他の住宅（３階建て以下共同住宅等）,駐車（輪）場,20歳代,その他,施錠せず
窃盗,自転車盗,昭島,堀向駐在所,132071,東京都,昭島市,美堀町４丁目,2020-06-26,18,４階建て以上共同住宅,駐車（輪）場,10歳代,中学生,施錠せず
窃盗,自転車盗,昭島,堀向駐在所,132071,東京都,昭島市,美堀町５丁目,2020-06-27,07,駐車（輪）場,駐車（輪）場,40歳代,その他,施錠せず
窃盗,自転車盗,昭島,堀向駐在所,132071,東京都,昭島市,美堀町５丁目,2020-10-25,00,その他の住宅（３階建て以下共同住宅等）,駐車（輪）場,30歳代,その他,施錠せず
窃盗,自転車盗,昭島,堀向駐在所,132071,東京都,昭島市,武蔵野２丁目,2020-06-25,15,その他,駐車（輪）場,10歳代,大学生,施錠せず
窃盗,自転車盗,昭島,東中神駅前交番,132071,東京都,昭島市,中神町,2020-10-21,16,４階建て以上共同住宅,駐車（輪）場,10歳代,高校生,施錠せず
窃盗,自転車盗,昭島,東中神駅前交番,132071,東京都,昭島市,玉川町１丁目,2020-08-22,19,一戸建住宅,駐車（輪）場,30歳代,その他,施錠せず
窃盗,自転車盗,昭島,東中神駅前交番,132071,東京都,昭島市,玉川町１丁目,2020-09-27,13,一戸建住宅,駐車（輪）場,50歳代,その他,施錠せず
窃盗,自転車盗,昭島,東中神駅前交番,132071,東京都,昭島市,玉川町１丁目,2020-11-14,08,駐車（輪）場,駐車（輪）場,20歳代,その他,施錠せず
窃盗,自転車盗,昭島,東中神駅前交番,132071,東京都,昭島市,中神町,2019-12-22,00,その他,駐車（輪）場,10歳代,大学生,施錠せず
窃盗,自転車盗,昭島,東中神駅前交番,132071,東京都,昭島市,中神町,2020-03-01,07,４階建て以上共同住宅,駐車（輪）場,50歳代,その他,施錠せず
窃盗,自転車盗,昭島,東中神駅前交番,132071,東京都,昭島市,中神町,2020-06-16,16,道路上,その他,10歳代,中学生,施錠せず
窃盗,自転車盗,昭島,東中神駅前交番,132071,東京都,昭島市,中神町,2020-07-05,17,４階建て以上共同住宅,駐車（輪）場,70歳以上,その他,施錠せず
窃盗,自転車盗,昭島,東中神駅前交番,132071,東京都,昭島市,中神町,2020-09-08,12,駐車（輪）場,駐車（輪）場,20歳代,大学生,施錠せず
窃盗,自転車盗,昭島,東中神駅前交番,132071,東京都,昭島市,中神町,2020-09-13,13,駐車（輪）場,駐車（輪）場,20歳代,大学生,施錠せず
窃盗,自転車盗,昭島,東中神駅前交番,132071,東京都,昭島市,中神町,2020-09-16,08,駐車（輪）場,駐車（輪）場,40歳代,その他,施錠せず
窃盗,自転車盗,昭島,東中神駅前交番,132071,東京都,昭島市,中神町,2020-11-01,20,その他,駐車（輪）場,10歳代,中学生,施錠せず
窃盗,自転車盗,昭島,東中神駅前交番,132071,東京都,昭島市,中神町,2020-12-29,01,駐車（輪）場,駐車（輪）場,40歳代,その他,施錠せず
窃盗,自転車盗,昭島,東中神駅前交番,132071,東京都,昭島市,福島町,2020-10-25,06,駐車（輪）場,駐車（輪）場,10歳代,高校生,施錠せず
窃盗,自転車盗,昭島,東中神駅前交番,132071,東京都,昭島市,武蔵野２丁目,2020-04-04,21,その他,駐車（輪）場,50歳代,その他,施錠せず
窃盗,自転車盗,昭島,東中神駅前交番,132071,東京都,昭島市,武蔵野２丁目,2020-04-25,22,その他の住宅（３階建て以下共同住宅等）,駐車（輪）場,10歳代,高校生,施錠せず
窃盗,自転車盗,昭島,東中神駅前交番,132071,東京都,昭島市,武蔵野３丁目,2020-06-10,18,４階建て以上共同住宅,駐車（輪）場,40歳代,その他,施錠せず
窃盗,自転車盗,昭島,東中神駅前交番,132071,東京都,昭島市,武蔵野３丁目,2020-08-08,16,４階建て以上共同住宅,駐車（輪）場,65-69歳,その他,施錠せず
窃盗,自転車盗,昭島,小荷田交番,132071,東京都,昭島市,拝島町３丁目,2019-12-31,18,４階建て以上共同住宅,駐車（輪）場,10歳代,中学生,施錠せず
窃盗,自転車盗,昭島,小荷田交番,132071,東京都,昭島市,拝島町５丁目,2019-12-30,20,一戸建住宅,駐車（輪）場,10歳代,高校生,施錠せず
窃盗,自転車盗,昭島,小荷田交番,132071,東京都,昭島市,緑町４丁目,2019-12-19,13,その他の住宅（３階建て以下共同住宅等）,駐車（輪）場,20歳代,その他,施錠せず
窃盗,自転車盗,昭島,小荷田交番,132071,東京都,昭島市,緑町４丁目,2019-12-20,11,その他の住宅（３階建て以下共同住宅等）,駐車（輪）場,40歳代,その他,施錠せず
窃盗,自転車盗,昭島,小荷田交番,132071,東京都,昭島市,緑町５丁目,2019-12-15,15,一戸建住宅,駐車（輪）場,40歳代,その他,施錠せず
窃盗,自転車盗,昭島,つつじが丘駐在所,132071,東京都,昭島市,つつじが丘２丁目,2020-01-24,16,４階建て以上共同住宅,駐車（輪）場,10歳代,大学生,施錠せず
窃盗,自転車盗,昭島,拝島駅前交番,132071,東京都,昭島市,松原町１丁目,2020-06-03,16,４階建て以上共同住宅,駐車（輪）場,10歳代,小学生,施錠せず
窃盗,自転車盗,昭島,拝島駅前交番,132071,東京都,昭島市,松原町２丁目,2020-01-06,20,その他,駐車（輪）場,20歳代,その他,施錠せず
窃盗,自転車盗,昭島,拝島駅前交番,132071,東京都,昭島市,松原町３丁目,2020-06-07,16,４階建て以上共同住宅,駐車（輪）場,40歳代,その他,施錠せず
窃盗,自転車盗,昭島,拝島駅前交番,132071,東京都,昭島市,松原町３丁目,2020-07-04,16,その他,駐車（輪）場,30歳代,その他,施錠せず
窃盗,自転車盗,昭島,拝島駅前交番,132071,東京都,昭島市,松原町４丁目,2019-09-21,不明,その他,駐車（輪）場,20歳代,大学生,施錠せず
窃盗,自転車盗,昭島,拝島駅前交番,132071,東京都,昭島市,緑町２丁目,2020-09-04,18,一戸建住宅,駐車（輪）場,20歳代,その他,施錠せず
窃盗,自転車盗,昭島,拝島駅前交番,132071,東京都,昭島市,緑町２丁目,2020-09-04,21,その他の住宅（３階建て以下共同住宅等）,駐車（輪）場,10歳代,中学生,施錠せず
窃盗,自転車盗,昭島,拝島駅前交番,132071,東京都,昭島市,緑町２丁目,2020-11-27,17,その他の住宅（３階建て以下共同住宅等）,その他,50歳代,その他,施錠せず
窃盗,自転車盗,昭島,拝島駅前交番,132071,東京都,昭島市,緑町３丁目,2019-11-10,06,その他の住宅（３階建て以下共同住宅等）,駐車（輪）場,30歳代,その他,施錠せず
窃盗,自転車盗,昭島,拝島駅前交番,132071,東京都,昭島市,美堀町５丁目,2019-12-12,20,駐車（輪）場,駐車（輪）場,20歳代,その他,施錠せず
窃盗,自転車盗,昭島,拝島駅前交番,132071,東京都,昭島市,美堀町５丁目,2019-12-29,11,駐車（輪）場,駐車（輪）場,30歳代,その他,施錠せず
窃盗,自転車盗,昭島,拝島駅前交番,132071,東京都,昭島市,美堀町５丁目,2020-01-11,21,駐車（輪）場,駐車（輪）場,20歳代,その他,施錠せず
窃盗,自転車盗,昭島,拝島駅前交番,132071,東京都,昭島市,美堀町５丁目,2020-01-15,08,駐車（輪）場,駐車（輪）場,10歳代,高校生,施錠せず
窃盗,自転車盗,昭島,拝島駅前交番,132071,東京都,昭島市,美堀町５丁目,2020-01-21,00,駐車（輪）場,駐車（輪）場,30歳代,その他,施錠せず
窃盗,自転車盗,昭島,拝島駅前交番,132071,東京都,昭島市,美堀町５丁目,2020-08-21,08,駐車（輪）場,駐車（輪）場,20歳代,その他,施錠せず
窃盗,自転車盗,昭島,拝島駅前交番,132071,東京都,昭島市,美堀町５丁目,2020-09-04,06,駐車（輪）場,駐車（輪）場,30歳代,その他,施錠せず
窃盗,自転車盗,立川,国立駅前交番,132152,東京都,国立市,北１丁目,2019-12-07,10,駐車（輪）場,駐車（輪）場,20歳代,大学生,施錠せず
窃盗,自転車盗,立川,国立駅前交番,132152,東京都,国立市,北１丁目,2019-12-28,17,駐車（輪）場,駐車（輪）場,50歳代,その他,施錠せず
窃盗,自転車盗,立川,国立駅前交番,132152,東京都,国立市,北１丁目,2020-01-10,10,駐車（輪）場,駐車（輪）場,法人・団体、被害者なし,法人・団体、被害者なし,施錠せず
窃盗,自転車盗,立川,国立駅前交番,132152,東京都,国立市,北１丁目,2020-06-24,10,駐車（輪）場,駐車（輪）場,法人・団体、被害者なし,法人・団体、被害者なし,施錠せず
窃盗,自転車盗,立川,国立駅前交番,132152,東京都,国立市,北１丁目,2020-06-24,10,駐車（輪）場,駐車（輪）場,法人・団体、被害者なし,法人・団体、被害者なし,施錠せず
窃盗,自転車盗,立川,国立駅前交番,132152,東京都,国立市,北１丁目,2020-07-10,10,駐車（輪）場,駐車（輪）場,法人・団体、被害者なし,法人・団体、被害者なし,施錠せず
窃盗,自転車盗,立川,国立駅前交番,132152,東京都,国立市,北１丁目,2020-10-19,10,駐車（輪）場,駐車（輪）場,法人・団体、被害者なし,法人・団体、被害者なし,施錠せず
窃盗,自転車盗,立川,国立駅前交番,132152,東京都,国立市,北２丁目,2019-12-06,17,その他の住宅（３階建て以下共同住宅等）,駐車（輪）場,60-64歳,その他,施錠せず
窃盗,自転車盗,立川,国立駅前交番,132152,東京都,国立市,北２丁目,2020-05-08,06,その他,駐車（輪）場,20歳代,その他,施錠せず
窃盗,自転車盗,立川,国立駅前交番,132152,東京都,国立市,北２丁目,2020-09-23,17,駐車（輪）場,駐車（輪）場,10歳代,高校生,施錠せず
窃盗,自転車盗,立川,国立駅前交番,132152,東京都,国立市,中１丁目,2020-01-13,15,駐車（輪）場,駐車（輪）場,30歳代,その他,施錠せず
窃盗,自転車盗,立川,国立駅前交番,132152,東京都,国立市,中１丁目,2020-03-09,22,４階建て以上共同住宅,駐車（輪）場,30歳代,その他,施錠せず
窃盗,自転車盗,立川,国立駅前交番,132152,東京都,国立市,中１丁目,2020-07-04,18,駐車（輪）場,駐車（輪）場,10歳代,中学生,施錠せず
窃盗,自転車盗,立川,国立駅前交番,132152,東京都,国立市,中１丁目,2020-07-18,15,駐車（輪）場,駐車（輪）場,20歳代,大学生,施錠せず
窃盗,自転車盗,立川,国立駅前交番,132152,東京都,国立市,中１丁目,2020-08-11,16,一戸建住宅,駐車（輪）場,65-69歳,その他,施錠せず
窃盗,自転車盗,立川,国立駅前交番,132152,東京都,国立市,中１丁目,2020-12-11,08,一戸建住宅,その他,20歳代,その他,施錠せず
窃盗,自転車盗,立川,国立駅前交番,132152,東京都,国立市,中２丁目,2019-06-02,15,その他,駐車（輪）場,20歳代,大学生,施錠せず
窃盗,自転車盗,立川,国立駅前交番,132152,東京都,国立市,中２丁目,2020-01-10,12,その他,その他,10歳代,大学生,施錠せず
窃盗,自転車盗,立川,国立駅前交番,132152,東京都,国立市,中２丁目,2020-02-03,11,その他,その他,20歳代,大学生,施錠せず
窃盗,自転車盗,立川,国立駅前交番,132152,東京都,国立市,中２丁目,2020-06-17,08,その他,その他,30歳代,その他,施錠せず
窃盗,自転車盗,立川,国立駅前交番,132152,東京都,国立市,中２丁目,2020-09-25,08,４階建て以上共同住宅,駐車（輪）場,30歳代,その他,施錠せず
窃盗,自転車盗,立川,国立駅前交番,132152,東京都,国立市,中２丁目,2020-10-13,06,駐車（輪）場,駐車（輪）場,50歳代,その他,施錠せず
窃盗,自転車盗,立川,国立駅前交番,132152,東京都,国立市,西１丁目,2020-04-18,18,その他の住宅（３階建て以下共同住宅等）,駐車（輪）場,10歳代,中学生,施錠せず
窃盗,自転車盗,立川,国立駅前交番,132152,東京都,国立市,西１丁目,2020-06-11,23,その他の住宅（３階建て以下共同住宅等）,駐車（輪）場,20歳代,その他,施錠せず
窃盗,自転車盗,立川,国立駅前交番,132152,東京都,国立市,西２丁目,2020-05-31,13,その他の住宅（３階建て以下共同住宅等）,駐車（輪）場,20歳代,その他,施錠せず
窃盗,自転車盗,立川,国立駅前交番,132152,東京都,国立市,東１丁目,2019-12-09,16,道路上,その他,20歳代,大学生,施錠せず
窃盗,自転車盗,立川,国立駅前交番,132152,東京都,国立市,東１丁目,2020-03-22,13,その他,駐車（輪）場,10歳代,中学生,施錠せず
窃盗,自転車盗,立川,国立駅前交番,132152,東京都,国立市,東１丁目,2020-07-26,19,４階建て以上共同住宅,駐車（輪）場,40歳代,その他,施錠せず
窃盗,自転車盗,立川,国立駅前交番,132152,東京都,国立市,東１丁目,2020-08-30,12,道路上,その他,20歳代,大学生,施錠せず
窃盗,自転車盗,立川,国立駅前交番,132152,東京都,国立市,東１丁目,2020-09-09,17,その他,駐車（輪）場,10歳代,高校生,施錠せず
窃盗,自転車盗,立川,国立駅前交番,132152,東京都,国立市,東１丁目,2020-09-20,00,道路上,その他,20歳代,大学生,施錠せず
窃盗,自転車盗,立川,国立駅前交番,132152,東京都,国立市,東２丁目,2019-12-24,07,駐車（輪）場,駐車（輪）場,30歳代,その他,施錠せず
窃盗,自転車盗,立川,国立駅前交番,132152,東京都,国立市,東２丁目,2020-01-09,06,駐車（輪）場,駐車（輪）場,10歳代,中学生,施錠せず
窃盗,自転車盗,立川,国立駅前交番,132152,東京都,国立市,東２丁目,2020-02-02,15,その他,駐車（輪）場,65-69歳,その他,施錠せず
窃盗,自転車盗,立川,国立駅前交番,132152,東京都,国立市,東２丁目,2020-09-29,07,駐車（輪）場,駐車（輪）場,10歳代,高校生,施錠せず
窃盗,自転車盗,立川,羽衣町交番,132152,東京都,国立市,北１丁目,2020-08-02,20,４階建て以上共同住宅,駐車（輪）場,10歳代,中学生,施錠せず
窃盗,自転車盗,立川,羽衣町交番,132152,東京都,国立市,北３丁目,2020-01-17,18,４階建て以上共同住宅,駐車（輪）場,20歳代,大学生,施錠せず
窃盗,自転車盗,立川,羽衣町交番,132152,東京都,国立市,北３丁目,2020-03-01,18,４階建て以上共同住宅,駐車（輪）場,10歳代,その他,施錠せず
窃盗,自転車盗,立川,羽衣町交番,132152,東京都,国立市,北３丁目,2020-03-08,12,４階建て以上共同住宅,駐車（輪）場,10歳代,中学生,施錠せず
窃盗,自転車盗,立川,羽衣町交番,132152,東京都,国立市,北３丁目,2020-04-08,13,その他,その他,10歳代,中学生,施錠せず
窃盗,自転車盗,立川,羽衣町交番,132152,東京都,国立市,西１丁目,2020-02-03,18,道路上,その他,10歳代,中学生,施錠せず
窃盗,自転車盗,立川,羽衣町交番,132152,東京都,国立市,西１丁目,2020-04-30,19,一戸建住宅,駐車（輪）場,20歳代,その他,施錠せず
窃盗,自転車盗,立川,羽衣町交番,132152,東京都,国立市,西２丁目,2020-04-28,23,道路上,その他,30歳代,その他,施錠せず
窃盗,自転車盗,立川,羽衣町交番,132152,東京都,国立市,富士見台４丁目,2020-08-04,10,４階建て以上共同住宅,駐車（輪）場,20歳代,大学生,施錠せず
窃盗,自転車盗,立川,羽衣町交番,132152,東京都,国立市,富士見台４丁目,2020-10-28,11,４階建て以上共同住宅,駐車（輪）場,30歳代,その他,施錠せず
窃盗,自転車盗,立川,羽衣町交番,132152,東京都,国立市,富士見台４丁目,2020-11-11,15,道路上,その他,10歳代,中学生,施錠せず
窃盗,自転車盗,立川,錦町交番,132021,東京都,立川市,錦町１丁目,2019-12-20,22,４階建て以上共同住宅,駐車（輪）場,10歳代,大学生,施錠せず
窃盗,自転車盗,立川,錦町交番,132021,東京都,立川市,錦町１丁目,2020-03-25,03,４階建て以上共同住宅,駐車（輪）場,30歳代,その他,施錠せず
窃盗,自転車盗,立川,錦町交番,132021,東京都,立川市,錦町１丁目,2020-04-25,12,４階建て以上共同住宅,駐車（輪）場,50歳代,その他,施錠せず
窃盗,自転車盗,立川,錦町交番,132021,東京都,立川市,錦町１丁目,2020-04-29,18,その他の住宅（３階建て以下共同住宅等）,駐車（輪）場,20歳代,その他,施錠せず
窃盗,自転車盗,立川,錦町交番,132021,東京都,立川市,錦町１丁目,2020-07-11,16,道路上,その他,50歳代,その他,施錠せず
窃盗,自転車盗,立川,錦町交番,132021,東京都,立川市,錦町１丁目,2020-07-22,14,その他の住宅（３階建て以下共同住宅等）,その他,30歳代,その他,施錠せず
窃盗,自転車盗,立川,錦町交番,132021,東京都,立川市,錦町１丁目,2020-10-06,16,その他の住宅（３階建て以下共同住宅等）,駐車（輪）場,50歳代,その他,施錠せず
窃盗,自転車盗,立川,錦町交番,132021,東京都,立川市,錦町３丁目,2019-12-26,13,道路上,その他,10歳代,中学生,施錠せず
窃盗,自転車盗,立川,錦町交番,132021,東京都,立川市,錦町３丁目,2020-02-03,01,その他の住宅（３階建て以下共同住宅等）,駐車（輪）場,20歳代,その他,施錠せず
窃盗,自転車盗,立川,錦町交番,132021,東京都,立川市,錦町３丁目,2020-07-27,14,その他,駐車（輪）場,10歳代,中学生,施錠せず
窃盗,自転車盗,立川,錦町交番,132021,東京都,立川市,錦町４丁目,2020-03-20,17,４階建て以上共同住宅,駐車（輪）場,50歳代,その他,施錠せず
窃盗,自転車盗,立川,錦町交番,132021,東京都,立川市,羽衣町１丁目,2020-01-21,04,その他,駐車（輪）場,40歳代,その他,施錠せず
窃盗,自転車盗,立川,錦町交番,132021,東京都,立川市,羽衣町１丁目,2020-06-22,19,その他,駐車（輪）場,60-64歳,その他,施錠せず
窃盗,自転車盗,立川,錦町交番,132021,東京都,立川市,羽衣町３丁目,2020-03-19,20,４階建て以上共同住宅,駐車（輪）場,20歳代,大学生,施錠せず
窃盗,自転車盗,立川,錦町交番,132152,東京都,国立市,中１丁目,2020-10-05,00,その他の住宅（３階建て以下共同住宅等）,駐車（輪）場,40歳代,その他,施錠せず
窃盗,自転車盗,立川,立日橋交番,132021,東京都,立川市,柴崎町４丁目,2020-05-07,12,駐車（輪）場,駐車（輪）場,30歳代,その他,施錠せず
窃盗,自転車盗,立川,立日橋交番,132021,東京都,立川市,柴崎町５丁目,2020-03-31,21,一戸建住宅,駐車（輪）場,60-64歳,その他,施錠せず
窃盗,自転車盗,立川,立日橋交番,132021,東京都,立川市,錦町５丁目,2019-12-26,07,４階建て以上共同住宅,駐車（輪）場,10歳代,高校生,施錠せず
窃盗,自転車盗,立川,立日橋交番,132021,東京都,立川市,錦町５丁目,2019-12-27,13,４階建て以上共同住宅,駐車（輪）場,10歳代,小学生,施錠せず
窃盗,自転車盗,立川,立日橋交番,132021,東京都,立川市,錦町５丁目,2020-04-30,08,一戸建住宅,その他,10歳代,高校生,施錠せず
窃盗,自転車盗,立川,立日橋交番,132021,東京都,立川市,錦町５丁目,2020-06-05,20,その他の住宅（３階建て以下共同住宅等）,その他,20歳代,その他,施錠せず
窃盗,自転車盗,立川,立日橋交番,132021,東京都,立川市,錦町５丁目,2020-06-12,06,道路上,その他,40歳代,その他,施錠せず
窃盗,自転車盗,立川,立日橋交番,132021,東京都,立川市,錦町５丁目,2020-09-01,不明,４階建て以上共同住宅,駐車（輪）場,20歳代,その他,施錠せず
窃盗,自転車盗,立川,立日橋交番,132021,東京都,立川市,錦町５丁目,2020-10-12,11,４階建て以上共同住宅,駐車（輪）場,50歳代,その他,施錠せず
窃盗,自転車盗,立川,立日橋交番,132021,東京都,立川市,錦町５丁目,2020-11-14,13,一戸建住宅,その他,10歳代,高校生,施錠せず
窃盗,自転車盗,立川,立日橋交番,132021,東京都,立川市,錦町６丁目,2020-02-01,09,その他,駐車（輪）場,20歳代,その他,施錠せず
窃盗,自転車盗,立川,立日橋交番,132021,東京都,立川市,錦町６丁目,2020-03-10,13,４階建て以上共同住宅,駐車（輪）場,20歳代,その他,施錠せず
窃盗,自転車盗,立川,立日橋交番,132021,東京都,立川市,錦町６丁目,2020-04-01,07,４階建て以上共同住宅,駐車（輪）場,10歳代,高校生,施錠せず
窃盗,自転車盗,立川,立日橋交番,132021,東京都,立川市,錦町６丁目,2020-06-05,20,４階建て以上共同住宅,駐車（輪）場,50歳代,その他,施錠せず
窃盗,自転車盗,立川,立川駅南口交番,132021,東京都,立川市,柴崎町１丁目,2020-01-01,10,その他,その他,30歳代,その他,施錠せず
窃盗,自転車盗,立川,立川駅南口交番,132021,東京都,立川市,柴崎町１丁目,2020-01-12,18,一戸建住宅,その他,10歳代,中学生,施錠せず
窃盗,自転車盗,立川,立川駅南口交番,132021,東京都,立川市,柴崎町１丁目,2020-04-06,16,その他の住宅（３階建て以下共同住宅等）,駐車（輪）場,10歳代,小学生,施錠せず
窃盗,自転車盗,立川,立川駅南口交番,132021,東京都,立川市,柴崎町２丁目,2020-01-11,19,道路上,その他,30歳代,その他,施錠せず
窃盗,自転車盗,立川,立川駅南口交番,132021,東京都,立川市,柴崎町２丁目,2020-02-19,17,その他,駐車（輪）場,40歳代,その他,施錠せず
窃盗,自転車盗,立川,立川駅南口交番,132021,東京都,立川市,柴崎町２丁目,2020-07-11,16,４階建て以上共同住宅,その他,50歳代,その他,施錠せず
窃盗,自転車盗,立川,立川駅南口交番,132021,東京都,立川市,柴崎町２丁目,2020-10-11,02,駐車（輪）場,駐車（輪）場,50歳代,その他,施錠せず
窃盗,自転車盗,立川,立川駅南口交番,132021,東京都,立川市,柴崎町２丁目,2020-10-30,22,一戸建住宅,その他,20歳代,その他,施錠せず
窃盗,自転車盗,立川,立川駅南口交番,132021,東京都,立川市,柴崎町３丁目,2019-12-22,01,道路上,その他,20歳代,大学生,施錠せず
窃盗,自転車盗,立川,立川駅南口交番,132021,東京都,立川市,柴崎町３丁目,2019-12-29,01,駐車（輪）場,駐車（輪）場,20歳代,大学生,施錠せず
窃盗,自転車盗,立川,立川駅南口交番,132021,東京都,立川市,柴崎町３丁目,2020-02-21,19,駐車（輪）場,駐車（輪）場,20歳代,大学生,施錠せず
窃盗,自転車盗,立川,立川駅南口交番,132021,東京都,立川市,柴崎町３丁目,2020-03-15,16,駐車（輪）場,駐車（輪）場,20歳代,大学生,施錠せず
窃盗,自転車盗,立川,立川駅南口交番,132021,東京都,立川市,柴崎町３丁目,2020-04-04,14,駐車（輪）場,駐車（輪）場,50歳代,その他,施錠せず
窃盗,自転車盗,立川,立川駅南口交番,132021,東京都,立川市,柴崎町３丁目,2020-04-21,16,駐車（輪）場,駐車（輪）場,10歳代,大学生,施錠せず
窃盗,自転車盗,立川,立川駅南口交番,132021,東京都,立川市,柴崎町３丁目,2020-05-31,12,駐車（輪）場,駐車（輪）場,20歳代,その他,施錠せず
窃盗,自転車盗,立川,立川駅南口交番,132021,東京都,立川市,柴崎町３丁目,2020-07-05,10,駐車（輪）場,駐車（輪）場,20歳代,大学生,施錠せず
窃盗,自転車盗,立川,立川駅南口交番,132021,東京都,立川市,柴崎町３丁目,2020-09-04,20,その他,駐車（輪）場,20歳代,その他,施錠せず
窃盗,自転車盗,立川,立川駅南口交番,132021,東京都,立川市,柴崎町３丁目,2020-09-06,15,駐車（輪）場,駐車（輪）場,20歳代,大学生,施錠せず
窃盗,自転車盗,立川,立川駅南口交番,132021,東京都,立川市,柴崎町３丁目,2020-09-08,16,駐車（輪）場,駐車（輪）場,20歳代,その他,施錠せず
窃盗,自転車盗,立川,立川駅南口交番,132021,東京都,立川市,柴崎町３丁目,2020-09-08,17,駐車（輪）場,駐車（輪）場,10歳代,高校生,施錠せず
窃盗,自転車盗,立川,立川駅南口交番,132021,東京都,立川市,柴崎町３丁目,2020-09-12,17,駐車（輪）場,駐車（輪）場,10歳代,高校生,施錠せず
窃盗,自転車盗,立川,立川駅南口交番,132021,東京都,立川市,柴崎町３丁目,2020-09-13,13,駐車（輪）場,駐車（輪）場,40歳代,その他,施錠せず
窃盗,自転車盗,立川,立川駅南口交番,132021,東京都,立川市,柴崎町３丁目,2020-10-06,22,道路上,その他,10歳代,高校生,施錠せず
窃盗,自転車盗,立川,立川駅南口交番,132021,東京都,立川市,柴崎町３丁目,2020-11-20,17,駐車（輪）場,駐車（輪）場,10歳代,高校生,施錠せず
窃盗,自転車盗,立川,立川駅南口交番,132021,東京都,立川市,錦町１丁目,2020-03-01,02,道路上,その他,20歳代,その他,施錠せず
窃盗,自転車盗,立川,立川駅南口交番,132021,東京都,立川市,錦町２丁目,2020-03-07,23,その他の住宅（３階建て以下共同住宅等）,駐車（輪）場,20歳代,その他,施錠せず
窃盗,自転車盗,立川,立川駅南口交番,132021,東京都,立川市,錦町２丁目,2020-11-01,18,その他の住宅（３階建て以下共同住宅等）,駐車（輪）場,30歳代,その他,施錠せず
窃盗,自転車盗,立川,富士塚交番,132021,東京都,立川市,富士見町１丁目,2019-12-21,18,一戸建住宅,駐車（輪）場,40歳代,その他,施錠せず
窃盗,自転車盗,立川,富士塚交番,132021,東京都,立川市,富士見町１丁目,2020-02-10,18,４階建て以上共同住宅,駐車（輪）場,20歳代,その他,施錠せず
窃盗,自転車盗,立川,富士塚交番,132021,東京都,立川市,富士見町１丁目,2020-03-27,17,その他,駐車（輪）場,70歳以上,その他,施錠せず
窃盗,自転車盗,立川,富士塚交番,132021,東京都,立川市,富士見町１丁目,2020-06-01,23,その他の住宅（３階建て以下共同住宅等）,その他,30歳代,その他,施錠せず
窃盗,自転車盗,立川,富士塚交番,132021,東京都,立川市,富士見町１丁目,2020-08-24,09,その他,駐車（輪）場,40歳代,その他,施錠せず
窃盗,自転車盗,立川,富士塚交番,132021,東京都,立川市,富士見町２丁目,2019-12-12,14,４階建て以上共同住宅,駐車（輪）場,50歳代,その他,施錠せず
窃盗,自転車盗,立川,富士塚交番,132021,東京都,立川市,富士見町２丁目,2020-01-06,23,その他の住宅（３階建て以下共同住宅等）,駐車（輪）場,20歳代,その他,施錠せず
窃盗,自転車盗,立川,富士塚交番,132021,東京都,立川市,富士見町２丁目,2020-02-06,16,一戸建住宅,駐車（輪）場,60-64歳,その他,施錠せず
窃盗,自転車盗,立川,富士塚交番,132021,東京都,立川市,富士見町２丁目,2020-03-13,08,その他,駐車（輪）場,40歳代,その他,施錠せず
窃盗,自転車盗,立川,富士塚交番,132021,東京都,立川市,富士見町２丁目,2020-06-26,20,４階建て以上共同住宅,駐車（輪）場,20歳代,その他,施錠せず
窃盗,自転車盗,立川,富士塚交番,132021,東京都,立川市,富士見町４丁目,2020-01-12,13,４階建て以上共同住宅,駐車（輪）場,10歳代,中学生,施錠せず
窃盗,自転車盗,立川,富士塚交番,132021,東京都,立川市,富士見町４丁目,2020-02-14,16,４階建て以上共同住宅,駐車（輪）場,20歳代,大学生,施錠せず
窃盗,自転車盗,立川,富士塚交番,132021,東京都,立川市,富士見町４丁目,2020-03-12,13,その他の住宅（３階建て以下共同住宅等）,駐車（輪）場,70歳以上,その他,施錠せず
窃盗,自転車盗,立川,富士塚交番,132021,東京都,立川市,富士見町４丁目,2020-05-05,16,駐車（輪）場,駐車（輪）場,30歳代,その他,施錠せず
窃盗,自転車盗,立川,富士塚交番,132021,東京都,立川市,富士見町４丁目,2020-07-02,22,一戸建住宅,その他,10歳代,その他,施錠せず
窃盗,自転車盗,立川,富士塚交番,132021,東京都,立川市,富士見町４丁目,2020-12-04,14,一戸建住宅,駐車（輪）場,10歳代,小学生,施錠せず
窃盗,自転車盗,立川,富士塚交番,132021,東京都,立川市,緑町,2020-03-03,10,その他,駐車（輪）場,10歳代,高校生,施錠せず
窃盗,自転車盗,立川,富士塚交番,132021,東京都,立川市,緑町,2020-03-18,08,その他,駐車（輪）場,20歳代,その他,施錠せず
窃盗,自転車盗,立川,富士塚交番,132021,東京都,立川市,緑町,2020-03-20,14,その他,駐車（輪）場,10歳代,中学生,施錠せず
窃盗,自転車盗,立川,富士塚交番,132021,東京都,立川市,緑町,2020-07-29,13,その他,駐車（輪）場,10歳代,小学生,施錠せず
窃盗,自転車盗,立川,立川駅北口交番,132021,東京都,立川市,曙町１丁目,2019-12-18,13,駐車（輪）場,駐車（輪）場,10歳代,高校生,施錠せず
窃盗,自転車盗,立川,立川駅北口交番,132021,東京都,立川市,曙町１丁目,2020-10-31,23,その他,その他,20歳代,大学生,施錠せず
窃盗,自転車盗,立川,立川駅北口交番,132021,東京都,立川市,曙町１丁目,2020-11-20,20,その他,その他,40歳代,その他,施錠せず
窃盗,自転車盗,立川,立川駅北口交番,132021,東京都,立川市,曙町１丁目,2020-12-19,08,駐車（輪）場,駐車（輪）場,20歳代,大学生,施錠せず
窃盗,自転車盗,立川,立川駅北口交番,132021,東京都,立川市,曙町２丁目,2019-12-29,18,その他,駐車（輪）場,10歳代,中学生,施錠せず
窃盗,自転車盗,立川,立川駅北口交番,132021,東京都,立川市,曙町２丁目,2019-12-30,21,４階建て以上共同住宅,駐車（輪）場,30歳代,その他,施錠せず
窃盗,自転車盗,立川,立川駅北口交番,132021,東京都,立川市,曙町２丁目,2020-01-05,00,道路上,その他,10歳代,大学生,施錠せず
窃盗,自転車盗,立川,立川駅北口交番,132021,東京都,立川市,曙町２丁目,2020-01-11,13,駐車（輪）場,駐車（輪）場,10歳代,高校生,施錠せず
窃盗,自転車盗,立川,立川駅北口交番,132021,東京都,立川市,曙町２丁目,2020-01-11,13,その他,駐車（輪）場,10歳代,中学生,施錠せず
窃盗,自転車盗,立川,立川駅北口交番,132021,東京都,立川市,曙町２丁目,2020-01-17,12,その他,駐車（輪）場,20歳代,大学生,施錠せず
窃盗,自転車盗,立川,立川駅北口交番,132021,東京都,立川市,曙町２丁目,2020-01-19,15,その他,駐車（輪）場,10歳代,高校生,施錠せず
窃盗,自転車盗,立川,立川駅北口交番,132021,東京都,立川市,曙町２丁目,2020-01-23,08,道路上,その他,20歳代,その他,施錠せず
窃盗,自転車盗,立川,立川駅北口交番,132021,東京都,立川市,曙町２丁目,2020-01-27,17,その他,駐車（輪）場,10歳代,高校生,施錠せず
窃盗,自転車盗,立川,立川駅北口交番,132021,東京都,立川市,曙町２丁目,2020-01-28,16,その他,駐車（輪）場,10歳代,高校生,施錠せず
窃盗,自転車盗,立川,立川駅北口交番,132021,東京都,立川市,曙町２丁目,2020-02-04,17,道路上,その他,20歳代,大学生,施錠せず
窃盗,自転車盗,立川,立川駅北口交番,132021,東京都,立川市,曙町２丁目,2020-02-21,23,その他,駐車（輪）場,20歳代,その他,施錠せず
窃盗,自転車盗,立川,立川駅北口交番,132021,東京都,立川市,曙町２丁目,2020-02-28,20,その他,駐車（輪）場,10歳代,中学生,施錠せず
窃盗,自転車盗,立川,立川駅北口交番,132021,東京都,立川市,曙町２丁目,2020-03-12,16,その他,駐車（輪）場,65-69歳,その他,施錠せず
窃盗,自転車盗,立川,立川駅北口交番,132021,東京都,立川市,曙町２丁目,2020-03-18,12,その他,駐車（輪）場,10歳代,高校生,施錠せず
窃盗,自転車盗,立川,立川駅北口交番,132021,東京都,立川市,曙町２丁目,2020-03-19,08,駐車（輪）場,駐車（輪）場,20歳代,その他,施錠せず
窃盗,自転車盗,立川,立川駅北口交番,132021,東京都,立川市,曙町２丁目,2020-03-20,13,その他,駐車（輪）場,10歳代,高校生,施錠せず
窃盗,自転車盗,立川,立川駅北口交番,132021,東京都,立川市,曙町２丁目,2020-04-19,15,その他,駐車（輪）場,10歳代,その他,施錠せず
窃盗,自転車盗,立川,立川駅北口交番,132021,東京都,立川市,曙町２丁目,2020-07-17,11,道路上,その他,20歳代,その他,施錠せず
窃盗,自転車盗,立川,立川駅北口交番,132021,東京都,立川市,曙町２丁目,2020-08-23,10,駐車（輪）場,駐車（輪）場,20歳代,その他,施錠せず
窃盗,自転車盗,立川,立川駅北口交番,132021,東京都,立川市,曙町２丁目,2020-09-08,06,４階建て以上共同住宅,駐車（輪）場,10歳代,高校生,施錠せず
窃盗,自転車盗,立川,立川駅北口交番,132021,東京都,立川市,曙町２丁目,2020-09-19,10,その他,駐車（輪）場,10歳代,高校生,施錠せず
窃盗,自転車盗,立川,立川駅北口交番,132021,東京都,立川市,曙町２丁目,2020-09-27,10,道路上,その他,20歳代,大学生,施錠せず
窃盗,自転車盗,立川,立川駅北口交番,132021,東京都,立川市,曙町２丁目,2020-10-15,01,４階建て以上共同住宅,駐車（輪）場,60-64歳,その他,施錠せず
窃盗,自転車盗,立川,立川駅北口交番,132021,東京都,立川市,曙町２丁目,2020-10-23,01,道路上,その他,20歳代,その他,施錠せず
窃盗,自転車盗,立川,立川駅北口交番,132021,東京都,立川市,曙町２丁目,2020-10-24,15,道路上,その他,10歳代,高校生,施錠せず
窃盗,自転車盗,立川,立川駅北口交番,132021,東京都,立川市,曙町２丁目,2020-10-30,18,その他,駐車（輪）場,10歳代,高校生,施錠せず
窃盗,自転車盗,立川,立川駅北口交番,132021,東京都,立川市,曙町２丁目,2020-11-17,16,その他,駐車（輪）場,10歳代,高校生,施錠せず
窃盗,自転車盗,立川,立川駅北口交番,132021,東京都,立川市,曙町２丁目,2020-11-22,00,道路上,その他,30歳代,その他,施錠せず
窃盗,自転車盗,立川,立川駅北口交番,132021,東京都,立川市,曙町２丁目,2020-12-03,16,その他,駐車（輪）場,10歳代,大学生,施錠せず
窃盗,自転車盗,立川,立川駅北口交番,132021,東京都,立川市,曙町３丁目,2019-12-31,23,４階建て以上共同住宅,駐車（輪）場,60-64歳,その他,施錠せず
窃盗,自転車盗,立川,立川駅北口交番,132021,東京都,立川市,曙町３丁目,2020-02-14,13,４階建て以上共同住宅,駐車（輪）場,10歳代,大学生,施錠せず
窃盗,自転車盗,立川,立川駅北口交番,132021,東京都,立川市,曙町３丁目,2020-10-19,08,４階建て以上共同住宅,駐車（輪）場,20歳代,その他,施錠せず
窃盗,自転車盗,立川,立川駅北口交番,132021,東京都,立川市,高松町３丁目,2019-12-20,10,４階建て以上共同住宅,駐車（輪）場,10歳代,中学生,施錠せず
窃盗,自転車盗,立川,立川駅北口交番,132021,東京都,立川市,高松町３丁目,2019-12-31,01,道路上,その他,20歳代,大学生,施錠せず
窃盗,自転車盗,立川,立川駅北口交番,132021,東京都,立川市,高松町３丁目,2020-07-18,17,その他の住宅（３階建て以下共同住宅等）,駐車（輪）場,10歳代,小学生,施錠せず
窃盗,自転車盗,立川,立川駅北口交番,132021,東京都,立川市,高松町３丁目,2020-07-27,15,その他の住宅（３階建て以下共同住宅等）,駐車（輪）場,20歳代,その他,施錠せず
窃盗,自転車盗,立川,立川駅北口交番,132021,東京都,立川市,高松町３丁目,2020-08-03,21,一戸建住宅,駐車（輪）場,10歳代,小学生,施錠せず
窃盗,自転車盗,立川,立川駅北口交番,132021,東京都,立川市,高松町３丁目,2020-08-31,18,道路上,その他,30歳代,その他,施錠せず
窃盗,自転車盗,立川,立川駅北口交番,132021,東京都,立川市,高松町３丁目,2020-09-28,21,４階建て以上共同住宅,駐車（輪）場,20歳代,その他,施錠せず
窃盗,自転車盗,立川,立川駅北口交番,132021,東京都,立川市,緑町,2019-12-16,16,その他,駐車（輪）場,10歳代,中学生,施錠せず
窃盗,自転車盗,立川,立川駅北口交番,132021,東京都,立川市,緑町,2019-12-23,22,４階建て以上共同住宅,駐車（輪）場,30歳代,その他,施錠せず
窃盗,自転車盗,立川,立川駅北口交番,132021,東京都,立川市,緑町,2020-07-01,16,その他,駐車（輪）場,10歳代,大学生,施錠せず
窃盗,自転車盗,立川,立川駅北口交番,132021,東京都,立川市,緑町,2020-07-10,00,その他,駐車（輪）場,20歳代,その他,施錠せず
窃盗,自転車盗,立川,立川駅北口交番,132021,東京都,立川市,緑町,2020-08-22,18,その他,駐車（輪）場,10歳代,大学生,施錠せず
窃盗,自転車盗,立川,立川駅北口交番,132021,東京都,立川市,緑町,2020-10-31,12,その他,駐車（輪）場,10歳代,中学生,施錠せず
窃盗,自転車盗,立川,高松町交番,132021,東京都,立川市,泉町,2020-01-21,10,その他,駐車（輪）場,10歳代,高校生,施錠せず
窃盗,自転車盗,立川,高松町交番,132021,東京都,立川市,泉町,2020-01-31,15,その他,駐車（輪）場,50歳代,その他,施錠せず
窃盗,自転車盗,立川,高松町交番,132021,東京都,立川市,泉町,2020-08-22,17,その他,駐車（輪）場,30歳代,その他,施錠せず
窃盗,自転車盗,立川,高松町交番,132021,東京都,立川市,泉町,2020-09-07,07,道路上,その他,20歳代,その他,施錠せず
窃盗,自転車盗,立川,高松町交番,132021,東京都,立川市,泉町,2020-11-22,12,その他,駐車（輪）場,10歳代,高校生,施錠せず
窃盗,自転車盗,立川,高松町交番,132021,東京都,立川市,栄町２丁目,2020-05-01,15,一戸建住宅,その他,60-64歳,その他,施錠せず
窃盗,自転車盗,立川,高松町交番,132021,東京都,立川市,栄町２丁目,2020-05-18,17,４階建て以上共同住宅,駐車（輪）場,10歳代,中学生,施錠せず
窃盗,自転車盗,立川,高松町交番,132021,東京都,立川市,栄町２丁目,2020-07-12,09,一戸建住宅,駐車（輪）場,10歳代,中学生,施錠せず
窃盗,自転車盗,立川,高松町交番,132021,東京都,立川市,栄町３丁目,2020-01-30,17,その他の住宅（３階建て以下共同住宅等）,駐車（輪）場,10歳代,小学生,施錠せず
窃盗,自転車盗,立川,高松町交番,132021,東京都,立川市,栄町４丁目,2020-01-02,20,４階建て以上共同住宅,駐車（輪）場,10歳代,高校生,施錠せず
窃盗,自転車盗,立川,高松町交番,132021,東京都,立川市,栄町４丁目,2020-01-10,15,４階建て以上共同住宅,駐車（輪）場,70歳以上,その他,施錠せず
窃盗,自転車盗,立川,高松町交番,132021,東京都,立川市,栄町５丁目,2020-01-25,17,４階建て以上共同住宅,駐車（輪）場,10歳代,中学生,施錠せず
窃盗,自転車盗,立川,高松町交番,132021,東京都,立川市,栄町５丁目,2020-08-14,18,その他の住宅（３階建て以下共同住宅等）,駐車（輪）場,70歳以上,その他,施錠せず
窃盗,自転車盗,立川,高松町交番,132021,東京都,立川市,栄町６丁目,2020-02-04,12,４階建て以上共同住宅,駐車（輪）場,10歳代,高校生,施錠せず
窃盗,自転車盗,立川,高松町交番,132021,東京都,立川市,高松町１丁目,2019-12-26,20,駐車（輪）場,駐車（輪）場,30歳代,その他,施錠せず
窃盗,自転車盗,立川,高松町交番,132021,東京都,立川市,高松町１丁目,2020-02-16,17,一戸建住宅,駐車（輪）場,50歳代,その他,施錠せず
窃盗,自転車盗,立川,高松町交番,132021,東京都,立川市,高松町１丁目,2020-02-17,08,駐車（輪）場,駐車（輪）場,50歳代,その他,施錠せず
窃盗,自転車盗,立川,高松町交番,132021,東京都,立川市,高松町１丁目,2020-03-21,03,道路上,その他,20歳代,その他,施錠せず
窃盗,自転車盗,立川,高松町交番,132021,東京都,立川市,高松町１丁目,2020-03-21,03,道路上,その他,30歳代,その他,施錠せず
窃盗,自転車盗,立川,高松町交番,132021,東京都,立川市,高松町１丁目,2020-08-10,08,駐車（輪）場,駐車（輪）場,10歳代,その他,施錠せず
窃盗,自転車盗,立川,高松町交番,132021,東京都,立川市,高松町１丁目,2020-10-08,20,一戸建住宅,駐車（輪）場,70歳以上,その他,施錠せず
窃盗,自転車盗,立川,高松町交番,132021,東京都,立川市,高松町２丁目,2019-12-28,19,その他の住宅（３階建て以下共同住宅等）,駐車（輪）場,40歳代,その他,施錠せず
窃盗,自転車盗,立川,高松町交番,132021,東京都,立川市,高松町２丁目,2020-05-11,18,一戸建住宅,駐車（輪）場,30歳代,その他,施錠せず
窃盗,自転車盗,立川,高松町交番,132021,東京都,立川市,高松町２丁目,2020-11-16,11,一戸建住宅,駐車（輪）場,20歳代,大学生,施錠せず
窃盗,自転車盗,立川,東区駐在所,132152,東京都,国立市,東２丁目,2020-07-08,07,その他の住宅（３階建て以下共同住宅等）,駐車（輪）場,30歳代,その他,施錠せず
窃盗,自転車盗,立川,東区駐在所,132152,東京都,国立市,東２丁目,2020-09-28,17,道路上,その他,10歳代,高校生,施錠せず
窃盗,自転車盗,立川,東区駐在所,132152,東京都,国立市,東２丁目,2020-10-16,13,駐車（輪）場,駐車（輪）場,20歳代,大学生,施錠せず
窃盗,自転車盗,立川,東区駐在所,132152,東京都,国立市,東２丁目,2020-11-04,19,その他の住宅（３階建て以下共同住宅等）,その他,60-64歳,その他,施錠せず
窃盗,自転車盗,立川,東区駐在所,132152,東京都,国立市,東３丁目,2016-09-13,00,その他の住宅（３階建て以下共同住宅等）,駐車（輪）場,20歳代,その他,施錠せず
窃盗,自転車盗,立川,東区駐在所,132152,東京都,国立市,東３丁目,2020-02-08,01,その他の住宅（３階建て以下共同住宅等）,駐車（輪）場,20歳代,大学生,施錠せず
窃盗,自転車盗,立川,東区駐在所,132152,東京都,国立市,東３丁目,2020-08-05,11,４階建て以上共同住宅,駐車（輪）場,30歳代,その他,施錠せず
窃盗,自転車盗,立川,谷保交番,132152,東京都,国立市,青柳１丁目,2020-08-15,03,その他,駐車（輪）場,法人・団体、被害者なし,法人・団体、被害者なし,施錠せず
窃盗,自転車盗,立川,谷保交番,132152,東京都,国立市,青柳３丁目,2020-02-09,13,その他,駐車（輪）場,50歳代,その他,施錠せず
窃盗,自転車盗,立川,谷保交番,132152,東京都,国立市,青柳３丁目,2020-02-10,13,その他,駐車（輪）場,10歳代,大学生,施錠せず
窃盗,自転車盗,立川,谷保交番,132152,東京都,国立市,青柳３丁目,2020-03-04,12,その他,駐車（輪）場,70歳以上,その他,施錠せず
窃盗,自転車盗,立川,谷保交番,132152,東京都,国立市,青柳３丁目,2020-04-07,18,一戸建住宅,駐車（輪）場,40歳代,その他,施錠せず
窃盗,自転車盗,立川,谷保交番,132152,東京都,国立市,青柳３丁目,2020-04-22,06,その他,駐車（輪）場,20歳代,大学生,施錠せず
窃盗,自転車盗,立川,谷保交番,132152,東京都,国立市,谷保,2019-12-28,08,４階建て以上共同住宅,その他,50歳代,その他,施錠せず
窃盗,自転車盗,立川,谷保交番,132152,東京都,国立市,谷保,2020-03-08,18,一戸建住宅,駐車（輪）場,65-69歳,その他,施錠せず
窃盗,自転車盗,立川,谷保交番,132152,東京都,国立市,谷保,2020-05-21,06,駐車（輪）場,駐車（輪）場,10歳代,その他,施錠せず
窃盗,自転車盗,立川,谷保交番,132152,東京都,国立市,谷保,2020-07-30,22,その他の住宅（３階建て以下共同住宅等）,駐車（輪）場,30歳代,その他,施錠せず
窃盗,自転車盗,立川,谷保交番,132152,東京都,国立市,谷保,2020-10-05,09,一戸建住宅,駐車（輪）場,70歳以上,その他,施錠せず
窃盗,自転車盗,立川,谷保交番,132152,東京都,国立市,谷保６丁目,2020-06-27,09,一戸建住宅,駐車（輪）場,20歳代,その他,施錠せず
窃盗,自転車盗,立川,谷保交番,132152,東京都,国立市,泉１丁目,2018-01-01,17,その他,駐車（輪）場,20歳代,その他,施錠せず
窃盗,自転車盗,立川,谷保交番,132152,東京都,国立市,泉３丁目,2020-09-24,18,その他の住宅（３階建て以下共同住宅等）,駐車（輪）場,20歳代,その他,施錠せず
窃盗,自転車盗,立川,富士見町交番,132021,東京都,立川市,富士見町６丁目,2020-09-30,19,その他,駐車（輪）場,40歳代,その他,施錠せず
窃盗,自転車盗,立川,富士見町交番,132021,東京都,立川市,富士見町７丁目,2020-06-28,18,４階建て以上共同住宅,駐車（輪）場,50歳代,その他,施錠せず
窃盗,自転車盗,立川,天王橋交番,132021,東京都,立川市,上砂町１丁目,2019-12-25,15,４階建て以上共同住宅,駐車（輪）場,10歳代,高校生,施錠せず
窃盗,自転車盗,立川,天王橋交番,132021,東京都,立川市,上砂町１丁目,2020-03-28,13,一戸建住宅,駐車（輪）場,20歳代,その他,施錠せず
窃盗,自転車盗,立川,天王橋交番,132021,東京都,立川市,上砂町１丁目,2020-06-21,11,４階建て以上共同住宅,駐車（輪）場,70歳以上,その他,施錠せず
窃盗,自転車盗,立川,天王橋交番,132021,東京都,立川市,上砂町１丁目,2020-09-05,22,４階建て以上共同住宅,駐車（輪）場,10歳代,高校生,施錠せず
窃盗,自転車盗,立川,天王橋交番,132021,東京都,立川市,上砂町１丁目,2020-09-19,13,４階建て以上共同住宅,駐車（輪）場,20歳代,大学生,施錠せず
窃盗,自転車盗,立川,天王橋交番,132021,東京都,立川市,上砂町２丁目,2020-05-25,08,その他,駐車（輪）場,20歳代,その他,施錠せず
窃盗,自転車盗,立川,天王橋交番,132021,東京都,立川市,上砂町２丁目,2020-07-17,19,その他の住宅（３階建て以下共同住宅等）,その他,30歳代,その他,施錠せず
窃盗,自転車盗,立川,天王橋交番,132021,東京都,立川市,上砂町２丁目,2020-09-11,07,一戸建住宅,駐車（輪）場,40歳代,その他,施錠せず
窃盗,自転車盗,立川,天王橋交番,132021,東京都,立川市,上砂町２丁目,2020-12-10,15,一戸建住宅,その他,65-69歳,その他,施錠せず
窃盗,自転車盗,立川,天王橋交番,132021,東京都,立川市,上砂町３丁目,2019-12-13,19,一戸建住宅,駐車（輪）場,40歳代,その他,施錠せず
窃盗,自転車盗,立川,天王橋交番,132021,東京都,立川市,上砂町３丁目,2020-07-04,14,一戸建住宅,駐車（輪）場,10歳代,中学生,施錠せず
窃盗,自転車盗,立川,天王橋交番,132021,東京都,立川市,上砂町４丁目,2020-02-14,17,駐車（輪）場,駐車（輪）場,30歳代,その他,施錠せず
窃盗,自転車盗,立川,天王橋交番,132021,東京都,立川市,上砂町４丁目,2020-02-14,18,駐車（輪）場,駐車（輪）場,70歳以上,その他,施錠せず
窃盗,自転車盗,立川,天王橋交番,132021,東京都,立川市,上砂町４丁目,2020-06-22,12,駐車（輪）場,駐車（輪）場,10歳代,高校生,施錠せず
窃盗,自転車盗,立川,天王橋交番,132021,東京都,立川市,上砂町４丁目,2020-08-01,06,駐車（輪）場,駐車（輪）場,10歳代,高校生,施錠せず
窃盗,自転車盗,立川,天王橋交番,132021,東京都,立川市,上砂町５丁目,2019-12-30,11,４階建て以上共同住宅,駐車（輪）場,20歳代,その他,施錠せず
窃盗,自転車盗,立川,天王橋交番,132021,東京都,立川市,上砂町５丁目,2020-01-10,23,４階建て以上共同住宅,駐車（輪）場,40歳代,その他,施錠せず
窃盗,自転車盗,立川,天王橋交番,132021,東京都,立川市,上砂町５丁目,2020-01-17,19,４階建て以上共同住宅,駐車（輪）場,40歳代,その他,施錠せず
窃盗,自転車盗,立川,天王橋交番,132021,東京都,立川市,上砂町５丁目,2020-02-06,19,その他,駐車（輪）場,10歳代,中学生,施錠せず
窃盗,自転車盗,立川,天王橋交番,132021,東京都,立川市,上砂町５丁目,2020-03-13,19,その他,駐車（輪）場,20歳代,その他,施錠せず
窃盗,自転車盗,立川,天王橋交番,132021,東京都,立川市,上砂町５丁目,2020-07-12,17,その他,駐車（輪）場,10歳代,中学生,施錠せず
窃盗,自転車盗,立川,天王橋交番,132021,東京都,立川市,上砂町５丁目,2020-07-29,18,その他,駐車（輪）場,10歳代,中学生,施錠せず
窃盗,自転車盗,立川,天王橋交番,132021,東京都,立川市,上砂町５丁目,2020-08-12,08,４階建て以上共同住宅,駐車（輪）場,10歳代,中学生,施錠せず
窃盗,自転車盗,立川,天王橋交番,132021,東京都,立川市,上砂町５丁目,2020-09-29,10,道路上,その他,10歳代,高校生,施錠せず
窃盗,自転車盗,立川,天王橋交番,132021,東京都,立川市,一番町１丁目,2020-07-30,20,４階建て以上共同住宅,その他,10歳代,中学生,施錠せず
窃盗,自転車盗,立川,天王橋交番,132021,東京都,立川市,一番町１丁目,2020-09-06,18,４階建て以上共同住宅,駐車（輪）場,10歳代,高校生,施錠せず
窃盗,自転車盗,立川,天王橋交番,132021,東京都,立川市,一番町２丁目,2020-07-20,19,４階建て以上共同住宅,駐車（輪）場,50歳代,その他,施錠せず
窃盗,自転車盗,立川,天王橋交番,132021,東京都,立川市,一番町３丁目,2020-09-21,23,その他の住宅（３階建て以下共同住宅等）,駐車（輪）場,20歳代,その他,施錠せず
窃盗,自転車盗,立川,天王橋交番,132021,東京都,立川市,一番町４丁目,2020-02-15,17,その他,駐車（輪）場,10歳代,高校生,施錠せず
窃盗,自転車盗,立川,天王橋交番,132021,東京都,立川市,一番町４丁目,2020-02-23,07,その他,駐車（輪）場,10歳代,高校生,施錠せず
窃盗,自転車盗,立川,天王橋交番,132021,東京都,立川市,一番町４丁目,2020-11-11,21,４階建て以上共同住宅,駐車（輪）場,10歳代,中学生,施錠せず
窃盗,自転車盗,立川,天王橋交番,132021,東京都,立川市,西砂町１丁目,2019-12-18,07,駐車（輪）場,駐車（輪）場,10歳代,高校生,施錠せず
窃盗,自転車盗,立川,天王橋交番,132021,東京都,立川市,西砂町１丁目,2020-01-08,17,その他の住宅（３階建て以下共同住宅等）,駐車（輪）場,10歳代,小学生,施錠せず
窃盗,自転車盗,立川,天王橋交番,132021,東京都,立川市,西砂町１丁目,2020-03-25,20,駐車（輪）場,駐車（輪）場,10歳代,高校生,施錠せず
窃盗,自転車盗,立川,天王橋交番,132021,東京都,立川市,西砂町１丁目,2020-03-30,06,駐車（輪）場,駐車（輪）場,40歳代,その他,施錠せず
窃盗,自転車盗,立川,天王橋交番,132021,東京都,立川市,西砂町１丁目,2020-04-04,10,駐車（輪）場,駐車（輪）場,10歳代,高校生,施錠せず
窃盗,自転車盗,立川,天王橋交番,132021,東京都,立川市,西砂町１丁目,2020-06-28,12,一戸建住宅,駐車（輪）場,30歳代,その他,施錠せず
窃盗,自転車盗,立川,天王橋交番,132021,東京都,立川市,西砂町１丁目,2020-07-25,12,駐車（輪）場,駐車（輪）場,10歳代,高校生,施錠せず
窃盗,自転車盗,立川,天王橋交番,132021,東京都,立川市,西砂町１丁目,2020-08-23,22,その他の住宅（３階建て以下共同住宅等）,駐車（輪）場,10歳代,高校生,施錠せず
窃盗,自転車盗,立川,天王橋交番,132021,東京都,立川市,西砂町１丁目,2020-09-08,08,駐車（輪）場,駐車（輪）場,10歳代,高校生,施錠せず
窃盗,自転車盗,立川,天王橋交番,132021,東京都,立川市,西砂町１丁目,2020-11-03,08,駐車（輪）場,駐車（輪）場,30歳代,その他,施錠せず
窃盗,自転車盗,立川,天王橋交番,132021,東京都,立川市,西砂町１丁目,2020-11-13,15,駐車（輪）場,駐車（輪）場,20歳代,大学生,施錠せず
窃盗,自転車盗,立川,天王橋交番,132021,東京都,立川市,西砂町１丁目,2020-11-20,18,駐車（輪）場,駐車（輪）場,20歳代,その他,施錠せず
窃盗,自転車盗,立川,天王橋交番,132021,東京都,立川市,西砂町２丁目,2020-08-16,00,その他,駐車（輪）場,40歳代,その他,施錠せず
窃盗,自転車盗,立川,天王橋交番,132021,東京都,立川市,西砂町２丁目,2020-09-21,16,その他,駐車（輪）場,10歳代,高校生,施錠せず
窃盗,自転車盗,立川,天王橋交番,132021,東京都,立川市,西砂町６丁目,2020-07-01,22,その他の住宅（３階建て以下共同住宅等）,駐車（輪）場,20歳代,その他,施錠せず
窃盗,自転車盗,立川,砂川四番交番,132021,東京都,立川市,泉町,2020-02-05,17,４階建て以上共同住宅,駐車（輪）場,20歳代,その他,施錠せず
窃盗,自転車盗,立川,砂川四番交番,132021,東京都,立川市,柏町１丁目,2020-09-06,18,４階建て以上共同住宅,駐車（輪）場,10歳代,中学生,施錠せず
窃盗,自転車盗,立川,砂川四番交番,132021,東京都,立川市,柏町２丁目,2020-09-28,19,その他の住宅（３階建て以下共同住宅等）,駐車（輪）場,20歳代,大学生,施錠せず
窃盗,自転車盗,立川,砂川四番交番,132021,東京都,立川市,柏町３丁目,2019-12-26,18,駐車（輪）場,駐車（輪）場,10歳代,高校生,施錠せず
窃盗,自転車盗,立川,砂川四番交番,132021,東京都,立川市,柏町３丁目,2020-01-15,21,一戸建住宅,その他,40歳代,その他,施錠せず
窃盗,自転車盗,立川,砂川四番交番,132021,東京都,立川市,柏町３丁目,2020-01-17,04,道路上,その他,20歳代,その他,施錠せず
窃盗,自転車盗,立川,砂川四番交番,132021,東京都,立川市,柏町３丁目,2020-08-20,09,駐車（輪）場,駐車（輪）場,20歳代,その他,施錠せず
窃盗,自転車盗,立川,砂川四番交番,132021,東京都,立川市,柏町４丁目,2020-02-07,08,駐車（輪）場,駐車（輪）場,20歳代,その他,施錠せず
窃盗,自転車盗,立川,砂川四番交番,132021,東京都,立川市,柏町５丁目,2020-02-01,19,道路上,その他,20歳代,大学生,施錠せず
窃盗,自転車盗,立川,砂川四番交番,132021,東京都,立川市,砂川町１丁目,2020-11-02,00,４階建て以上共同住宅,駐車（輪）場,30歳代,その他,施錠せず
窃盗,自転車盗,立川,砂川四番交番,132021,東京都,立川市,砂川町２丁目,2020-04-10,09,一戸建住宅,駐車（輪）場,40歳代,その他,施錠せず
窃盗,自転車盗,立川,砂川四番交番,132021,東京都,立川市,砂川町２丁目,2020-04-17,22,その他の住宅（３階建て以下共同住宅等）,駐車（輪）場,20歳代,その他,施錠せず
窃盗,自転車盗,立川,砂川四番交番,132021,東京都,立川市,砂川町２丁目,2020-10-06,07,一戸建住宅,駐車（輪）場,20歳代,その他,施錠せず
窃盗,自転車盗,立川,砂川四番交番,132021,東京都,立川市,砂川町３丁目,2020-06-14,19,４階建て以上共同住宅,駐車（輪）場,10歳代,高校生,施錠せず
窃盗,自転車盗,立川,砂川四番交番,132021,東京都,立川市,砂川町４丁目,2020-10-21,19,一戸建住宅,その他,30歳代,その他,施錠せず
窃盗,自転車盗,立川,砂川四番交番,132021,東京都,立川市,砂川町７丁目,2020-08-15,15,一戸建住宅,駐車（輪）場,70歳以上,その他,施錠せず
窃盗,自転車盗,立川,砂川四番交番,132021,東京都,立川市,砂川町７丁目,2020-08-15,19,一戸建住宅,駐車（輪）場,40歳代,その他,施錠せず
窃盗,自転車盗,立川,砂川四番交番,132021,東京都,立川市,砂川町７丁目,2020-08-17,18,一戸建住宅,駐車（輪）場,70歳以上,その他,施錠せず
窃盗,自転車盗,立川,砂川四番交番,132021,東京都,立川市,砂川町７丁目,2020-10-03,21,一戸建住宅,駐車（輪）場,10歳代,中学生,施錠せず
窃盗,自転車盗,立川,砂川四番交番,132021,東京都,立川市,砂川町８丁目,2018-06-30,15,その他の住宅（３階建て以下共同住宅等）,駐車（輪）場,20歳代,その他,施錠せず
窃盗,自転車盗,立川,砂川四番交番,132021,東京都,立川市,砂川町８丁目,2020-02-04,08,その他,駐車（輪）場,40歳代,その他,施錠せず
窃盗,自転車盗,立川,砂川四番交番,132021,東京都,立川市,砂川町８丁目,2020-05-30,17,その他の住宅（３階建て以下共同住宅等）,駐車（輪）場,10歳代,その他,施錠せず
窃盗,自転車盗,立川,砂川四番交番,132021,東京都,立川市,砂川町８丁目,2020-08-19,22,４階建て以上共同住宅,駐車（輪）場,20歳代,その他,施錠せず
窃盗,自転車盗,立川,砂川四番交番,132021,東京都,立川市,高松町１丁目,2020-03-21,03,道路上,その他,65-69歳,その他,施錠せず
窃盗,自転車盗,立川,砂川八番交番,132021,東京都,立川市,幸町２丁目,2020-02-04,06,一戸建住宅,駐車（輪）場,10歳代,中学生,施錠せず
窃盗,自転車盗,立川,砂川八番交番,132021,東京都,立川市,幸町２丁目,2020-08-13,16,４階建て以上共同住宅,駐車（輪）場,10歳未満,小学生,施錠せず
窃盗,自転車盗,立川,砂川八番交番,132021,東京都,立川市,幸町３丁目,2019-12-19,23,一戸建住宅,駐車（輪）場,65-69歳,その他,施錠せず
窃盗,自転車盗,立川,砂川八番交番,132021,東京都,立川市,幸町４丁目,2020-11-09,04,その他,駐車（輪）場,40歳代,その他,施錠せず
窃盗,自転車盗,立川,砂川八番交番,132021,東京都,立川市,幸町５丁目,2020-01-22,19,その他の住宅（３階建て以下共同住宅等）,駐車（輪）場,30歳代,その他,施錠せず
窃盗,自転車盗,立川,砂川八番交番,132021,東京都,立川市,幸町５丁目,2020-02-03,22,一戸建住宅,その他,40歳代,その他,施錠せず
窃盗,自転車盗,立川,砂川八番交番,132021,東京都,立川市,幸町６丁目,2020-03-21,08,駐車（輪）場,駐車（輪）場,30歳代,その他,施錠せず
窃盗,自転車盗,立川,砂川八番交番,132021,東京都,立川市,幸町６丁目,2020-05-26,12,駐車（輪）場,駐車（輪）場,10歳代,高校生,施錠せず
窃盗,自転車盗,立川,砂川八番交番,132021,東京都,立川市,幸町６丁目,2020-09-10,08,一戸建住宅,駐車（輪）場,10歳代,大学生,施錠せず
窃盗,自転車盗,立川,砂川八番交番,132021,東京都,立川市,幸町６丁目,2020-11-17,07,駐車（輪）場,駐車（輪）場,10歳代,大学生,施錠せず
窃盗,自転車盗,立川,砂川八番交番,132021,東京都,立川市,若葉町４丁目,2019-10-21,00,４階建て以上共同住宅,駐車（輪）場,50歳代,その他,施錠せず
窃盗,自転車盗,立川,砂川八番交番,132021,東京都,立川市,若葉町４丁目,2019-11-07,08,４階建て以上共同住宅,駐車（輪）場,20歳代,大学生,施錠せず
窃盗,自転車盗,立川,砂川八番交番,132021,東京都,立川市,若葉町４丁目,2020-06-06,11,その他,駐車（輪）場,20歳代,その他,施錠せず
窃盗,自転車盗,立川,富士見台交番,132152,東京都,国立市,中３丁目,2020-07-07,20,その他の住宅（３階建て以下共同住宅等）,駐車（輪）場,20歳代,大学生,施錠せず
窃盗,自転車盗,立川,富士見台交番,132152,東京都,国立市,西２丁目,2020-05-26,22,その他の住宅（３階建て以下共同住宅等）,駐車（輪）場,20歳代,大学生,施錠せず
窃盗,自転車盗,立川,富士見台交番,132152,東京都,国立市,東４丁目,2020-07-11,21,その他,駐車（輪）場,20歳代,その他,施錠せず
窃盗,自転車盗,立川,富士見台交番,132152,東京都,国立市,東４丁目,2020-09-10,21,その他の住宅（３階建て以下共同住宅等）,駐車（輪）場,20歳代,その他,施錠せず
窃盗,自転車盗,立川,富士見台交番,132152,東京都,国立市,富士見台１丁目,2019-12-05,20,道路上,その他,20歳代,その他,施錠せず
窃盗,自転車盗,立川,富士見台交番,132152,東京都,国立市,富士見台１丁目,2020-02-10,20,駐車（輪）場,駐車（輪）場,30歳代,その他,施錠せず
窃盗,自転車盗,立川,富士見台交番,132152,東京都,国立市,富士見台１丁目,2020-03-15,15,道路上,その他,40歳代,その他,施錠せず
窃盗,自転車盗,立川,富士見台交番,132152,東京都,国立市,富士見台２丁目,2019-12-31,10,駐車（輪）場,駐車（輪）場,50歳代,その他,施錠せず
窃盗,自転車盗,立川,富士見台交番,132152,東京都,国立市,富士見台２丁目,2020-03-24,13,その他,その他,10歳未満,小学生,施錠せず
窃盗,自転車盗,立川,富士見台交番,132152,東京都,国立市,富士見台２丁目,2020-07-21,17,その他,駐車（輪）場,70歳以上,その他,施錠せず
窃盗,自転車盗,立川,富士見台交番,132152,東京都,国立市,富士見台２丁目,2020-10-18,16,駐車（輪）場,駐車（輪）場,40歳代,その他,施錠せず
窃盗,自転車盗,立川,富士見台交番,132152,東京都,国立市,富士見台３丁目,2020-01-26,16,４階建て以上共同住宅,駐車（輪）場,20歳代,その他,施錠せず
窃盗,自転車盗,立川,富士見台交番,132152,東京都,国立市,富士見台３丁目,2020-07-12,12,一戸建住宅,駐車（輪）場,65-69歳,その他,施錠せず
窃盗,自転車盗,立川,富士見台交番,132152,東京都,国立市,富士見台３丁目,2020-09-18,18,その他,駐車（輪）場,20歳代,大学生,施錠せず
窃盗,自転車盗,立川,若葉町駐在所,132021,東京都,立川市,若葉町１丁目,2020-02-02,13,その他,駐車（輪）場,50歳代,その他,施錠せず
窃盗,自転車盗,立川,若葉町駐在所,132021,東京都,立川市,若葉町１丁目,2020-03-01,20,その他の住宅（３階建て以下共同住宅等）,駐車（輪）場,10歳代,中学生,施錠せず
窃盗,自転車盗,立川,若葉町駐在所,132021,東京都,立川市,若葉町１丁目,2020-09-07,18,その他,駐車（輪）場,40歳代,その他,施錠せず
窃盗,自転車盗,立川,若葉町駐在所,132021,東京都,立川市,若葉町２丁目,2020-06-12,21,一戸建住宅,駐車（輪）場,10歳代,高校生,施錠せず
窃盗,自転車盗,立川,若葉町駐在所,132021,東京都,立川市,若葉町３丁目,2020-07-20,14,その他の住宅（３階建て以下共同住宅等）,駐車（輪）場,30歳代,その他,施錠せず
窃盗,自転車盗,立川,若葉町駐在所,132021,東京都,立川市,若葉町４丁目,2020-02-19,16,その他,駐車（輪）場,50歳代,その他,施錠せず
窃盗,自転車盗,立川,一番町六丁目駐在所,132021,東京都,立川市,一番町１丁目,2020-07-12,00,４階建て以上共同住宅,駐車（輪）場,20歳代,その他,施錠せず
窃盗,自転車盗,立川,一番町六丁目駐在所,132021,東京都,立川市,一番町５丁目,2020-10-17,17,４階建て以上共同住宅,駐車（輪）場,40歳代,その他,施錠せず
窃盗,自転車盗,立川,一番町六丁目駐在所,132021,東京都,立川市,一番町６丁目,2020-04-14,21,道路上,その他,10歳代,高校生,施錠せず
窃盗,自転車盗,立川,一番町六丁目駐在所,132021,東京都,立川市,一番町６丁目,2020-09-03,17,その他の住宅（３階建て以下共同住宅等）,駐車（輪）場,20歳代,その他,施錠せず
窃盗,自転車盗,府中,南町交番,132063,東京都,府中市,是政５丁目,2020-02-03,07,駐車（輪）場,駐車（輪）場,10歳代,高校生,施錠せず
窃盗,自転車盗,府中,南町交番,132063,東京都,府中市,是政６丁目,2020-08-03,14,一戸建住宅,駐車（輪）場,70歳以上,その他,施錠せず
窃盗,自転車盗,府中,南町交番,132063,東京都,府中市,緑町２丁目,2020-10-05,07,一戸建住宅,駐車（輪）場,10歳代,高校生,施錠せず
窃盗,自転車盗,府中,南町交番,132063,東京都,府中市,南町２丁目,2020-10-12,08,その他の住宅（３階建て以下共同住宅等）,駐車（輪）場,10歳代,高校生,施錠せず
窃盗,自転車盗,府中,南町交番,132063,東京都,府中市,南町３丁目,2020-01-20,15,道路上,その他,30歳代,その他,施錠せず
窃盗,自転車盗,府中,南町交番,132063,東京都,府中市,南町４丁目,2020-01-18,21,その他の住宅（３階建て以下共同住宅等）,その他,20歳代,その他,施錠せず
窃盗,自転車盗,府中,東府中駅前交番,132063,東京都,府中市,清水が丘１丁目,2019-12-21,14,その他,その他,70歳以上,その他,施錠せず
窃盗,自転車盗,府中,東府中駅前交番,132063,東京都,府中市,清水が丘１丁目,2020-06-17,11,道路上,その他,65-69歳,その他,施錠せず
窃盗,自転車盗,府中,東府中駅前交番,132063,東京都,府中市,清水が丘２丁目,2020-01-14,13,駐車（輪）場,駐車（輪）場,30歳代,その他,施錠せず
窃盗,自転車盗,府中,東府中駅前交番,132063,東京都,府中市,清水が丘２丁目,2020-11-19,08,一戸建住宅,その他,40歳代,その他,施錠せず
窃盗,自転車盗,府中,東府中駅前交番,132063,東京都,府中市,清水が丘３丁目,2020-01-27,17,その他,駐車（輪）場,40歳代,その他,施錠せず
窃盗,自転車盗,府中,東府中駅前交番,132063,東京都,府中市,清水が丘３丁目,2020-04-28,13,道路上,その他,50歳代,その他,施錠せず
窃盗,自転車盗,府中,東府中駅前交番,132063,東京都,府中市,清水が丘３丁目,2020-11-25,16,その他の住宅（３階建て以下共同住宅等）,その他,20歳代,その他,施錠せず
窃盗,自転車盗,府中,東府中駅前交番,132063,東京都,府中市,浅間町１丁目,2019-12-22,11,その他,駐車（輪）場,20歳代,その他,施錠せず
窃盗,自転車盗,府中,東府中駅前交番,132063,東京都,府中市,浅間町１丁目,2020-11-01,16,４階建て以上共同住宅,駐車（輪）場,30歳代,その他,施錠せず
窃盗,自転車盗,府中,東府中駅前交番,132063,東京都,府中市,八幡町２丁目,2020-06-13,22,一戸建住宅,駐車（輪）場,40歳代,その他,施錠せず
窃盗,自転車盗,府中,東府中駅前交番,132063,東京都,府中市,緑町３丁目,2020-03-25,17,道路上,その他,40歳代,その他,施錠せず
窃盗,自転車盗,府中,東府中駅前交番,132063,東京都,府中市,緑町３丁目,2020-12-11,20,一戸建住宅,その他,70歳以上,その他,施錠せず
窃盗,自転車盗,府中,東府中駅前交番,132063,東京都,府中市,若松町１丁目,2020-02-02,16,その他の住宅（３階建て以下共同住宅等）,駐車（輪）場,40歳代,その他,施錠せず
窃盗,自転車盗,府中,東府中駅前交番,132063,東京都,府中市,若松町１丁目,2020-02-13,20,４階建て以上共同住宅,駐車（輪）場,40歳代,その他,施錠せず
窃盗,自転車盗,府中,東府中駅前交番,132063,東京都,府中市,若松町１丁目,2020-03-07,12,４階建て以上共同住宅,駐車（輪）場,30歳代,その他,施錠せず
窃盗,自転車盗,府中,東府中駅前交番,132063,東京都,府中市,若松町１丁目,2020-09-11,17,その他の住宅（３階建て以下共同住宅等）,駐車（輪）場,30歳代,その他,施錠せず
窃盗,自転車盗,府中,東府中駅前交番,132063,東京都,府中市,若松町１丁目,2020-09-28,13,その他の住宅（３階建て以下共同住宅等）,駐車（輪）場,10歳代,高校生,施錠せず
窃盗,自転車盗,府中,東府中駅前交番,132063,東京都,府中市,若松町２丁目,2020-01-06,22,その他,駐車（輪）場,10歳代,その他,施錠せず
窃盗,自転車盗,府中,東府中駅前交番,132063,東京都,府中市,若松町２丁目,2020-02-16,08,その他,駐車（輪）場,20歳代,その他,施錠せず
窃盗,自転車盗,府中,東府中駅前交番,132063,東京都,府中市,若松町２丁目,2020-08-07,19,その他,駐車（輪）場,40歳代,その他,施錠せず
窃盗,自転車盗,府中,東府中駅前交番,132063,東京都,府中市,若松町２丁目,2020-10-13,08,駐車（輪）場,駐車（輪）場,10歳代,その他,施錠せず
窃盗,自転車盗,府中,東府中駅前交番,132063,東京都,府中市,若松町２丁目,2020-11-15,12,４階建て以上共同住宅,駐車（輪）場,30歳代,その他,施錠せず
窃盗,自転車盗,府中,東府中駅前交番,132063,東京都,府中市,若松町３丁目,2020-03-06,13,駐車（輪）場,駐車（輪）場,30歳代,その他,施錠せず
窃盗,自転車盗,府中,東府中駅前交番,132063,東京都,府中市,若松町３丁目,2020-08-31,16,その他の住宅（３階建て以下共同住宅等）,駐車（輪）場,20歳代,大学生,施錠せず
窃盗,自転車盗,府中,栄町交番,132063,東京都,府中市,幸町１丁目,2020-10-30,19,その他の住宅（３階建て以下共同住宅等）,駐車（輪）場,20歳代,その他,施錠せず
窃盗,自転車盗,府中,栄町交番,132063,東京都,府中市,幸町３丁目,2020-12-01,19,その他,駐車（輪）場,10歳代,大学生,施錠せず
窃盗,自転車盗,府中,栄町交番,132063,東京都,府中市,栄町１丁目,2019-12-27,00,道路上,その他,70歳以上,その他,施錠せず
窃盗,自転車盗,府中,栄町交番,132063,東京都,府中市,栄町１丁目,2020-06-10,14,その他の住宅（３階建て以下共同住宅等）,駐車（輪）場,20歳代,その他,施錠せず
窃盗,自転車盗,府中,栄町交番,132063,東京都,府中市,栄町１丁目,2020-11-20,01,その他の住宅（３階建て以下共同住宅等）,駐車（輪）場,30歳代,その他,施錠せず
窃盗,自転車盗,府中,栄町交番,132063,東京都,府中市,栄町２丁目,2020-08-27,13,その他の住宅（３階建て以下共同住宅等）,駐車（輪）場,20歳代,大学生,施錠せず
窃盗,自転車盗,府中,栄町交番,132063,東京都,府中市,栄町３丁目,2020-03-22,17,４階建て以上共同住宅,駐車（輪）場,10歳代,小学生,施錠せず
窃盗,自転車盗,府中,栄町交番,132063,東京都,府中市,栄町３丁目,2020-11-28,22,その他の住宅（３階建て以下共同住宅等）,その他,20歳代,大学生,施錠せず
窃盗,自転車盗,府中,栄町交番,132063,東京都,府中市,晴見町１丁目,2020-01-31,17,４階建て以上共同住宅,駐車（輪）場,10歳代,その他,施錠せず
窃盗,自転車盗,府中,栄町交番,132063,東京都,府中市,晴見町１丁目,2020-04-19,16,その他,駐車（輪）場,30歳代,その他,施錠せず
窃盗,自転車盗,府中,栄町交番,132063,東京都,府中市,晴見町２丁目,2019-12-01,不明,４階建て以上共同住宅,駐車（輪）場,10歳代,中学生,施錠せず
窃盗,自転車盗,府中,栄町交番,132063,東京都,府中市,晴見町２丁目,2020-05-08,11,４階建て以上共同住宅,駐車（輪）場,10歳代,高校生,施錠せず
窃盗,自転車盗,府中,栄町交番,132063,東京都,府中市,晴見町２丁目,2020-09-12,01,４階建て以上共同住宅,駐車（輪）場,20歳代,その他,施錠せず
窃盗,自転車盗,府中,栄町交番,132063,東京都,府中市,晴見町２丁目,2020-11-29,08,駐車（輪）場,駐車（輪）場,10歳代,高校生,施錠せず
窃盗,自転車盗,府中,美好町交番,132063,東京都,府中市,片町１丁目,2020-09-22,15,４階建て以上共同住宅,駐車（輪）場,40歳代,その他,施錠せず
窃盗,自転車盗,府中,美好町交番,132063,東京都,府中市,片町２丁目,2019-12-14,06,駐車（輪）場,駐車（輪）場,20歳代,その他,施錠せず
窃盗,自転車盗,府中,美好町交番,132063,東京都,府中市,片町２丁目,2019-12-22,09,駐車（輪）場,駐車（輪）場,20歳代,大学生,施錠せず
窃盗,自転車盗,府中,美好町交番,132063,東京都,府中市,片町２丁目,2020-03-06,23,駐車（輪）場,駐車（輪）場,20歳代,その他,施錠せず
窃盗,自転車盗,府中,美好町交番,132063,東京都,府中市,片町２丁目,2020-03-31,05,道路上,その他,20歳代,その他,施錠せず
窃盗,自転車盗,府中,美好町交番,132063,東京都,府中市,片町２丁目,2020-10-12,08,駐車（輪）場,駐車（輪）場,70歳以上,その他,施錠せず
窃盗,自転車盗,府中,美好町交番,132063,東京都,府中市,片町２丁目,2020-11-11,不明,駐車（輪）場,駐車（輪）場,50歳代,その他,施錠せず
窃盗,自転車盗,府中,美好町交番,132063,東京都,府中市,片町２丁目,2020-12-11,19,一戸建住宅,その他,50歳代,その他,施錠せず
窃盗,自転車盗,府中,美好町交番,132063,東京都,府中市,片町３丁目,2019-11-06,19,その他,駐車（輪）場,50歳代,その他,施錠せず
窃盗,自転車盗,府中,美好町交番,132063,東京都,府中市,片町３丁目,2019-12-12,07,駐車（輪）場,駐車（輪）場,20歳代,その他,施錠せず
窃盗,自転車盗,府中,美好町交番,132063,東京都,府中市,片町３丁目,2019-12-22,08,駐車（輪）場,駐車（輪）場,20歳代,その他,施錠せず
窃盗,自転車盗,府中,美好町交番,132063,東京都,府中市,片町３丁目,2020-02-08,02,その他,駐車（輪）場,20歳代,大学生,施錠せず
窃盗,自転車盗,府中,美好町交番,132063,東京都,府中市,片町３丁目,2020-03-18,20,その他,駐車（輪）場,10歳代,高校生,施錠せず
窃盗,自転車盗,府中,美好町交番,132063,東京都,府中市,片町３丁目,2020-10-11,10,駐車（輪）場,駐車（輪）場,20歳代,その他,施錠せず
窃盗,自転車盗,府中,美好町交番,132063,東京都,府中市,本町２丁目,2020-02-17,19,その他の住宅（３階建て以下共同住宅等）,駐車（輪）場,10歳代,高校生,施錠せず
窃盗,自転車盗,府中,美好町交番,132063,東京都,府中市,美好町２丁目,2020-03-21,00,道路上,その他,30歳代,その他,施錠せず
窃盗,自転車盗,府中,美好町交番,132063,東京都,府中市,美好町２丁目,2020-06-08,14,４階建て以上共同住宅,駐車（輪）場,40歳代,その他,施錠せず
窃盗,自転車盗,府中,美好町交番,132063,東京都,府中市,美好町３丁目,2020-03-13,18,その他の住宅（３階建て以下共同住宅等）,駐車（輪）場,70歳以上,その他,施錠せず
窃盗,自転車盗,府中,美好町交番,132063,東京都,府中市,美好町３丁目,2020-06-15,17,４階建て以上共同住宅,駐車（輪）場,10歳代,中学生,施錠せず
窃盗,自転車盗,府中,美好町交番,132063,東京都,府中市,美好町３丁目,2020-08-24,22,その他の住宅（３階建て以下共同住宅等）,駐車（輪）場,20歳代,その他,施錠せず
窃盗,自転車盗,府中,美好町交番,132063,東京都,府中市,美好町３丁目,2020-08-27,07,道路上,その他,10歳代,その他,施錠せず
窃盗,自転車盗,府中,美好町交番,132063,東京都,府中市,美好町３丁目,2020-09-08,14,その他,駐車（輪）場,法人・団体、被害者なし,法人・団体、被害者なし,施錠せず
窃盗,自転車盗,府中,西原町交番,132063,東京都,府中市,北山町１丁目,2020-11-21,07,その他,駐車（輪）場,65-69歳,その他,施錠せず
窃盗,自転車盗,府中,西原町交番,132063,東京都,府中市,北山町２丁目,2020-06-15,11,その他の住宅（３階建て以下共同住宅等）,駐車（輪）場,30歳代,その他,施錠せず
窃盗,自転車盗,府中,西原町交番,132063,東京都,府中市,北山町３丁目,2020-10-27,14,その他,駐車（輪）場,10歳未満,小学生,施錠せず
窃盗,自転車盗,府中,西原町交番,132063,東京都,府中市,東芝町,2020-03-21,22,４階建て以上共同住宅,駐車（輪）場,20歳代,その他,施錠せず
窃盗,自転車盗,府中,西原町交番,132063,東京都,府中市,西原町１丁目,2020-07-08,14,その他,駐車（輪）場,30歳代,その他,施錠せず
窃盗,自転車盗,府中,西原町交番,132063,東京都,府中市,西原町２丁目,2020-07-26,16,その他の住宅（３階建て以下共同住宅等）,駐車（輪）場,40歳代,その他,施錠せず
窃盗,自転車盗,府中,本宿交番,132063,東京都,府中市,片町３丁目,2020-06-11,21,その他,駐車（輪）場,20歳代,その他,施錠せず
窃盗,自転車盗,府中,本宿交番,132063,東京都,府中市,西府町２丁目,2020-07-26,18,道路上,その他,10歳代,中学生,施錠せず
窃盗,自転車盗,府中,本宿交番,132063,東京都,府中市,日新町３丁目,2020-01-11,00,その他の住宅（３階建て以下共同住宅等）,駐車（輪）場,10歳代,大学生,施錠せず
窃盗,自転車盗,府中,本宿交番,132063,東京都,府中市,日新町３丁目,2020-12-09,09,その他の住宅（３階建て以下共同住宅等）,駐車（輪）場,20歳代,その他,施錠せず
窃盗,自転車盗,府中,本宿交番,132063,東京都,府中市,日新町４丁目,2020-11-19,12,一戸建住宅,その他,40歳代,その他,施錠せず
窃盗,自転車盗,府中,本宿交番,132063,東京都,府中市,本宿町１丁目,2019-12-11,02,道路上,その他,30歳代,その他,施錠せず
窃盗,自転車盗,府中,本宿交番,132063,東京都,府中市,本宿町１丁目,2020-01-23,20,その他の住宅（３階建て以下共同住宅等）,駐車（輪）場,40歳代,その他,施錠せず
窃盗,自転車盗,府中,本宿交番,132063,東京都,府中市,本宿町１丁目,2020-03-07,14,一戸建住宅,駐車（輪）場,50歳代,その他,施錠せず
窃盗,自転車盗,府中,本宿交番,132063,東京都,府中市,本宿町１丁目,2020-07-18,14,その他,駐車（輪）場,70歳以上,その他,施錠せず
窃盗,自転車盗,府中,本宿交番,132063,東京都,府中市,本宿町１丁目,2020-11-26,08,その他,その他,30歳代,その他,施錠せず
窃盗,自転車盗,府中,本宿交番,132063,東京都,府中市,本宿町２丁目,2020-06-08,19,４階建て以上共同住宅,その他,10歳代,中学生,施錠せず
窃盗,自転車盗,府中,本宿交番,132063,東京都,府中市,美好町３丁目,2020-08-28,17,４階建て以上共同住宅,駐車（輪）場,30歳代,その他,施錠せず
窃盗,自転車盗,府中,中河原交番,132063,東京都,府中市,住吉町１丁目,2020-11-13,18,その他の住宅（３階建て以下共同住宅等）,駐車（輪）場,20歳代,その他,施錠せず
窃盗,自転車盗,府中,中河原交番,132063,東京都,府中市,住吉町２丁目,2020-08-11,17,その他,駐車（輪）場,40歳代,その他,施錠せず
窃盗,自転車盗,府中,中河原交番,132063,東京都,府中市,住吉町２丁目,2020-09-10,23,４階建て以上共同住宅,駐車（輪）場,10歳代,大学生,施錠せず
窃盗,自転車盗,府中,中河原交番,132063,東京都,府中市,住吉町３丁目,2020-03-16,21,一戸建住宅,駐車（輪）場,20歳代,その他,施錠せず
窃盗,自転車盗,府中,中河原交番,132063,東京都,府中市,南町４丁目,2020-11-22,13,４階建て以上共同住宅,駐車（輪）場,10歳代,高校生,施錠せず
窃盗,自転車盗,府中,中河原交番,132063,東京都,府中市,四谷２丁目,2020-03-19,22,一戸建住宅,その他,50歳代,その他,施錠せず
窃盗,自転車盗,府中,中河原交番,132063,東京都,府中市,四谷２丁目,2020-08-09,20,その他の住宅（３階建て以下共同住宅等）,駐車（輪）場,20歳代,その他,施錠せず
窃盗,自転車盗,府中,多磨駐在所,132063,東京都,府中市,朝日町３丁目,2019-12-14,07,その他,駐車（輪）場,20歳代,大学生,施錠せず
窃盗,自転車盗,府中,多磨駐在所,132063,東京都,府中市,朝日町３丁目,2019-12-15,08,その他,その他,10歳代,中学生,施錠せず
窃盗,自転車盗,府中,多磨駐在所,132063,東京都,府中市,朝日町３丁目,2019-12-25,16,その他,駐車（輪）場,20歳代,大学生,施錠せず
窃盗,自転車盗,府中,多磨駐在所,132063,東京都,府中市,朝日町３丁目,2020-05-13,14,その他,駐車（輪）場,10歳代,大学生,施錠せず
窃盗,自転車盗,府中,多磨駐在所,132063,東京都,府中市,朝日町３丁目,2020-12-13,19,その他の住宅（３階建て以下共同住宅等）,駐車（輪）場,50歳代,その他,施錠せず
窃盗,自転車盗,府中,多磨駐在所,132063,東京都,府中市,多磨町１丁目,2020-04-16,18,その他の住宅（３階建て以下共同住宅等）,駐車（輪）場,30歳代,大学生,施錠せず
窃盗,自転車盗,府中,多磨駐在所,132063,東京都,府中市,多磨町１丁目,2020-08-11,23,駐車（輪）場,駐車（輪）場,20歳代,大学生,施錠せず
窃盗,自転車盗,府中,是政交番,132063,東京都,府中市,小柳町２丁目,2020-01-27,15,その他,駐車（輪）場,20歳代,大学生,施錠せず
窃盗,自転車盗,府中,是政交番,132063,東京都,府中市,小柳町２丁目,2020-03-10,20,一戸建住宅,その他,40歳代,その他,施錠せず
窃盗,自転車盗,府中,是政交番,132063,東京都,府中市,小柳町２丁目,2020-07-27,04,一戸建住宅,駐車（輪）場,20歳代,その他,施錠せず
窃盗,自転車盗,府中,是政交番,132063,東京都,府中市,小柳町２丁目,2020-10-11,06,その他,駐車（輪）場,20歳代,その他,施錠せず
窃盗,自転車盗,府中,是政交番,132063,東京都,府中市,小柳町２丁目,2020-11-19,20,４階建て以上共同住宅,駐車（輪）場,20歳代,その他,施錠せず
窃盗,自転車盗,府中,是政交番,132063,東京都,府中市,小柳町４丁目,2020-06-21,16,道路上,その他,40歳代,その他,施錠せず
窃盗,自転車盗,府中,是政交番,132063,東京都,府中市,是政１丁目,2020-03-10,08,一戸建住宅,駐車（輪）場,10歳代,小学生,施錠せず
窃盗,自転車盗,府中,是政交番,132063,東京都,府中市,是政１丁目,2020-10-11,17,一戸建住宅,駐車（輪）場,60-64歳,その他,施錠せず
窃盗,自転車盗,府中,是政交番,132063,東京都,府中市,是政３丁目,2019-12-25,18,一戸建住宅,駐車（輪）場,10歳代,小学生,施錠せず
窃盗,自転車盗,府中,是政交番,132063,東京都,府中市,是政５丁目,2019-12-15,02,道路上,その他,30歳代,その他,施錠せず
窃盗,自転車盗,府中,是政交番,132063,東京都,府中市,是政５丁目,2020-01-24,22,一戸建住宅,駐車（輪）場,10歳代,高校生,施錠せず
窃盗,自転車盗,府中,是政交番,132063,東京都,府中市,是政５丁目,2020-01-26,18,４階建て以上共同住宅,駐車（輪）場,30歳代,その他,施錠せず
窃盗,自転車盗,府中,是政交番,132063,東京都,府中市,是政５丁目,2020-05-07,17,一戸建住宅,駐車（輪）場,40歳代,その他,施錠せず
窃盗,自転車盗,府中,是政交番,132063,東京都,府中市,是政５丁目,2020-06-20,11,一戸建住宅,駐車（輪）場,70歳以上,その他,施錠せず
窃盗,自転車盗,府中,第五中学校前交番,132063,東京都,府中市,新町２丁目,2020-01-29,00,４階建て以上共同住宅,駐車（輪）場,30歳代,その他,施錠せず
窃盗,自転車盗,府中,第五中学校前交番,132063,東京都,府中市,新町２丁目,2020-11-28,19,４階建て以上共同住宅,駐車（輪）場,10歳代,高校生,施錠せず
窃盗,自転車盗,府中,第五中学校前交番,132063,東京都,府中市,浅間町２丁目,2019-09-01,不明,一戸建住宅,駐車（輪）場,10歳代,小学生,施錠せず
窃盗,自転車盗,府中,第五中学校前交番,132063,東京都,府中市,浅間町４丁目,2020-02-11,16,一戸建住宅,駐車（輪）場,50歳代,その他,施錠せず
窃盗,自転車盗,府中,第五中学校前交番,132063,東京都,府中市,天神町２丁目,2020-01-22,17,その他の住宅（３階建て以下共同住宅等）,駐車（輪）場,40歳代,その他,施錠せず
窃盗,自転車盗,府中,第五中学校前交番,132063,東京都,府中市,天神町２丁目,2020-03-22,11,その他の住宅（３階建て以下共同住宅等）,その他,10歳代,大学生,施錠せず
窃盗,自転車盗,府中,第五中学校前交番,132063,東京都,府中市,天神町３丁目,2020-08-07,20,その他の住宅（３階建て以下共同住宅等）,駐車（輪）場,40歳代,その他,施錠せず
窃盗,自転車盗,府中,第五中学校前交番,132063,東京都,府中市,天神町４丁目,2020-11-27,16,一戸建住宅,その他,20歳代,その他,施錠せず
窃盗,自転車盗,府中,分梅駐在所,132063,東京都,府中市,片町３丁目,2019-12-09,13,その他,駐車（輪）場,70歳以上,その他,施錠せず
窃盗,自転車盗,府中,分梅駐在所,132063,東京都,府中市,分梅町１丁目,2020-11-12,18,その他,その他,10歳代,中学生,施錠せず
窃盗,自転車盗,府中,分梅駐在所,132063,東京都,府中市,本町４丁目,2020-10-03,18,４階建て以上共同住宅,駐車（輪）場,10歳代,中学生,施錠せず
窃盗,自転車盗,府中,日鋼町交番,132063,東京都,府中市,美好町１丁目,2020-02-15,18,４階建て以上共同住宅,駐車（輪）場,10歳代,高校生,施錠せず
窃盗,自転車盗,府中,白糸台交番,132063,東京都,府中市,朝日町１丁目,2020-05-17,20,道路上,その他,20歳代,その他,施錠せず
窃盗,自転車盗,府中,白糸台交番,132063,東京都,府中市,朝日町２丁目,2020-09-06,17,４階建て以上共同住宅,駐車（輪）場,50歳代,その他,施錠せず
窃盗,自転車盗,府中,白糸台交番,132063,東京都,府中市,朝日町２丁目,2020-10-30,18,その他の住宅（３階建て以下共同住宅等）,駐車（輪）場,20歳代,大学生,施錠せず
窃盗,自転車盗,府中,白糸台交番,132063,東京都,府中市,白糸台１丁目,2020-04-29,11,駐車（輪）場,駐車（輪）場,20歳代,大学生,施錠せず
窃盗,自転車盗,府中,白糸台交番,132063,東京都,府中市,白糸台１丁目,2020-06-30,12,その他の住宅（３階建て以下共同住宅等）,駐車（輪）場,20歳代,その他,施錠せず
窃盗,自転車盗,府中,白糸台交番,132063,東京都,府中市,白糸台１丁目,2020-08-17,05,駐車（輪）場,駐車（輪）場,10歳代,高校生,施錠せず
窃盗,自転車盗,府中,白糸台交番,132063,東京都,府中市,白糸台１丁目,2020-09-07,18,４階建て以上共同住宅,駐車（輪）場,10歳代,高校生,施錠せず
窃盗,自転車盗,府中,白糸台交番,132063,東京都,府中市,白糸台２丁目,2020-06-27,22,一戸建住宅,駐車（輪）場,60-64歳,その他,施錠せず
窃盗,自転車盗,府中,白糸台交番,132063,東京都,府中市,白糸台２丁目,2020-09-18,12,その他の住宅（３階建て以下共同住宅等）,駐車（輪）場,20歳代,大学生,施錠せず
窃盗,自転車盗,府中,白糸台交番,132063,東京都,府中市,白糸台３丁目,2020-02-02,18,一戸建住宅,駐車（輪）場,40歳代,その他,施錠せず
窃盗,自転車盗,府中,白糸台交番,132063,東京都,府中市,白糸台３丁目,2020-02-27,17,４階建て以上共同住宅,駐車（輪）場,20歳代,その他,施錠せず
窃盗,自転車盗,府中,白糸台交番,132063,東京都,府中市,白糸台３丁目,2020-03-01,02,その他の住宅（３階建て以下共同住宅等）,駐車（輪）場,40歳代,その他,施錠せず
窃盗,自転車盗,府中,白糸台交番,132063,東京都,府中市,白糸台３丁目,2020-03-12,16,その他,駐車（輪）場,10歳代,大学生,施錠せず
窃盗,自転車盗,府中,白糸台交番,132063,東京都,府中市,白糸台３丁目,2020-04-02,07,道路上,その他,40歳代,その他,施錠せず
窃盗,自転車盗,府中,白糸台交番,132063,東京都,府中市,白糸台３丁目,2020-05-06,11,駐車（輪）場,駐車（輪）場,20歳代,その他,施錠せず
窃盗,自転車盗,府中,白糸台交番,132063,東京都,府中市,白糸台４丁目,2020-02-03,12,駐車（輪）場,駐車（輪）場,30歳代,その他,施錠せず
窃盗,自転車盗,府中,白糸台交番,132063,東京都,府中市,白糸台４丁目,2020-03-12,21,その他,駐車（輪）場,30歳代,その他,施錠せず
窃盗,自転車盗,府中,白糸台交番,132063,東京都,府中市,白糸台４丁目,2020-04-01,00,駐車（輪）場,駐車（輪）場,50歳代,その他,施錠せず
窃盗,自転車盗,府中,白糸台交番,132063,東京都,府中市,白糸台４丁目,2020-06-27,18,その他,駐車（輪）場,20歳代,大学生,施錠せず
窃盗,自転車盗,府中,白糸台交番,132063,東京都,府中市,白糸台４丁目,2020-12-13,19,駐車（輪）場,駐車（輪）場,40歳代,その他,施錠せず
窃盗,自転車盗,府中,白糸台交番,132063,東京都,府中市,白糸台５丁目,2019-12-30,06,駐車（輪）場,駐車（輪）場,10歳代,その他,施錠せず
窃盗,自転車盗,府中,白糸台交番,132063,東京都,府中市,白糸台５丁目,2020-05-23,17,４階建て以上共同住宅,駐車（輪）場,10歳代,中学生,施錠せず
窃盗,自転車盗,府中,白糸台交番,132063,東京都,府中市,白糸台５丁目,2020-08-19,21,４階建て以上共同住宅,駐車（輪）場,20歳代,その他,施錠せず
窃盗,自転車盗,府中,白糸台交番,132063,東京都,府中市,白糸台６丁目,2020-03-08,12,その他の住宅（３階建て以下共同住宅等）,駐車（輪）場,70歳以上,その他,施錠せず
窃盗,自転車盗,府中,白糸台交番,132063,東京都,府中市,白糸台６丁目,2020-04-14,21,一戸建住宅,その他,20歳代,大学生,施錠せず
窃盗,自転車盗,府中,白糸台交番,132063,東京都,府中市,白糸台６丁目,2020-06-15,15,一戸建住宅,駐車（輪）場,20歳代,大学生,施錠せず
窃盗,自転車盗,府中,白糸台交番,132063,東京都,府中市,府中町２丁目,2020-01-30,07,その他,駐車（輪）場,20歳代,大学生,施錠せず
窃盗,自転車盗,府中,白糸台交番,132063,東京都,府中市,紅葉丘１丁目,2020-03-28,17,その他の住宅（３階建て以下共同住宅等）,駐車（輪）場,40歳代,その他,施錠せず
窃盗,自転車盗,府中,白糸台交番,132063,東京都,府中市,紅葉丘１丁目,2020-04-15,18,その他の住宅（３階建て以下共同住宅等）,駐車（輪）場,10歳代,中学生,施錠せず
窃盗,自転車盗,府中,白糸台交番,132063,東京都,府中市,紅葉丘１丁目,2020-06-07,16,その他の住宅（３階建て以下共同住宅等）,駐車（輪）場,30歳代,大学生,施錠せず
窃盗,自転車盗,府中,白糸台交番,132063,東京都,府中市,紅葉丘１丁目,2020-06-09,19,その他の住宅（３階建て以下共同住宅等）,駐車（輪）場,30歳代,その他,施錠せず
窃盗,自転車盗,府中,白糸台交番,132063,東京都,府中市,紅葉丘１丁目,2020-06-15,06,その他の住宅（３階建て以下共同住宅等）,駐車（輪）場,50歳代,その他,施錠せず
窃盗,自転車盗,府中,白糸台交番,132063,東京都,府中市,紅葉丘１丁目,2020-07-03,07,その他の住宅（３階建て以下共同住宅等）,駐車（輪）場,10歳代,高校生,施錠せず
窃盗,自転車盗,府中,白糸台交番,132063,東京都,府中市,紅葉丘１丁目,2020-07-07,18,４階建て以上共同住宅,駐車（輪）場,30歳代,大学生,施錠せず
窃盗,自転車盗,府中,白糸台交番,132063,東京都,府中市,紅葉丘３丁目,2020-01-13,19,一戸建住宅,駐車（輪）場,40歳代,その他,施錠せず
窃盗,自転車盗,府中,白糸台交番,132063,東京都,府中市,紅葉丘３丁目,2020-05-19,18,その他の住宅（３階建て以下共同住宅等）,駐車（輪）場,40歳代,その他,施錠せず
窃盗,自転車盗,府中,白糸台交番,132063,東京都,府中市,紅葉丘３丁目,2020-06-20,18,一戸建住宅,駐車（輪）場,10歳代,高校生,施錠せず
窃盗,自転車盗,府中,白糸台交番,132063,東京都,府中市,紅葉丘３丁目,2020-11-06,16,その他の住宅（３階建て以下共同住宅等）,駐車（輪）場,20歳代,大学生,施錠せず
窃盗,自転車盗,府中,大国魂交番,132063,東京都,府中市,片町２丁目,2020-07-28,08,その他の住宅（３階建て以下共同住宅等）,駐車（輪）場,30歳代,その他,施錠せず
窃盗,自転車盗,府中,大国魂交番,132063,東京都,府中市,寿町１丁目,2020-02-12,17,駐車（輪）場,駐車（輪）場,70歳以上,その他,施錠せず
窃盗,自転車盗,府中,大国魂交番,132063,東京都,府中市,清水が丘２丁目,2020-06-19,07,駐車（輪）場,駐車（輪）場,20歳代,その他,施錠せず
窃盗,自転車盗,府中,大国魂交番,132063,東京都,府中市,八幡町１丁目,2020-11-02,08,その他,駐車（輪）場,30歳代,その他,施錠せず
窃盗,自転車盗,府中,大国魂交番,132063,東京都,府中市,八幡町２丁目,2019-12-02,10,４階建て以上共同住宅,駐車（輪）場,70歳以上,その他,施錠せず
窃盗,自転車盗,府中,大国魂交番,132063,東京都,府中市,八幡町２丁目,2020-10-12,01,道路上,その他,40歳代,その他,施錠せず
窃盗,自転車盗,府中,大国魂交番,132063,東京都,府中市,八幡町２丁目,2020-11-09,20,４階建て以上共同住宅,駐車（輪）場,20歳代,その他,施錠せず
窃盗,自転車盗,府中,大国魂交番,132063,東京都,府中市,府中町１丁目,2020-02-18,20,道路上,その他,10歳代,高校生,施錠せず
窃盗,自転車盗,府中,大国魂交番,132063,東京都,府中市,府中町１丁目,2020-02-19,15,その他,駐車（輪）場,10歳代,高校生,施錠せず
窃盗,自転車盗,府中,大国魂交番,132063,東京都,府中市,府中町１丁目,2020-06-04,23,駐車（輪）場,駐車（輪）場,10歳代,大学生,施錠せず
窃盗,自転車盗,府中,大国魂交番,132063,東京都,府中市,府中町１丁目,2020-06-16,14,道路上,その他,40歳代,その他,施錠せず
窃盗,自転車盗,府中,大国魂交番,132063,東京都,府中市,府中町１丁目,2020-09-16,15,その他の住宅（３階建て以下共同住宅等）,駐車（輪）場,20歳代,その他,施錠せず
窃盗,自転車盗,府中,大国魂交番,132063,東京都,府中市,府中町１丁目,2020-10-14,03,４階建て以上共同住宅,駐車（輪）場,20歳代,その他,施錠せず
窃盗,自転車盗,府中,大国魂交番,132063,東京都,府中市,府中町１丁目,2020-10-23,16,駐車（輪）場,駐車（輪）場,20歳代,大学生,施錠せず
窃盗,自転車盗,府中,大国魂交番,132063,東京都,府中市,府中町１丁目,2020-12-23,13,その他の住宅（３階建て以下共同住宅等）,その他,10歳代,高校生,施錠せず
窃盗,自転車盗,府中,大国魂交番,132063,東京都,府中市,府中町２丁目,2019-12-13,17,その他,駐車（輪）場,10歳代,高校生,施錠せず
窃盗,自転車盗,府中,大国魂交番,132063,東京都,府中市,府中町２丁目,2020-01-02,11,一戸建住宅,駐車（輪）場,10歳代,中学生,施錠せず
窃盗,自転車盗,府中,大国魂交番,132063,東京都,府中市,府中町２丁目,2020-04-11,08,４階建て以上共同住宅,その他,40歳代,その他,施錠せず
窃盗,自転車盗,府中,大国魂交番,132063,東京都,府中市,府中町２丁目,2020-07-20,05,その他の住宅（３階建て以下共同住宅等）,駐車（輪）場,30歳代,その他,施錠せず
窃盗,自転車盗,府中,大国魂交番,132063,東京都,府中市,府中町３丁目,2020-08-30,19,その他の住宅（３階建て以下共同住宅等）,駐車（輪）場,30歳代,その他,施錠せず
窃盗,自転車盗,府中,大国魂交番,132063,東京都,府中市,本町１丁目,2020-08-25,05,駐車（輪）場,駐車（輪）場,10歳代,高校生,施錠せず
窃盗,自転車盗,府中,大国魂交番,132063,東京都,府中市,本町１丁目,2020-09-29,09,駐車（輪）場,駐車（輪）場,10歳代,高校生,施錠せず
窃盗,自転車盗,府中,大国魂交番,132063,東京都,府中市,緑町１丁目,2019-12-24,22,一戸建住宅,駐車（輪）場,10歳代,中学生,施錠せず
窃盗,自転車盗,府中,大国魂交番,132063,東京都,府中市,緑町１丁目,2020-03-19,16,一戸建住宅,その他,10歳代,高校生,施錠せず
窃盗,自転車盗,府中,大国魂交番,132063,東京都,府中市,緑町１丁目,2020-08-27,13,一戸建住宅,駐車（輪）場,65-69歳,その他,施錠せず
窃盗,自転車盗,府中,大国魂交番,132063,東京都,府中市,緑町１丁目,2020-08-29,09,その他,駐車（輪）場,40歳代,その他,施錠せず
窃盗,自転車盗,府中,大国魂交番,132063,東京都,府中市,緑町２丁目,2020-01-12,20,その他,駐車（輪）場,30歳代,その他,施錠せず
窃盗,自転車盗,府中,大国魂交番,132063,東京都,府中市,緑町２丁目,2020-02-29,11,その他,駐車（輪）場,50歳代,その他,施錠せず
窃盗,自転車盗,府中,大国魂交番,132063,東京都,府中市,緑町２丁目,2020-08-13,22,４階建て以上共同住宅,駐車（輪）場,20歳代,その他,施錠せず
窃盗,自転車盗,府中,大国魂交番,132063,東京都,府中市,緑町２丁目,2020-12-05,17,一戸建住宅,その他,10歳代,小学生,施錠せず
窃盗,自転車盗,府中,大国魂交番,132063,東京都,府中市,宮西町１丁目,2020-02-17,21,道路上,その他,20歳代,その他,施錠せず
窃盗,自転車盗,府中,大国魂交番,132063,東京都,府中市,宮西町２丁目,2020-01-04,01,道路上,その他,10歳代,大学生,施錠せず
窃盗,自転車盗,府中,大国魂交番,132063,東京都,府中市,宮西町２丁目,2020-01-29,23,道路上,その他,30歳代,その他,施錠せず
窃盗,自転車盗,府中,大国魂交番,132063,東京都,府中市,宮西町２丁目,2020-06-09,14,その他,駐車（輪）場,30歳代,その他,施錠せず
窃盗,自転車盗,府中,大国魂交番,132063,東京都,府中市,宮西町５丁目,2019-12-24,15,その他の住宅（３階建て以下共同住宅等）,駐車（輪）場,20歳代,その他,施錠せず
窃盗,自転車盗,府中,大国魂交番,132063,東京都,府中市,宮西町５丁目,2020-02-17,00,４階建て以上共同住宅,駐車（輪）場,50歳代,その他,施錠せず
窃盗,自転車盗,府中,大国魂交番,132063,東京都,府中市,宮西町５丁目,2020-09-10,08,４階建て以上共同住宅,駐車（輪）場,20歳代,その他,施錠せず
窃盗,自転車盗,府中,大国魂交番,132063,東京都,府中市,宮町１丁目,2020-01-12,21,道路上,その他,50歳代,その他,施錠せず
窃盗,自転車盗,府中,大国魂交番,132063,東京都,府中市,宮町１丁目,2020-02-05,16,その他,駐車（輪）場,10歳代,高校生,施錠せず
窃盗,自転車盗,府中,大国魂交番,132063,東京都,府中市,宮町１丁目,2020-02-22,10,道路上,その他,40歳代,その他,施錠せず
窃盗,自転車盗,府中,大国魂交番,132063,東京都,府中市,宮町１丁目,2020-07-05,17,道路上,その他,20歳代,その他,施錠せず
窃盗,自転車盗,府中,大国魂交番,132063,東京都,府中市,宮町１丁目,2020-08-19,18,４階建て以上共同住宅,駐車（輪）場,20歳代,その他,施錠せず
窃盗,自転車盗,府中,大国魂交番,132063,東京都,府中市,美好町１丁目,2020-10-02,15,一戸建住宅,駐車（輪）場,40歳代,その他,施錠せず
窃盗,自転車盗,府中,大国魂交番,132063,東京都,府中市,矢崎町４丁目,2020-01-17,18,４階建て以上共同住宅,駐車（輪）場,30歳代,その他,施錠せず
窃盗,自転車盗,府中,車返団地駐在所,132063,東京都,府中市,押立町２丁目,2020-11-20,23,一戸建住宅,その他,20歳代,大学生,施錠せず
窃盗,自転車盗,府中,車返団地駐在所,132063,東京都,府中市,押立町４丁目,2020-07-20,22,その他,駐車（輪）場,20歳代,その他,施錠せず
窃盗,自転車盗,府中,車返団地駐在所,132063,東京都,府中市,押立町５丁目,2020-05-13,00,一戸建住宅,駐車（輪）場,10歳代,中学生,施錠せず
窃盗,自転車盗,府中,四谷駐在所,132063,東京都,府中市,四谷５丁目,2020-10-17,08,その他,駐車（輪）場,20歳代,その他,施錠せず
窃盗,自転車盗,府中,武蔵台交番,132063,東京都,府中市,武蔵台１丁目,2020-04-29,23,一戸建住宅,駐車（輪）場,50歳代,その他,施錠せず
窃盗,自転車盗,府中,武蔵台交番,132063,東京都,府中市,武蔵台２丁目,2020-03-17,10,道路上,その他,70歳以上,その他,施錠せず
窃盗,自転車盗,府中,武蔵台交番,132063,東京都,府中市,武蔵台２丁目,2020-04-17,19,その他,駐車（輪）場,30歳代,その他,施錠せず
窃盗,自転車盗,府中,武蔵台交番,132063,東京都,府中市,武蔵台２丁目,2020-04-28,10,その他,駐車（輪）場,30歳代,その他,施錠せず
窃盗,自転車盗,府中,武蔵台交番,132063,東京都,府中市,武蔵台２丁目,2020-05-07,08,その他,駐車（輪）場,20歳代,その他,施錠せず
窃盗,自転車盗,府中,武蔵台交番,132063,東京都,府中市,武蔵台２丁目,2020-05-09,12,その他の住宅（３階建て以下共同住宅等）,駐車（輪）場,20歳代,その他,施錠せず
窃盗,自転車盗,府中,武蔵台交番,132063,東京都,府中市,武蔵台２丁目,2020-06-09,09,その他,駐車（輪）場,70歳以上,その他,施錠せず
窃盗,自転車盗,府中,武蔵台交番,132063,東京都,府中市,武蔵台２丁目,2020-07-03,09,その他,駐車（輪）場,40歳代,その他,施錠せず
窃盗,自転車盗,府中,武蔵台交番,132063,東京都,府中市,武蔵台２丁目,2020-08-13,15,その他,駐車（輪）場,30歳代,その他,施錠せず
窃盗,自転車盗,府中,武蔵台交番,132063,東京都,府中市,武蔵台２丁目,2020-11-28,00,その他の住宅（３階建て以下共同住宅等）,その他,20歳代,その他,施錠せず
窃盗,自転車盗,府中,武蔵台交番,132063,東京都,府中市,武蔵台３丁目,2020-01-31,21,一戸建住宅,その他,50歳代,その他,施錠せず
窃盗,自転車盗,府中,武蔵台交番,132063,東京都,府中市,武蔵台３丁目,2020-08-05,20,一戸建住宅,駐車（輪）場,30歳代,その他,施錠せず
窃盗,自転車盗,小金井,前原交番,132101,東京都,小金井市,中町２丁目,2020-06-05,19,一戸建住宅,駐車（輪）場,50歳代,その他,施錠せず
窃盗,自転車盗,小金井,前原交番,132101,東京都,小金井市,中町２丁目,2020-08-12,21,その他の住宅（３階建て以下共同住宅等）,駐車（輪）場,20歳代,大学生,施錠せず
窃盗,自転車盗,小金井,前原交番,132101,東京都,小金井市,中町３丁目,2019-12-26,16,その他の住宅（３階建て以下共同住宅等）,駐車（輪）場,20歳代,大学生,施錠せず
窃盗,自転車盗,小金井,前原交番,132101,東京都,小金井市,中町４丁目,2020-03-26,18,その他の住宅（３階建て以下共同住宅等）,駐車（輪）場,20歳代,大学生,施錠せず
窃盗,自転車盗,小金井,前原交番,132101,東京都,小金井市,中町４丁目,2020-06-15,21,その他の住宅（３階建て以下共同住宅等）,駐車（輪）場,法人・団体、被害者なし,法人・団体、被害者なし,施錠せず
窃盗,自転車盗,小金井,前原交番,132101,東京都,小金井市,東町１丁目,2020-09-27,15,道路上,その他,70歳以上,その他,施錠せず
窃盗,自転車盗,小金井,前原交番,132101,東京都,小金井市,前原町２丁目,2020-07-26,12,一戸建住宅,駐車（輪）場,70歳以上,その他,施錠せず
窃盗,自転車盗,小金井,前原交番,132101,東京都,小金井市,前原町３丁目,2019-11-16,17,その他,駐車（輪）場,20歳代,その他,施錠せず
窃盗,自転車盗,小金井,前原交番,132101,東京都,小金井市,前原町３丁目,2020-01-01,00,その他の住宅（３階建て以下共同住宅等）,駐車（輪）場,30歳代,その他,施錠せず
窃盗,自転車盗,小金井,前原交番,132101,東京都,小金井市,前原町３丁目,2020-07-13,14,その他,駐車（輪）場,40歳代,その他,施錠せず
窃盗,自転車盗,小金井,前原交番,132101,東京都,小金井市,前原町５丁目,2019-08-07,01,道路上,その他,30歳代,その他,施錠せず
窃盗,自転車盗,小金井,前原交番,132101,東京都,小金井市,前原町５丁目,2020-01-31,19,その他,駐車（輪）場,40歳代,その他,施錠せず
窃盗,自転車盗,小金井,前原交番,132101,東京都,小金井市,前原町５丁目,2020-02-04,08,一戸建住宅,駐車（輪）場,10歳代,その他,施錠せず
窃盗,自転車盗,小金井,国分寺駅北口交番,132101,東京都,小金井市,本町４丁目,2020-11-04,08,駐車（輪）場,駐車（輪）場,50歳代,その他,施錠せず
窃盗,自転車盗,小金井,国分寺駅北口交番,132144,東京都,国分寺市,東恋ヶ窪１丁目,2019-09-05,不明,駐車（輪）場,駐車（輪）場,20歳代,その他,施錠せず
窃盗,自転車盗,小金井,国分寺駅北口交番,132144,東京都,国分寺市,東恋ヶ窪２丁目,2020-03-19,06,その他の住宅（３階建て以下共同住宅等）,駐車（輪）場,20歳代,大学生,施錠せず
窃盗,自転車盗,小金井,国分寺駅北口交番,132144,東京都,国分寺市,東恋ヶ窪２丁目,2020-06-20,08,一戸建住宅,駐車（輪）場,20歳代,その他,施錠せず
窃盗,自転車盗,小金井,国分寺駅北口交番,132144,東京都,国分寺市,東恋ヶ窪２丁目,2020-07-17,17,その他,駐車（輪）場,30歳代,その他,施錠せず
窃盗,自転車盗,小金井,国分寺駅北口交番,132144,東京都,国分寺市,東恋ヶ窪２丁目,2020-09-21,19,４階建て以上共同住宅,駐車（輪）場,10歳代,中学生,施錠せず
窃盗,自転車盗,小金井,国分寺駅北口交番,132144,東京都,国分寺市,本多２丁目,2020-04-05,16,その他,駐車（輪）場,10歳代,その他,施錠せず
窃盗,自転車盗,小金井,国分寺駅北口交番,132144,東京都,国分寺市,本町１丁目,2019-12-27,20,４階建て以上共同住宅,駐車（輪）場,20歳代,その他,施錠せず
窃盗,自転車盗,小金井,国分寺駅北口交番,132144,東京都,国分寺市,本町１丁目,2020-09-18,08,道路上,その他,10歳代,高校生,施錠せず
窃盗,自転車盗,小金井,国分寺駅北口交番,132144,東京都,国分寺市,本町２丁目,2019-11-30,12,その他の住宅（３階建て以下共同住宅等）,駐車（輪）場,10歳代,小学生,施錠せず
窃盗,自転車盗,小金井,国分寺駅北口交番,132144,東京都,国分寺市,本町２丁目,2019-12-11,00,道路上,その他,50歳代,その他,施錠せず
窃盗,自転車盗,小金井,国分寺駅北口交番,132144,東京都,国分寺市,本町２丁目,2019-12-30,18,その他,駐車（輪）場,10歳代,その他,施錠せず
窃盗,自転車盗,小金井,国分寺駅北口交番,132144,東京都,国分寺市,本町２丁目,2020-02-13,17,その他,駐車（輪）場,30歳代,その他,施錠せず
窃盗,自転車盗,小金井,国分寺駅北口交番,132144,東京都,国分寺市,本町２丁目,2020-03-27,22,その他,駐車（輪）場,30歳代,その他,施錠せず
窃盗,自転車盗,小金井,国分寺駅北口交番,132144,東京都,国分寺市,本町２丁目,2020-03-31,23,その他,駐車（輪）場,30歳代,その他,施錠せず
窃盗,自転車盗,小金井,国分寺駅北口交番,132144,東京都,国分寺市,本町２丁目,2020-04-16,13,道路上,その他,20歳代,大学生,施錠せず
窃盗,自転車盗,小金井,国分寺駅北口交番,132144,東京都,国分寺市,本町２丁目,2020-05-22,21,その他の住宅（３階建て以下共同住宅等）,駐車（輪）場,20歳代,大学生,施錠せず
窃盗,自転車盗,小金井,国分寺駅北口交番,132144,東京都,国分寺市,本町２丁目,2020-07-03,07,駐車（輪）場,駐車（輪）場,10歳代,高校生,施錠せず
窃盗,自転車盗,小金井,国分寺駅北口交番,132144,東京都,国分寺市,本町２丁目,2020-09-03,17,駐車（輪）場,駐車（輪）場,10歳代,大学生,施錠せず
窃盗,自転車盗,小金井,国分寺駅北口交番,132144,東京都,国分寺市,本町２丁目,2020-11-18,19,道路上,その他,20歳代,大学生,施錠せず
窃盗,自転車盗,小金井,国分寺駅北口交番,132144,東京都,国分寺市,本町３丁目,2020-08-12,16,駐車（輪）場,駐車（輪）場,10歳代,大学生,施錠せず
窃盗,自転車盗,小金井,国分寺駅北口交番,132144,東京都,国分寺市,本町３丁目,2020-09-28,07,駐車（輪）場,駐車（輪）場,10歳代,高校生,施錠せず
窃盗,自転車盗,小金井,国分寺駅北口交番,132144,東京都,国分寺市,本町４丁目,2019-12-14,19,その他の住宅（３階建て以下共同住宅等）,駐車（輪）場,20歳代,その他,施錠せず
窃盗,自転車盗,小金井,国分寺駅北口交番,132144,東京都,国分寺市,本町４丁目,2020-08-19,19,その他の住宅（３階建て以下共同住宅等）,その他,20歳代,大学生,施錠せず
窃盗,自転車盗,小金井,東小金井駅前交番,132101,東京都,小金井市,梶野町３丁目,2019-09-01,不明,その他,駐車（輪）場,20歳代,大学生,施錠せず
窃盗,自転車盗,小金井,東小金井駅前交番,132101,東京都,小金井市,梶野町３丁目,2020-07-22,13,４階建て以上共同住宅,駐車（輪）場,50歳代,その他,施錠せず
窃盗,自転車盗,小金井,東小金井駅前交番,132101,東京都,小金井市,梶野町４丁目,2019-09-11,22,その他の住宅（３階建て以下共同住宅等）,駐車（輪）場,30歳代,その他,施錠せず
窃盗,自転車盗,小金井,東小金井駅前交番,132101,東京都,小金井市,梶野町４丁目,2020-01-08,00,その他の住宅（３階建て以下共同住宅等）,駐車（輪）場,20歳代,大学生,施錠せず
窃盗,自転車盗,小金井,東小金井駅前交番,132101,東京都,小金井市,梶野町４丁目,2020-03-07,17,その他の住宅（３階建て以下共同住宅等）,駐車（輪）場,40歳代,その他,施錠せず
窃盗,自転車盗,小金井,東小金井駅前交番,132101,東京都,小金井市,梶野町４丁目,2020-03-16,00,４階建て以上共同住宅,駐車（輪）場,40歳代,その他,施錠せず
窃盗,自転車盗,小金井,東小金井駅前交番,132101,東京都,小金井市,梶野町５丁目,2019-12-27,07,駐車（輪）場,駐車（輪）場,50歳代,その他,施錠せず
窃盗,自転車盗,小金井,東小金井駅前交番,132101,東京都,小金井市,梶野町５丁目,2020-02-07,16,駐車（輪）場,駐車（輪）場,10歳代,大学生,施錠せず
窃盗,自転車盗,小金井,東小金井駅前交番,132101,東京都,小金井市,梶野町５丁目,2020-04-26,13,道路上,その他,20歳代,その他,施錠せず
窃盗,自転車盗,小金井,東小金井駅前交番,132101,東京都,小金井市,梶野町５丁目,2020-06-24,17,その他の住宅（３階建て以下共同住宅等）,駐車（輪）場,20歳代,その他,施錠せず
窃盗,自転車盗,小金井,東小金井駅前交番,132101,東京都,小金井市,梶野町５丁目,2020-06-28,18,その他の住宅（３階建て以下共同住宅等）,駐車（輪）場,20歳代,その他,施錠せず
窃盗,自転車盗,小金井,東小金井駅前交番,132101,東京都,小金井市,梶野町５丁目,2020-08-01,08,その他,駐車（輪）場,50歳代,その他,施錠せず
窃盗,自転車盗,小金井,東小金井駅前交番,132101,東京都,小金井市,梶野町５丁目,2020-10-06,21,その他の住宅（３階建て以下共同住宅等）,駐車（輪）場,20歳代,大学生,施錠せず
窃盗,自転車盗,小金井,東小金井駅前交番,132101,東京都,小金井市,梶野町５丁目,2020-10-31,08,駐車（輪）場,駐車（輪）場,20歳代,その他,施錠せず
窃盗,自転車盗,小金井,東小金井駅前交番,132101,東京都,小金井市,梶野町５丁目,2020-11-24,14,その他,駐車（輪）場,20歳代,その他,施錠せず
窃盗,自転車盗,小金井,東小金井駅前交番,132101,東京都,小金井市,中町２丁目,2019-12-18,21,その他の住宅（３階建て以下共同住宅等）,駐車（輪）場,20歳代,大学生,施錠せず
窃盗,自転車盗,小金井,東小金井駅前交番,132101,東京都,小金井市,中町２丁目,2020-01-09,08,その他の住宅（３階建て以下共同住宅等）,駐車（輪）場,10歳代,中学生,施錠せず
窃盗,自転車盗,小金井,東小金井駅前交番,132101,東京都,小金井市,中町２丁目,2020-01-22,19,その他,駐車（輪）場,20歳代,その他,施錠せず
窃盗,自転車盗,小金井,東小金井駅前交番,132101,東京都,小金井市,中町２丁目,2020-09-08,17,その他,駐車（輪）場,20歳代,大学生,施錠せず
窃盗,自転車盗,小金井,東小金井駅前交番,132101,東京都,小金井市,中町２丁目,2020-10-06,16,その他,駐車（輪）場,40歳代,その他,施錠せず
窃盗,自転車盗,小金井,東小金井駅前交番,132101,東京都,小金井市,東町３丁目,2019-12-20,19,その他の住宅（３階建て以下共同住宅等）,駐車（輪）場,30歳代,その他,施錠せず
窃盗,自転車盗,小金井,東小金井駅前交番,132101,東京都,小金井市,東町３丁目,2020-04-14,21,その他の住宅（３階建て以下共同住宅等）,駐車（輪）場,20歳代,その他,施錠せず
窃盗,自転車盗,小金井,東小金井駅前交番,132101,東京都,小金井市,東町３丁目,2020-05-04,19,その他の住宅（３階建て以下共同住宅等）,駐車（輪）場,50歳代,その他,施錠せず
窃盗,自転車盗,小金井,東小金井駅前交番,132101,東京都,小金井市,東町３丁目,2020-11-27,19,４階建て以上共同住宅,駐車（輪）場,10歳代,中学生,施錠せず
窃盗,自転車盗,小金井,東小金井駅前交番,132101,東京都,小金井市,東町４丁目,2020-02-24,18,道路上,その他,20歳代,大学生,施錠せず
窃盗,自転車盗,小金井,東小金井駅前交番,132101,東京都,小金井市,東町４丁目,2020-07-24,20,その他の住宅（３階建て以下共同住宅等）,駐車（輪）場,20歳代,大学生,施錠せず
窃盗,自転車盗,小金井,東小金井駅前交番,132101,東京都,小金井市,東町４丁目,2020-08-15,17,その他,駐車（輪）場,20歳代,大学生,施錠せず
窃盗,自転車盗,小金井,東小金井駅前交番,132101,東京都,小金井市,東町４丁目,2020-09-01,23,その他の住宅（３階建て以下共同住宅等）,駐車（輪）場,40歳代,その他,施錠せず
窃盗,自転車盗,小金井,東小金井駅前交番,132101,東京都,小金井市,東町４丁目,2020-09-30,16,４階建て以上共同住宅,駐車（輪）場,20歳代,大学生,施錠せず
窃盗,自転車盗,小金井,東小金井駅前交番,132101,東京都,小金井市,東町４丁目,2020-11-19,04,道路上,その他,40歳代,その他,施錠せず
窃盗,自転車盗,小金井,東小金井駅前交番,132101,東京都,小金井市,緑町１丁目,2020-01-08,16,駐車（輪）場,駐車（輪）場,20歳代,大学生,施錠せず
窃盗,自転車盗,小金井,東小金井駅前交番,132101,東京都,小金井市,緑町１丁目,2020-03-23,19,４階建て以上共同住宅,駐車（輪）場,10歳代,中学生,施錠せず
窃盗,自転車盗,小金井,東小金井駅前交番,132101,東京都,小金井市,緑町１丁目,2020-04-10,07,駐車（輪）場,駐車（輪）場,法人・団体、被害者なし,法人・団体、被害者なし,施錠せず
窃盗,自転車盗,小金井,東小金井駅前交番,132101,東京都,小金井市,緑町３丁目,2020-04-06,02,その他の住宅（３階建て以下共同住宅等）,駐車（輪）場,20歳代,その他,施錠せず
窃盗,自転車盗,小金井,東小金井駅前交番,132101,東京都,小金井市,緑町３丁目,2020-08-30,14,道路上,その他,10歳代,大学生,施錠せず
窃盗,自転車盗,小金井,東小金井駅前交番,132101,東京都,小金井市,緑町５丁目,2020-02-24,10,その他,駐車（輪）場,50歳代,その他,施錠せず
窃盗,自転車盗,小金井,東小金井駅前交番,132101,東京都,小金井市,緑町５丁目,2020-08-04,18,その他の住宅（３階建て以下共同住宅等）,駐車（輪）場,10歳代,大学生,施錠せず
窃盗,自転車盗,小金井,東小金井駅前交番,132101,東京都,小金井市,緑町５丁目,2020-10-08,14,その他の住宅（３階建て以下共同住宅等）,駐車（輪）場,40歳代,その他,施錠せず
窃盗,自転車盗,小金井,貫井北町交番,132101,東京都,小金井市,桜町２丁目,2020-10-18,16,一戸建住宅,その他,50歳代,その他,施錠せず
窃盗,自転車盗,小金井,貫井北町交番,132101,東京都,小金井市,貫井北町２丁目,2019-12-10,22,一戸建住宅,駐車（輪）場,20歳代,大学生,施錠せず
窃盗,自転車盗,小金井,貫井北町交番,132101,東京都,小金井市,貫井北町３丁目,2019-12-28,19,４階建て以上共同住宅,その他,30歳代,その他,施錠せず
窃盗,自転車盗,小金井,貫井北町交番,132101,東京都,小金井市,貫井北町３丁目,2020-10-26,18,道路上,その他,10歳代,小学生,施錠せず
窃盗,自転車盗,小金井,貫井北町交番,132101,東京都,小金井市,貫井北町４丁目,2020-03-08,13,その他,駐車（輪）場,20歳代,大学生,施錠せず
窃盗,自転車盗,小金井,貫井北町交番,132101,東京都,小金井市,本町２丁目,2019-12-26,13,４階建て以上共同住宅,駐車（輪）場,10歳代,高校生,施錠せず
窃盗,自転車盗,小金井,貫井北町交番,132101,東京都,小金井市,本町４丁目,2020-02-06,19,駐車（輪）場,駐車（輪）場,10歳代,小学生,施錠せず
窃盗,自転車盗,小金井,貫井北町交番,132101,東京都,小金井市,本町４丁目,2020-08-03,15,一戸建住宅,駐車（輪）場,50歳代,その他,施錠せず
窃盗,自転車盗,小金井,小金井公園前交番,132101,東京都,小金井市,梶野町４丁目,2020-10-20,17,一戸建住宅,その他,50歳代,その他,施錠せず
窃盗,自転車盗,小金井,小金井公園前交番,132101,東京都,小金井市,関野町１丁目,2020-02-05,08,その他,駐車（輪）場,20歳代,その他,施錠せず
窃盗,自転車盗,小金井,小金井公園前交番,132101,東京都,小金井市,関野町１丁目,2020-07-09,18,その他の住宅（３階建て以下共同住宅等）,駐車（輪）場,20歳代,その他,施錠せず
窃盗,自転車盗,小金井,小金井公園前交番,132101,東京都,小金井市,関野町１丁目,2020-08-11,15,その他,駐車（輪）場,20歳代,大学生,施錠せず
窃盗,自転車盗,小金井,小金井公園前交番,132101,東京都,小金井市,本町１丁目,2020-08-23,16,一戸建住宅,駐車（輪）場,50歳代,その他,施錠せず
窃盗,自転車盗,小金井,小金井公園前交番,132101,東京都,小金井市,緑町２丁目,2020-10-02,14,一戸建住宅,駐車（輪）場,10歳代,大学生,施錠せず
窃盗,自転車盗,小金井,小金井公園前交番,132101,東京都,小金井市,緑町２丁目,2020-10-13,07,その他,駐車（輪）場,50歳代,その他,施錠せず
窃盗,自転車盗,小金井,小金井公園前交番,132101,東京都,小金井市,緑町２丁目,2020-10-25,04,その他,駐車（輪）場,40歳代,その他,施錠せず
窃盗,自転車盗,小金井,小金井公園前交番,132101,東京都,小金井市,緑町２丁目,2020-11-21,23,その他の住宅（３階建て以下共同住宅等）,駐車（輪）場,20歳代,大学生,施錠せず
窃盗,自転車盗,小金井,小金井公園前交番,132101,東京都,小金井市,緑町２丁目,2020-11-26,20,その他の住宅（３階建て以下共同住宅等）,駐車（輪）場,20歳代,その他,施錠せず
窃盗,自転車盗,小金井,小金井公園前交番,132101,東京都,小金井市,緑町３丁目,2020-02-06,17,一戸建住宅,駐車（輪）場,50歳代,その他,施錠せず
窃盗,自転車盗,小金井,小金井公園前交番,132101,東京都,小金井市,緑町４丁目,2020-03-18,22,一戸建住宅,駐車（輪）場,40歳代,その他,施錠せず
窃盗,自転車盗,小金井,新小金井交番,132101,東京都,小金井市,中町２丁目,2020-07-21,00,その他,駐車（輪）場,20歳代,その他,施錠せず
窃盗,自転車盗,小金井,新小金井交番,132101,東京都,小金井市,中町２丁目,2020-08-15,15,駐車（輪）場,駐車（輪）場,40歳代,その他,施錠せず
窃盗,自転車盗,小金井,新小金井交番,132101,東京都,小金井市,中町２丁目,2020-11-09,18,その他の住宅（３階建て以下共同住宅等）,その他,10歳代,中学生,施錠せず
窃盗,自転車盗,小金井,新小金井交番,132101,東京都,小金井市,東町１丁目,2019-12-16,22,その他の住宅（３階建て以下共同住宅等）,駐車（輪）場,10歳代,大学生,施錠せず
窃盗,自転車盗,小金井,新小金井交番,132101,東京都,小金井市,東町１丁目,2020-04-26,15,一戸建住宅,駐車（輪）場,10歳代,高校生,施錠せず
窃盗,自転車盗,小金井,新小金井交番,132101,東京都,小金井市,東町１丁目,2020-06-21,03,一戸建住宅,駐車（輪）場,40歳代,その他,施錠せず
窃盗,自転車盗,小金井,新小金井交番,132101,東京都,小金井市,東町１丁目,2020-09-10,09,その他の住宅（３階建て以下共同住宅等）,駐車（輪）場,10歳代,大学生,施錠せず
窃盗,自転車盗,小金井,新小金井交番,132101,東京都,小金井市,東町１丁目,2020-09-13,01,駐車（輪）場,駐車（輪）場,10歳代,高校生,施錠せず
窃盗,自転車盗,小金井,新小金井交番,132101,東京都,小金井市,東町２丁目,2020-03-13,12,その他の住宅（３階建て以下共同住宅等）,その他,70歳以上,その他,施錠せず
窃盗,自転車盗,小金井,新小金井交番,132101,東京都,小金井市,東町４丁目,2019-12-05,16,その他の住宅（３階建て以下共同住宅等）,駐車（輪）場,70歳以上,その他,施錠せず
窃盗,自転車盗,小金井,新小金井交番,132101,東京都,小金井市,東町４丁目,2019-12-11,18,その他の住宅（３階建て以下共同住宅等）,駐車（輪）場,20歳代,大学生,施錠せず
窃盗,自転車盗,小金井,新小金井交番,132101,東京都,小金井市,東町４丁目,2020-03-15,19,駐車（輪）場,駐車（輪）場,20歳代,大学生,施錠せず
窃盗,自転車盗,小金井,新小金井交番,132101,東京都,小金井市,東町４丁目,2020-03-18,22,道路上,その他,20歳代,大学生,施錠せず
窃盗,自転車盗,小金井,新小金井交番,132101,東京都,小金井市,東町４丁目,2020-05-25,16,その他の住宅（３階建て以下共同住宅等）,駐車（輪）場,10歳代,大学生,施錠せず
窃盗,自転車盗,小金井,新小金井交番,132101,東京都,小金井市,東町４丁目,2020-07-14,21,その他の住宅（３階建て以下共同住宅等）,その他,20歳代,その他,施錠せず
窃盗,自転車盗,小金井,新小金井交番,132101,東京都,小金井市,東町４丁目,2020-07-15,19,その他の住宅（３階建て以下共同住宅等）,駐車（輪）場,20歳代,大学生,施錠せず
窃盗,自転車盗,小金井,新小金井交番,132101,東京都,小金井市,東町４丁目,2020-08-18,19,その他の住宅（３階建て以下共同住宅等）,駐車（輪）場,20歳代,大学生,施錠せず
窃盗,自転車盗,小金井,新小金井交番,132101,東京都,小金井市,東町４丁目,2020-08-27,22,その他の住宅（３階建て以下共同住宅等）,駐車（輪）場,20歳代,大学生,施錠せず
窃盗,自転車盗,小金井,新小金井交番,132101,東京都,小金井市,東町４丁目,2020-09-10,17,その他の住宅（３階建て以下共同住宅等）,駐車（輪）場,20歳代,大学生,施錠せず
窃盗,自転車盗,小金井,新小金井交番,132101,東京都,小金井市,東町４丁目,2020-09-14,23,その他の住宅（３階建て以下共同住宅等）,駐車（輪）場,10歳代,その他,施錠せず
窃盗,自転車盗,小金井,新小金井交番,132101,東京都,小金井市,東町４丁目,2020-10-01,20,一戸建住宅,駐車（輪）場,10歳代,高校生,施錠せず
窃盗,自転車盗,小金井,新小金井交番,132101,東京都,小金井市,東町４丁目,2020-10-05,01,その他の住宅（３階建て以下共同住宅等）,駐車（輪）場,20歳代,その他,施錠せず
窃盗,自転車盗,小金井,新小金井交番,132101,東京都,小金井市,東町４丁目,2020-10-14,13,４階建て以上共同住宅,駐車（輪）場,40歳代,その他,施錠せず
窃盗,自転車盗,小金井,新小金井交番,132101,東京都,小金井市,東町４丁目,2020-10-28,10,その他の住宅（３階建て以下共同住宅等）,駐車（輪）場,20歳代,大学生,施錠せず
窃盗,自転車盗,小金井,新小金井交番,132101,東京都,小金井市,東町５丁目,2020-01-18,02,その他の住宅（３階建て以下共同住宅等）,駐車（輪）場,40歳代,その他,施錠せず
窃盗,自転車盗,小金井,新小金井交番,132101,東京都,小金井市,東町５丁目,2020-04-09,10,その他の住宅（３階建て以下共同住宅等）,駐車（輪）場,10歳代,高校生,施錠せず
窃盗,自転車盗,小金井,新小金井交番,132101,東京都,小金井市,東町５丁目,2020-05-11,20,その他の住宅（３階建て以下共同住宅等）,その他,40歳代,その他,施錠せず
窃盗,自転車盗,小金井,新小金井交番,132101,東京都,小金井市,東町５丁目,2020-07-20,07,一戸建住宅,駐車（輪）場,50歳代,その他,施錠せず
窃盗,自転車盗,小金井,新小金井交番,132101,東京都,小金井市,東町５丁目,2020-08-05,20,一戸建住宅,駐車（輪）場,10歳代,高校生,施錠せず
窃盗,自転車盗,小金井,新小金井交番,132101,東京都,小金井市,東町５丁目,2020-11-10,21,一戸建住宅,その他,20歳代,その他,施錠せず
窃盗,自転車盗,小金井,貫井南町交番,132101,東京都,小金井市,貫井南町２丁目,2020-08-02,19,その他,駐車（輪）場,65-69歳,その他,施錠せず
窃盗,自転車盗,小金井,貫井南町交番,132101,東京都,小金井市,貫井南町２丁目,2020-08-18,08,その他,駐車（輪）場,20歳代,その他,施錠せず
窃盗,自転車盗,小金井,貫井南町交番,132101,東京都,小金井市,貫井南町２丁目,2020-10-02,02,道路上,その他,10歳代,小学生,施錠せず
窃盗,自転車盗,小金井,貫井南町交番,132101,東京都,小金井市,貫井南町２丁目,2020-11-12,11,その他,駐車（輪）場,30歳代,その他,施錠せず
窃盗,自転車盗,小金井,貫井南町交番,132101,東京都,小金井市,貫井南町３丁目,2019-12-15,18,その他の住宅（３階建て以下共同住宅等）,その他,20歳代,その他,施錠せず
窃盗,自転車盗,小金井,貫井南町交番,132101,東京都,小金井市,貫井南町３丁目,2020-08-02,17,駐車（輪）場,駐車（輪）場,20歳代,大学生,施錠せず
窃盗,自転車盗,小金井,貫井南町交番,132101,東京都,小金井市,貫井南町４丁目,2020-07-27,16,道路上,その他,50歳代,その他,施錠せず
窃盗,自転車盗,小金井,貫井南町交番,132101,東京都,小金井市,貫井南町５丁目,2020-01-07,14,その他,駐車（輪）場,20歳代,その他,施錠せず
窃盗,自転車盗,小金井,貫井南町交番,132101,東京都,小金井市,貫井南町５丁目,2020-03-02,11,その他,駐車（輪）場,20歳代,大学生,施錠せず
窃盗,自転車盗,小金井,本多交番,132101,東京都,小金井市,貫井北町１丁目,2020-02-26,22,４階建て以上共同住宅,駐車（輪）場,20歳代,その他,施錠せず
窃盗,自転車盗,小金井,本多交番,132101,東京都,小金井市,貫井北町４丁目,2020-02-12,18,その他,駐車（輪）場,20歳代,大学生,施錠せず
窃盗,自転車盗,小金井,本多交番,132101,東京都,小金井市,貫井北町５丁目,2020-07-10,22,一戸建住宅,駐車（輪）場,10歳代,高校生,施錠せず
窃盗,自転車盗,小金井,本多交番,132101,東京都,小金井市,貫井北町５丁目,2020-07-31,10,一戸建住宅,駐車（輪）場,50歳代,その他,施錠せず
窃盗,自転車盗,小金井,本多交番,132101,東京都,小金井市,貫井北町５丁目,2020-09-13,17,駐車（輪）場,駐車（輪）場,20歳代,その他,施錠せず
窃盗,自転車盗,小金井,本多交番,132144,東京都,国分寺市,本多１丁目,2020-01-08,20,４階建て以上共同住宅,駐車（輪）場,20歳代,その他,施錠せず
窃盗,自転車盗,小金井,本多交番,132144,東京都,国分寺市,本多１丁目,2020-04-10,12,その他の住宅（３階建て以下共同住宅等）,駐車（輪）場,50歳代,その他,施錠せず
窃盗,自転車盗,小金井,本多交番,132144,東京都,国分寺市,本多１丁目,2020-07-10,13,その他の住宅（３階建て以下共同住宅等）,駐車（輪）場,50歳代,その他,施錠せず
窃盗,自転車盗,小金井,本多交番,132144,東京都,国分寺市,本多２丁目,2020-07-20,21,その他の住宅（３階建て以下共同住宅等）,駐車（輪）場,10歳代,大学生,施錠せず
窃盗,自転車盗,小金井,本多交番,132144,東京都,国分寺市,本多３丁目,2020-01-21,20,一戸建住宅,駐車（輪）場,10歳代,高校生,施錠せず
窃盗,自転車盗,小金井,本多交番,132144,東京都,国分寺市,本多３丁目,2020-04-24,22,その他の住宅（３階建て以下共同住宅等）,駐車（輪）場,20歳代,大学生,施錠せず
窃盗,自転車盗,小金井,本多交番,132144,東京都,国分寺市,本多４丁目,2020-03-02,18,一戸建住宅,その他,30歳代,その他,施錠せず
窃盗,自転車盗,小金井,本多交番,132144,東京都,国分寺市,本多４丁目,2020-04-27,16,一戸建住宅,駐車（輪）場,50歳代,その他,施錠せず
窃盗,自転車盗,小金井,本多交番,132144,東京都,国分寺市,本多４丁目,2020-07-23,19,その他の住宅（３階建て以下共同住宅等）,駐車（輪）場,50歳代,その他,施錠せず
窃盗,自転車盗,小金井,本多交番,132144,東京都,国分寺市,本多４丁目,2020-10-09,23,その他の住宅（３階建て以下共同住宅等）,駐車（輪）場,20歳代,その他,施錠せず
窃盗,自転車盗,小金井,本多交番,132144,東京都,国分寺市,本多５丁目,2020-02-25,02,その他の住宅（３階建て以下共同住宅等）,駐車（輪）場,20歳代,その他,施錠せず
窃盗,自転車盗,小金井,本多交番,132144,東京都,国分寺市,本町３丁目,2020-01-24,17,駐車（輪）場,駐車（輪）場,20歳代,その他,施錠せず
窃盗,自転車盗,小金井,恋ケ窪駅前交番,132144,東京都,国分寺市,新町１丁目,2020-10-02,16,道路上,その他,10歳代,小学生,施錠せず
窃盗,自転車盗,小金井,恋ケ窪駅前交番,132144,東京都,国分寺市,戸倉１丁目,2019-12-27,07,駐車（輪）場,駐車（輪）場,40歳代,その他,施錠せず
窃盗,自転車盗,小金井,恋ケ窪駅前交番,132144,東京都,国分寺市,戸倉１丁目,2020-04-16,07,その他,駐車（輪）場,40歳代,その他,施錠せず
窃盗,自転車盗,小金井,恋ケ窪駅前交番,132144,東京都,国分寺市,西恋ヶ窪３丁目,2020-01-01,00,その他,駐車（輪）場,30歳代,その他,施錠せず
窃盗,自転車盗,小金井,恋ケ窪駅前交番,132144,東京都,国分寺市,西恋ヶ窪４丁目,2020-08-08,12,その他,駐車（輪）場,20歳代,大学生,施錠せず
窃盗,自転車盗,小金井,恋ケ窪駅前交番,132144,東京都,国分寺市,東恋ヶ窪４丁目,2019-12-01,15,道路上,その他,50歳代,その他,施錠せず
窃盗,自転車盗,小金井,恋ケ窪駅前交番,132144,東京都,国分寺市,東恋ヶ窪４丁目,2020-08-24,07,４階建て以上共同住宅,駐車（輪）場,40歳代,その他,施錠せず
窃盗,自転車盗,小金井,恋ケ窪駅前交番,132144,東京都,国分寺市,東恋ヶ窪５丁目,2019-12-15,20,４階建て以上共同住宅,駐車（輪）場,40歳代,その他,施錠せず
窃盗,自転車盗,小金井,恋ケ窪駅前交番,132144,東京都,国分寺市,東恋ヶ窪５丁目,2020-02-22,08,その他,駐車（輪）場,10歳代,高校生,施錠せず
窃盗,自転車盗,小金井,恋ケ窪駅前交番,132144,東京都,国分寺市,東恋ヶ窪５丁目,2020-03-02,18,その他,駐車（輪）場,30歳代,その他,施錠せず
窃盗,自転車盗,小金井,恋ケ窪駅前交番,132144,東京都,国分寺市,東恋ヶ窪５丁目,2020-06-30,13,その他,駐車（輪）場,10歳代,高校生,施錠せず
窃盗,自転車盗,小金井,恋ケ窪駅前交番,132144,東京都,国分寺市,東恋ヶ窪６丁目,2020-02-23,12,その他の住宅（３階建て以下共同住宅等）,駐車（輪）場,30歳代,その他,施錠せず
窃盗,自転車盗,小金井,恋ケ窪駅前交番,132144,東京都,国分寺市,東恋ヶ窪６丁目,2020-09-17,00,一戸建住宅,駐車（輪）場,30歳代,その他,施錠せず
窃盗,自転車盗,小金井,恋ケ窪駅前交番,132144,東京都,国分寺市,東戸倉２丁目,2020-01-08,22,その他,駐車（輪）場,20歳代,大学生,施錠せず
窃盗,自転車盗,小金井,恋ケ窪駅前交番,132144,東京都,国分寺市,東戸倉２丁目,2020-10-31,05,その他,駐車（輪）場,60-64歳,その他,施錠せず
窃盗,自転車盗,小金井,共益駐在所,132144,東京都,国分寺市,北町３丁目,2020-08-16,10,その他,駐車（輪）場,20歳代,大学生,施錠せず
窃盗,自転車盗,小金井,共益駐在所,132144,東京都,国分寺市,北町４丁目,2020-08-19,12,その他の住宅（３階建て以下共同住宅等）,駐車（輪）場,30歳代,その他,施錠せず
窃盗,自転車盗,小金井,共益駐在所,132144,東京都,国分寺市,並木町１丁目,2020-08-09,01,道路上,その他,30歳代,その他,施錠せず
窃盗,自転車盗,小金井,共益駐在所,132144,東京都,国分寺市,並木町１丁目,2020-09-25,17,駐車（輪）場,駐車（輪）場,10歳代,中学生,施錠せず
窃盗,自転車盗,小金井,共益駐在所,132144,東京都,国分寺市,並木町１丁目,2020-10-30,13,一戸建住宅,駐車（輪）場,10歳代,中学生,施錠せず
窃盗,自転車盗,小金井,共益駐在所,132144,東京都,国分寺市,並木町２丁目,2020-04-03,14,一戸建住宅,駐車（輪）場,40歳代,その他,施錠せず
窃盗,自転車盗,小金井,共益駐在所,132144,東京都,国分寺市,東戸倉２丁目,2019-12-29,18,その他,駐車（輪）場,10歳代,中学生,施錠せず
窃盗,自転車盗,小金井,戸倉駐在所,132144,東京都,国分寺市,新町１丁目,2020-09-23,23,その他の住宅（３階建て以下共同住宅等）,駐車（輪）場,20歳代,大学生,施錠せず
窃盗,自転車盗,小金井,光町交番,132144,東京都,国分寺市,西町１丁目,2019-12-26,20,その他の住宅（３階建て以下共同住宅等）,駐車（輪）場,10歳代,高校生,施錠せず
窃盗,自転車盗,小金井,光町交番,132144,東京都,国分寺市,西町１丁目,2020-07-23,22,４階建て以上共同住宅,駐車（輪）場,10歳代,高校生,施錠せず
窃盗,自転車盗,小金井,光町交番,132144,東京都,国分寺市,西町２丁目,2019-12-02,23,一戸建住宅,駐車（輪）場,40歳代,その他,施錠せず
窃盗,自転車盗,小金井,光町交番,132144,東京都,国分寺市,西町２丁目,2020-08-08,23,一戸建住宅,駐車（輪）場,20歳代,大学生,施錠せず
窃盗,自転車盗,小金井,光町交番,132144,東京都,国分寺市,西町３丁目,2020-03-10,17,一戸建住宅,駐車（輪）場,40歳代,その他,施錠せず
窃盗,自転車盗,小金井,光町交番,132144,東京都,国分寺市,光町１丁目,2020-03-20,21,道路上,その他,30歳代,その他,施錠せず
窃盗,自転車盗,小金井,光町交番,132144,東京都,国分寺市,光町１丁目,2020-03-31,18,道路上,その他,50歳代,その他,施錠せず
窃盗,自転車盗,小金井,光町交番,132144,東京都,国分寺市,光町１丁目,2020-10-26,16,駐車（輪）場,駐車（輪）場,10歳代,高校生,施錠せず
窃盗,自転車盗,小金井,光町交番,132144,東京都,国分寺市,光町２丁目,2020-01-01,22,その他の住宅（３階建て以下共同住宅等）,駐車（輪）場,20歳代,大学生,施錠せず
窃盗,自転車盗,小金井,光町交番,132144,東京都,国分寺市,光町３丁目,2020-02-03,16,一戸建住宅,駐車（輪）場,40歳代,その他,施錠せず
窃盗,自転車盗,小金井,光町交番,132144,東京都,国分寺市,光町３丁目,2020-08-14,16,道路上,その他,50歳代,その他,施錠せず
窃盗,自転車盗,小金井,西町交番,132144,東京都,国分寺市,西町２丁目,2020-11-13,23,その他の住宅（３階建て以下共同住宅等）,駐車（輪）場,法人・団体、被害者なし,法人・団体、被害者なし,施錠せず
窃盗,自転車盗,小金井,西町交番,132144,東京都,国分寺市,西町５丁目,2020-04-08,18,一戸建住宅,駐車（輪）場,20歳代,その他,施錠せず
窃盗,自転車盗,小金井,国分寺駅南口交番,132144,東京都,国分寺市,東元町３丁目,2020-06-02,17,その他の住宅（３階建て以下共同住宅等）,その他,20歳代,大学生,施錠せず
窃盗,自転車盗,小金井,国分寺駅南口交番,132144,東京都,国分寺市,南町１丁目,2019-10-05,09,その他,駐車（輪）場,10歳代,大学生,施錠せず
窃盗,自転車盗,小金井,国分寺駅南口交番,132144,東京都,国分寺市,南町２丁目,2020-02-22,12,その他,駐車（輪）場,20歳代,その他,施錠せず
窃盗,自転車盗,小金井,国分寺駅南口交番,132144,東京都,国分寺市,南町２丁目,2020-02-27,14,その他,駐車（輪）場,10歳代,大学生,施錠せず
窃盗,自転車盗,小金井,国分寺駅南口交番,132144,東京都,国分寺市,南町２丁目,2020-03-16,06,駐車（輪）場,駐車（輪）場,40歳代,その他,施錠せず
窃盗,自転車盗,小金井,国分寺駅南口交番,132144,東京都,国分寺市,南町２丁目,2020-06-20,12,４階建て以上共同住宅,駐車（輪）場,30歳代,その他,施錠せず
窃盗,自転車盗,小金井,国分寺駅南口交番,132144,東京都,国分寺市,南町２丁目,2020-07-11,06,その他,駐車（輪）場,20歳代,その他,施錠せず
窃盗,自転車盗,小金井,国分寺駅南口交番,132144,東京都,国分寺市,南町３丁目,2020-02-07,06,駐車（輪）場,駐車（輪）場,20歳代,その他,施錠せず
窃盗,自転車盗,小金井,国分寺駅南口交番,132144,東京都,国分寺市,南町３丁目,2020-09-21,06,その他の住宅（３階建て以下共同住宅等）,駐車（輪）場,10歳代,高校生,施錠せず
窃盗,自転車盗,小金井,国分寺駅南口交番,132144,東京都,国分寺市,南町３丁目,2020-09-21,19,道路上,その他,30歳代,その他,施錠せず
窃盗,自転車盗,小金井,国分寺駅南口交番,132144,東京都,国分寺市,南町３丁目,2020-10-29,09,駐車（輪）場,駐車（輪）場,20歳代,その他,施錠せず
窃盗,自転車盗,小金井,国分寺駅南口交番,132144,東京都,国分寺市,南町３丁目,2020-11-27,18,その他の住宅（３階建て以下共同住宅等）,駐車（輪）場,20歳代,その他,施錠せず
窃盗,自転車盗,小金井,西国分寺駅前交番,132144,東京都,国分寺市,泉町２丁目,2020-08-21,19,４階建て以上共同住宅,駐車（輪）場,10歳代,中学生,施錠せず
窃盗,自転車盗,小金井,西国分寺駅前交番,132144,東京都,国分寺市,泉町３丁目,2020-01-01,14,駐車（輪）場,駐車（輪）場,10歳代,高校生,施錠せず
窃盗,自転車盗,小金井,西国分寺駅前交番,132144,東京都,国分寺市,泉町３丁目,2020-02-01,10,その他,駐車（輪）場,20歳代,その他,施錠せず
窃盗,自転車盗,小金井,西国分寺駅前交番,132144,東京都,国分寺市,泉町３丁目,2020-02-11,11,その他の住宅（３階建て以下共同住宅等）,駐車（輪）場,10歳未満,小学生,施錠せず
窃盗,自転車盗,小金井,西国分寺駅前交番,132144,東京都,国分寺市,泉町３丁目,2020-02-16,20,その他の住宅（３階建て以下共同住宅等）,駐車（輪）場,20歳代,その他,施錠せず
窃盗,自転車盗,小金井,西国分寺駅前交番,132144,東京都,国分寺市,泉町３丁目,2020-02-23,15,その他,駐車（輪）場,20歳代,大学生,施錠せず
窃盗,自転車盗,小金井,西国分寺駅前交番,132144,東京都,国分寺市,内藤１丁目,2020-10-13,06,その他の住宅（３階建て以下共同住宅等）,その他,70歳以上,その他,施錠せず
窃盗,自転車盗,小金井,西国分寺駅前交番,132144,東京都,国分寺市,内藤２丁目,2020-06-21,22,その他の住宅（３階建て以下共同住宅等）,駐車（輪）場,30歳代,その他,施錠せず
窃盗,自転車盗,小金井,西国分寺駅前交番,132144,東京都,国分寺市,内藤２丁目,2020-09-12,07,その他の住宅（３階建て以下共同住宅等）,その他,60-64歳,その他,施錠せず
窃盗,自転車盗,小金井,西国分寺駅前交番,132144,東京都,国分寺市,西恋ヶ窪２丁目,2020-03-25,01,駐車（輪）場,駐車（輪）場,20歳代,大学生,施錠せず
窃盗,自転車盗,小金井,西国分寺駅前交番,132144,東京都,国分寺市,西恋ヶ窪２丁目,2020-05-04,06,駐車（輪）場,駐車（輪）場,20歳代,その他,施錠せず
窃盗,自転車盗,小金井,西国分寺駅前交番,132144,東京都,国分寺市,西恋ヶ窪２丁目,2020-08-28,23,駐車（輪）場,駐車（輪）場,10歳代,その他,施錠せず
窃盗,自転車盗,小金井,西国分寺駅前交番,132144,東京都,国分寺市,西恋ヶ窪２丁目,2020-10-27,07,駐車（輪）場,駐車（輪）場,70歳以上,その他,施錠せず
窃盗,自転車盗,小金井,西国分寺駅前交番,132144,東京都,国分寺市,西恋ヶ窪３丁目,2020-06-29,09,その他の住宅（３階建て以下共同住宅等）,駐車（輪）場,30歳代,その他,施錠せず
窃盗,自転車盗,小金井,西国分寺駅前交番,132144,東京都,国分寺市,日吉町１丁目,2020-01-12,13,４階建て以上共同住宅,駐車（輪）場,65-69歳,その他,施錠せず
窃盗,自転車盗,小金井,西国分寺駅前交番,132144,東京都,国分寺市,日吉町１丁目,2020-09-13,12,一戸建住宅,駐車（輪）場,50歳代,その他,施錠せず
窃盗,自転車盗,小金井,西国分寺駅前交番,132144,東京都,国分寺市,日吉町１丁目,2020-09-19,15,一戸建住宅,駐車（輪）場,70歳以上,その他,施錠せず
窃盗,自転車盗,小金井,西国分寺駅前交番,132144,東京都,国分寺市,日吉町１丁目,2020-10-30,17,その他の住宅（３階建て以下共同住宅等）,駐車（輪）場,30歳代,その他,施錠せず
窃盗,自転車盗,小金井,武蔵小金井駅前交番,132101,東京都,小金井市,梶野町１丁目,2020-02-22,22,道路上,その他,20歳代,大学生,施錠せず
窃盗,自転車盗,小金井,武蔵小金井駅前交番,132101,東京都,小金井市,関野町１丁目,2020-04-09,13,その他,駐車（輪）場,10歳代,大学生,施錠せず
窃盗,自転車盗,小金井,武蔵小金井駅前交番,132101,東京都,小金井市,中町２丁目,2020-09-09,08,駐車（輪）場,駐車（輪）場,40歳代,その他,施錠せず
窃盗,自転車盗,小金井,武蔵小金井駅前交番,132101,東京都,小金井市,中町２丁目,2020-09-29,17,その他の住宅（３階建て以下共同住宅等）,駐車（輪）場,20歳代,大学生,施錠せず
窃盗,自転車盗,小金井,武蔵小金井駅前交番,132101,東京都,小金井市,中町３丁目,2020-10-15,14,その他の住宅（３階建て以下共同住宅等）,駐車（輪）場,30歳代,その他,施錠せず
窃盗,自転車盗,小金井,武蔵小金井駅前交番,132101,東京都,小金井市,貫井北町４丁目,2020-11-28,06,その他,駐車（輪）場,20歳代,大学生,施錠せず
窃盗,自転車盗,小金井,武蔵小金井駅前交番,132101,東京都,小金井市,東町４丁目,2020-11-08,18,その他の住宅（３階建て以下共同住宅等）,駐車（輪）場,70歳以上,その他,施錠せず
窃盗,自転車盗,小金井,武蔵小金井駅前交番,132101,東京都,小金井市,本町１丁目,2020-09-13,13,道路上,その他,10歳代,高校生,施錠せず
窃盗,自転車盗,小金井,武蔵小金井駅前交番,132101,東京都,小金井市,本町１丁目,2020-11-05,20,その他の住宅（３階建て以下共同住宅等）,駐車（輪）場,20歳代,大学生,施錠せず
窃盗,自転車盗,小金井,武蔵小金井駅前交番,132101,東京都,小金井市,本町２丁目,2019-12-29,13,一戸建住宅,駐車（輪）場,40歳代,その他,施錠せず
窃盗,自転車盗,小金井,武蔵小金井駅前交番,132101,東京都,小金井市,本町２丁目,2020-02-05,20,駐車（輪）場,駐車（輪）場,10歳代,高校生,施錠せず
窃盗,自転車盗,小金井,武蔵小金井駅前交番,132101,東京都,小金井市,本町２丁目,2020-02-07,21,一戸建住宅,駐車（輪）場,20歳代,大学生,施錠せず
窃盗,自転車盗,小金井,武蔵小金井駅前交番,132101,東京都,小金井市,本町２丁目,2020-02-12,00,一戸建住宅,駐車（輪）場,60-64歳,その他,施錠せず
窃盗,自転車盗,小金井,武蔵小金井駅前交番,132101,東京都,小金井市,本町２丁目,2020-07-01,17,駐車（輪）場,駐車（輪）場,10歳代,大学生,施錠せず
窃盗,自転車盗,小金井,武蔵小金井駅前交番,132101,東京都,小金井市,本町２丁目,2020-08-23,20,４階建て以上共同住宅,駐車（輪）場,20歳代,大学生,施錠せず
窃盗,自転車盗,小金井,武蔵小金井駅前交番,132101,東京都,小金井市,本町２丁目,2020-09-13,22,駐車（輪）場,駐車（輪）場,40歳代,その他,施錠せず
窃盗,自転車盗,小金井,武蔵小金井駅前交番,132101,東京都,小金井市,本町２丁目,2020-10-25,14,道路上,その他,65-69歳,その他,施錠せず
窃盗,自転車盗,小金井,武蔵小金井駅前交番,132101,東京都,小金井市,本町２丁目,2020-11-15,16,駐車（輪）場,駐車（輪）場,40歳代,その他,施錠せず
窃盗,自転車盗,小金井,武蔵小金井駅前交番,132101,東京都,小金井市,本町３丁目,2020-10-14,17,その他の住宅（３階建て以下共同住宅等）,駐車（輪）場,10歳代,小学生,施錠せず
窃盗,自転車盗,小金井,武蔵小金井駅前交番,132101,東京都,小金井市,本町３丁目,2020-11-18,12,一戸建住宅,駐車（輪）場,法人・団体、被害者なし,法人・団体、被害者なし,施錠せず
窃盗,自転車盗,小金井,武蔵小金井駅前交番,132101,東京都,小金井市,本町５丁目,2019-11-19,20,その他,駐車（輪）場,30歳代,その他,施錠せず
窃盗,自転車盗,小金井,武蔵小金井駅前交番,132101,東京都,小金井市,本町５丁目,2019-12-03,16,その他,駐車（輪）場,65-69歳,その他,施錠せず
窃盗,自転車盗,小金井,武蔵小金井駅前交番,132101,東京都,小金井市,本町５丁目,2019-12-22,10,その他の住宅（３階建て以下共同住宅等）,駐車（輪）場,20歳代,大学生,施錠せず
窃盗,自転車盗,小金井,武蔵小金井駅前交番,132101,東京都,小金井市,本町５丁目,2019-12-24,21,その他,駐車（輪）場,20歳代,大学生,施錠せず
窃盗,自転車盗,小金井,武蔵小金井駅前交番,132101,東京都,小金井市,本町５丁目,2019-12-26,00,その他,駐車（輪）場,50歳代,その他,施錠せず
窃盗,自転車盗,小金井,武蔵小金井駅前交番,132101,東京都,小金井市,本町５丁目,2020-01-08,01,その他,駐車（輪）場,20歳代,その他,施錠せず
窃盗,自転車盗,小金井,武蔵小金井駅前交番,132101,東京都,小金井市,本町５丁目,2020-01-11,10,駐車（輪）場,駐車（輪）場,10歳代,大学生,施錠せず
窃盗,自転車盗,小金井,武蔵小金井駅前交番,132101,東京都,小金井市,本町５丁目,2020-01-17,05,駐車（輪）場,駐車（輪）場,20歳代,その他,施錠せず
窃盗,自転車盗,小金井,武蔵小金井駅前交番,132101,東京都,小金井市,本町５丁目,2020-02-14,01,駐車（輪）場,駐車（輪）場,10歳代,高校生,施錠せず
窃盗,自転車盗,小金井,武蔵小金井駅前交番,132101,東京都,小金井市,本町５丁目,2020-02-20,15,その他,駐車（輪）場,10歳代,高校生,施錠せず
窃盗,自転車盗,小金井,武蔵小金井駅前交番,132101,東京都,小金井市,本町５丁目,2020-02-27,22,その他,駐車（輪）場,50歳代,その他,施錠せず
窃盗,自転車盗,小金井,武蔵小金井駅前交番,132101,東京都,小金井市,本町５丁目,2020-03-08,07,駐車（輪）場,駐車（輪）場,20歳代,その他,施錠せず
窃盗,自転車盗,小金井,武蔵小金井駅前交番,132101,東京都,小金井市,本町５丁目,2020-03-13,12,その他,駐車（輪）場,10歳代,高校生,施錠せず
窃盗,自転車盗,小金井,武蔵小金井駅前交番,132101,東京都,小金井市,本町５丁目,2020-04-15,14,その他,駐車（輪）場,10歳代,大学生,施錠せず
窃盗,自転車盗,小金井,武蔵小金井駅前交番,132101,東京都,小金井市,本町５丁目,2020-04-15,21,その他の住宅（３階建て以下共同住宅等）,駐車（輪）場,20歳代,その他,施錠せず
窃盗,自転車盗,小金井,武蔵小金井駅前交番,132101,東京都,小金井市,本町５丁目,2020-06-04,18,その他の住宅（３階建て以下共同住宅等）,駐車（輪）場,20歳代,その他,施錠せず
窃盗,自転車盗,小金井,武蔵小金井駅前交番,132101,東京都,小金井市,本町５丁目,2020-06-28,19,その他,駐車（輪）場,10歳代,大学生,施錠せず
窃盗,自転車盗,小金井,武蔵小金井駅前交番,132101,東京都,小金井市,本町５丁目,2020-07-04,15,その他,駐車（輪）場,20歳代,その他,施錠せず
窃盗,自転車盗,小金井,武蔵小金井駅前交番,132101,東京都,小金井市,本町５丁目,2020-07-13,17,その他,駐車（輪）場,40歳代,その他,施錠せず
窃盗,自転車盗,小金井,武蔵小金井駅前交番,132101,東京都,小金井市,本町５丁目,2020-09-18,20,その他,駐車（輪）場,10歳代,中学生,施錠せず
窃盗,自転車盗,小金井,武蔵小金井駅前交番,132101,東京都,小金井市,本町５丁目,2020-10-04,01,道路上,その他,10歳代,大学生,施錠せず
窃盗,自転車盗,小金井,武蔵小金井駅前交番,132101,東京都,小金井市,本町５丁目,2020-11-12,22,その他,駐車（輪）場,40歳代,その他,施錠せず
窃盗,自転車盗,小金井,武蔵小金井駅前交番,132101,東京都,小金井市,本町６丁目,2019-12-20,18,駐車（輪）場,駐車（輪）場,10歳代,中学生,施錠せず
窃盗,自転車盗,小金井,武蔵小金井駅前交番,132101,東京都,小金井市,本町６丁目,2020-01-12,10,その他の住宅（３階建て以下共同住宅等）,駐車（輪）場,30歳代,その他,施錠せず
窃盗,自転車盗,小金井,武蔵小金井駅前交番,132101,東京都,小金井市,本町６丁目,2020-03-16,17,駐車（輪）場,駐車（輪）場,30歳代,その他,施錠せず
窃盗,自転車盗,小金井,武蔵小金井駅前交番,132101,東京都,小金井市,本町６丁目,2020-05-01,10,その他,その他,65-69歳,その他,施錠せず
窃盗,自転車盗,小金井,武蔵小金井駅前交番,132101,東京都,小金井市,本町６丁目,2020-05-14,19,駐車（輪）場,駐車（輪）場,法人・団体、被害者なし,法人・団体、被害者なし,施錠せず
窃盗,自転車盗,小金井,武蔵小金井駅前交番,132101,東京都,小金井市,本町６丁目,2020-08-01,15,駐車（輪）場,駐車（輪）場,30歳代,その他,施錠せず
窃盗,自転車盗,小金井,武蔵小金井駅前交番,132101,東京都,小金井市,本町６丁目,2020-10-19,10,駐車（輪）場,駐車（輪）場,法人・団体、被害者なし,法人・団体、被害者なし,施錠せず
窃盗,自転車盗,小金井,武蔵小金井駅前交番,132101,東京都,小金井市,本町６丁目,2020-10-26,09,その他の住宅（３階建て以下共同住宅等）,駐車（輪）場,10歳代,高校生,施錠せず
窃盗,自転車盗,小金井,武蔵小金井駅前交番,132144,東京都,国分寺市,本町１丁目,2020-05-04,14,４階建て以上共同住宅,その他,30歳代,その他,施錠せず
窃盗,自転車盗,小金井,武蔵小金井駅前交番,132144,東京都,国分寺市,本町３丁目,2020-05-10,16,一戸建住宅,駐車（輪）場,70歳以上,その他,施錠せず
窃盗,自転車盗,田無,田無駅前交番,132292,東京都,西東京市,芝久保町１丁目,2020-02-18,14,駐車（輪）場,駐車（輪）場,10歳未満,小学生,施錠せず
窃盗,自転車盗,田無,田無駅前交番,132292,東京都,西東京市,芝久保町１丁目,2020-03-13,14,駐車（輪）場,駐車（輪）場,50歳代,その他,施錠せず
窃盗,自転車盗,田無,田無駅前交番,132292,東京都,西東京市,芝久保町１丁目,2020-07-31,17,４階建て以上共同住宅,駐車（輪）場,10歳代,中学生,施錠せず
窃盗,自転車盗,田無,田無駅前交番,132292,東京都,西東京市,芝久保町１丁目,2020-09-21,12,４階建て以上共同住宅,駐車（輪）場,30歳代,その他,施錠せず
窃盗,自転車盗,田無,田無駅前交番,132292,東京都,西東京市,芝久保町２丁目,2020-06-05,21,４階建て以上共同住宅,駐車（輪）場,10歳代,高校生,施錠せず
窃盗,自転車盗,田無,田無駅前交番,132292,東京都,西東京市,芝久保町２丁目,2020-08-03,17,４階建て以上共同住宅,駐車（輪）場,60-64歳,その他,施錠せず
窃盗,自転車盗,田無,田無駅前交番,132292,東京都,西東京市,芝久保町３丁目,2020-01-24,20,その他の住宅（３階建て以下共同住宅等）,駐車（輪）場,30歳代,その他,施錠せず
窃盗,自転車盗,田無,田無駅前交番,132292,東京都,西東京市,芝久保町３丁目,2020-06-14,20,４階建て以上共同住宅,駐車（輪）場,10歳代,高校生,施錠せず
窃盗,自転車盗,田無,田無駅前交番,132292,東京都,西東京市,芝久保町３丁目,2020-07-09,17,道路上,その他,40歳代,その他,施錠せず
窃盗,自転車盗,田無,田無駅前交番,132292,東京都,西東京市,芝久保町３丁目,2020-07-11,20,その他の住宅（３階建て以下共同住宅等）,駐車（輪）場,20歳代,その他,施錠せず
窃盗,自転車盗,田無,田無駅前交番,132292,東京都,西東京市,芝久保町３丁目,2020-10-13,15,道路上,その他,50歳代,その他,施錠せず
窃盗,自転車盗,田無,田無駅前交番,132292,東京都,西東京市,芝久保町４丁目,2019-12-29,19,４階建て以上共同住宅,駐車（輪）場,10歳代,高校生,施錠せず
窃盗,自転車盗,田無,田無駅前交番,132292,東京都,西東京市,芝久保町４丁目,2020-12-27,13,４階建て以上共同住宅,駐車（輪）場,10歳代,中学生,施錠せず
窃盗,自転車盗,田無,田無駅前交番,132292,東京都,西東京市,新町１丁目,2020-02-15,22,その他,駐車（輪）場,20歳代,大学生,施錠せず
窃盗,自転車盗,田無,田無駅前交番,132292,東京都,西東京市,田無町２丁目,2019-12-07,18,４階建て以上共同住宅,駐車（輪）場,20歳代,その他,施錠せず
窃盗,自転車盗,田無,田無駅前交番,132292,東京都,西東京市,田無町２丁目,2020-03-21,22,道路上,その他,10歳代,その他,施錠せず
窃盗,自転車盗,田無,田無駅前交番,132292,東京都,西東京市,田無町２丁目,2020-04-02,18,道路上,その他,20歳代,大学生,施錠せず
窃盗,自転車盗,田無,田無駅前交番,132292,東京都,西東京市,田無町２丁目,2020-04-02,22,道路上,その他,20歳代,その他,施錠せず
窃盗,自転車盗,田無,田無駅前交番,132292,東京都,西東京市,田無町２丁目,2020-04-15,10,その他の住宅（３階建て以下共同住宅等）,駐車（輪）場,20歳代,その他,施錠せず
窃盗,自転車盗,田無,田無駅前交番,132292,東京都,西東京市,田無町２丁目,2020-06-28,18,一戸建住宅,駐車（輪）場,30歳代,その他,施錠せず
窃盗,自転車盗,田無,田無駅前交番,132292,東京都,西東京市,田無町２丁目,2020-09-08,17,その他,その他,20歳代,その他,施錠せず
窃盗,自転車盗,田無,田無駅前交番,132292,東京都,西東京市,田無町２丁目,2020-09-19,15,４階建て以上共同住宅,駐車（輪）場,50歳代,その他,施錠せず
窃盗,自転車盗,田無,田無駅前交番,132292,東京都,西東京市,田無町２丁目,2020-09-25,19,道路上,その他,30歳代,その他,施錠せず
窃盗,自転車盗,田無,田無駅前交番,132292,東京都,西東京市,田無町２丁目,2020-10-01,19,駐車（輪）場,駐車（輪）場,10歳代,大学生,施錠せず
窃盗,自転車盗,田無,田無駅前交番,132292,東京都,西東京市,田無町３丁目,2019-12-24,22,駐車（輪）場,駐車（輪）場,10歳代,その他,施錠せず
窃盗,自転車盗,田無,田無駅前交番,132292,東京都,西東京市,田無町３丁目,2020-01-19,09,その他の住宅（３階建て以下共同住宅等）,駐車（輪）場,10歳代,中学生,施錠せず
窃盗,自転車盗,田無,田無駅前交番,132292,東京都,西東京市,田無町３丁目,2020-03-15,05,道路上,その他,20歳代,大学生,施錠せず
窃盗,自転車盗,田無,田無駅前交番,132292,東京都,西東京市,田無町３丁目,2020-04-07,00,道路上,その他,30歳代,その他,施錠せず
窃盗,自転車盗,田無,田無駅前交番,132292,東京都,西東京市,田無町４丁目,2020-01-01,不明,道路上,その他,65-69歳,その他,施錠せず
窃盗,自転車盗,田無,田無駅前交番,132292,東京都,西東京市,田無町４丁目,2020-02-14,19,その他の住宅（３階建て以下共同住宅等）,駐車（輪）場,10歳代,大学生,施錠せず
窃盗,自転車盗,田無,田無駅前交番,132292,東京都,西東京市,田無町４丁目,2020-06-17,08,その他,駐車（輪）場,20歳代,その他,施錠せず
窃盗,自転車盗,田無,田無駅前交番,132292,東京都,西東京市,田無町４丁目,2020-09-08,20,道路上,その他,70歳以上,その他,施錠せず
窃盗,自転車盗,田無,田無駅前交番,132292,東京都,西東京市,田無町４丁目,2020-09-11,06,駐車（輪）場,駐車（輪）場,20歳代,その他,施錠せず
窃盗,自転車盗,田無,田無駅前交番,132292,東京都,西東京市,田無町４丁目,2020-09-22,17,その他の住宅（３階建て以下共同住宅等）,駐車（輪）場,10歳代,高校生,施錠せず
窃盗,自転車盗,田無,田無駅前交番,132292,東京都,西東京市,田無町４丁目,2020-12-20,12,一戸建住宅,その他,30歳代,その他,施錠せず
窃盗,自転車盗,田無,田無駅前交番,132292,東京都,西東京市,田無町７丁目,2020-01-10,13,その他の住宅（３階建て以下共同住宅等）,駐車（輪）場,40歳代,その他,施錠せず
窃盗,自転車盗,田無,田無駅前交番,132292,東京都,西東京市,田無町７丁目,2020-02-20,19,その他の住宅（３階建て以下共同住宅等）,駐車（輪）場,30歳代,その他,施錠せず
窃盗,自転車盗,田無,田無駅前交番,132292,東京都,西東京市,田無町７丁目,2020-03-12,18,４階建て以上共同住宅,その他,10歳代,高校生,施錠せず
窃盗,自転車盗,田無,田無駅前交番,132292,東京都,西東京市,田無町７丁目,2020-07-02,14,４階建て以上共同住宅,駐車（輪）場,70歳以上,その他,施錠せず
窃盗,自転車盗,田無,田無駅前交番,132292,東京都,西東京市,田無町７丁目,2020-09-04,21,一戸建住宅,駐車（輪）場,20歳代,大学生,施錠せず
窃盗,自転車盗,田無,田無駅前交番,132292,東京都,西東京市,南町３丁目,2020-03-25,16,４階建て以上共同住宅,駐車（輪）場,10歳代,その他,施錠せず
窃盗,自転車盗,田無,田無駅前交番,132292,東京都,西東京市,南町３丁目,2020-05-11,07,駐車（輪）場,駐車（輪）場,30歳代,その他,施錠せず
窃盗,自転車盗,田無,田無駅前交番,132292,東京都,西東京市,南町３丁目,2020-08-25,17,駐車（輪）場,駐車（輪）場,10歳代,高校生,施錠せず
窃盗,自転車盗,田無,田無駅前交番,132292,東京都,西東京市,南町３丁目,2020-09-02,07,駐車（輪）場,駐車（輪）場,10歳代,高校生,施錠せず
窃盗,自転車盗,田無,田無駅前交番,132292,東京都,西東京市,南町３丁目,2020-11-19,21,駐車（輪）場,駐車（輪）場,20歳代,その他,施錠せず
窃盗,自転車盗,田無,田無駅前交番,132292,東京都,西東京市,南町３丁目,2020-11-22,12,駐車（輪）場,駐車（輪）場,10歳代,大学生,施錠せず
窃盗,自転車盗,田無,田無駅前交番,132292,東京都,西東京市,南町４丁目,2020-06-05,18,４階建て以上共同住宅,駐車（輪）場,20歳代,その他,施錠せず
窃盗,自転車盗,田無,田無駅前交番,132292,東京都,西東京市,南町４丁目,2020-07-09,07,駐車（輪）場,駐車（輪）場,20歳代,その他,施錠せず
窃盗,自転車盗,田無,田無駅前交番,132292,東京都,西東京市,南町４丁目,2020-07-11,08,駐車（輪）場,駐車（輪）場,10歳代,高校生,施錠せず
窃盗,自転車盗,田無,田無駅前交番,132292,東京都,西東京市,南町４丁目,2020-08-05,07,駐車（輪）場,駐車（輪）場,10歳代,高校生,施錠せず
窃盗,自転車盗,田無,田無駅前交番,132292,東京都,西東京市,南町４丁目,2020-09-06,11,駐車（輪）場,駐車（輪）場,20歳代,大学生,施錠せず
窃盗,自転車盗,田無,田無駅前交番,132292,東京都,西東京市,南町４丁目,2020-09-10,06,駐車（輪）場,駐車（輪）場,10歳代,中学生,施錠せず
窃盗,自転車盗,田無,田無駅前交番,132292,東京都,西東京市,南町５丁目,2019-12-20,06,駐車（輪）場,駐車（輪）場,40歳代,その他,施錠せず
窃盗,自転車盗,田無,田無駅前交番,132292,東京都,西東京市,南町５丁目,2020-01-31,19,駐車（輪）場,駐車（輪）場,20歳代,大学生,施錠せず
窃盗,自転車盗,田無,田無駅前交番,132292,東京都,西東京市,南町５丁目,2020-06-14,20,その他の住宅（３階建て以下共同住宅等）,その他,40歳代,その他,施錠せず
窃盗,自転車盗,田無,田無駅前交番,132292,東京都,西東京市,南町５丁目,2020-07-13,14,その他の住宅（３階建て以下共同住宅等）,駐車（輪）場,50歳代,その他,施錠せず
窃盗,自転車盗,田無,田無駅前交番,132292,東京都,西東京市,南町５丁目,2020-08-12,01,４階建て以上共同住宅,駐車（輪）場,20歳代,その他,施錠せず
窃盗,自転車盗,田無,田無駅前交番,132292,東京都,西東京市,南町６丁目,2020-11-26,21,４階建て以上共同住宅,駐車（輪）場,10歳代,高校生,施錠せず
窃盗,自転車盗,田無,北原町交番,132292,東京都,西東京市,北原町１丁目,2019-12-29,11,一戸建住宅,駐車（輪）場,40歳代,その他,施錠せず
窃盗,自転車盗,田無,北原町交番,132292,東京都,西東京市,北原町２丁目,2020-08-15,06,その他の住宅（３階建て以下共同住宅等）,駐車（輪）場,10歳代,中学生,施錠せず
窃盗,自転車盗,田無,北原町交番,132292,東京都,西東京市,北原町３丁目,2019-11-17,15,その他の住宅（３階建て以下共同住宅等）,駐車（輪）場,20歳代,その他,施錠せず
窃盗,自転車盗,田無,北原町交番,132292,東京都,西東京市,田無町３丁目,2019-11-03,12,４階建て以上共同住宅,駐車（輪）場,40歳代,その他,施錠せず
窃盗,自転車盗,田無,北原町交番,132292,東京都,西東京市,田無町３丁目,2020-08-22,10,その他の住宅（３階建て以下共同住宅等）,駐車（輪）場,10歳代,高校生,施錠せず
窃盗,自転車盗,田無,北原町交番,132292,東京都,西東京市,田無町３丁目,2020-11-02,22,４階建て以上共同住宅,その他,30歳代,その他,施錠せず
窃盗,自転車盗,田無,北原町交番,132292,東京都,西東京市,田無町５丁目,2020-11-14,13,道路上,その他,70歳以上,その他,施錠せず
窃盗,自転車盗,田無,北原町交番,132292,東京都,西東京市,西原町３丁目,2020-10-21,18,４階建て以上共同住宅,駐車（輪）場,10歳未満,小学生,施錠せず
窃盗,自転車盗,田無,北原町交番,132292,東京都,西東京市,西原町４丁目,2020-06-27,11,その他,駐車（輪）場,40歳代,その他,施錠せず
窃盗,自転車盗,田無,北原町交番,132292,東京都,西東京市,西原町５丁目,2020-05-26,00,４階建て以上共同住宅,駐車（輪）場,20歳代,大学生,施錠せず
窃盗,自転車盗,田無,北原町交番,132292,東京都,西東京市,富士町４丁目,2020-01-19,01,道路上,その他,20歳代,その他,施錠せず
窃盗,自転車盗,田無,柳沢駅前交番,132292,東京都,西東京市,保谷町２丁目,2020-05-29,16,一戸建住宅,その他,10歳代,中学生,施錠せず
窃盗,自転車盗,田無,柳沢駅前交番,132292,東京都,西東京市,保谷町３丁目,2020-10-21,11,道路上,その他,50歳代,その他,施錠せず
窃盗,自転車盗,田無,柳沢駅前交番,132292,東京都,西東京市,保谷町４丁目,2020-01-22,03,道路上,その他,50歳代,その他,施錠せず
窃盗,自転車盗,田無,柳沢駅前交番,132292,東京都,西東京市,保谷町４丁目,2020-09-22,19,４階建て以上共同住宅,駐車（輪）場,50歳代,その他,施錠せず
窃盗,自転車盗,田無,柳沢駅前交番,132292,東京都,西東京市,保谷町４丁目,2020-09-24,19,４階建て以上共同住宅,駐車（輪）場,10歳代,中学生,施錠せず
窃盗,自転車盗,田無,柳沢駅前交番,132292,東京都,西東京市,保谷町４丁目,2020-10-27,19,４階建て以上共同住宅,駐車（輪）場,30歳代,その他,施錠せず
窃盗,自転車盗,田無,柳沢駅前交番,132292,東京都,西東京市,保谷町５丁目,2019-12-26,16,道路上,その他,10歳代,高校生,施錠せず
窃盗,自転車盗,田無,柳沢駅前交番,132292,東京都,西東京市,保谷町５丁目,2020-11-26,14,４階建て以上共同住宅,駐車（輪）場,30歳代,その他,施錠せず
窃盗,自転車盗,田無,柳沢駅前交番,132292,東京都,西東京市,南町１丁目,2020-07-22,16,一戸建住宅,その他,20歳代,大学生,施錠せず
窃盗,自転車盗,田無,柳沢駅前交番,132292,東京都,西東京市,南町１丁目,2020-09-01,16,４階建て以上共同住宅,駐車（輪）場,20歳代,大学生,施錠せず
窃盗,自転車盗,田無,柳沢駅前交番,132292,東京都,西東京市,南町２丁目,2020-08-08,12,４階建て以上共同住宅,駐車（輪）場,20歳代,その他,施錠せず
窃盗,自転車盗,田無,柳沢駅前交番,132292,東京都,西東京市,柳沢１丁目,2020-06-20,18,４階建て以上共同住宅,駐車（輪）場,10歳代,中学生,施錠せず
窃盗,自転車盗,田無,柳沢駅前交番,132292,東京都,西東京市,柳沢１丁目,2020-07-30,17,４階建て以上共同住宅,駐車（輪）場,10歳代,中学生,施錠せず
窃盗,自転車盗,田無,柳沢駅前交番,132292,東京都,西東京市,柳沢１丁目,2020-12-01,18,４階建て以上共同住宅,駐車（輪）場,30歳代,その他,施錠せず
窃盗,自転車盗,田無,柳沢駅前交番,132292,東京都,西東京市,柳沢３丁目,2020-07-22,17,４階建て以上共同住宅,駐車（輪）場,20歳代,大学生,施錠せず
窃盗,自転車盗,田無,柳沢駅前交番,132292,東京都,西東京市,柳沢３丁目,2020-08-28,19,４階建て以上共同住宅,その他,20歳代,その他,施錠せず
窃盗,自転車盗,田無,柳沢駅前交番,132292,東京都,西東京市,柳沢５丁目,2020-08-20,22,４階建て以上共同住宅,駐車（輪）場,10歳代,中学生,施錠せず
窃盗,自転車盗,田無,柳沢駅前交番,132292,東京都,西東京市,柳沢６丁目,2020-07-10,18,４階建て以上共同住宅,駐車（輪）場,50歳代,その他,施錠せず
窃盗,自転車盗,田無,坂下交番,132292,東京都,西東京市,東伏見４丁目,2020-09-14,23,その他の住宅（３階建て以下共同住宅等）,駐車（輪）場,20歳代,大学生,施錠せず
窃盗,自転車盗,田無,坂下交番,132292,東京都,西東京市,東伏見５丁目,2020-05-26,20,４階建て以上共同住宅,駐車（輪）場,40歳代,その他,施錠せず
窃盗,自転車盗,田無,坂下交番,132292,東京都,西東京市,東伏見６丁目,2020-02-09,18,４階建て以上共同住宅,駐車（輪）場,20歳代,その他,施錠せず
窃盗,自転車盗,田無,坂下交番,132292,東京都,西東京市,柳沢２丁目,2020-01-08,23,４階建て以上共同住宅,駐車（輪）場,10歳代,高校生,施錠せず
窃盗,自転車盗,田無,坂下交番,132292,東京都,西東京市,柳沢２丁目,2020-02-18,21,４階建て以上共同住宅,駐車（輪）場,40歳代,その他,施錠せず
窃盗,自転車盗,田無,坂下交番,132292,東京都,西東京市,柳沢２丁目,2020-08-04,16,その他,その他,40歳代,その他,施錠せず
窃盗,自転車盗,田無,坂下交番,132292,東京都,西東京市,柳沢２丁目,2020-08-05,20,４階建て以上共同住宅,駐車（輪）場,20歳代,その他,施錠せず
窃盗,自転車盗,田無,坂下交番,132292,東京都,西東京市,柳沢２丁目,2020-09-03,19,４階建て以上共同住宅,駐車（輪）場,70歳以上,その他,施錠せず
窃盗,自転車盗,田無,坂下交番,132292,東京都,西東京市,柳沢２丁目,2020-09-07,16,４階建て以上共同住宅,駐車（輪）場,65-69歳,その他,施錠せず
窃盗,自転車盗,田無,坂下交番,132292,東京都,西東京市,柳沢３丁目,2020-08-08,19,４階建て以上共同住宅,駐車（輪）場,20歳代,大学生,施錠せず
窃盗,自転車盗,田無,坂下交番,132292,東京都,西東京市,柳沢３丁目,2020-09-12,20,４階建て以上共同住宅,その他,60-64歳,その他,施錠せず
窃盗,自転車盗,田無,坂下交番,132292,東京都,西東京市,柳沢３丁目,2020-09-12,20,４階建て以上共同住宅,その他,60-64歳,その他,施錠せず
窃盗,自転車盗,田無,ひばりが丘団地交番,132225,東京都,東久留米市,前沢５丁目,2020-08-02,18,一戸建住宅,駐車（輪）場,10歳代,小学生,施錠せず
窃盗,自転車盗,田無,ひばりが丘団地交番,132225,東京都,東久留米市,南沢５丁目,2019-12-27,22,その他の住宅（３階建て以下共同住宅等）,駐車（輪）場,10歳代,大学生,施錠せず
窃盗,自転車盗,田無,ひばりが丘団地交番,132225,東京都,東久留米市,南沢５丁目,2019-12-30,21,その他,駐車（輪）場,10歳代,その他,施錠せず
窃盗,自転車盗,田無,ひばりが丘団地交番,132225,東京都,東久留米市,南沢５丁目,2020-01-05,11,その他,駐車（輪）場,40歳代,その他,施錠せず
窃盗,自転車盗,田無,ひばりが丘団地交番,132225,東京都,東久留米市,南沢５丁目,2020-02-23,23,駐車（輪）場,駐車（輪）場,50歳代,その他,施錠せず
窃盗,自転車盗,田無,ひばりが丘団地交番,132225,東京都,東久留米市,南沢５丁目,2020-03-24,13,駐車（輪）場,駐車（輪）場,10歳代,中学生,施錠せず
窃盗,自転車盗,田無,ひばりが丘団地交番,132225,東京都,東久留米市,南沢５丁目,2020-03-26,15,その他,駐車（輪）場,20歳代,大学生,施錠せず
窃盗,自転車盗,田無,ひばりが丘団地交番,132225,東京都,東久留米市,南沢５丁目,2020-05-07,20,その他,その他,20歳代,その他,施錠せず
窃盗,自転車盗,田無,ひばりが丘団地交番,132225,東京都,東久留米市,南沢５丁目,2020-07-04,19,その他,駐車（輪）場,40歳代,その他,施錠せず
窃盗,自転車盗,田無,ひばりが丘団地交番,132225,東京都,東久留米市,南沢５丁目,2020-09-22,16,その他,駐車（輪）場,10歳代,高校生,施錠せず
窃盗,自転車盗,田無,ひばりが丘団地交番,132225,東京都,東久留米市,南沢５丁目,2020-10-10,17,その他,駐車（輪）場,30歳代,その他,施錠せず
窃盗,自転車盗,田無,ひばりが丘団地交番,132225,東京都,東久留米市,南沢５丁目,2020-12-01,10,その他,駐車（輪）場,30歳代,その他,施錠せず
窃盗,自転車盗,田無,ひばりが丘団地交番,132225,東京都,東久留米市,南町１丁目,2020-10-07,12,４階建て以上共同住宅,駐車（輪）場,10歳代,高校生,施錠せず
窃盗,自転車盗,田無,ひばりが丘団地交番,132292,東京都,西東京市,西原町５丁目,2020-10-12,19,その他の住宅（３階建て以下共同住宅等）,駐車（輪）場,20歳代,その他,施錠せず
窃盗,自転車盗,田無,ひばりが丘団地交番,132292,東京都,西東京市,西原町５丁目,2020-12-07,17,その他の住宅（３階建て以下共同住宅等）,駐車（輪）場,10歳代,その他,施錠せず
窃盗,自転車盗,田無,ひばりが丘団地交番,132292,東京都,西東京市,西原町５丁目,2020-12-08,16,４階建て以上共同住宅,駐車（輪）場,10歳代,大学生,施錠せず
窃盗,自転車盗,田無,ひばりが丘団地交番,132292,東京都,西東京市,東町３丁目,2020-12-21,01,一戸建住宅,駐車（輪）場,20歳代,大学生,施錠せず
窃盗,自転車盗,田無,ひばりが丘団地交番,132292,東京都,西東京市,ひばりが丘１丁目,2020-11-16,09,その他,駐車（輪）場,30歳代,その他,施錠せず
窃盗,自転車盗,田無,ひばりが丘団地交番,132292,東京都,西東京市,ひばりが丘４丁目,2020-02-20,19,４階建て以上共同住宅,駐車（輪）場,50歳代,その他,施錠せず
窃盗,自転車盗,田無,ひばりが丘団地交番,132292,東京都,西東京市,緑町２丁目,2020-09-14,12,道路上,その他,70歳以上,その他,施錠せず
窃盗,自転車盗,田無,ひばりが丘団地交番,132292,東京都,西東京市,緑町２丁目,2020-12-16,07,一戸建住宅,駐車（輪）場,60-64歳,その他,施錠せず
窃盗,自転車盗,田無,保谷駅前交番,132292,東京都,西東京市,泉町５丁目,2020-03-15,18,一戸建住宅,駐車（輪）場,10歳代,中学生,施錠せず
窃盗,自転車盗,田無,保谷駅前交番,132292,東京都,西東京市,泉町５丁目,2020-04-18,17,一戸建住宅,駐車（輪）場,20歳代,その他,施錠せず
窃盗,自転車盗,田無,保谷駅前交番,132292,東京都,西東京市,泉町５丁目,2020-08-07,17,その他の住宅（３階建て以下共同住宅等）,駐車（輪）場,70歳以上,その他,施錠せず
窃盗,自転車盗,田無,保谷駅前交番,132292,東京都,西東京市,泉町６丁目,2020-02-01,13,４階建て以上共同住宅,駐車（輪）場,10歳代,その他,施錠せず
窃盗,自転車盗,田無,保谷駅前交番,132292,東京都,西東京市,泉町６丁目,2020-05-24,18,４階建て以上共同住宅,駐車（輪）場,50歳代,その他,施錠せず
窃盗,自転車盗,田無,保谷駅前交番,132292,東京都,西東京市,北町１丁目,2020-08-07,08,その他の住宅（３階建て以下共同住宅等）,駐車（輪）場,40歳代,その他,施錠せず
窃盗,自転車盗,田無,保谷駅前交番,132292,東京都,西東京市,栄町２丁目,2020-05-23,01,その他の住宅（３階建て以下共同住宅等）,駐車（輪）場,30歳代,その他,施錠せず
窃盗,自転車盗,田無,保谷駅前交番,132292,東京都,西東京市,下保谷２丁目,2020-10-04,19,４階建て以上共同住宅,駐車（輪）場,10歳代,高校生,施錠せず
窃盗,自転車盗,田無,保谷駅前交番,132292,東京都,西東京市,下保谷３丁目,2020-09-07,12,道路上,その他,70歳以上,その他,施錠せず
窃盗,自転車盗,田無,保谷駅前交番,132292,東京都,西東京市,下保谷４丁目,2020-01-19,21,その他,その他,10歳代,高校生,施錠せず
窃盗,自転車盗,田無,保谷駅前交番,132292,東京都,西東京市,下保谷４丁目,2020-01-26,04,その他の住宅（３階建て以下共同住宅等）,その他,40歳代,その他,施錠せず
窃盗,自転車盗,田無,保谷駅前交番,132292,東京都,西東京市,下保谷４丁目,2020-02-06,09,駐車（輪）場,駐車（輪）場,20歳代,その他,施錠せず
窃盗,自転車盗,田無,保谷駅前交番,132292,東京都,西東京市,下保谷４丁目,2020-02-06,11,駐車（輪）場,駐車（輪）場,40歳代,その他,施錠せず
窃盗,自転車盗,田無,保谷駅前交番,132292,東京都,西東京市,下保谷４丁目,2020-08-19,09,駐車（輪）場,駐車（輪）場,20歳代,その他,施錠せず
窃盗,自転車盗,田無,保谷駅前交番,132292,東京都,西東京市,住吉町５丁目,2020-01-17,20,その他の住宅（３階建て以下共同住宅等）,駐車（輪）場,50歳代,その他,施錠せず
窃盗,自転車盗,田無,保谷駅前交番,132292,東京都,西東京市,中町４丁目,2020-03-01,22,道路上,その他,50歳代,その他,施錠せず
窃盗,自転車盗,田無,保谷駅前交番,132292,東京都,西東京市,中町４丁目,2020-04-10,11,道路上,その他,50歳代,その他,施錠せず
窃盗,自転車盗,田無,保谷駅前交番,132292,東京都,西東京市,中町４丁目,2020-10-05,22,一戸建住宅,その他,40歳代,その他,施錠せず
窃盗,自転車盗,田無,保谷駅前交番,132292,東京都,西東京市,中町５丁目,2020-02-01,22,一戸建住宅,駐車（輪）場,10歳代,中学生,施錠せず
窃盗,自転車盗,田無,保谷駅前交番,132292,東京都,西東京市,中町６丁目,2020-12-01,08,一戸建住宅,駐車（輪）場,30歳代,その他,施錠せず
窃盗,自転車盗,田無,保谷駅前交番,132292,東京都,西東京市,東町２丁目,2020-12-26,22,４階建て以上共同住宅,駐車（輪）場,10歳代,中学生,施錠せず
窃盗,自転車盗,田無,保谷駅前交番,132292,東京都,西東京市,東町３丁目,2020-05-13,16,４階建て以上共同住宅,駐車（輪）場,10歳代,中学生,施錠せず
窃盗,自転車盗,田無,保谷駅前交番,132292,東京都,西東京市,東町３丁目,2020-06-29,14,駐車（輪）場,駐車（輪）場,20歳代,その他,施錠せず
窃盗,自転車盗,田無,保谷駅前交番,132292,東京都,西東京市,東町３丁目,2020-12-03,17,４階建て以上共同住宅,駐車（輪）場,20歳代,大学生,施錠せず
窃盗,自転車盗,田無,保谷駅前交番,132292,東京都,西東京市,東町３丁目,2020-12-27,19,４階建て以上共同住宅,駐車（輪）場,20歳代,その他,施錠せず
窃盗,自転車盗,田無,保谷駅前交番,132292,東京都,西東京市,東町４丁目,2020-02-24,09,その他,駐車（輪）場,40歳代,その他,施錠せず
窃盗,自転車盗,田無,保谷駅前交番,132292,東京都,西東京市,東町４丁目,2020-07-05,10,４階建て以上共同住宅,駐車（輪）場,30歳代,その他,施錠せず
窃盗,自転車盗,田無,保谷駅前交番,132292,東京都,西東京市,東町５丁目,2020-03-24,13,一戸建住宅,駐車（輪）場,40歳代,その他,施錠せず
窃盗,自転車盗,田無,保谷駅前交番,132292,東京都,西東京市,東町５丁目,2020-12-13,19,４階建て以上共同住宅,駐車（輪）場,20歳代,大学生,施錠せず
窃盗,自転車盗,田無,保谷駅前交番,132292,東京都,西東京市,東町６丁目,2020-03-10,11,駐車（輪）場,駐車（輪）場,70歳以上,その他,施錠せず
窃盗,自転車盗,田無,東伏見交番,132292,東京都,西東京市,東伏見３丁目,2020-06-26,15,その他,駐車（輪）場,20歳代,大学生,施錠せず
窃盗,自転車盗,田無,東伏見交番,132292,東京都,西東京市,東伏見３丁目,2020-09-11,10,駐車（輪）場,駐車（輪）場,10歳代,大学生,施錠せず
窃盗,自転車盗,田無,東伏見交番,132292,東京都,西東京市,東伏見３丁目,2020-12-11,20,駐車（輪）場,駐車（輪）場,20歳代,その他,施錠せず
窃盗,自転車盗,田無,東伏見交番,132292,東京都,西東京市,富士町１丁目,2020-02-15,19,４階建て以上共同住宅,駐車（輪）場,30歳代,その他,施錠せず
窃盗,自転車盗,田無,東伏見交番,132292,東京都,西東京市,富士町１丁目,2020-04-18,16,４階建て以上共同住宅,駐車（輪）場,40歳代,その他,施錠せず
窃盗,自転車盗,田無,東伏見交番,132292,東京都,西東京市,富士町１丁目,2020-09-19,20,４階建て以上共同住宅,駐車（輪）場,20歳代,その他,施錠せず
窃盗,自転車盗,田無,東伏見交番,132292,東京都,西東京市,富士町１丁目,2020-09-23,19,４階建て以上共同住宅,駐車（輪）場,10歳代,大学生,施錠せず
窃盗,自転車盗,田無,東伏見交番,132292,東京都,西東京市,富士町２丁目,2020-08-26,21,一戸建住宅,その他,20歳代,その他,施錠せず
窃盗,自転車盗,田無,東伏見交番,132292,東京都,西東京市,富士町２丁目,2020-10-03,18,その他の住宅（３階建て以下共同住宅等）,駐車（輪）場,30歳代,その他,施錠せず
窃盗,自転車盗,田無,東伏見交番,132292,東京都,西東京市,富士町３丁目,2020-10-26,21,一戸建住宅,その他,10歳代,高校生,施錠せず
窃盗,自転車盗,田無,東伏見交番,132292,東京都,西東京市,富士町４丁目,2020-01-26,19,その他の住宅（３階建て以下共同住宅等）,その他,40歳代,その他,施錠せず
窃盗,自転車盗,田無,東伏見交番,132292,東京都,西東京市,富士町４丁目,2020-02-19,14,駐車（輪）場,駐車（輪）場,50歳代,その他,施錠せず
窃盗,自転車盗,田無,東伏見交番,132292,東京都,西東京市,富士町４丁目,2020-02-20,21,４階建て以上共同住宅,駐車（輪）場,10歳代,中学生,施錠せず
窃盗,自転車盗,田無,東伏見交番,132292,東京都,西東京市,富士町４丁目,2020-03-23,13,一戸建住宅,駐車（輪）場,70歳以上,その他,施錠せず
窃盗,自転車盗,田無,東伏見交番,132292,東京都,西東京市,富士町４丁目,2020-08-09,16,４階建て以上共同住宅,駐車（輪）場,20歳代,大学生,施錠せず
窃盗,自転車盗,田無,東伏見交番,132292,東京都,西東京市,富士町４丁目,2020-09-13,10,その他,駐車（輪）場,30歳代,その他,施錠せず
窃盗,自転車盗,田無,東伏見交番,132292,東京都,西東京市,富士町４丁目,2020-09-19,12,一戸建住宅,その他,20歳代,大学生,施錠せず
窃盗,自転車盗,田無,東伏見交番,132292,東京都,西東京市,富士町４丁目,2020-11-21,13,道路上,その他,40歳代,その他,施錠せず
窃盗,自転車盗,田無,東伏見交番,132292,東京都,西東京市,富士町５丁目,2020-05-05,16,４階建て以上共同住宅,駐車（輪）場,20歳代,その他,施錠せず
窃盗,自転車盗,田無,東伏見交番,132292,東京都,西東京市,富士町６丁目,2020-03-01,17,駐車（輪）場,駐車（輪）場,30歳代,その他,施錠せず
窃盗,自転車盗,田無,東伏見交番,132292,東京都,西東京市,富士町６丁目,2020-11-20,19,４階建て以上共同住宅,駐車（輪）場,50歳代,その他,施錠せず
窃盗,自転車盗,田無,泉町交番,132292,東京都,西東京市,泉町１丁目,2020-08-11,07,一戸建住宅,駐車（輪）場,10歳代,中学生,施錠せず
窃盗,自転車盗,田無,泉町交番,132292,東京都,西東京市,泉町２丁目,2020-07-25,23,一戸建住宅,駐車（輪）場,40歳代,その他,施錠せず
窃盗,自転車盗,田無,泉町交番,132292,東京都,西東京市,泉町２丁目,2020-07-31,19,一戸建住宅,駐車（輪）場,40歳代,その他,施錠せず
窃盗,自転車盗,田無,泉町交番,132292,東京都,西東京市,泉町２丁目,2020-09-05,13,一戸建住宅,その他,20歳代,その他,施錠せず
窃盗,自転車盗,田無,泉町交番,132292,東京都,西東京市,泉町４丁目,2020-03-26,00,その他の住宅（３階建て以下共同住宅等）,その他,30歳代,その他,施錠せず
窃盗,自転車盗,田無,泉町交番,132292,東京都,西東京市,住吉町１丁目,2020-07-08,19,一戸建住宅,その他,10歳代,中学生,施錠せず
窃盗,自転車盗,田無,泉町交番,132292,東京都,西東京市,住吉町１丁目,2020-11-01,20,一戸建住宅,その他,10歳代,高校生,施錠せず
窃盗,自転車盗,田無,泉町交番,132292,東京都,西東京市,住吉町１丁目,2020-11-04,19,道路上,その他,40歳代,その他,施錠せず
窃盗,自転車盗,田無,泉町交番,132292,東京都,西東京市,中町６丁目,2020-03-07,16,道路上,その他,30歳代,その他,施錠せず
窃盗,自転車盗,田無,泉町交番,132292,東京都,西東京市,中町６丁目,2020-08-05,19,道路上,その他,50歳代,その他,施錠せず
窃盗,自転車盗,田無,泉町交番,132292,東京都,西東京市,保谷町１丁目,2020-04-17,18,一戸建住宅,その他,20歳代,その他,施錠せず
窃盗,自転車盗,田無,泉町交番,132292,東京都,西東京市,保谷町１丁目,2020-07-03,13,その他の住宅（３階建て以下共同住宅等）,その他,40歳代,その他,施錠せず
窃盗,自転車盗,田無,泉町交番,132292,東京都,西東京市,保谷町６丁目,2020-12-01,10,その他,その他,50歳代,その他,施錠せず
窃盗,自転車盗,田無,保谷新町交番,132292,東京都,西東京市,新町１丁目,2020-01-06,08,その他,駐車（輪）場,10歳代,大学生,施錠せず
窃盗,自転車盗,田無,保谷新町交番,132292,東京都,西東京市,新町１丁目,2020-01-12,01,４階建て以上共同住宅,駐車（輪）場,20歳代,その他,施錠せず
窃盗,自転車盗,田無,保谷新町交番,132292,東京都,西東京市,新町４丁目,2020-05-08,20,その他の住宅（３階建て以下共同住宅等）,駐車（輪）場,20歳代,その他,施錠せず
窃盗,自転車盗,田無,保谷新町交番,132292,東京都,西東京市,新町５丁目,2020-08-07,15,道路上,その他,40歳代,その他,施錠せず
窃盗,自転車盗,田無,保谷新町交番,132292,東京都,西東京市,向台町２丁目,2020-06-16,00,道路上,その他,65-69歳,その他,施錠せず
窃盗,自転車盗,田無,保谷新町交番,132292,東京都,西東京市,向台町２丁目,2020-09-07,18,その他,駐車（輪）場,10歳代,中学生,施錠せず
窃盗,自転車盗,田無,保谷新町交番,132292,東京都,西東京市,向台町３丁目,2020-08-03,19,その他,駐車（輪）場,40歳代,その他,施錠せず
窃盗,自転車盗,田無,保谷新町交番,132292,東京都,西東京市,向台町３丁目,2020-09-18,19,その他の住宅（３階建て以下共同住宅等）,その他,30歳代,その他,施錠せず
窃盗,自転車盗,田無,保谷新町交番,132292,東京都,西東京市,向台町３丁目,2020-09-18,20,一戸建住宅,その他,50歳代,その他,施錠せず
窃盗,自転車盗,田無,保谷新町交番,132292,東京都,西東京市,向台町４丁目,2020-06-23,21,４階建て以上共同住宅,駐車（輪）場,40歳代,その他,施錠せず
窃盗,自転車盗,田無,保谷新町交番,132292,東京都,西東京市,向台町４丁目,2020-07-16,14,４階建て以上共同住宅,駐車（輪）場,40歳代,その他,施錠せず
窃盗,自転車盗,田無,保谷新町交番,132292,東京都,西東京市,向台町４丁目,2020-08-19,16,一戸建住宅,その他,10歳代,小学生,施錠せず
窃盗,自転車盗,田無,保谷新町交番,132292,東京都,西東京市,向台町４丁目,2020-09-29,22,一戸建住宅,その他,50歳代,その他,施錠せず
窃盗,自転車盗,田無,保谷新町交番,132292,東京都,西東京市,向台町５丁目,2019-12-28,08,その他,駐車（輪）場,10歳代,小学生,施錠せず
窃盗,自転車盗,田無,保谷新町交番,132292,東京都,西東京市,向台町５丁目,2020-05-03,11,その他,駐車（輪）場,50歳代,その他,施錠せず
窃盗,自転車盗,田無,保谷新町交番,132292,東京都,西東京市,向台町５丁目,2020-11-18,20,その他の住宅（３階建て以下共同住宅等）,駐車（輪）場,20歳代,その他,施錠せず
窃盗,自転車盗,田無,保谷新町交番,132292,東京都,西東京市,向台町６丁目,2020-03-08,02,一戸建住宅,その他,20歳代,その他,施錠せず
窃盗,自転車盗,田無,野火止交番,132225,東京都,東久留米市,幸町４丁目,2020-05-08,16,その他,駐車（輪）場,10歳代,その他,施錠せず
窃盗,自転車盗,田無,野火止交番,132225,東京都,東久留米市,下里７丁目,2020-06-19,09,４階建て以上共同住宅,駐車（輪）場,50歳代,その他,施錠せず
窃盗,自転車盗,田無,野火止交番,132225,東京都,東久留米市,下里７丁目,2020-10-21,18,駐車（輪）場,駐車（輪）場,10歳代,中学生,施錠せず
窃盗,自転車盗,田無,野火止交番,132225,東京都,東久留米市,下里７丁目,2020-12-16,17,４階建て以上共同住宅,駐車（輪）場,10歳代,小学生,施錠せず
窃盗,自転車盗,田無,野火止交番,132225,東京都,東久留米市,野火止１丁目,2019-12-19,12,駐車（輪）場,駐車（輪）場,10歳代,高校生,施錠せず
窃盗,自転車盗,田無,野火止交番,132225,東京都,東久留米市,野火止１丁目,2020-01-16,18,その他,駐車（輪）場,10歳代,高校生,施錠せず
窃盗,自転車盗,田無,野火止交番,132225,東京都,東久留米市,野火止２丁目,2020-01-06,08,その他,駐車（輪）場,10歳代,高校生,施錠せず
窃盗,自転車盗,田無,野火止交番,132225,東京都,東久留米市,野火止３丁目,2020-06-06,15,一戸建住宅,その他,20歳代,その他,施錠せず
窃盗,自転車盗,田無,野火止交番,132225,東京都,東久留米市,八幡町１丁目,2020-08-25,14,４階建て以上共同住宅,駐車（輪）場,65-69歳,その他,施錠せず
窃盗,自転車盗,田無,野火止交番,132225,東京都,東久留米市,八幡町１丁目,2020-10-12,18,４階建て以上共同住宅,駐車（輪）場,10歳代,中学生,施錠せず
窃盗,自転車盗,田無,野火止交番,132225,東京都,東久留米市,八幡町１丁目,2020-12-21,08,その他,駐車（輪）場,30歳代,その他,施錠せず
窃盗,自転車盗,田無,野火止交番,132225,東京都,東久留米市,八幡町２丁目,2020-01-03,14,その他の住宅（３階建て以下共同住宅等）,駐車（輪）場,30歳代,その他,施錠せず
窃盗,自転車盗,田無,滝山交番,132225,東京都,東久留米市,滝山２丁目,2020-10-01,17,４階建て以上共同住宅,駐車（輪）場,70歳以上,その他,施錠せず
窃盗,自転車盗,田無,滝山交番,132225,東京都,東久留米市,滝山２丁目,2020-11-16,19,４階建て以上共同住宅,駐車（輪）場,40歳代,その他,施錠せず
窃盗,自転車盗,田無,滝山交番,132225,東京都,東久留米市,滝山５丁目,2020-10-13,19,一戸建住宅,その他,20歳代,大学生,施錠せず
窃盗,自転車盗,田無,滝山交番,132225,東京都,東久留米市,滝山６丁目,2020-08-20,12,４階建て以上共同住宅,駐車（輪）場,70歳以上,その他,施錠せず
窃盗,自転車盗,田無,滝山交番,132225,東京都,東久留米市,滝山６丁目,2020-10-03,18,４階建て以上共同住宅,駐車（輪）場,10歳代,中学生,施錠せず
窃盗,自転車盗,田無,滝山交番,132225,東京都,東久留米市,滝山６丁目,2020-10-11,16,４階建て以上共同住宅,駐車（輪）場,70歳以上,その他,施錠せず
窃盗,自転車盗,田無,滝山交番,132225,東京都,東久留米市,滝山６丁目,2020-10-12,20,４階建て以上共同住宅,駐車（輪）場,65-69歳,その他,施錠せず
窃盗,自転車盗,田無,滝山交番,132225,東京都,東久留米市,滝山６丁目,2020-12-12,19,４階建て以上共同住宅,駐車（輪）場,30歳代,その他,施錠せず
窃盗,自転車盗,田無,滝山交番,132225,東京都,東久留米市,滝山７丁目,2020-11-10,10,道路上,その他,40歳代,その他,施錠せず
窃盗,自転車盗,田無,滝山交番,132225,東京都,東久留米市,前沢４丁目,2020-07-17,17,その他の住宅（３階建て以下共同住宅等）,駐車（輪）場,10歳代,小学生,施錠せず
窃盗,自転車盗,田無,滝山交番,132225,東京都,東久留米市,前沢４丁目,2020-10-28,15,一戸建住宅,その他,10歳代,中学生,施錠せず
窃盗,自転車盗,田無,滝山交番,132225,東京都,東久留米市,前沢５丁目,2020-08-06,23,４階建て以上共同住宅,駐車（輪）場,30歳代,その他,施錠せず
窃盗,自転車盗,田無,滝山交番,132225,東京都,東久留米市,前沢５丁目,2020-12-12,11,その他の住宅（３階建て以下共同住宅等）,駐車（輪）場,50歳代,その他,施錠せず
窃盗,自転車盗,田無,滝山交番,132225,東京都,東久留米市,弥生１丁目,2019-12-28,20,４階建て以上共同住宅,駐車（輪）場,60-64歳,その他,施錠せず
窃盗,自転車盗,田無,滝山交番,132225,東京都,東久留米市,弥生１丁目,2020-06-06,20,４階建て以上共同住宅,駐車（輪）場,10歳代,中学生,施錠せず
窃盗,自転車盗,田無,南沢交番,132225,東京都,東久留米市,小山２丁目,2020-07-23,22,その他の住宅（３階建て以下共同住宅等）,駐車（輪）場,10歳代,中学生,施錠せず
窃盗,自転車盗,田無,南沢交番,132225,東京都,東久留米市,小山２丁目,2020-08-19,16,その他の住宅（３階建て以下共同住宅等）,駐車（輪）場,30歳代,その他,施錠せず
窃盗,自転車盗,田無,南沢交番,132225,東京都,東久留米市,幸町２丁目,2020-06-13,21,その他の住宅（３階建て以下共同住宅等）,駐車（輪）場,40歳代,その他,施錠せず
窃盗,自転車盗,田無,南沢交番,132225,東京都,東久留米市,中央町２丁目,2020-06-08,19,その他,駐車（輪）場,20歳代,大学生,施錠せず
窃盗,自転車盗,田無,南沢交番,132225,東京都,東久留米市,中央町２丁目,2020-10-07,11,一戸建住宅,駐車（輪）場,70歳以上,その他,施錠せず
窃盗,自転車盗,田無,南沢交番,132225,東京都,東久留米市,中央町３丁目,2020-11-19,08,その他の住宅（３階建て以下共同住宅等）,駐車（輪）場,10歳代,高校生,施錠せず
窃盗,自転車盗,田無,南沢交番,132225,東京都,東久留米市,本町３丁目,2020-01-24,17,その他,駐車（輪）場,40歳代,その他,施錠せず
窃盗,自転車盗,田無,南沢交番,132225,東京都,東久留米市,本町３丁目,2020-04-19,15,その他,駐車（輪）場,20歳代,大学生,施錠せず
窃盗,自転車盗,田無,南沢交番,132225,東京都,東久留米市,本町３丁目,2020-04-22,17,駐車（輪）場,駐車（輪）場,20歳代,その他,施錠せず
窃盗,自転車盗,田無,南沢交番,132225,東京都,東久留米市,本町３丁目,2020-10-05,14,４階建て以上共同住宅,駐車（輪）場,40歳代,その他,施錠せず
窃盗,自転車盗,田無,南沢交番,132225,東京都,東久留米市,本町３丁目,2020-10-27,19,その他,駐車（輪）場,10歳代,中学生,施錠せず
窃盗,自転車盗,田無,南沢交番,132225,東京都,東久留米市,本町３丁目,2020-12-14,18,道路上,その他,40歳代,その他,施錠せず
窃盗,自転車盗,田無,前沢交番,132225,東京都,東久留米市,幸町４丁目,2020-12-17,17,その他,駐車（輪）場,20歳代,その他,施錠せず
窃盗,自転車盗,田無,前沢交番,132225,東京都,東久留米市,下里７丁目,2020-07-01,20,４階建て以上共同住宅,駐車（輪）場,10歳代,その他,施錠せず
窃盗,自転車盗,田無,前沢交番,132225,東京都,東久留米市,中央町５丁目,2020-01-08,21,その他の住宅（３階建て以下共同住宅等）,駐車（輪）場,20歳代,その他,施錠せず
窃盗,自転車盗,田無,前沢交番,132225,東京都,東久留米市,中央町５丁目,2020-03-20,17,一戸建住宅,その他,70歳以上,その他,施錠せず
窃盗,自転車盗,田無,前沢交番,132225,東京都,東久留米市,中央町５丁目,2020-06-13,19,その他の住宅（３階建て以下共同住宅等）,駐車（輪）場,20歳代,その他,施錠せず
窃盗,自転車盗,田無,前沢交番,132225,東京都,東久留米市,中央町５丁目,2020-06-16,09,その他の住宅（３階建て以下共同住宅等）,駐車（輪）場,30歳代,その他,施錠せず
窃盗,自転車盗,田無,前沢交番,132225,東京都,東久留米市,八幡町２丁目,2020-01-09,20,その他の住宅（３階建て以下共同住宅等）,駐車（輪）場,30歳代,その他,施錠せず
窃盗,自転車盗,田無,前沢交番,132225,東京都,東久留米市,八幡町２丁目,2020-06-04,10,その他の住宅（３階建て以下共同住宅等）,駐車（輪）場,10歳代,中学生,施錠せず
窃盗,自転車盗,田無,前沢交番,132225,東京都,東久留米市,八幡町３丁目,2020-09-04,17,一戸建住宅,その他,10歳代,高校生,施錠せず
窃盗,自転車盗,田無,前沢交番,132225,東京都,東久留米市,前沢１丁目,2020-02-14,19,一戸建住宅,駐車（輪）場,10歳代,大学生,施錠せず
窃盗,自転車盗,田無,前沢交番,132225,東京都,東久留米市,前沢１丁目,2020-12-03,21,４階建て以上共同住宅,駐車（輪）場,10歳代,その他,施錠せず
窃盗,自転車盗,田無,前沢交番,132225,東京都,東久留米市,前沢３丁目,2020-11-28,19,一戸建住宅,その他,10歳代,中学生,施錠せず
窃盗,自転車盗,田無,前沢交番,132225,東京都,東久留米市,前沢５丁目,2020-04-11,17,その他,駐車（輪）場,10歳代,高校生,施錠せず
窃盗,自転車盗,田無,学園前駐在所,132225,東京都,東久留米市,学園町２丁目,2020-04-06,17,一戸建住宅,駐車（輪）場,20歳代,その他,施錠せず
窃盗,自転車盗,田無,学園前駐在所,132225,東京都,東久留米市,学園町２丁目,2020-10-01,16,一戸建住宅,駐車（輪）場,20歳代,その他,施錠せず
窃盗,自転車盗,田無,学園前駐在所,132225,東京都,東久留米市,下里６丁目,2020-03-07,21,道路上,その他,30歳代,その他,施錠せず
窃盗,自転車盗,田無,学園前駐在所,132225,東京都,東久留米市,中央町４丁目,2020-03-21,20,一戸建住宅,その他,50歳代,その他,施錠せず
窃盗,自転車盗,田無,学園前駐在所,132225,東京都,東久留米市,南沢２丁目,2020-04-07,08,一戸建住宅,駐車（輪）場,30歳代,その他,施錠せず
窃盗,自転車盗,田無,上の原交番,132225,東京都,東久留米市,上の原１丁目,2020-01-01,17,４階建て以上共同住宅,駐車（輪）場,10歳代,中学生,施錠せず
窃盗,自転車盗,田無,上の原交番,132225,東京都,東久留米市,上の原２丁目,2020-01-17,10,その他,駐車（輪）場,20歳代,大学生,施錠せず
窃盗,自転車盗,田無,上の原交番,132225,東京都,東久留米市,上の原２丁目,2020-03-01,08,駐車（輪）場,駐車（輪）場,10歳代,中学生,施錠せず
窃盗,自転車盗,田無,上の原交番,132225,東京都,東久留米市,上の原２丁目,2020-03-11,08,駐車（輪）場,駐車（輪）場,10歳代,大学生,施錠せず
窃盗,自転車盗,田無,上の原交番,132225,東京都,東久留米市,金山町１丁目,2020-05-04,00,４階建て以上共同住宅,その他,40歳代,その他,施錠せず
窃盗,自転車盗,田無,上の原交番,132225,東京都,東久留米市,神宝町１丁目,2020-06-26,21,一戸建住宅,駐車（輪）場,10歳代,高校生,施錠せず
窃盗,自転車盗,田無,ひばりが丘駅前交番,132292,東京都,西東京市,栄町１丁目,2020-01-04,18,その他の住宅（３階建て以下共同住宅等）,駐車（輪）場,10歳代,中学生,施錠せず
窃盗,自転車盗,田無,ひばりが丘駅前交番,132292,東京都,西東京市,栄町１丁目,2020-07-15,19,一戸建住宅,その他,10歳代,中学生,施錠せず
窃盗,自転車盗,田無,ひばりが丘駅前交番,132292,東京都,西東京市,栄町２丁目,2020-12-09,19,４階建て以上共同住宅,駐車（輪）場,20歳代,その他,施錠せず
窃盗,自転車盗,田無,ひばりが丘駅前交番,132292,東京都,西東京市,新町１丁目,2020-09-05,19,その他,駐車（輪）場,10歳代,中学生,施錠せず
窃盗,自転車盗,田無,ひばりが丘駅前交番,132292,東京都,西東京市,住吉町１丁目,2020-08-05,16,４階建て以上共同住宅,駐車（輪）場,10歳代,高校生,施錠せず
窃盗,自転車盗,田無,ひばりが丘駅前交番,132292,東京都,西東京市,住吉町３丁目,2020-08-07,12,その他,駐車（輪）場,30歳代,その他,施錠せず
窃盗,自転車盗,田無,ひばりが丘駅前交番,132292,東京都,西東京市,住吉町３丁目,2020-08-16,15,その他,駐車（輪）場,10歳代,中学生,施錠せず
窃盗,自転車盗,田無,ひばりが丘駅前交番,132292,東京都,西東京市,住吉町３丁目,2020-08-19,17,その他,駐車（輪）場,10歳代,高校生,施錠せず
窃盗,自転車盗,田無,ひばりが丘駅前交番,132292,東京都,西東京市,住吉町３丁目,2020-08-24,09,駐車（輪）場,駐車（輪）場,50歳代,その他,施錠せず
窃盗,自転車盗,田無,ひばりが丘駅前交番,132292,東京都,西東京市,住吉町３丁目,2020-11-25,23,その他,駐車（輪）場,40歳代,その他,施錠せず
窃盗,自転車盗,田無,ひばりが丘駅前交番,132292,東京都,西東京市,住吉町３丁目,2020-11-27,19,その他,駐車（輪）場,20歳代,その他,施錠せず
窃盗,自転車盗,田無,ひばりが丘駅前交番,132292,東京都,西東京市,住吉町４丁目,2020-07-18,19,その他の住宅（３階建て以下共同住宅等）,駐車（輪）場,20歳代,その他,施錠せず
窃盗,自転車盗,田無,ひばりが丘駅前交番,132292,東京都,西東京市,住吉町４丁目,2020-10-26,17,一戸建住宅,駐車（輪）場,50歳代,その他,施錠せず
窃盗,自転車盗,田無,ひばりが丘駅前交番,132292,東京都,西東京市,ひばりが丘１丁目,2020-02-14,10,その他,その他,50歳代,その他,施錠せず
窃盗,自転車盗,田無,ひばりが丘駅前交番,132292,東京都,西東京市,ひばりが丘１丁目,2020-07-14,17,駐車（輪）場,駐車（輪）場,20歳代,その他,施錠せず
窃盗,自転車盗,田無,ひばりが丘駅前交番,132292,東京都,西東京市,ひばりが丘１丁目,2020-08-13,13,駐車（輪）場,駐車（輪）場,50歳代,その他,施錠せず
窃盗,自転車盗,田無,ひばりが丘駅前交番,132292,東京都,西東京市,ひばりが丘１丁目,2020-09-15,06,道路上,その他,30歳代,その他,施錠せず
窃盗,自転車盗,田無,ひばりが丘駅前交番,132292,東京都,西東京市,ひばりが丘１丁目,2020-10-02,20,一戸建住宅,駐車（輪）場,40歳代,その他,施錠せず
窃盗,自転車盗,田無,ひばりが丘駅前交番,132292,東京都,西東京市,ひばりが丘１丁目,2020-10-18,16,その他,駐車（輪）場,10歳代,その他,施錠せず
窃盗,自転車盗,田無,ひばりが丘駅前交番,132292,東京都,西東京市,ひばりが丘１丁目,2020-11-13,23,その他の住宅（３階建て以下共同住宅等）,駐車（輪）場,30歳代,その他,施錠せず
窃盗,自転車盗,田無,ひばりが丘駅前交番,132292,東京都,西東京市,ひばりが丘２丁目,2020-09-20,13,駐車（輪）場,駐車（輪）場,40歳代,その他,施錠せず
窃盗,自転車盗,田無,ひばりが丘駅前交番,132292,東京都,西東京市,ひばりが丘３丁目,2020-08-01,22,その他,その他,40歳代,その他,施錠せず
窃盗,自転車盗,田無,ひばりが丘駅前交番,132292,東京都,西東京市,ひばりが丘４丁目,2020-10-19,18,その他の住宅（３階建て以下共同住宅等）,駐車（輪）場,20歳代,大学生,施錠せず
窃盗,自転車盗,田無,ひばりが丘駅前交番,132292,東京都,西東京市,ひばりが丘北１丁目,2020-05-05,06,一戸建住宅,駐車（輪）場,10歳代,高校生,施錠せず
窃盗,自転車盗,田無,ひばりが丘駅前交番,132292,東京都,西東京市,ひばりが丘北１丁目,2020-05-27,17,一戸建住宅,駐車（輪）場,10歳未満,小学生,施錠せず
窃盗,自転車盗,田無,ひばりが丘駅前交番,132292,東京都,西東京市,ひばりが丘北１丁目,2020-12-12,19,その他の住宅（３階建て以下共同住宅等）,駐車（輪）場,65-69歳,その他,施錠せず
窃盗,自転車盗,田無,ひばりが丘駅前交番,132292,東京都,西東京市,ひばりが丘北２丁目,2020-02-13,07,一戸建住宅,その他,40歳代,その他,施錠せず
窃盗,自転車盗,田無,ひばりが丘駅前交番,132292,東京都,西東京市,ひばりが丘北２丁目,2020-03-12,21,一戸建住宅,その他,10歳代,中学生,施錠せず
窃盗,自転車盗,田無,ひばりが丘駅前交番,132292,東京都,西東京市,ひばりが丘北３丁目,2020-01-28,18,一戸建住宅,駐車（輪）場,60-64歳,その他,施錠せず
窃盗,自転車盗,田無,ひばりが丘駅前交番,132292,東京都,西東京市,ひばりが丘北３丁目,2020-02-27,18,一戸建住宅,その他,10歳代,小学生,施錠せず
窃盗,自転車盗,田無,ひばりが丘駅前交番,132292,東京都,西東京市,ひばりが丘北３丁目,2020-03-30,13,一戸建住宅,駐車（輪）場,70歳以上,その他,施錠せず
窃盗,自転車盗,田無,ひばりが丘駅前交番,132292,東京都,西東京市,ひばりが丘北３丁目,2020-06-09,23,駐車（輪）場,駐車（輪）場,20歳代,その他,施錠せず
窃盗,自転車盗,田無,ひばりが丘駅前交番,132292,東京都,西東京市,ひばりが丘北３丁目,2020-07-19,20,駐車（輪）場,駐車（輪）場,20歳代,大学生,施錠せず
窃盗,自転車盗,田無,ひばりが丘駅前交番,132292,東京都,西東京市,ひばりが丘北３丁目,2020-07-27,11,４階建て以上共同住宅,その他,20歳代,その他,施錠せず
窃盗,自転車盗,田無,ひばりが丘駅前交番,132292,東京都,西東京市,ひばりが丘北３丁目,2020-08-30,20,駐車（輪）場,駐車（輪）場,20歳代,その他,施錠せず
窃盗,自転車盗,田無,ひばりが丘駅前交番,132292,東京都,西東京市,ひばりが丘北３丁目,2020-11-09,22,道路上,その他,10歳代,高校生,施錠せず
窃盗,自転車盗,田無,ひばりが丘駅前交番,132292,東京都,西東京市,ひばりが丘北３丁目,2020-11-21,06,４階建て以上共同住宅,駐車（輪）場,20歳代,その他,施錠せず
窃盗,自転車盗,田無,ひばりが丘駅前交番,132292,東京都,西東京市,ひばりが丘北３丁目,2020-12-07,08,その他の住宅（３階建て以下共同住宅等）,駐車（輪）場,30歳代,その他,施錠せず
窃盗,自転車盗,田無,ひばりが丘駅前交番,132292,東京都,西東京市,ひばりが丘北４丁目,2020-10-11,13,駐車（輪）場,駐車（輪）場,20歳代,その他,施錠せず
窃盗,自転車盗,田無,ひばりが丘駅前交番,132292,東京都,西東京市,ひばりが丘北４丁目,2020-11-16,06,駐車（輪）場,駐車（輪）場,20歳代,その他,施錠せず
窃盗,自転車盗,田無,ひばりが丘駅前交番,132292,東京都,西東京市,ひばりが丘北４丁目,2020-12-22,12,４階建て以上共同住宅,駐車（輪）場,20歳代,その他,施錠せず
窃盗,自転車盗,田無,ひばりが丘駅前交番,132292,東京都,西東京市,谷戸町１丁目,2020-03-22,21,４階建て以上共同住宅,駐車（輪）場,10歳代,中学生,施錠せず
窃盗,自転車盗,田無,ひばりが丘駅前交番,132292,東京都,西東京市,谷戸町１丁目,2020-06-25,23,一戸建住宅,駐車（輪）場,40歳代,その他,施錠せず
窃盗,自転車盗,田無,ひばりが丘駅前交番,132292,東京都,西東京市,谷戸町１丁目,2020-06-27,17,４階建て以上共同住宅,駐車（輪）場,40歳代,その他,施錠せず
窃盗,自転車盗,田無,ひばりが丘駅前交番,132292,東京都,西東京市,谷戸町２丁目,2020-01-27,21,４階建て以上共同住宅,駐車（輪）場,10歳代,高校生,施錠せず
窃盗,自転車盗,田無,ひばりが丘駅前交番,132292,東京都,西東京市,谷戸町２丁目,2020-08-29,09,４階建て以上共同住宅,駐車（輪）場,10歳代,中学生,施錠せず
窃盗,自転車盗,田無,ひばりが丘駅前交番,132292,東京都,西東京市,谷戸町３丁目,2020-01-04,10,４階建て以上共同住宅,駐車（輪）場,10歳代,大学生,施錠せず
窃盗,自転車盗,田無,ひばりが丘駅前交番,132292,東京都,西東京市,谷戸町３丁目,2020-02-04,14,駐車（輪）場,駐車（輪）場,20歳代,その他,施錠せず
窃盗,自転車盗,田無,ひばりが丘駅前交番,132292,東京都,西東京市,谷戸町３丁目,2020-02-04,19,４階建て以上共同住宅,駐車（輪）場,50歳代,その他,施錠せず
窃盗,自転車盗,田無,ひばりが丘駅前交番,132292,東京都,西東京市,谷戸町３丁目,2020-03-12,08,４階建て以上共同住宅,駐車（輪）場,50歳代,その他,施錠せず
窃盗,自転車盗,田無,ひばりが丘駅前交番,132292,東京都,西東京市,谷戸町３丁目,2020-08-05,16,一戸建住宅,その他,10歳代,高校生,施錠せず
窃盗,自転車盗,田無,ひばりが丘駅前交番,132292,東京都,西東京市,谷戸町３丁目,2020-08-28,08,駐車（輪）場,駐車（輪）場,50歳代,その他,施錠せず
窃盗,自転車盗,田無,ひばりが丘駅前交番,132292,東京都,西東京市,谷戸町３丁目,2020-10-27,02,その他,駐車（輪）場,20歳代,大学生,施錠せず
窃盗,自転車盗,田無,下里駐在所,132225,東京都,東久留米市,下里１丁目,2020-01-01,14,道路上,その他,40歳代,その他,施錠せず
窃盗,自転車盗,田無,下里駐在所,132225,東京都,東久留米市,下里３丁目,2020-09-16,17,その他の住宅（３階建て以下共同住宅等）,その他,40歳代,その他,施錠せず
窃盗,自転車盗,田無,下里駐在所,132225,東京都,東久留米市,下里３丁目,2020-09-23,17,その他の住宅（３階建て以下共同住宅等）,その他,40歳代,その他,施錠せず
窃盗,自転車盗,田無,下里駐在所,132225,東京都,東久留米市,下里４丁目,2020-03-13,14,４階建て以上共同住宅,駐車（輪）場,10歳代,中学生,施錠せず
窃盗,自転車盗,田無,下里駐在所,132225,東京都,東久留米市,下里４丁目,2020-05-08,11,駐車（輪）場,駐車（輪）場,50歳代,その他,施錠せず
窃盗,自転車盗,田無,下里駐在所,132225,東京都,東久留米市,下里４丁目,2020-08-14,21,一戸建住宅,駐車（輪）場,40歳代,その他,施錠せず
窃盗,自転車盗,田無,下里駐在所,132225,東京都,東久留米市,下里４丁目,2020-09-15,19,４階建て以上共同住宅,駐車（輪）場,40歳代,その他,施錠せず
窃盗,自転車盗,田無,下保谷駐在所,132292,東京都,西東京市,北町５丁目,2020-08-08,17,一戸建住宅,その他,30歳代,その他,施錠せず
窃盗,自転車盗,田無,下保谷駐在所,132292,東京都,西東京市,北町５丁目,2020-12-08,19,一戸建住宅,駐車（輪）場,10歳代,中学生,施錠せず
窃盗,自転車盗,田無,下保谷駐在所,132292,東京都,西東京市,下保谷２丁目,2020-06-18,17,４階建て以上共同住宅,駐車（輪）場,10歳代,小学生,施錠せず
窃盗,自転車盗,田無,東久留米駅前交番,132225,東京都,東久留米市,金山町２丁目,2020-03-14,18,一戸建住宅,駐車（輪）場,10歳代,その他,施錠せず
窃盗,自転車盗,田無,東久留米駅前交番,132225,東京都,東久留米市,新川町１丁目,2020-02-26,00,道路上,その他,40歳代,その他,施錠せず
窃盗,自転車盗,田無,東久留米駅前交番,132225,東京都,東久留米市,新川町１丁目,2020-07-04,16,道路上,その他,40歳代,その他,施錠せず
窃盗,自転車盗,田無,東久留米駅前交番,132225,東京都,東久留米市,新川町２丁目,2020-01-17,08,その他の住宅（３階建て以下共同住宅等）,駐車（輪）場,10歳代,その他,施錠せず
窃盗,自転車盗,田無,東久留米駅前交番,132225,東京都,東久留米市,浅間町２丁目,2020-02-07,06,その他の住宅（３階建て以下共同住宅等）,駐車（輪）場,20歳代,大学生,施錠せず
窃盗,自転車盗,田無,東久留米駅前交番,132225,東京都,東久留米市,浅間町２丁目,2020-03-14,13,一戸建住宅,その他,50歳代,その他,施錠せず
窃盗,自転車盗,田無,東久留米駅前交番,132225,東京都,東久留米市,浅間町２丁目,2020-05-10,21,一戸建住宅,駐車（輪）場,20歳代,その他,施錠せず
窃盗,自転車盗,田無,東久留米駅前交番,132225,東京都,東久留米市,浅間町３丁目,2020-01-04,18,一戸建住宅,駐車（輪）場,50歳代,その他,施錠せず
窃盗,自転車盗,田無,東久留米駅前交番,132225,東京都,東久留米市,浅間町３丁目,2020-12-13,23,その他の住宅（３階建て以下共同住宅等）,駐車（輪）場,30歳代,その他,施錠せず
窃盗,自転車盗,田無,東久留米駅前交番,132225,東京都,東久留米市,大門町２丁目,2020-10-02,18,４階建て以上共同住宅,駐車（輪）場,10歳代,高校生,施錠せず
窃盗,自転車盗,田無,東久留米駅前交番,132225,東京都,東久留米市,大門町２丁目,2020-12-22,08,４階建て以上共同住宅,駐車（輪）場,10歳代,高校生,施錠せず
窃盗,自転車盗,田無,東久留米駅前交番,132225,東京都,東久留米市,氷川台２丁目,2020-06-15,19,一戸建住宅,駐車（輪）場,10歳代,高校生,施錠せず
窃盗,自転車盗,田無,東久留米駅前交番,132225,東京都,東久留米市,東本町,2020-04-21,15,その他,駐車（輪）場,10歳代,大学生,施錠せず
窃盗,自転車盗,田無,東久留米駅前交番,132225,東京都,東久留米市,東本町,2020-05-20,12,その他,駐車（輪）場,30歳代,その他,施錠せず
窃盗,自転車盗,田無,東久留米駅前交番,132225,東京都,東久留米市,東本町,2020-06-15,08,駐車（輪）場,駐車（輪）場,40歳代,その他,施錠せず
窃盗,自転車盗,田無,東久留米駅前交番,132225,東京都,東久留米市,東本町,2020-07-02,16,駐車（輪）場,駐車（輪）場,10歳代,その他,施錠せず
窃盗,自転車盗,田無,東久留米駅前交番,132225,東京都,東久留米市,東本町,2020-07-22,18,駐車（輪）場,駐車（輪）場,20歳代,大学生,施錠せず
窃盗,自転車盗,田無,東久留米駅前交番,132225,東京都,東久留米市,東本町,2020-08-04,15,４階建て以上共同住宅,駐車（輪）場,50歳代,その他,施錠せず
窃盗,自転車盗,田無,東久留米駅前交番,132225,東京都,東久留米市,本町１丁目,2020-01-10,14,道路上,その他,60-64歳,その他,施錠せず
窃盗,自転車盗,田無,東久留米駅前交番,132225,東京都,東久留米市,本町１丁目,2020-01-31,08,駐車（輪）場,駐車（輪）場,20歳代,その他,施錠せず
窃盗,自転車盗,田無,東久留米駅前交番,132225,東京都,東久留米市,本町１丁目,2020-02-15,12,駐車（輪）場,駐車（輪）場,20歳代,大学生,施錠せず
窃盗,自転車盗,田無,東久留米駅前交番,132225,東京都,東久留米市,本町１丁目,2020-06-04,20,４階建て以上共同住宅,駐車（輪）場,30歳代,その他,施錠せず
窃盗,自転車盗,田無,東久留米駅前交番,132225,東京都,東久留米市,本町１丁目,2020-06-13,02,駐車（輪）場,駐車（輪）場,20歳代,その他,施錠せず
窃盗,自転車盗,田無,東久留米駅前交番,132225,東京都,東久留米市,本町１丁目,2020-07-05,06,駐車（輪）場,駐車（輪）場,30歳代,その他,施錠せず
窃盗,自転車盗,田無,東久留米駅前交番,132225,東京都,東久留米市,本町１丁目,2020-08-14,08,道路上,その他,10歳代,中学生,施錠せず
窃盗,自転車盗,田無,東久留米駅前交番,132225,東京都,東久留米市,本町１丁目,2020-09-11,08,駐車（輪）場,駐車（輪）場,10歳代,高校生,施錠せず
窃盗,自転車盗,田無,東久留米駅前交番,132225,東京都,東久留米市,本町１丁目,2020-10-28,20,道路上,その他,10歳代,小学生,施錠せず
窃盗,自転車盗,田無,東久留米駅前交番,132225,東京都,東久留米市,本町１丁目,2020-12-14,20,４階建て以上共同住宅,駐車（輪）場,10歳代,中学生,施錠せず
窃盗,自転車盗,田無,東久留米駅前交番,132225,東京都,東久留米市,本町２丁目,2020-07-04,17,４階建て以上共同住宅,駐車（輪）場,50歳代,その他,施錠せず
窃盗,自転車盗,田無,東久留米駅前交番,132225,東京都,東久留米市,本町３丁目,2020-02-04,16,駐車（輪）場,駐車（輪）場,50歳代,その他,施錠せず
窃盗,自転車盗,田無,東久留米駅前交番,132225,東京都,東久留米市,本町３丁目,2020-08-20,10,その他,駐車（輪）場,10歳代,高校生,施錠せず
窃盗,自転車盗,田無,東久留米駅前交番,132225,東京都,東久留米市,本町４丁目,2020-07-03,12,その他の住宅（３階建て以下共同住宅等）,駐車（輪）場,40歳代,その他,施錠せず
窃盗,自転車盗,田無,東久留米駅前交番,132225,東京都,東久留米市,南沢５丁目,2020-01-12,16,その他,駐車（輪）場,10歳代,高校生,施錠せず
窃盗,自転車盗,東村山,東村山駅前交番,132136,東京都,東村山市,恩多町３丁目,2020-02-12,15,その他,駐車（輪）場,10歳代,高校生,施錠せず
窃盗,自転車盗,東村山,東村山駅前交番,132136,東京都,東村山市,恩多町３丁目,2020-04-16,20,一戸建住宅,駐車（輪）場,50歳代,その他,施錠せず
窃盗,自転車盗,東村山,東村山駅前交番,132136,東京都,東村山市,恩多町３丁目,2020-08-04,21,その他の住宅（３階建て以下共同住宅等）,駐車（輪）場,10歳代,中学生,施錠せず
窃盗,自転車盗,東村山,東村山駅前交番,132136,東京都,東村山市,恩多町３丁目,2020-11-07,21,４階建て以上共同住宅,駐車（輪）場,40歳代,その他,施錠せず
窃盗,自転車盗,東村山,東村山駅前交番,132136,東京都,東村山市,恩多町４丁目,2020-03-15,18,一戸建住宅,駐車（輪）場,40歳代,その他,施錠せず
窃盗,自転車盗,東村山,東村山駅前交番,132136,東京都,東村山市,恩多町４丁目,2020-06-06,14,道路上,その他,40歳代,その他,施錠せず
窃盗,自転車盗,東村山,東村山駅前交番,132136,東京都,東村山市,恩多町４丁目,2020-11-19,11,その他,駐車（輪）場,30歳代,その他,施錠せず
窃盗,自転車盗,東村山,東村山駅前交番,132136,東京都,東村山市,諏訪町１丁目,2020-09-03,19,４階建て以上共同住宅,駐車（輪）場,10歳代,中学生,施錠せず
窃盗,自転車盗,東村山,東村山駅前交番,132136,東京都,東村山市,野口町１丁目,2019-12-20,19,その他の住宅（３階建て以下共同住宅等）,駐車（輪）場,30歳代,その他,施錠せず
窃盗,自転車盗,東村山,東村山駅前交番,132136,東京都,東村山市,野口町１丁目,2020-01-09,19,駐車（輪）場,駐車（輪）場,20歳代,その他,施錠せず
窃盗,自転車盗,東村山,東村山駅前交番,132136,東京都,東村山市,野口町１丁目,2020-04-01,14,その他の住宅（３階建て以下共同住宅等）,駐車（輪）場,60-64歳,その他,施錠せず
窃盗,自転車盗,東村山,東村山駅前交番,132136,東京都,東村山市,野口町１丁目,2020-04-01,不明,駐車（輪）場,駐車（輪）場,20歳代,その他,施錠せず
窃盗,自転車盗,東村山,東村山駅前交番,132136,東京都,東村山市,野口町１丁目,2020-05-29,18,道路上,その他,70歳以上,その他,施錠せず
窃盗,自転車盗,東村山,東村山駅前交番,132136,東京都,東村山市,野口町１丁目,2020-08-27,07,駐車（輪）場,駐車（輪）場,10歳代,高校生,施錠せず
窃盗,自転車盗,東村山,東村山駅前交番,132136,東京都,東村山市,野口町１丁目,2020-11-12,10,道路上,その他,40歳代,その他,施錠せず
窃盗,自転車盗,東村山,東村山駅前交番,132136,東京都,東村山市,野口町２丁目,2020-12-23,14,その他の住宅（３階建て以下共同住宅等）,駐車（輪）場,10歳代,高校生,施錠せず
窃盗,自転車盗,東村山,東村山駅前交番,132136,東京都,東村山市,本町１丁目,2020-10-15,08,その他,駐車（輪）場,40歳代,その他,施錠せず
窃盗,自転車盗,東村山,東村山駅前交番,132136,東京都,東村山市,本町２丁目,2020-01-27,19,その他,駐車（輪）場,20歳代,その他,施錠せず
窃盗,自転車盗,東村山,東村山駅前交番,132136,東京都,東村山市,本町２丁目,2020-02-03,17,一戸建住宅,駐車（輪）場,10歳代,高校生,施錠せず
窃盗,自転車盗,東村山,東村山駅前交番,132136,東京都,東村山市,本町２丁目,2020-02-09,12,道路上,その他,10歳代,高校生,施錠せず
窃盗,自転車盗,東村山,東村山駅前交番,132136,東京都,東村山市,本町２丁目,2020-03-17,22,その他,駐車（輪）場,10歳代,大学生,施錠せず
窃盗,自転車盗,東村山,東村山駅前交番,132136,東京都,東村山市,本町２丁目,2020-05-30,19,一戸建住宅,駐車（輪）場,65-69歳,その他,施錠せず
窃盗,自転車盗,東村山,東村山駅前交番,132136,東京都,東村山市,本町２丁目,2020-06-08,22,その他,駐車（輪）場,20歳代,その他,施錠せず
窃盗,自転車盗,東村山,東村山駅前交番,132136,東京都,東村山市,本町２丁目,2020-06-22,23,４階建て以上共同住宅,その他,20歳代,その他,施錠せず
窃盗,自転車盗,東村山,東村山駅前交番,132136,東京都,東村山市,本町２丁目,2020-08-31,19,道路上,その他,10歳代,中学生,施錠せず
窃盗,自転車盗,東村山,東村山駅前交番,132136,東京都,東村山市,本町２丁目,2020-09-27,18,４階建て以上共同住宅,その他,30歳代,その他,施錠せず
窃盗,自転車盗,東村山,東村山駅前交番,132136,東京都,東村山市,本町２丁目,2020-10-15,12,その他,駐車（輪）場,20歳代,その他,施錠せず
窃盗,自転車盗,東村山,東村山駅前交番,132136,東京都,東村山市,本町２丁目,2020-10-30,13,その他の住宅（３階建て以下共同住宅等）,駐車（輪）場,40歳代,その他,施錠せず
窃盗,自転車盗,東村山,東村山駅前交番,132136,東京都,東村山市,本町２丁目,2020-12-09,21,その他,駐車（輪）場,30歳代,その他,施錠せず
窃盗,自転車盗,東村山,東村山駅前交番,132136,東京都,東村山市,本町２丁目,2020-12-15,07,駐車（輪）場,駐車（輪）場,20歳代,その他,施錠せず
窃盗,自転車盗,東村山,東村山駅前交番,132136,東京都,東村山市,本町３丁目,2020-11-08,15,一戸建住宅,その他,70歳以上,その他,施錠せず
窃盗,自転車盗,東村山,東村山駅前交番,132136,東京都,東村山市,美住町２丁目,2020-12-04,19,一戸建住宅,その他,10歳代,中学生,施錠せず
窃盗,自転車盗,東村山,八坂交番,132136,東京都,東村山市,久米川町３丁目,2020-03-31,09,駐車（輪）場,駐車（輪）場,20歳代,その他,施錠せず
窃盗,自転車盗,東村山,八坂交番,132136,東京都,東村山市,栄町３丁目,2020-02-13,07,駐車（輪）場,駐車（輪）場,10歳代,中学生,施錠せず
窃盗,自転車盗,東村山,八坂交番,132136,東京都,東村山市,栄町３丁目,2020-06-05,23,４階建て以上共同住宅,駐車（輪）場,30歳代,その他,施錠せず
窃盗,自転車盗,東村山,八坂交番,132136,東京都,東村山市,栄町３丁目,2020-07-19,16,駐車（輪）場,駐車（輪）場,10歳代,その他,施錠せず
窃盗,自転車盗,東村山,八坂交番,132136,東京都,東村山市,栄町３丁目,2020-07-27,18,駐車（輪）場,駐車（輪）場,10歳代,高校生,施錠せず
窃盗,自転車盗,東村山,八坂交番,132136,東京都,東村山市,栄町３丁目,2020-09-13,00,その他,駐車（輪）場,20歳代,その他,施錠せず
窃盗,自転車盗,東村山,八坂交番,132136,東京都,東村山市,萩山町２丁目,2019-11-13,19,４階建て以上共同住宅,駐車（輪）場,10歳代,高校生,施錠せず
窃盗,自転車盗,東村山,八坂交番,132136,東京都,東村山市,富士見町１丁目,2020-02-13,20,４階建て以上共同住宅,駐車（輪）場,20歳代,大学生,施錠せず
窃盗,自転車盗,東村山,八坂交番,132136,東京都,東村山市,富士見町１丁目,2020-06-05,19,一戸建住宅,駐車（輪）場,70歳以上,その他,施錠せず
窃盗,自転車盗,東村山,八坂交番,132136,東京都,東村山市,富士見町１丁目,2020-07-24,14,４階建て以上共同住宅,駐車（輪）場,50歳代,その他,施錠せず
窃盗,自転車盗,東村山,八坂交番,132136,東京都,東村山市,富士見町１丁目,2020-07-27,08,４階建て以上共同住宅,駐車（輪）場,10歳代,小学生,施錠せず
窃盗,自転車盗,東村山,八坂交番,132136,東京都,東村山市,富士見町１丁目,2020-11-01,13,４階建て以上共同住宅,駐車（輪）場,10歳代,高校生,施錠せず
窃盗,自転車盗,東村山,八坂交番,132136,東京都,東村山市,富士見町２丁目,2020-01-10,21,その他の住宅（３階建て以下共同住宅等）,駐車（輪）場,20歳代,大学生,施錠せず
窃盗,自転車盗,東村山,八坂交番,132136,東京都,東村山市,富士見町２丁目,2020-03-20,19,一戸建住宅,駐車（輪）場,20歳代,大学生,施錠せず
窃盗,自転車盗,東村山,八坂交番,132136,東京都,東村山市,富士見町３丁目,2020-02-16,17,一戸建住宅,駐車（輪）場,10歳代,中学生,施錠せず
窃盗,自転車盗,東村山,八坂交番,132136,東京都,東村山市,富士見町５丁目,2020-10-16,01,その他の住宅（３階建て以下共同住宅等）,駐車（輪）場,30歳代,その他,施錠せず
窃盗,自転車盗,東村山,八坂交番,132136,東京都,東村山市,美住町１丁目,2020-03-13,18,その他の住宅（３階建て以下共同住宅等）,駐車（輪）場,50歳代,その他,施錠せず
窃盗,自転車盗,東村山,八坂交番,132136,東京都,東村山市,美住町１丁目,2020-04-18,17,その他の住宅（３階建て以下共同住宅等）,駐車（輪）場,50歳代,その他,施錠せず
窃盗,自転車盗,東村山,八坂交番,132136,東京都,東村山市,美住町１丁目,2020-05-07,12,４階建て以上共同住宅,駐車（輪）場,50歳代,その他,施錠せず
窃盗,自転車盗,東村山,八坂交番,132136,東京都,東村山市,美住町１丁目,2020-08-13,20,４階建て以上共同住宅,駐車（輪）場,20歳代,その他,施錠せず
窃盗,自転車盗,東村山,八坂交番,132136,東京都,東村山市,美住町１丁目,2020-10-17,15,一戸建住宅,駐車（輪）場,50歳代,その他,施錠せず
窃盗,自転車盗,東村山,八坂交番,132136,東京都,東村山市,美住町１丁目,2020-10-28,17,４階建て以上共同住宅,駐車（輪）場,30歳代,その他,施錠せず
窃盗,自転車盗,東村山,久米川駅前交番,132136,東京都,東村山市,恩多町２丁目,2019-12-23,15,一戸建住宅,駐車（輪）場,50歳代,その他,施錠せず
窃盗,自転車盗,東村山,久米川駅前交番,132136,東京都,東村山市,恩多町２丁目,2020-01-31,16,４階建て以上共同住宅,駐車（輪）場,40歳代,その他,施錠せず
窃盗,自転車盗,東村山,久米川駅前交番,132136,東京都,東村山市,恩多町２丁目,2020-04-06,16,その他,駐車（輪）場,20歳代,大学生,施錠せず
窃盗,自転車盗,東村山,久米川駅前交番,132136,東京都,東村山市,恩多町２丁目,2020-06-04,12,その他の住宅（３階建て以下共同住宅等）,駐車（輪）場,30歳代,その他,施錠せず
窃盗,自転車盗,東村山,久米川駅前交番,132136,東京都,東村山市,恩多町２丁目,2020-09-22,22,４階建て以上共同住宅,駐車（輪）場,10歳代,高校生,施錠せず
窃盗,自転車盗,東村山,久米川駅前交番,132136,東京都,東村山市,恩多町２丁目,2020-09-26,19,４階建て以上共同住宅,その他,10歳代,高校生,施錠せず
窃盗,自転車盗,東村山,久米川駅前交番,132136,東京都,東村山市,恩多町３丁目,2020-11-03,09,一戸建住宅,その他,10歳代,高校生,施錠せず
窃盗,自転車盗,東村山,久米川駅前交番,132136,東京都,東村山市,栄町１丁目,2020-01-11,12,一戸建住宅,駐車（輪）場,65-69歳,その他,施錠せず
窃盗,自転車盗,東村山,久米川駅前交番,132136,東京都,東村山市,栄町１丁目,2020-01-24,21,道路上,その他,10歳代,その他,施錠せず
窃盗,自転車盗,東村山,久米川駅前交番,132136,東京都,東村山市,栄町１丁目,2020-07-27,16,駐車（輪）場,駐車（輪）場,10歳代,高校生,施錠せず
窃盗,自転車盗,東村山,久米川駅前交番,132136,東京都,東村山市,栄町１丁目,2020-09-06,07,駐車（輪）場,駐車（輪）場,10歳代,高校生,施錠せず
窃盗,自転車盗,東村山,久米川駅前交番,132136,東京都,東村山市,栄町１丁目,2020-11-20,05,駐車（輪）場,駐車（輪）場,10歳代,高校生,施錠せず
窃盗,自転車盗,東村山,久米川駅前交番,132136,東京都,東村山市,栄町１丁目,2020-12-19,13,道路上,その他,10歳代,中学生,施錠せず
窃盗,自転車盗,東村山,久米川駅前交番,132136,東京都,東村山市,栄町１丁目,2020-12-19,18,その他の住宅（３階建て以下共同住宅等）,駐車（輪）場,40歳代,その他,施錠せず
窃盗,自転車盗,東村山,久米川駅前交番,132136,東京都,東村山市,栄町２丁目,2019-12-24,17,道路上,その他,70歳以上,その他,施錠せず
窃盗,自転車盗,東村山,久米川駅前交番,132136,東京都,東村山市,栄町２丁目,2019-12-28,18,道路上,その他,20歳代,大学生,施錠せず
窃盗,自転車盗,東村山,久米川駅前交番,132136,東京都,東村山市,栄町２丁目,2019-12-28,19,道路上,その他,10歳代,中学生,施錠せず
窃盗,自転車盗,東村山,久米川駅前交番,132136,東京都,東村山市,栄町２丁目,2020-03-09,22,その他,駐車（輪）場,20歳代,大学生,施錠せず
窃盗,自転車盗,東村山,久米川駅前交番,132136,東京都,東村山市,栄町２丁目,2020-03-16,15,道路上,その他,30歳代,その他,施錠せず
窃盗,自転車盗,東村山,久米川駅前交番,132136,東京都,東村山市,栄町２丁目,2020-03-26,18,４階建て以上共同住宅,駐車（輪）場,10歳代,小学生,施錠せず
窃盗,自転車盗,東村山,久米川駅前交番,132136,東京都,東村山市,栄町２丁目,2020-06-02,10,道路上,その他,50歳代,その他,施錠せず
窃盗,自転車盗,東村山,久米川駅前交番,132136,東京都,東村山市,栄町２丁目,2020-08-13,00,その他,駐車（輪）場,20歳代,その他,施錠せず
窃盗,自転車盗,東村山,久米川駅前交番,132136,東京都,東村山市,栄町２丁目,2020-08-21,15,その他,駐車（輪）場,30歳代,その他,施錠せず
窃盗,自転車盗,東村山,久米川駅前交番,132136,東京都,東村山市,栄町２丁目,2020-09-11,13,その他,駐車（輪）場,20歳代,その他,施錠せず
窃盗,自転車盗,東村山,久米川駅前交番,132136,東京都,東村山市,栄町２丁目,2020-10-12,04,道路上,その他,50歳代,その他,施錠せず
窃盗,自転車盗,東村山,久米川駅前交番,132136,東京都,東村山市,萩山町３丁目,2020-01-29,17,４階建て以上共同住宅,駐車（輪）場,10歳代,小学生,施錠せず
窃盗,自転車盗,東村山,久米川駅前交番,132136,東京都,東村山市,萩山町３丁目,2020-01-31,21,４階建て以上共同住宅,駐車（輪）場,10歳代,小学生,施錠せず
窃盗,自転車盗,東村山,久米川駅前交番,132136,東京都,東村山市,萩山町３丁目,2020-04-26,08,その他,駐車（輪）場,30歳代,その他,施錠せず
窃盗,自転車盗,東村山,久米川駅前交番,132136,東京都,東村山市,萩山町３丁目,2020-09-15,01,その他の住宅（３階建て以下共同住宅等）,その他,30歳代,その他,施錠せず
窃盗,自転車盗,東村山,久米川駅前交番,132136,東京都,東村山市,萩山町３丁目,2020-12-09,18,その他の住宅（３階建て以下共同住宅等）,駐車（輪）場,60-64歳,その他,施錠せず
窃盗,自転車盗,東村山,久米川駅前交番,132136,東京都,東村山市,萩山町４丁目,2020-08-17,22,その他の住宅（３階建て以下共同住宅等）,駐車（輪）場,20歳代,大学生,施錠せず
窃盗,自転車盗,東村山,久米川駅前交番,132136,東京都,東村山市,萩山町５丁目,2020-06-28,16,４階建て以上共同住宅,駐車（輪）場,65-69歳,その他,施錠せず
窃盗,自転車盗,東村山,久米川駅前交番,132136,東京都,東村山市,萩山町５丁目,2020-12-19,02,４階建て以上共同住宅,その他,40歳代,その他,施錠せず
窃盗,自転車盗,東村山,久米川駅前交番,132136,東京都,東村山市,本町４丁目,2020-04-03,17,４階建て以上共同住宅,駐車（輪）場,10歳代,小学生,施錠せず
窃盗,自転車盗,東村山,久米川駅前交番,132136,東京都,東村山市,本町４丁目,2020-05-16,19,道路上,その他,20歳代,その他,施錠せず
窃盗,自転車盗,東村山,久米川駅前交番,132136,東京都,東村山市,本町４丁目,2020-06-25,18,４階建て以上共同住宅,駐車（輪）場,10歳代,高校生,施錠せず
窃盗,自転車盗,東村山,久米川駅前交番,132136,東京都,東村山市,本町４丁目,2020-12-02,01,その他,駐車（輪）場,30歳代,その他,施錠せず
窃盗,自転車盗,東村山,清瀬駅前交番,132217,東京都,清瀬市,松山１丁目,2020-05-09,23,道路上,その他,20歳代,その他,施錠せず
窃盗,自転車盗,東村山,清瀬駅前交番,132217,東京都,清瀬市,松山１丁目,2020-08-03,18,その他の住宅（３階建て以下共同住宅等）,その他,30歳代,その他,施錠せず
窃盗,自転車盗,東村山,清瀬駅前交番,132217,東京都,清瀬市,松山２丁目,2020-09-18,17,その他,駐車（輪）場,70歳以上,その他,施錠せず
窃盗,自転車盗,東村山,清瀬駅前交番,132217,東京都,清瀬市,元町１丁目,2020-01-03,16,駐車（輪）場,駐車（輪）場,10歳代,高校生,施錠せず
窃盗,自転車盗,東村山,清瀬駅前交番,132217,東京都,清瀬市,元町１丁目,2020-01-10,18,道路上,その他,10歳代,高校生,施錠せず
窃盗,自転車盗,東村山,清瀬駅前交番,132217,東京都,清瀬市,元町１丁目,2020-01-15,22,その他の住宅（３階建て以下共同住宅等）,駐車（輪）場,40歳代,その他,施錠せず
窃盗,自転車盗,東村山,清瀬駅前交番,132217,東京都,清瀬市,元町１丁目,2020-02-02,10,道路上,その他,20歳代,大学生,施錠せず
窃盗,自転車盗,東村山,清瀬駅前交番,132217,東京都,清瀬市,元町１丁目,2020-03-04,17,その他,駐車（輪）場,40歳代,その他,施錠せず
窃盗,自転車盗,東村山,清瀬駅前交番,132217,東京都,清瀬市,元町１丁目,2020-03-15,14,道路上,その他,10歳代,中学生,施錠せず
窃盗,自転車盗,東村山,清瀬駅前交番,132217,東京都,清瀬市,元町１丁目,2020-03-17,09,駐車（輪）場,駐車（輪）場,20歳代,大学生,施錠せず
窃盗,自転車盗,東村山,清瀬駅前交番,132217,東京都,清瀬市,元町１丁目,2020-04-17,18,４階建て以上共同住宅,駐車（輪）場,10歳代,高校生,施錠せず
窃盗,自転車盗,東村山,清瀬駅前交番,132217,東京都,清瀬市,元町１丁目,2020-08-12,11,４階建て以上共同住宅,駐車（輪）場,20歳代,その他,施錠せず
窃盗,自転車盗,東村山,清瀬駅前交番,132217,東京都,清瀬市,元町１丁目,2020-08-14,16,その他,駐車（輪）場,10歳代,高校生,施錠せず
窃盗,自転車盗,東村山,清瀬駅前交番,132217,東京都,清瀬市,元町１丁目,2020-08-31,12,道路上,その他,70歳以上,その他,施錠せず
窃盗,自転車盗,東村山,清瀬駅前交番,132217,東京都,清瀬市,元町１丁目,2020-09-07,18,４階建て以上共同住宅,その他,50歳代,その他,施錠せず
窃盗,自転車盗,東村山,清瀬駅前交番,132217,東京都,清瀬市,元町１丁目,2020-09-08,12,その他,駐車（輪）場,70歳以上,その他,施錠せず
窃盗,自転車盗,東村山,清瀬駅前交番,132217,東京都,清瀬市,元町１丁目,2020-11-27,19,その他,駐車（輪）場,40歳代,その他,施錠せず
窃盗,自転車盗,東村山,清瀬駅前交番,132217,東京都,清瀬市,元町２丁目,2020-02-21,16,４階建て以上共同住宅,駐車（輪）場,10歳代,中学生,施錠せず
窃盗,自転車盗,東村山,清瀬駅前交番,132217,東京都,清瀬市,元町２丁目,2020-08-04,17,その他の住宅（３階建て以下共同住宅等）,駐車（輪）場,20歳代,大学生,施錠せず
窃盗,自転車盗,東村山,清瀬駅前交番,132217,東京都,清瀬市,元町２丁目,2020-08-23,11,一戸建住宅,駐車（輪）場,60-64歳,その他,施錠せず
窃盗,自転車盗,東村山,清瀬駅前交番,132217,東京都,清瀬市,元町２丁目,2020-11-09,21,一戸建住宅,駐車（輪）場,40歳代,その他,施錠せず
窃盗,自転車盗,東村山,廻田駐在所,132136,東京都,東村山市,多摩湖町３丁目,2020-12-26,19,一戸建住宅,駐車（輪）場,10歳代,高校生,施錠せず
窃盗,自転車盗,東村山,廻田駐在所,132136,東京都,東村山市,廻田町１丁目,2020-09-09,不明,一戸建住宅,駐車（輪）場,30歳代,その他,施錠せず
窃盗,自転車盗,東村山,廻田駐在所,132136,東京都,東村山市,廻田町１丁目,2020-10-21,08,道路上,その他,10歳未満,小学生,施錠せず
窃盗,自転車盗,東村山,廻田駐在所,132136,東京都,東村山市,廻田町２丁目,2020-01-25,19,一戸建住宅,駐車（輪）場,50歳代,その他,施錠せず
窃盗,自転車盗,東村山,廻田駐在所,132136,東京都,東村山市,廻田町４丁目,2020-01-14,10,一戸建住宅,駐車（輪）場,10歳代,中学生,施錠せず
窃盗,自転車盗,東村山,久米川駐在所,132136,東京都,東村山市,久米川町２丁目,2020-01-24,23,一戸建住宅,駐車（輪）場,40歳代,その他,施錠せず
窃盗,自転車盗,東村山,久米川駐在所,132136,東京都,東村山市,久米川町２丁目,2020-04-13,18,一戸建住宅,駐車（輪）場,50歳代,その他,施錠せず
窃盗,自転車盗,東村山,久米川駐在所,132136,東京都,東村山市,久米川町３丁目,2018-05-05,17,その他,駐車（輪）場,20歳代,大学生,施錠せず
窃盗,自転車盗,東村山,久米川駐在所,132136,東京都,東村山市,久米川町３丁目,2020-06-03,17,その他の住宅（３階建て以下共同住宅等）,駐車（輪）場,30歳代,その他,施錠せず
窃盗,自転車盗,東村山,久米川駐在所,132136,東京都,東村山市,久米川町３丁目,2020-06-07,13,その他,駐車（輪）場,40歳代,その他,施錠せず
窃盗,自転車盗,東村山,久米川駐在所,132136,東京都,東村山市,久米川町３丁目,2020-06-10,19,一戸建住宅,駐車（輪）場,10歳代,高校生,施錠せず
窃盗,自転車盗,東村山,久米川駐在所,132136,東京都,東村山市,久米川町３丁目,2020-06-11,22,その他の住宅（３階建て以下共同住宅等）,駐車（輪）場,10歳代,中学生,施錠せず
窃盗,自転車盗,東村山,久米川駐在所,132136,東京都,東村山市,久米川町３丁目,2020-08-04,19,その他,駐車（輪）場,10歳代,その他,施錠せず
窃盗,自転車盗,東村山,久米川駐在所,132136,東京都,東村山市,久米川町３丁目,2020-08-21,08,一戸建住宅,その他,70歳以上,その他,施錠せず
窃盗,自転車盗,東村山,久米川駐在所,132136,東京都,東村山市,久米川町３丁目,2020-09-13,20,その他の住宅（３階建て以下共同住宅等）,駐車（輪）場,10歳代,その他,施錠せず
窃盗,自転車盗,東村山,久米川駐在所,132136,東京都,東村山市,久米川町３丁目,2020-09-20,21,道路上,その他,65-69歳,その他,施錠せず
窃盗,自転車盗,東村山,久米川駐在所,132136,東京都,東村山市,久米川町３丁目,2020-11-05,05,その他の住宅（３階建て以下共同住宅等）,駐車（輪）場,40歳代,その他,施錠せず
窃盗,自転車盗,東村山,久米川駐在所,132136,東京都,東村山市,久米川町３丁目,2020-12-22,17,その他,駐車（輪）場,10歳代,高校生,施錠せず
窃盗,自転車盗,東村山,久米川駐在所,132136,東京都,東村山市,久米川町４丁目,2020-08-29,22,道路上,その他,40歳代,その他,施錠せず
窃盗,自転車盗,東村山,秋津三丁目交番,132136,東京都,東村山市,秋津町２丁目,2020-01-12,23,その他の住宅（３階建て以下共同住宅等）,駐車（輪）場,10歳代,中学生,施錠せず
窃盗,自転車盗,東村山,秋津三丁目交番,132136,東京都,東村山市,秋津町２丁目,2020-03-26,21,その他,駐車（輪）場,60-64歳,その他,施錠せず
窃盗,自転車盗,東村山,秋津三丁目交番,132136,東京都,東村山市,秋津町２丁目,2020-12-05,10,その他の住宅（３階建て以下共同住宅等）,その他,40歳代,その他,施錠せず
窃盗,自転車盗,東村山,秋津三丁目交番,132136,東京都,東村山市,秋津町３丁目,2020-08-29,10,一戸建住宅,駐車（輪）場,30歳代,その他,施錠せず
窃盗,自転車盗,東村山,秋津三丁目交番,132136,東京都,東村山市,秋津町３丁目,2020-08-29,11,一戸建住宅,駐車（輪）場,10歳未満,小学生,施錠せず
窃盗,自転車盗,東村山,秋津三丁目交番,132136,東京都,東村山市,久米川町１丁目,2020-05-17,14,その他,駐車（輪）場,10歳代,大学生,施錠せず
窃盗,自転車盗,東村山,秋津三丁目交番,132136,東京都,東村山市,久米川町１丁目,2020-06-25,17,４階建て以上共同住宅,駐車（輪）場,10歳代,小学生,施錠せず
窃盗,自転車盗,東村山,秋津三丁目交番,132136,東京都,東村山市,久米川町１丁目,2020-07-24,20,４階建て以上共同住宅,駐車（輪）場,10歳代,高校生,施錠せず
窃盗,自転車盗,東村山,中清戸駐在所,132217,東京都,清瀬市,上清戸１丁目,2020-11-04,18,その他,駐車（輪）場,30歳代,その他,施錠せず
窃盗,自転車盗,東村山,中清戸駐在所,132217,東京都,清瀬市,上清戸２丁目,2019-12-16,09,道路上,その他,40歳代,その他,施錠せず
窃盗,自転車盗,東村山,中清戸駐在所,132217,東京都,清瀬市,上清戸２丁目,2020-08-08,23,一戸建住宅,駐車（輪）場,65-69歳,その他,施錠せず
窃盗,自転車盗,東村山,中清戸駐在所,132217,東京都,清瀬市,上清戸２丁目,2020-11-02,18,その他の住宅（３階建て以下共同住宅等）,駐車（輪）場,10歳代,高校生,施錠せず
窃盗,自転車盗,東村山,中清戸駐在所,132217,東京都,清瀬市,上清戸２丁目,2020-11-04,07,その他,その他,30歳代,その他,施錠せず
窃盗,自転車盗,東村山,中清戸駐在所,132217,東京都,清瀬市,中清戸１丁目,2020-01-31,19,その他の住宅（３階建て以下共同住宅等）,駐車（輪）場,30歳代,その他,施錠せず
窃盗,自転車盗,東村山,中清戸駐在所,132217,東京都,清瀬市,中清戸１丁目,2020-10-16,20,一戸建住宅,駐車（輪）場,50歳代,その他,施錠せず
窃盗,自転車盗,東村山,中里駐在所,132217,東京都,清瀬市,中里２丁目,2020-03-02,22,その他の住宅（３階建て以下共同住宅等）,駐車（輪）場,20歳代,大学生,施錠せず
窃盗,自転車盗,東村山,中里駐在所,132217,東京都,清瀬市,中里３丁目,2020-04-23,17,一戸建住宅,駐車（輪）場,50歳代,その他,施錠せず
窃盗,自転車盗,東村山,中里駐在所,132217,東京都,清瀬市,中里３丁目,2020-08-20,19,一戸建住宅,その他,70歳以上,その他,施錠せず
窃盗,自転車盗,東村山,中里駐在所,132217,東京都,清瀬市,中里４丁目,2020-09-08,07,４階建て以上共同住宅,駐車（輪）場,10歳代,中学生,施錠せず
窃盗,自転車盗,東村山,梅園駐在所,132217,東京都,清瀬市,梅園２丁目,2019-12-21,不明,その他の住宅（３階建て以下共同住宅等）,駐車（輪）場,30歳代,その他,施錠せず
窃盗,自転車盗,東村山,梅園駐在所,132217,東京都,清瀬市,梅園２丁目,2020-01-30,08,その他,駐車（輪）場,20歳代,その他,施錠せず
窃盗,自転車盗,東村山,梅園駐在所,132217,東京都,清瀬市,梅園３丁目,2020-04-06,22,４階建て以上共同住宅,駐車（輪）場,50歳代,その他,施錠せず
窃盗,自転車盗,東村山,梅園駐在所,132217,東京都,清瀬市,梅園３丁目,2020-07-24,21,一戸建住宅,駐車（輪）場,40歳代,その他,施錠せず
窃盗,自転車盗,東村山,梅園駐在所,132217,東京都,清瀬市,野塩３丁目,2020-05-06,12,その他の住宅（３階建て以下共同住宅等）,駐車（輪）場,10歳代,中学生,施錠せず
窃盗,自転車盗,東村山,梅園駐在所,132217,東京都,清瀬市,野塩３丁目,2020-05-17,18,４階建て以上共同住宅,駐車（輪）場,10歳代,中学生,施錠せず
窃盗,自転車盗,東村山,梅園駐在所,132217,東京都,清瀬市,野塩４丁目,2020-05-29,10,その他,駐車（輪）場,40歳代,その他,施錠せず
窃盗,自転車盗,東村山,梅園駐在所,132217,東京都,清瀬市,野塩４丁目,2020-10-29,17,一戸建住宅,駐車（輪）場,20歳代,その他,施錠せず
窃盗,自転車盗,東村山,秋津駅前交番,132136,東京都,東村山市,青葉町４丁目,2020-10-23,15,その他,駐車（輪）場,50歳代,その他,施錠せず
窃盗,自転車盗,東村山,秋津駅前交番,132136,東京都,東村山市,秋津町１丁目,2020-02-07,16,駐車（輪）場,駐車（輪）場,10歳代,大学生,施錠せず
窃盗,自転車盗,東村山,秋津駅前交番,132136,東京都,東村山市,秋津町１丁目,2020-02-28,08,４階建て以上共同住宅,駐車（輪）場,30歳代,その他,施錠せず
窃盗,自転車盗,東村山,秋津駅前交番,132136,東京都,東村山市,秋津町１丁目,2020-03-05,17,その他の住宅（３階建て以下共同住宅等）,その他,10歳未満,小学生,施錠せず
窃盗,自転車盗,東村山,秋津駅前交番,132136,東京都,東村山市,秋津町１丁目,2020-03-20,15,その他の住宅（３階建て以下共同住宅等）,駐車（輪）場,30歳代,その他,施錠せず
窃盗,自転車盗,東村山,秋津駅前交番,132136,東京都,東村山市,秋津町１丁目,2020-06-21,16,その他の住宅（３階建て以下共同住宅等）,駐車（輪）場,40歳代,その他,施錠せず
窃盗,自転車盗,東村山,秋津駅前交番,132136,東京都,東村山市,秋津町４丁目,2020-02-19,21,一戸建住宅,駐車（輪）場,20歳代,大学生,施錠せず
窃盗,自転車盗,東村山,秋津駅前交番,132136,東京都,東村山市,秋津町４丁目,2020-08-07,17,その他の住宅（３階建て以下共同住宅等）,駐車（輪）場,30歳代,その他,施錠せず
窃盗,自転車盗,東村山,秋津駅前交番,132136,東京都,東村山市,秋津町５丁目,2020-02-04,08,駐車（輪）場,駐車（輪）場,70歳以上,その他,施錠せず
窃盗,自転車盗,東村山,秋津駅前交番,132136,東京都,東村山市,秋津町５丁目,2020-06-07,12,その他の住宅（３階建て以下共同住宅等）,駐車（輪）場,20歳代,大学生,施錠せず
窃盗,自転車盗,東村山,秋津駅前交番,132136,東京都,東村山市,秋津町５丁目,2020-06-08,07,駐車（輪）場,駐車（輪）場,30歳代,その他,施錠せず
窃盗,自転車盗,東村山,秋津駅前交番,132136,東京都,東村山市,秋津町５丁目,2020-06-14,10,駐車（輪）場,駐車（輪）場,10歳代,高校生,施錠せず
窃盗,自転車盗,東村山,秋津駅前交番,132136,東京都,東村山市,秋津町５丁目,2020-06-20,23,その他の住宅（３階建て以下共同住宅等）,駐車（輪）場,30歳代,その他,施錠せず
窃盗,自転車盗,東村山,秋津駅前交番,132136,東京都,東村山市,秋津町５丁目,2020-08-01,09,一戸建住宅,その他,30歳代,その他,施錠せず
窃盗,自転車盗,東村山,秋津駅前交番,132136,東京都,東村山市,秋津町５丁目,2020-08-27,04,駐車（輪）場,駐車（輪）場,10歳代,その他,施錠せず
窃盗,自転車盗,東村山,秋津駅前交番,132136,東京都,東村山市,秋津町５丁目,2020-09-10,06,駐車（輪）場,駐車（輪）場,50歳代,その他,施錠せず
窃盗,自転車盗,東村山,秋津駅前交番,132136,東京都,東村山市,秋津町５丁目,2020-09-10,07,駐車（輪）場,駐車（輪）場,10歳代,大学生,施錠せず
窃盗,自転車盗,東村山,秋津駅前交番,132136,東京都,東村山市,秋津町５丁目,2020-09-20,20,その他,駐車（輪）場,30歳代,その他,施錠せず
窃盗,自転車盗,東村山,秋津駅前交番,132136,東京都,東村山市,秋津町５丁目,2020-10-21,08,その他の住宅（３階建て以下共同住宅等）,駐車（輪）場,50歳代,その他,施錠せず
窃盗,自転車盗,東村山,秋津駅前交番,132136,東京都,東村山市,秋津町５丁目,2020-11-12,23,その他の住宅（３階建て以下共同住宅等）,その他,20歳代,その他,施錠せず
窃盗,自転車盗,東村山,秋津駅前交番,132136,東京都,東村山市,秋津町５丁目,2020-11-14,16,駐車（輪）場,駐車（輪）場,20歳代,その他,施錠せず
窃盗,自転車盗,東村山,秋津駅前交番,132217,東京都,清瀬市,野塩１丁目,2020-01-04,17,道路上,その他,20歳代,その他,施錠せず
窃盗,自転車盗,東村山,秋津駅前交番,132217,東京都,清瀬市,野塩１丁目,2020-03-05,16,その他,駐車（輪）場,30歳代,その他,施錠せず
窃盗,自転車盗,東村山,秋津駅前交番,132217,東京都,清瀬市,野塩１丁目,2020-06-06,17,その他,駐車（輪）場,10歳代,小学生,施錠せず
窃盗,自転車盗,東村山,秋津駅前交番,132217,東京都,清瀬市,野塩５丁目,2020-09-28,07,駐車（輪）場,駐車（輪）場,20歳代,その他,施錠せず
窃盗,自転車盗,東村山,旭が丘交番,132217,東京都,清瀬市,旭が丘２丁目,2020-04-03,19,４階建て以上共同住宅,駐車（輪）場,20歳代,その他,施錠せず
窃盗,自転車盗,東村山,旭が丘交番,132217,東京都,清瀬市,中里５丁目,2020-01-19,15,その他,駐車（輪）場,65-69歳,その他,施錠せず
窃盗,自転車盗,東村山,竹丘駐在所,132217,東京都,清瀬市,竹丘１丁目,2020-03-18,07,４階建て以上共同住宅,その他,30歳代,その他,施錠せず
窃盗,自転車盗,東村山,竹丘駐在所,132217,東京都,清瀬市,竹丘１丁目,2020-03-19,07,４階建て以上共同住宅,その他,30歳代,その他,施錠せず
窃盗,自転車盗,東村山,竹丘駐在所,132217,東京都,清瀬市,竹丘１丁目,2020-07-29,19,その他の住宅（３階建て以下共同住宅等）,駐車（輪）場,70歳以上,その他,施錠せず
窃盗,自転車盗,東村山,竹丘駐在所,132217,東京都,清瀬市,竹丘１丁目,2020-11-20,10,その他の住宅（３階建て以下共同住宅等）,駐車（輪）場,50歳代,その他,施錠せず
窃盗,自転車盗,東村山,竹丘駐在所,132217,東京都,清瀬市,竹丘１丁目,2020-11-27,21,４階建て以上共同住宅,駐車（輪）場,10歳代,中学生,施錠せず
窃盗,自転車盗,東村山,竹丘駐在所,132217,東京都,清瀬市,竹丘２丁目,2020-02-05,18,４階建て以上共同住宅,駐車（輪）場,20歳代,その他,施錠せず
窃盗,自転車盗,東村山,竹丘駐在所,132217,東京都,清瀬市,竹丘２丁目,2020-08-12,22,駐車（輪）場,駐車（輪）場,70歳以上,その他,施錠せず
窃盗,自転車盗,東村山,竹丘駐在所,132217,東京都,清瀬市,竹丘２丁目,2020-12-02,05,一戸建住宅,その他,65-69歳,その他,施錠せず
窃盗,自転車盗,東村山,竹丘駐在所,132217,東京都,清瀬市,竹丘３丁目,2020-03-16,12,その他の住宅（３階建て以下共同住宅等）,駐車（輪）場,20歳代,その他,施錠せず
窃盗,自転車盗,東村山,竹丘駐在所,132217,東京都,清瀬市,竹丘３丁目,2020-07-05,18,その他の住宅（３階建て以下共同住宅等）,駐車（輪）場,20歳代,その他,施錠せず
窃盗,自転車盗,東村山,萩山駐在所,132136,東京都,東村山市,萩山町１丁目,2019-12-13,23,その他の住宅（３階建て以下共同住宅等）,駐車（輪）場,10歳代,大学生,施錠せず
窃盗,自転車盗,東村山,萩山駐在所,132136,東京都,東村山市,萩山町１丁目,2020-02-13,11,道路上,その他,50歳代,その他,施錠せず
窃盗,自転車盗,東村山,萩山駐在所,132136,東京都,東村山市,萩山町１丁目,2020-07-19,16,道路上,その他,70歳以上,その他,施錠せず
窃盗,自転車盗,東村山,萩山駐在所,132136,東京都,東村山市,萩山町２丁目,2020-01-10,17,一戸建住宅,駐車（輪）場,10歳代,小学生,施錠せず
窃盗,自転車盗,東村山,萩山駐在所,132136,東京都,東村山市,萩山町２丁目,2020-01-27,08,駐車（輪）場,駐車（輪）場,20歳代,その他,施錠せず
窃盗,自転車盗,東村山,萩山駐在所,132136,東京都,東村山市,萩山町２丁目,2020-07-12,20,４階建て以上共同住宅,駐車（輪）場,10歳代,その他,施錠せず
窃盗,自転車盗,東村山,萩山駐在所,132136,東京都,東村山市,萩山町５丁目,2020-09-17,07,その他,駐車（輪）場,40歳代,その他,施錠せず
窃盗,自転車盗,東村山,下清戸駐在所,132217,東京都,清瀬市,中清戸５丁目,2020-10-13,18,その他の住宅（３階建て以下共同住宅等）,駐車（輪）場,10歳代,その他,施錠せず
窃盗,自転車盗,東村山,青葉駐在所,132136,東京都,東村山市,青葉町１丁目,2020-01-10,20,４階建て以上共同住宅,駐車（輪）場,10歳代,高校生,施錠せず
窃盗,自転車盗,東村山,青葉駐在所,132136,東京都,東村山市,青葉町２丁目,2020-01-12,07,その他,駐車（輪）場,10歳代,その他,施錠せず
窃盗,自転車盗,東村山,青葉駐在所,132136,東京都,東村山市,青葉町２丁目,2020-02-26,06,その他,駐車（輪）場,50歳代,その他,施錠せず
窃盗,自転車盗,東村山,青葉駐在所,132136,東京都,東村山市,青葉町２丁目,2020-05-31,18,一戸建住宅,駐車（輪）場,50歳代,その他,施錠せず
窃盗,自転車盗,東村山,青葉駐在所,132136,東京都,東村山市,青葉町２丁目,2020-12-09,15,４階建て以上共同住宅,駐車（輪）場,10歳代,高校生,施錠せず
窃盗,自転車盗,東村山,青葉駐在所,132136,東京都,東村山市,恩多町１丁目,2020-07-27,10,その他,駐車（輪）場,40歳代,その他,施錠せず
窃盗,自転車盗,東村山,青葉駐在所,132136,東京都,東村山市,恩多町５丁目,2020-02-03,14,その他,駐車（輪）場,70歳以上,その他,施錠せず
窃盗,自転車盗,東村山,青葉駐在所,132136,東京都,東村山市,恩多町５丁目,2020-09-22,08,４階建て以上共同住宅,駐車（輪）場,40歳代,その他,施錠せず
窃盗,自転車盗,武蔵野,吉祥寺駅西口交番,132039,東京都,武蔵野市,吉祥寺南町１丁目,2020-03-14,19,道路上,その他,30歳代,その他,施錠せず
窃盗,自転車盗,武蔵野,吉祥寺駅西口交番,132039,東京都,武蔵野市,吉祥寺南町１丁目,2020-07-22,09,４階建て以上共同住宅,駐車（輪）場,20歳代,その他,施錠せず
窃盗,自転車盗,武蔵野,吉祥寺駅西口交番,132039,東京都,武蔵野市,吉祥寺南町１丁目,2020-08-02,01,４階建て以上共同住宅,駐車（輪）場,40歳代,その他,施錠せず
窃盗,自転車盗,武蔵野,吉祥寺駅西口交番,132039,東京都,武蔵野市,吉祥寺南町１丁目,2020-10-24,00,その他,駐車（輪）場,30歳代,その他,施錠せず
窃盗,自転車盗,武蔵野,吉祥寺駅西口交番,132039,東京都,武蔵野市,吉祥寺南町１丁目,2020-11-05,22,その他,駐車（輪）場,20歳代,大学生,施錠せず
窃盗,自転車盗,武蔵野,吉祥寺駅西口交番,132039,東京都,武蔵野市,吉祥寺南町４丁目,2020-09-16,17,一戸建住宅,駐車（輪）場,10歳代,高校生,施錠せず
窃盗,自転車盗,武蔵野,吉祥寺駅西口交番,132039,東京都,武蔵野市,御殿山１丁目,2019-12-26,18,駐車（輪）場,駐車（輪）場,20歳代,その他,施錠せず
窃盗,自転車盗,武蔵野,吉祥寺駅西口交番,132039,東京都,武蔵野市,御殿山１丁目,2020-02-05,16,その他,駐車（輪）場,20歳代,大学生,施錠せず
窃盗,自転車盗,武蔵野,吉祥寺駅西口交番,132039,東京都,武蔵野市,御殿山１丁目,2020-02-08,17,その他,駐車（輪）場,10歳代,大学生,施錠せず
窃盗,自転車盗,武蔵野,吉祥寺駅西口交番,132039,東京都,武蔵野市,御殿山１丁目,2020-02-12,12,その他,駐車（輪）場,30歳代,その他,施錠せず
窃盗,自転車盗,武蔵野,吉祥寺駅西口交番,132039,東京都,武蔵野市,御殿山１丁目,2020-02-17,17,その他,駐車（輪）場,20歳代,大学生,施錠せず
窃盗,自転車盗,武蔵野,吉祥寺駅西口交番,132039,東京都,武蔵野市,御殿山１丁目,2020-03-10,15,駐車（輪）場,駐車（輪）場,10歳代,大学生,施錠せず
窃盗,自転車盗,武蔵野,吉祥寺駅西口交番,132039,東京都,武蔵野市,御殿山１丁目,2020-03-27,13,その他,駐車（輪）場,10歳代,高校生,施錠せず
窃盗,自転車盗,武蔵野,吉祥寺駅西口交番,132039,東京都,武蔵野市,御殿山１丁目,2020-06-21,16,駐車（輪）場,駐車（輪）場,10歳代,高校生,施錠せず
窃盗,自転車盗,武蔵野,吉祥寺駅西口交番,132039,東京都,武蔵野市,御殿山１丁目,2020-07-02,11,その他,駐車（輪）場,20歳代,その他,施錠せず
窃盗,自転車盗,武蔵野,吉祥寺駅西口交番,132039,東京都,武蔵野市,御殿山１丁目,2020-08-16,16,その他,駐車（輪）場,10歳代,高校生,施錠せず
窃盗,自転車盗,武蔵野,吉祥寺駅西口交番,132039,東京都,武蔵野市,御殿山１丁目,2020-11-05,01,道路上,その他,30歳代,その他,施錠せず
窃盗,自転車盗,武蔵野,吉祥寺駅西口交番,132039,東京都,武蔵野市,御殿山１丁目,2020-11-07,17,その他,駐車（輪）場,20歳代,大学生,施錠せず
窃盗,自転車盗,武蔵野,南町交番,132039,東京都,武蔵野市,吉祥寺南町３丁目,2020-03-17,23,道路上,その他,30歳代,その他,施錠せず
窃盗,自転車盗,武蔵野,南町交番,132039,東京都,武蔵野市,吉祥寺南町３丁目,2020-10-01,22,その他の住宅（３階建て以下共同住宅等）,駐車（輪）場,20歳代,その他,施錠せず
窃盗,自転車盗,武蔵野,南町交番,132039,東京都,武蔵野市,吉祥寺南町３丁目,2020-10-07,23,その他の住宅（３階建て以下共同住宅等）,駐車（輪）場,20歳代,大学生,施錠せず
窃盗,自転車盗,武蔵野,吉祥寺駅東口交番,132039,東京都,武蔵野市,吉祥寺東町１丁目,2020-09-08,12,その他,駐車（輪）場,20歳代,その他,施錠せず
窃盗,自転車盗,武蔵野,吉祥寺駅東口交番,132039,東京都,武蔵野市,吉祥寺本町１丁目,2020-01-29,21,道路上,その他,20歳代,その他,施錠せず
窃盗,自転車盗,武蔵野,吉祥寺駅東口交番,132039,東京都,武蔵野市,吉祥寺本町１丁目,2020-02-15,01,道路上,その他,30歳代,大学生,施錠せず
窃盗,自転車盗,武蔵野,吉祥寺駅東口交番,132039,東京都,武蔵野市,吉祥寺本町１丁目,2020-03-07,13,道路上,その他,20歳代,その他,施錠せず
窃盗,自転車盗,武蔵野,吉祥寺駅東口交番,132039,東京都,武蔵野市,吉祥寺本町１丁目,2020-03-23,19,その他,駐車（輪）場,10歳代,高校生,施錠せず
窃盗,自転車盗,武蔵野,吉祥寺駅東口交番,132039,東京都,武蔵野市,吉祥寺本町１丁目,2020-04-24,10,４階建て以上共同住宅,駐車（輪）場,30歳代,その他,施錠せず
窃盗,自転車盗,武蔵野,吉祥寺駅東口交番,132039,東京都,武蔵野市,吉祥寺本町１丁目,2020-07-16,11,その他,駐車（輪）場,70歳以上,その他,施錠せず
窃盗,自転車盗,武蔵野,吉祥寺駅東口交番,132039,東京都,武蔵野市,吉祥寺本町１丁目,2020-07-20,14,４階建て以上共同住宅,駐車（輪）場,20歳代,大学生,施錠せず
窃盗,自転車盗,武蔵野,吉祥寺駅東口交番,132039,東京都,武蔵野市,吉祥寺本町１丁目,2020-08-31,06,駐車（輪）場,駐車（輪）場,40歳代,その他,施錠せず
窃盗,自転車盗,武蔵野,吉祥寺駅東口交番,132039,東京都,武蔵野市,吉祥寺本町１丁目,2020-09-05,08,駐車（輪）場,駐車（輪）場,30歳代,その他,施錠せず
窃盗,自転車盗,武蔵野,吉祥寺駅東口交番,132039,東京都,武蔵野市,吉祥寺本町１丁目,2020-09-06,00,その他,駐車（輪）場,20歳代,その他,施錠せず
窃盗,自転車盗,武蔵野,吉祥寺駅東口交番,132039,東京都,武蔵野市,吉祥寺本町１丁目,2020-09-17,20,駐車（輪）場,駐車（輪）場,10歳代,中学生,施錠せず
窃盗,自転車盗,武蔵野,吉祥寺駅東口交番,132039,東京都,武蔵野市,吉祥寺本町１丁目,2020-09-29,10,その他,駐車（輪）場,30歳代,その他,施錠せず
窃盗,自転車盗,武蔵野,吉祥寺駅東口交番,132039,東京都,武蔵野市,吉祥寺本町１丁目,2020-10-01,06,駐車（輪）場,駐車（輪）場,20歳代,その他,施錠せず
窃盗,自転車盗,武蔵野,吉祥寺駅東口交番,132039,東京都,武蔵野市,吉祥寺本町１丁目,2020-10-06,06,駐車（輪）場,駐車（輪）場,10歳代,高校生,施錠せず
窃盗,自転車盗,武蔵野,吉祥寺駅東口交番,132039,東京都,武蔵野市,吉祥寺本町１丁目,2020-10-21,23,駐車（輪）場,駐車（輪）場,30歳代,その他,施錠せず
窃盗,自転車盗,武蔵野,吉祥寺駅東口交番,132039,東京都,武蔵野市,吉祥寺本町１丁目,2020-11-10,06,駐車（輪）場,駐車（輪）場,30歳代,その他,施錠せず
窃盗,自転車盗,武蔵野,吉祥寺駅東口交番,132039,東京都,武蔵野市,吉祥寺本町１丁目,2020-11-14,11,その他の住宅（３階建て以下共同住宅等）,駐車（輪）場,30歳代,その他,施錠せず
窃盗,自転車盗,武蔵野,吉祥寺駅東口交番,132039,東京都,武蔵野市,吉祥寺本町２丁目,2020-03-05,10,４階建て以上共同住宅,駐車（輪）場,20歳代,その他,施錠せず
窃盗,自転車盗,武蔵野,吉祥寺駅東口交番,132039,東京都,武蔵野市,吉祥寺本町２丁目,2020-03-26,19,駐車（輪）場,駐車（輪）場,10歳代,その他,施錠せず
窃盗,自転車盗,武蔵野,吉祥寺駅東口交番,132039,東京都,武蔵野市,吉祥寺本町２丁目,2020-03-28,09,その他の住宅（３階建て以下共同住宅等）,駐車（輪）場,20歳代,その他,施錠せず
窃盗,自転車盗,武蔵野,吉祥寺駅東口交番,132039,東京都,武蔵野市,吉祥寺本町２丁目,2020-04-08,16,その他の住宅（３階建て以下共同住宅等）,駐車（輪）場,65-69歳,その他,施錠せず
窃盗,自転車盗,武蔵野,吉祥寺駅東口交番,132039,東京都,武蔵野市,吉祥寺本町２丁目,2020-09-19,12,道路上,その他,20歳代,その他,施錠せず
窃盗,自転車盗,武蔵野,吉祥寺駅東口交番,132039,東京都,武蔵野市,吉祥寺本町３丁目,2020-01-07,08,その他の住宅（３階建て以下共同住宅等）,駐車（輪）場,20歳代,その他,施錠せず
窃盗,自転車盗,武蔵野,吉祥寺駅東口交番,132039,東京都,武蔵野市,吉祥寺本町４丁目,2020-07-24,08,４階建て以上共同住宅,駐車（輪）場,65-69歳,その他,施錠せず
窃盗,自転車盗,武蔵野,吉祥寺駅東口交番,132039,東京都,武蔵野市,吉祥寺南町２丁目,2019-12-21,17,駐車（輪）場,駐車（輪）場,40歳代,その他,施錠せず
窃盗,自転車盗,武蔵野,吉祥寺駅東口交番,132039,東京都,武蔵野市,吉祥寺南町２丁目,2020-03-30,17,４階建て以上共同住宅,駐車（輪）場,30歳代,その他,施錠せず
窃盗,自転車盗,武蔵野,吉祥寺駅東口交番,132039,東京都,武蔵野市,吉祥寺南町２丁目,2020-06-10,22,駐車（輪）場,駐車（輪）場,40歳代,その他,施錠せず
窃盗,自転車盗,武蔵野,八幡宮西交番,132039,東京都,武蔵野市,吉祥寺北町１丁目,2020-05-26,12,道路上,その他,40歳代,その他,施錠せず
窃盗,自転車盗,武蔵野,八幡宮西交番,132039,東京都,武蔵野市,吉祥寺北町１丁目,2020-06-20,12,その他の住宅（３階建て以下共同住宅等）,駐車（輪）場,10歳代,高校生,施錠せず
窃盗,自転車盗,武蔵野,八幡宮西交番,132039,東京都,武蔵野市,吉祥寺北町２丁目,2020-03-13,01,４階建て以上共同住宅,駐車（輪）場,20歳代,大学生,施錠せず
窃盗,自転車盗,武蔵野,八幡宮西交番,132039,東京都,武蔵野市,吉祥寺北町２丁目,2020-03-30,13,一戸建住宅,駐車（輪）場,65-69歳,その他,施錠せず
窃盗,自転車盗,武蔵野,八幡宮西交番,132039,東京都,武蔵野市,吉祥寺北町２丁目,2020-04-07,20,４階建て以上共同住宅,駐車（輪）場,20歳代,その他,施錠せず
窃盗,自転車盗,武蔵野,八幡宮西交番,132039,東京都,武蔵野市,吉祥寺北町２丁目,2020-05-23,17,その他の住宅（３階建て以下共同住宅等）,その他,10歳代,大学生,施錠せず
窃盗,自転車盗,武蔵野,八幡宮西交番,132039,東京都,武蔵野市,吉祥寺北町２丁目,2020-06-02,21,４階建て以上共同住宅,駐車（輪）場,50歳代,その他,施錠せず
窃盗,自転車盗,武蔵野,八幡宮西交番,132039,東京都,武蔵野市,吉祥寺北町２丁目,2020-06-12,13,その他の住宅（３階建て以下共同住宅等）,駐車（輪）場,30歳代,その他,施錠せず
窃盗,自転車盗,武蔵野,八幡宮西交番,132039,東京都,武蔵野市,吉祥寺北町２丁目,2020-10-01,08,４階建て以上共同住宅,駐車（輪）場,30歳代,その他,施錠せず
窃盗,自転車盗,武蔵野,八幡宮西交番,132039,東京都,武蔵野市,吉祥寺北町３丁目,2020-01-28,18,４階建て以上共同住宅,駐車（輪）場,50歳代,その他,施錠せず
窃盗,自転車盗,武蔵野,八幡宮西交番,132039,東京都,武蔵野市,吉祥寺北町３丁目,2020-02-12,14,その他,駐車（輪）場,20歳代,大学生,施錠せず
窃盗,自転車盗,武蔵野,八幡宮西交番,132039,東京都,武蔵野市,吉祥寺北町３丁目,2020-09-01,06,その他,駐車（輪）場,20歳代,大学生,施錠せず
窃盗,自転車盗,武蔵野,八幡宮西交番,132039,東京都,武蔵野市,吉祥寺北町３丁目,2020-09-02,21,その他の住宅（３階建て以下共同住宅等）,駐車（輪）場,10歳代,中学生,施錠せず
窃盗,自転車盗,武蔵野,八幡宮西交番,132039,東京都,武蔵野市,吉祥寺北町３丁目,2020-09-10,10,一戸建住宅,その他,10歳代,高校生,施錠せず
窃盗,自転車盗,武蔵野,八幡宮西交番,132039,東京都,武蔵野市,吉祥寺北町３丁目,2020-11-01,18,その他,駐車（輪）場,10歳代,大学生,施錠せず
窃盗,自転車盗,武蔵野,八幡宮西交番,132039,東京都,武蔵野市,吉祥寺北町３丁目,2020-11-19,18,一戸建住宅,その他,40歳代,その他,施錠せず
窃盗,自転車盗,武蔵野,八幡宮西交番,132039,東京都,武蔵野市,吉祥寺本町１丁目,2020-01-11,23,道路上,その他,30歳代,その他,施錠せず
窃盗,自転車盗,武蔵野,八幡宮西交番,132039,東京都,武蔵野市,吉祥寺本町１丁目,2020-01-31,08,その他,駐車（輪）場,20歳代,大学生,施錠せず
窃盗,自転車盗,武蔵野,八幡宮西交番,132039,東京都,武蔵野市,吉祥寺本町１丁目,2020-06-12,11,その他,駐車（輪）場,20歳代,大学生,施錠せず
窃盗,自転車盗,武蔵野,八幡宮西交番,132039,東京都,武蔵野市,吉祥寺本町２丁目,2020-02-25,04,その他,駐車（輪）場,20歳代,その他,施錠せず
窃盗,自転車盗,武蔵野,八幡宮西交番,132039,東京都,武蔵野市,吉祥寺本町２丁目,2020-06-04,14,その他の住宅（３階建て以下共同住宅等）,その他,40歳代,その他,施錠せず
窃盗,自転車盗,武蔵野,八幡宮西交番,132039,東京都,武蔵野市,吉祥寺本町２丁目,2020-08-26,12,その他,駐車（輪）場,70歳以上,その他,施錠せず
窃盗,自転車盗,武蔵野,八幡宮西交番,132039,東京都,武蔵野市,吉祥寺本町２丁目,2020-08-30,22,その他,駐車（輪）場,30歳代,その他,施錠せず
窃盗,自転車盗,武蔵野,八幡宮西交番,132039,東京都,武蔵野市,吉祥寺本町２丁目,2020-10-21,23,道路上,その他,20歳代,その他,施錠せず
窃盗,自転車盗,武蔵野,八幡宮西交番,132039,東京都,武蔵野市,吉祥寺本町４丁目,2020-09-06,18,一戸建住宅,駐車（輪）場,10歳代,中学生,施錠せず
窃盗,自転車盗,武蔵野,八幡宮西交番,132039,東京都,武蔵野市,中町３丁目,2020-02-28,20,一戸建住宅,その他,40歳代,その他,施錠せず
窃盗,自転車盗,武蔵野,八幡宮西交番,132039,東京都,武蔵野市,中町３丁目,2020-04-06,22,４階建て以上共同住宅,駐車（輪）場,40歳代,その他,施錠せず
窃盗,自転車盗,武蔵野,八幡宮西交番,132039,東京都,武蔵野市,中町３丁目,2020-09-13,19,４階建て以上共同住宅,駐車（輪）場,20歳代,大学生,施錠せず
窃盗,自転車盗,武蔵野,八幡宮西交番,132039,東京都,武蔵野市,中町３丁目,2020-11-05,18,道路上,その他,40歳代,その他,施錠せず
窃盗,自転車盗,武蔵野,三鷹駅北口交番,132039,東京都,武蔵野市,吉祥寺本町３丁目,2020-01-14,07,その他の住宅（３階建て以下共同住宅等）,駐車（輪）場,20歳代,その他,施錠せず
窃盗,自転車盗,武蔵野,三鷹駅北口交番,132039,東京都,武蔵野市,吉祥寺本町３丁目,2020-03-30,13,その他,駐車（輪）場,70歳以上,その他,施錠せず
窃盗,自転車盗,武蔵野,三鷹駅北口交番,132039,東京都,武蔵野市,吉祥寺本町３丁目,2020-06-03,20,その他の住宅（３階建て以下共同住宅等）,駐車（輪）場,40歳代,その他,施錠せず
窃盗,自転車盗,武蔵野,三鷹駅北口交番,132039,東京都,武蔵野市,吉祥寺本町３丁目,2020-06-13,00,４階建て以上共同住宅,駐車（輪）場,20歳代,その他,施錠せず
窃盗,自転車盗,武蔵野,三鷹駅北口交番,132039,東京都,武蔵野市,吉祥寺本町３丁目,2020-07-31,17,一戸建住宅,駐車（輪）場,65-69歳,その他,施錠せず
窃盗,自転車盗,武蔵野,三鷹駅北口交番,132039,東京都,武蔵野市,吉祥寺本町３丁目,2020-09-08,03,４階建て以上共同住宅,駐車（輪）場,30歳代,その他,施錠せず
窃盗,自転車盗,武蔵野,三鷹駅北口交番,132039,東京都,武蔵野市,吉祥寺本町３丁目,2020-09-20,19,一戸建住宅,駐車（輪）場,70歳以上,その他,施錠せず
窃盗,自転車盗,武蔵野,三鷹駅北口交番,132039,東京都,武蔵野市,桜堤３丁目,2020-03-16,00,４階建て以上共同住宅,駐車（輪）場,40歳代,その他,施錠せず
窃盗,自転車盗,武蔵野,三鷹駅北口交番,132039,東京都,武蔵野市,中町１丁目,2020-01-20,00,駐車（輪）場,駐車（輪）場,40歳代,その他,施錠せず
窃盗,自転車盗,武蔵野,三鷹駅北口交番,132039,東京都,武蔵野市,中町１丁目,2020-01-31,23,道路上,その他,40歳代,その他,施錠せず
窃盗,自転車盗,武蔵野,三鷹駅北口交番,132039,東京都,武蔵野市,中町１丁目,2020-02-07,12,その他,駐車（輪）場,70歳以上,その他,施錠せず
窃盗,自転車盗,武蔵野,三鷹駅北口交番,132039,東京都,武蔵野市,中町１丁目,2020-03-07,22,駐車（輪）場,駐車（輪）場,30歳代,その他,施錠せず
窃盗,自転車盗,武蔵野,三鷹駅北口交番,132039,東京都,武蔵野市,中町１丁目,2020-03-24,21,その他の住宅（３階建て以下共同住宅等）,駐車（輪）場,20歳代,その他,施錠せず
窃盗,自転車盗,武蔵野,三鷹駅北口交番,132039,東京都,武蔵野市,中町１丁目,2020-08-06,23,道路上,その他,40歳代,その他,施錠せず
窃盗,自転車盗,武蔵野,三鷹駅北口交番,132039,東京都,武蔵野市,中町１丁目,2020-08-16,13,４階建て以上共同住宅,駐車（輪）場,40歳代,その他,施錠せず
窃盗,自転車盗,武蔵野,三鷹駅北口交番,132039,東京都,武蔵野市,中町１丁目,2020-09-22,22,道路上,その他,30歳代,その他,施錠せず
窃盗,自転車盗,武蔵野,三鷹駅北口交番,132039,東京都,武蔵野市,中町１丁目,2020-10-03,00,４階建て以上共同住宅,駐車（輪）場,40歳代,その他,施錠せず
窃盗,自転車盗,武蔵野,三鷹駅北口交番,132039,東京都,武蔵野市,中町２丁目,2020-01-08,22,４階建て以上共同住宅,その他,10歳代,高校生,施錠せず
窃盗,自転車盗,武蔵野,三鷹駅北口交番,132039,東京都,武蔵野市,中町２丁目,2020-01-25,20,その他の住宅（３階建て以下共同住宅等）,駐車（輪）場,20歳代,大学生,施錠せず
窃盗,自転車盗,武蔵野,三鷹駅北口交番,132039,東京都,武蔵野市,中町２丁目,2020-11-09,19,その他の住宅（３階建て以下共同住宅等）,駐車（輪）場,20歳代,その他,施錠せず
窃盗,自転車盗,武蔵野,三鷹駅北口交番,132039,東京都,武蔵野市,中町３丁目,2020-09-01,10,一戸建住宅,駐車（輪）場,40歳代,その他,施錠せず
窃盗,自転車盗,武蔵野,三鷹駅北口交番,132039,東京都,武蔵野市,西久保１丁目,2020-01-06,23,駐車（輪）場,駐車（輪）場,10歳代,大学生,施錠せず
窃盗,自転車盗,武蔵野,三鷹駅北口交番,132039,東京都,武蔵野市,西久保１丁目,2020-02-16,15,駐車（輪）場,駐車（輪）場,10歳代,小学生,施錠せず
窃盗,自転車盗,武蔵野,八幡町交番,132039,東京都,武蔵野市,関前３丁目,2020-06-23,19,その他の住宅（３階建て以下共同住宅等）,駐車（輪）場,20歳代,その他,施錠せず
窃盗,自転車盗,武蔵野,八幡町交番,132039,東京都,武蔵野市,西久保３丁目,2020-08-01,09,一戸建住宅,駐車（輪）場,40歳代,その他,施錠せず
窃盗,自転車盗,武蔵野,八幡町交番,132039,東京都,武蔵野市,西久保３丁目,2020-09-20,16,４階建て以上共同住宅,駐車（輪）場,10歳代,大学生,施錠せず
窃盗,自転車盗,武蔵野,八幡町交番,132039,東京都,武蔵野市,西久保３丁目,2020-11-10,21,その他の住宅（３階建て以下共同住宅等）,その他,40歳代,その他,施錠せず
窃盗,自転車盗,武蔵野,八幡町交番,132039,東京都,武蔵野市,緑町１丁目,2020-06-19,10,４階建て以上共同住宅,駐車（輪）場,70歳以上,その他,施錠せず
窃盗,自転車盗,武蔵野,八幡町交番,132039,東京都,武蔵野市,八幡町１丁目,2020-08-22,09,その他,駐車（輪）場,50歳代,その他,施錠せず
窃盗,自転車盗,武蔵野,八幡町交番,132039,東京都,武蔵野市,八幡町２丁目,2020-08-25,20,その他,駐車（輪）場,10歳代,大学生,施錠せず
窃盗,自転車盗,武蔵野,八幡町交番,132039,東京都,武蔵野市,八幡町４丁目,2020-02-14,20,４階建て以上共同住宅,駐車（輪）場,20歳代,その他,施錠せず
窃盗,自転車盗,武蔵野,八幡町交番,132039,東京都,武蔵野市,八幡町４丁目,2020-08-20,18,その他の住宅（３階建て以下共同住宅等）,駐車（輪）場,10歳代,中学生,施錠せず
窃盗,自転車盗,武蔵野,桜堤交番,132039,東京都,武蔵野市,境１丁目,2020-08-27,07,駐車（輪）場,駐車（輪）場,40歳代,その他,施錠せず
窃盗,自転車盗,武蔵野,桜堤交番,132039,東京都,武蔵野市,境１丁目,2020-11-07,23,道路上,その他,30歳代,その他,施錠せず
窃盗,自転車盗,武蔵野,桜堤交番,132039,東京都,武蔵野市,境２丁目,2020-01-23,23,一戸建住宅,駐車（輪）場,65-69歳,その他,施錠せず
窃盗,自転車盗,武蔵野,桜堤交番,132039,東京都,武蔵野市,境２丁目,2020-06-28,21,その他,駐車（輪）場,60-64歳,その他,施錠せず
窃盗,自転車盗,武蔵野,桜堤交番,132039,東京都,武蔵野市,境２丁目,2020-10-15,08,４階建て以上共同住宅,駐車（輪）場,50歳代,その他,施錠せず
窃盗,自転車盗,武蔵野,桜堤交番,132039,東京都,武蔵野市,境４丁目,2020-03-13,07,その他の住宅（３階建て以下共同住宅等）,駐車（輪）場,50歳代,その他,施錠せず
窃盗,自転車盗,武蔵野,桜堤交番,132039,東京都,武蔵野市,境４丁目,2020-08-03,12,４階建て以上共同住宅,駐車（輪）場,20歳代,その他,施錠せず
窃盗,自転車盗,武蔵野,桜堤交番,132039,東京都,武蔵野市,境４丁目,2020-11-16,11,その他の住宅（３階建て以下共同住宅等）,駐車（輪）場,10歳代,小学生,施錠せず
窃盗,自転車盗,武蔵野,桜堤交番,132039,東京都,武蔵野市,境５丁目,2020-03-14,21,道路上,その他,10歳代,高校生,施錠せず
窃盗,自転車盗,武蔵野,桜堤交番,132039,東京都,武蔵野市,境５丁目,2020-04-13,21,その他の住宅（３階建て以下共同住宅等）,駐車（輪）場,10歳代,高校生,施錠せず
窃盗,自転車盗,武蔵野,桜堤交番,132039,東京都,武蔵野市,境５丁目,2020-07-30,02,その他の住宅（３階建て以下共同住宅等）,駐車（輪）場,10歳代,小学生,施錠せず
窃盗,自転車盗,武蔵野,桜堤交番,132039,東京都,武蔵野市,桜堤１丁目,2020-01-31,19,４階建て以上共同住宅,駐車（輪）場,40歳代,その他,施錠せず
窃盗,自転車盗,武蔵野,桜堤交番,132039,東京都,武蔵野市,桜堤１丁目,2020-11-26,11,４階建て以上共同住宅,駐車（輪）場,40歳代,その他,施錠せず
窃盗,自転車盗,武蔵野,桜堤交番,132039,東京都,武蔵野市,桜堤３丁目,2020-01-26,12,一戸建住宅,駐車（輪）場,10歳代,大学生,施錠せず
窃盗,自転車盗,武蔵野,東町駐在所,132039,東京都,武蔵野市,吉祥寺東町１丁目,2020-05-25,08,一戸建住宅,その他,50歳代,その他,施錠せず
窃盗,自転車盗,武蔵野,東町駐在所,132039,東京都,武蔵野市,吉祥寺東町２丁目,2020-04-04,16,一戸建住宅,駐車（輪）場,50歳代,その他,施錠せず
窃盗,自転車盗,武蔵野,東町駐在所,132039,東京都,武蔵野市,吉祥寺東町２丁目,2020-08-10,21,その他の住宅（３階建て以下共同住宅等）,駐車（輪）場,30歳代,その他,施錠せず
窃盗,自転車盗,武蔵野,東町駐在所,132039,東京都,武蔵野市,吉祥寺東町３丁目,2020-06-17,18,４階建て以上共同住宅,駐車（輪）場,30歳代,その他,施錠せず
窃盗,自転車盗,武蔵野,稲荷前駐在所,132039,東京都,武蔵野市,吉祥寺東町１丁目,2020-03-18,18,４階建て以上共同住宅,駐車（輪）場,10歳代,高校生,施錠せず
窃盗,自転車盗,武蔵野,稲荷前駐在所,132039,東京都,武蔵野市,吉祥寺東町４丁目,2020-03-20,22,その他の住宅（３階建て以下共同住宅等）,駐車（輪）場,40歳代,その他,施錠せず
窃盗,自転車盗,武蔵野,稲荷前駐在所,132039,東京都,武蔵野市,吉祥寺南町５丁目,2019-12-23,21,その他の住宅（３階建て以下共同住宅等）,駐車（輪）場,30歳代,その他,施錠せず
窃盗,自転車盗,武蔵野,三谷通駐在所,132039,東京都,武蔵野市,西久保２丁目,2020-01-13,11,道路上,その他,70歳以上,その他,施錠せず
窃盗,自転車盗,武蔵野,三谷通駐在所,132039,東京都,武蔵野市,西久保２丁目,2020-03-23,19,道路上,その他,20歳代,その他,施錠せず
窃盗,自転車盗,武蔵野,三谷通駐在所,132039,東京都,武蔵野市,西久保２丁目,2020-05-18,17,４階建て以上共同住宅,駐車（輪）場,10歳代,小学生,施錠せず
窃盗,自転車盗,武蔵野,三谷通駐在所,132039,東京都,武蔵野市,西久保２丁目,2020-08-10,18,その他の住宅（３階建て以下共同住宅等）,その他,20歳代,その他,施錠せず
窃盗,自転車盗,武蔵野,三谷通駐在所,132039,東京都,武蔵野市,西久保２丁目,2020-09-28,20,４階建て以上共同住宅,駐車（輪）場,10歳代,その他,施錠せず
窃盗,自転車盗,武蔵野,関前駐在所,132039,東京都,武蔵野市,関前２丁目,2020-02-02,15,４階建て以上共同住宅,駐車（輪）場,10歳未満,小学生,施錠せず
窃盗,自転車盗,武蔵野,関前駐在所,132039,東京都,武蔵野市,関前３丁目,2020-02-22,15,一戸建住宅,駐車（輪）場,50歳代,その他,施錠せず
窃盗,自転車盗,武蔵野,関前駐在所,132039,東京都,武蔵野市,関前５丁目,2020-07-08,17,４階建て以上共同住宅,駐車（輪）場,20歳代,その他,施錠せず
窃盗,自転車盗,武蔵野,関前駐在所,132039,東京都,武蔵野市,関前５丁目,2020-08-25,20,４階建て以上共同住宅,駐車（輪）場,20歳代,大学生,施錠せず
窃盗,自転車盗,武蔵野,武蔵境駅南口交番,132039,東京都,武蔵野市,境南町１丁目,2020-03-25,08,その他,駐車（輪）場,20歳代,大学生,施錠せず
窃盗,自転車盗,武蔵野,武蔵境駅南口交番,132039,東京都,武蔵野市,境南町１丁目,2020-07-18,19,一戸建住宅,駐車（輪）場,50歳代,その他,施錠せず
窃盗,自転車盗,武蔵野,武蔵境駅南口交番,132039,東京都,武蔵野市,境南町１丁目,2020-10-05,17,一戸建住宅,その他,70歳以上,その他,施錠せず
窃盗,自転車盗,武蔵野,武蔵境駅南口交番,132039,東京都,武蔵野市,境南町１丁目,2020-10-22,09,その他,駐車（輪）場,20歳代,その他,施錠せず
窃盗,自転車盗,武蔵野,武蔵境駅南口交番,132039,東京都,武蔵野市,境南町２丁目,2020-01-08,18,駐車（輪）場,駐車（輪）場,10歳代,中学生,施錠せず
窃盗,自転車盗,武蔵野,武蔵境駅南口交番,132039,東京都,武蔵野市,境南町２丁目,2020-01-12,15,４階建て以上共同住宅,駐車（輪）場,10歳代,高校生,施錠せず
窃盗,自転車盗,武蔵野,武蔵境駅南口交番,132039,東京都,武蔵野市,境南町２丁目,2020-01-18,19,駐車（輪）場,駐車（輪）場,30歳代,大学生,施錠せず
窃盗,自転車盗,武蔵野,武蔵境駅南口交番,132039,東京都,武蔵野市,境南町２丁目,2020-01-25,17,その他,駐車（輪）場,20歳代,大学生,施錠せず
窃盗,自転車盗,武蔵野,武蔵境駅南口交番,132039,東京都,武蔵野市,境南町２丁目,2020-02-01,19,駐車（輪）場,駐車（輪）場,10歳代,中学生,施錠せず
窃盗,自転車盗,武蔵野,武蔵境駅南口交番,132039,東京都,武蔵野市,境南町２丁目,2020-02-03,12,その他,駐車（輪）場,20歳代,大学生,施錠せず
窃盗,自転車盗,武蔵野,武蔵境駅南口交番,132039,東京都,武蔵野市,境南町２丁目,2020-02-16,23,駐車（輪）場,駐車（輪）場,40歳代,その他,施錠せず
窃盗,自転車盗,武蔵野,武蔵境駅南口交番,132039,東京都,武蔵野市,境南町２丁目,2020-02-24,17,その他,駐車（輪）場,40歳代,その他,施錠せず
窃盗,自転車盗,武蔵野,武蔵境駅南口交番,132039,東京都,武蔵野市,境南町２丁目,2020-03-29,17,道路上,その他,30歳代,その他,施錠せず
窃盗,自転車盗,武蔵野,武蔵境駅南口交番,132039,東京都,武蔵野市,境南町２丁目,2020-04-27,15,その他,駐車（輪）場,30歳代,その他,施錠せず
窃盗,自転車盗,武蔵野,武蔵境駅南口交番,132039,東京都,武蔵野市,境南町２丁目,2020-05-01,08,その他,その他,40歳代,その他,施錠せず
窃盗,自転車盗,武蔵野,武蔵境駅南口交番,132039,東京都,武蔵野市,境南町２丁目,2020-05-13,14,その他,駐車（輪）場,20歳代,その他,施錠せず
窃盗,自転車盗,武蔵野,武蔵境駅南口交番,132039,東京都,武蔵野市,境南町２丁目,2020-05-29,08,その他,駐車（輪）場,30歳代,その他,施錠せず
窃盗,自転車盗,武蔵野,武蔵境駅南口交番,132039,東京都,武蔵野市,境南町２丁目,2020-06-04,21,その他,駐車（輪）場,30歳代,その他,施錠せず
窃盗,自転車盗,武蔵野,武蔵境駅南口交番,132039,東京都,武蔵野市,境南町２丁目,2020-09-29,20,その他,駐車（輪）場,20歳代,その他,施錠せず
窃盗,自転車盗,武蔵野,武蔵境駅南口交番,132039,東京都,武蔵野市,境南町２丁目,2020-10-13,16,４階建て以上共同住宅,駐車（輪）場,60-64歳,その他,施錠せず
窃盗,自転車盗,武蔵野,武蔵境駅南口交番,132039,東京都,武蔵野市,境南町２丁目,2020-10-14,12,その他,駐車（輪）場,40歳代,その他,施錠せず
窃盗,自転車盗,武蔵野,武蔵境駅南口交番,132039,東京都,武蔵野市,境南町２丁目,2020-10-25,07,その他,駐車（輪）場,10歳代,中学生,施錠せず
窃盗,自転車盗,武蔵野,武蔵境駅南口交番,132039,東京都,武蔵野市,境南町２丁目,2020-11-18,14,一戸建住宅,その他,10歳代,大学生,施錠せず
窃盗,自転車盗,武蔵野,武蔵境駅南口交番,132039,東京都,武蔵野市,境南町３丁目,2020-03-22,23,道路上,その他,40歳代,その他,施錠せず
窃盗,自転車盗,武蔵野,武蔵境駅南口交番,132039,東京都,武蔵野市,境南町３丁目,2020-04-03,18,道路上,その他,30歳代,その他,施錠せず
窃盗,自転車盗,武蔵野,武蔵境駅南口交番,132039,東京都,武蔵野市,境南町３丁目,2020-04-26,20,駐車（輪）場,駐車（輪）場,法人・団体、被害者なし,法人・団体、被害者なし,施錠せず
窃盗,自転車盗,武蔵野,武蔵境駅南口交番,132039,東京都,武蔵野市,境南町３丁目,2020-09-11,22,その他の住宅（３階建て以下共同住宅等）,駐車（輪）場,20歳代,その他,施錠せず
窃盗,自転車盗,武蔵野,武蔵境駅南口交番,132039,東京都,武蔵野市,境南町４丁目,2019-12-05,17,駐車（輪）場,駐車（輪）場,30歳代,その他,施錠せず
窃盗,自転車盗,武蔵野,武蔵境駅南口交番,132039,東京都,武蔵野市,境南町４丁目,2019-12-31,00,４階建て以上共同住宅,駐車（輪）場,40歳代,その他,施錠せず
窃盗,自転車盗,武蔵野,武蔵境駅南口交番,132039,東京都,武蔵野市,境南町５丁目,2020-01-13,23,その他の住宅（３階建て以下共同住宅等）,駐車（輪）場,20歳代,大学生,施錠せず
窃盗,自転車盗,武蔵野,武蔵境駅南口交番,132039,東京都,武蔵野市,境南町５丁目,2020-01-16,18,駐車（輪）場,駐車（輪）場,10歳代,中学生,施錠せず
窃盗,自転車盗,武蔵野,武蔵境駅南口交番,132039,東京都,武蔵野市,境南町５丁目,2020-02-18,18,４階建て以上共同住宅,駐車（輪）場,20歳代,その他,施錠せず
窃盗,自転車盗,武蔵野,武蔵境駅南口交番,132039,東京都,武蔵野市,境南町５丁目,2020-09-20,13,その他の住宅（３階建て以下共同住宅等）,駐車（輪）場,20歳代,その他,施錠せず
窃盗,自転車盗,武蔵野,武蔵境駅南口交番,132039,東京都,武蔵野市,境１丁目,2020-01-31,17,一戸建住宅,駐車（輪）場,10歳未満,小学生,施錠せず
窃盗,自転車盗,武蔵野,武蔵境駅南口交番,132039,東京都,武蔵野市,境１丁目,2020-03-01,13,その他の住宅（３階建て以下共同住宅等）,駐車（輪）場,10歳代,その他,施錠せず
窃盗,自転車盗,武蔵野,武蔵境駅南口交番,132039,東京都,武蔵野市,境１丁目,2020-06-17,01,その他の住宅（３階建て以下共同住宅等）,その他,20歳代,大学生,施錠せず
窃盗,自転車盗,武蔵野,武蔵境駅南口交番,132039,東京都,武蔵野市,境２丁目,2020-09-20,17,道路上,その他,10歳代,大学生,施錠せず
窃盗,自転車盗,武蔵野,武蔵境駅南口交番,132039,東京都,武蔵野市,境２丁目,2020-10-19,22,道路上,その他,20歳代,大学生,施錠せず
窃盗,自転車盗,武蔵野,武蔵境駅南口交番,132039,東京都,武蔵野市,境３丁目,2020-06-19,20,一戸建住宅,駐車（輪）場,40歳代,その他,施錠せず
窃盗,自転車盗,武蔵野,緑町交番,132039,東京都,武蔵野市,吉祥寺北町３丁目,2020-05-02,17,一戸建住宅,駐車（輪）場,20歳代,大学生,施錠せず
窃盗,自転車盗,武蔵野,緑町交番,132039,東京都,武蔵野市,吉祥寺北町３丁目,2020-06-21,19,４階建て以上共同住宅,駐車（輪）場,30歳代,その他,施錠せず
窃盗,自転車盗,武蔵野,緑町交番,132039,東京都,武蔵野市,吉祥寺北町３丁目,2020-07-12,20,４階建て以上共同住宅,駐車（輪）場,20歳代,その他,施錠せず
窃盗,自転車盗,武蔵野,緑町交番,132039,東京都,武蔵野市,吉祥寺北町３丁目,2020-08-20,20,一戸建住宅,駐車（輪）場,50歳代,その他,施錠せず
窃盗,自転車盗,武蔵野,緑町交番,132039,東京都,武蔵野市,吉祥寺北町３丁目,2020-08-30,20,その他の住宅（３階建て以下共同住宅等）,駐車（輪）場,20歳代,その他,施錠せず
窃盗,自転車盗,武蔵野,緑町交番,132039,東京都,武蔵野市,吉祥寺北町３丁目,2020-10-06,19,一戸建住宅,その他,10歳代,高校生,施錠せず
窃盗,自転車盗,武蔵野,緑町交番,132039,東京都,武蔵野市,吉祥寺北町３丁目,2020-11-21,01,４階建て以上共同住宅,駐車（輪）場,20歳代,その他,施錠せず
窃盗,自転車盗,武蔵野,緑町交番,132039,東京都,武蔵野市,吉祥寺北町４丁目,2020-03-21,11,４階建て以上共同住宅,駐車（輪）場,40歳代,その他,施錠せず
窃盗,自転車盗,武蔵野,緑町交番,132039,東京都,武蔵野市,吉祥寺北町４丁目,2020-05-31,21,一戸建住宅,駐車（輪）場,30歳代,その他,施錠せず
窃盗,自転車盗,武蔵野,緑町交番,132039,東京都,武蔵野市,吉祥寺北町４丁目,2020-06-19,17,道路上,その他,70歳以上,その他,施錠せず
窃盗,自転車盗,武蔵野,緑町交番,132039,東京都,武蔵野市,吉祥寺北町４丁目,2020-08-12,17,４階建て以上共同住宅,駐車（輪）場,60-64歳,その他,施錠せず
窃盗,自転車盗,武蔵野,緑町交番,132039,東京都,武蔵野市,吉祥寺北町４丁目,2020-10-06,21,４階建て以上共同住宅,駐車（輪）場,50歳代,その他,施錠せず
窃盗,自転車盗,武蔵野,緑町交番,132039,東京都,武蔵野市,吉祥寺北町４丁目,2020-10-19,00,一戸建住宅,駐車（輪）場,60-64歳,その他,施錠せず
窃盗,自転車盗,武蔵野,緑町交番,132039,東京都,武蔵野市,吉祥寺北町５丁目,2020-11-19,17,その他の住宅（３階建て以下共同住宅等）,駐車（輪）場,10歳代,高校生,施錠せず
窃盗,自転車盗,武蔵野,緑町交番,132039,東京都,武蔵野市,中町３丁目,2019-12-31,16,その他の住宅（３階建て以下共同住宅等）,駐車（輪）場,20歳代,その他,施錠せず
窃盗,自転車盗,武蔵野,緑町交番,132039,東京都,武蔵野市,西久保３丁目,2020-07-17,15,その他,駐車（輪）場,50歳代,その他,施錠せず
窃盗,自転車盗,武蔵野,緑町交番,132039,東京都,武蔵野市,西久保３丁目,2020-09-11,21,４階建て以上共同住宅,駐車（輪）場,20歳代,その他,施錠せず
窃盗,自転車盗,武蔵野,緑町交番,132039,東京都,武蔵野市,緑町１丁目,2020-08-31,16,その他,駐車（輪）場,40歳代,その他,施錠せず
窃盗,自転車盗,武蔵野,緑町交番,132039,東京都,武蔵野市,緑町２丁目,2020-01-10,15,その他の住宅（３階建て以下共同住宅等）,駐車（輪）場,20歳代,その他,施錠せず
窃盗,自転車盗,武蔵野,緑町交番,132039,東京都,武蔵野市,緑町２丁目,2020-01-20,16,４階建て以上共同住宅,駐車（輪）場,50歳代,その他,施錠せず
窃盗,自転車盗,武蔵野,緑町交番,132039,東京都,武蔵野市,緑町２丁目,2020-01-29,19,４階建て以上共同住宅,駐車（輪）場,50歳代,その他,施錠せず
窃盗,自転車盗,武蔵野,緑町交番,132039,東京都,武蔵野市,緑町２丁目,2020-05-13,10,その他,駐車（輪）場,20歳代,その他,施錠せず
窃盗,自転車盗,武蔵野,緑町交番,132039,東京都,武蔵野市,緑町２丁目,2020-07-06,13,４階建て以上共同住宅,駐車（輪）場,10歳代,中学生,施錠せず
窃盗,自転車盗,武蔵野,緑町交番,132039,東京都,武蔵野市,緑町２丁目,2020-08-19,20,４階建て以上共同住宅,駐車（輪）場,40歳代,その他,施錠せず
窃盗,自転車盗,武蔵野,緑町交番,132039,東京都,武蔵野市,緑町２丁目,2020-09-01,20,４階建て以上共同住宅,駐車（輪）場,70歳以上,その他,施錠せず
窃盗,自転車盗,武蔵野,緑町交番,132039,東京都,武蔵野市,緑町２丁目,2020-09-06,17,４階建て以上共同住宅,駐車（輪）場,60-64歳,その他,施錠せず
窃盗,自転車盗,武蔵野,緑町交番,132039,東京都,武蔵野市,緑町２丁目,2020-10-02,22,４階建て以上共同住宅,駐車（輪）場,50歳代,その他,施錠せず
窃盗,自転車盗,武蔵野,緑町交番,132039,東京都,武蔵野市,緑町２丁目,2020-10-07,19,４階建て以上共同住宅,駐車（輪）場,10歳代,高校生,施錠せず
窃盗,自転車盗,武蔵野,緑町交番,132039,東京都,武蔵野市,緑町２丁目,2020-10-10,15,４階建て以上共同住宅,駐車（輪）場,10歳代,中学生,施錠せず
窃盗,自転車盗,武蔵野,緑町交番,132039,東京都,武蔵野市,緑町２丁目,2020-10-19,08,その他,駐車（輪）場,40歳代,その他,施錠せず
窃盗,自転車盗,武蔵野,緑町交番,132039,東京都,武蔵野市,緑町２丁目,2020-10-28,23,４階建て以上共同住宅,駐車（輪）場,40歳代,その他,施錠せず
窃盗,自転車盗,武蔵野,緑町交番,132039,東京都,武蔵野市,緑町３丁目,2020-08-22,16,一戸建住宅,駐車（輪）場,10歳代,高校生,施錠せず
窃盗,自転車盗,三鷹,三鷹駅前交番,132047,東京都,三鷹市,上連雀１丁目,2020-04-04,19,その他の住宅（３階建て以下共同住宅等）,駐車（輪）場,20歳代,その他,施錠せず
窃盗,自転車盗,三鷹,三鷹駅前交番,132047,東京都,三鷹市,上連雀１丁目,2020-08-08,18,４階建て以上共同住宅,駐車（輪）場,70歳以上,その他,施錠せず
窃盗,自転車盗,三鷹,三鷹駅前交番,132047,東京都,三鷹市,上連雀１丁目,2020-08-12,18,その他の住宅（３階建て以下共同住宅等）,駐車（輪）場,20歳代,その他,施錠せず
窃盗,自転車盗,三鷹,三鷹駅前交番,132047,東京都,三鷹市,上連雀２丁目,2020-02-05,10,４階建て以上共同住宅,駐車（輪）場,50歳代,その他,施錠せず
窃盗,自転車盗,三鷹,三鷹駅前交番,132047,東京都,三鷹市,上連雀２丁目,2020-02-14,11,一戸建住宅,駐車（輪）場,10歳代,中学生,施錠せず
窃盗,自転車盗,三鷹,三鷹駅前交番,132047,東京都,三鷹市,上連雀３丁目,2020-06-03,17,一戸建住宅,駐車（輪）場,40歳代,その他,施錠せず
窃盗,自転車盗,三鷹,三鷹駅前交番,132047,東京都,三鷹市,上連雀３丁目,2020-08-17,01,駐車（輪）場,駐車（輪）場,20歳代,その他,施錠せず
窃盗,自転車盗,三鷹,三鷹駅前交番,132047,東京都,三鷹市,上連雀４丁目,2019-12-09,18,一戸建住宅,駐車（輪）場,10歳代,高校生,施錠せず
窃盗,自転車盗,三鷹,三鷹駅前交番,132047,東京都,三鷹市,下連雀２丁目,2020-01-11,00,一戸建住宅,駐車（輪）場,50歳代,その他,施錠せず
窃盗,自転車盗,三鷹,三鷹駅前交番,132047,東京都,三鷹市,下連雀２丁目,2020-02-17,09,４階建て以上共同住宅,駐車（輪）場,10歳代,高校生,施錠せず
窃盗,自転車盗,三鷹,三鷹駅前交番,132047,東京都,三鷹市,下連雀３丁目,2019-11-30,18,道路上,その他,10歳代,中学生,施錠せず
窃盗,自転車盗,三鷹,三鷹駅前交番,132047,東京都,三鷹市,下連雀３丁目,2019-12-14,17,４階建て以上共同住宅,その他,20歳代,大学生,施錠せず
窃盗,自転車盗,三鷹,三鷹駅前交番,132047,東京都,三鷹市,下連雀３丁目,2019-12-14,20,道路上,その他,20歳代,その他,施錠せず
窃盗,自転車盗,三鷹,三鷹駅前交番,132047,東京都,三鷹市,下連雀３丁目,2019-12-27,06,駐車（輪）場,駐車（輪）場,30歳代,その他,施錠せず
窃盗,自転車盗,三鷹,三鷹駅前交番,132047,東京都,三鷹市,下連雀３丁目,2019-12-30,18,道路上,その他,10歳代,中学生,施錠せず
窃盗,自転車盗,三鷹,三鷹駅前交番,132047,東京都,三鷹市,下連雀３丁目,2020-01-14,16,道路上,その他,10歳代,小学生,施錠せず
窃盗,自転車盗,三鷹,三鷹駅前交番,132047,東京都,三鷹市,下連雀３丁目,2020-01-29,08,その他,その他,20歳代,その他,施錠せず
窃盗,自転車盗,三鷹,三鷹駅前交番,132047,東京都,三鷹市,下連雀３丁目,2020-02-10,19,駐車（輪）場,駐車（輪）場,20歳代,大学生,施錠せず
窃盗,自転車盗,三鷹,三鷹駅前交番,132047,東京都,三鷹市,下連雀３丁目,2020-02-15,12,道路上,その他,50歳代,その他,施錠せず
窃盗,自転車盗,三鷹,三鷹駅前交番,132047,東京都,三鷹市,下連雀３丁目,2020-02-19,08,駐車（輪）場,駐車（輪）場,30歳代,その他,施錠せず
窃盗,自転車盗,三鷹,三鷹駅前交番,132047,東京都,三鷹市,下連雀３丁目,2020-02-22,00,４階建て以上共同住宅,その他,20歳代,その他,施錠せず
窃盗,自転車盗,三鷹,三鷹駅前交番,132047,東京都,三鷹市,下連雀３丁目,2020-03-02,04,道路上,その他,70歳以上,その他,施錠せず
窃盗,自転車盗,三鷹,三鷹駅前交番,132047,東京都,三鷹市,下連雀３丁目,2020-04-01,13,４階建て以上共同住宅,その他,65-69歳,その他,施錠せず
窃盗,自転車盗,三鷹,三鷹駅前交番,132047,東京都,三鷹市,下連雀３丁目,2020-04-08,06,駐車（輪）場,駐車（輪）場,50歳代,その他,施錠せず
窃盗,自転車盗,三鷹,三鷹駅前交番,132047,東京都,三鷹市,下連雀３丁目,2020-04-25,09,駐車（輪）場,駐車（輪）場,30歳代,その他,施錠せず
窃盗,自転車盗,三鷹,三鷹駅前交番,132047,東京都,三鷹市,下連雀３丁目,2020-04-26,18,道路上,その他,40歳代,その他,施錠せず
窃盗,自転車盗,三鷹,三鷹駅前交番,132047,東京都,三鷹市,下連雀３丁目,2020-06-14,23,駐車（輪）場,駐車（輪）場,30歳代,その他,施錠せず
窃盗,自転車盗,三鷹,三鷹駅前交番,132047,東京都,三鷹市,下連雀３丁目,2020-06-29,07,駐車（輪）場,駐車（輪）場,10歳代,高校生,施錠せず
窃盗,自転車盗,三鷹,三鷹駅前交番,132047,東京都,三鷹市,下連雀３丁目,2020-07-04,23,駐車（輪）場,駐車（輪）場,20歳代,大学生,施錠せず
窃盗,自転車盗,三鷹,三鷹駅前交番,132047,東京都,三鷹市,下連雀３丁目,2020-07-15,13,駐車（輪）場,駐車（輪）場,70歳以上,その他,施錠せず
窃盗,自転車盗,三鷹,三鷹駅前交番,132047,東京都,三鷹市,下連雀３丁目,2020-07-28,01,駐車（輪）場,駐車（輪）場,20歳代,その他,施錠せず
窃盗,自転車盗,三鷹,三鷹駅前交番,132047,東京都,三鷹市,下連雀３丁目,2020-08-07,18,その他の住宅（３階建て以下共同住宅等）,駐車（輪）場,50歳代,その他,施錠せず
窃盗,自転車盗,三鷹,三鷹駅前交番,132047,東京都,三鷹市,下連雀３丁目,2020-08-22,14,道路上,その他,30歳代,その他,施錠せず
窃盗,自転車盗,三鷹,三鷹駅前交番,132047,東京都,三鷹市,下連雀３丁目,2020-09-04,20,その他,駐車（輪）場,40歳代,その他,施錠せず
窃盗,自転車盗,三鷹,三鷹駅前交番,132047,東京都,三鷹市,下連雀３丁目,2020-09-28,18,４階建て以上共同住宅,駐車（輪）場,20歳代,大学生,施錠せず
窃盗,自転車盗,三鷹,三鷹駅前交番,132047,東京都,三鷹市,下連雀３丁目,2020-10-27,16,道路上,その他,30歳代,その他,施錠せず
窃盗,自転車盗,三鷹,三鷹駅前交番,132047,東京都,三鷹市,下連雀３丁目,2020-12-06,14,駐車（輪）場,駐車（輪）場,40歳代,その他,施錠せず
窃盗,自転車盗,三鷹,三鷹駅前交番,132047,東京都,三鷹市,下連雀３丁目,2020-12-10,14,４階建て以上共同住宅,駐車（輪）場,10歳代,大学生,施錠せず
窃盗,自転車盗,三鷹,三鷹駅前交番,132047,東京都,三鷹市,下連雀３丁目,2020-12-21,20,道路上,その他,30歳代,その他,施錠せず
窃盗,自転車盗,三鷹,三鷹駅前交番,132047,東京都,三鷹市,下連雀４丁目,2019-11-20,19,道路上,その他,40歳代,その他,施錠せず
窃盗,自転車盗,三鷹,三鷹駅前交番,132047,東京都,三鷹市,下連雀４丁目,2020-02-19,18,駐車（輪）場,駐車（輪）場,10歳代,高校生,施錠せず
窃盗,自転車盗,三鷹,三鷹駅前交番,132047,東京都,三鷹市,下連雀４丁目,2020-05-05,10,一戸建住宅,駐車（輪）場,50歳代,その他,施錠せず
窃盗,自転車盗,三鷹,狐久保交番,132047,東京都,三鷹市,下連雀１丁目,2020-01-14,01,その他の住宅（３階建て以下共同住宅等）,駐車（輪）場,30歳代,その他,施錠せず
窃盗,自転車盗,三鷹,狐久保交番,132047,東京都,三鷹市,下連雀１丁目,2020-04-15,23,その他の住宅（３階建て以下共同住宅等）,駐車（輪）場,70歳以上,その他,施錠せず
窃盗,自転車盗,三鷹,狐久保交番,132047,東京都,三鷹市,下連雀１丁目,2020-04-20,21,その他の住宅（３階建て以下共同住宅等）,その他,20歳代,その他,施錠せず
窃盗,自転車盗,三鷹,狐久保交番,132047,東京都,三鷹市,下連雀１丁目,2020-11-10,09,一戸建住宅,その他,10歳代,高校生,施錠せず
窃盗,自転車盗,三鷹,狐久保交番,132047,東京都,三鷹市,下連雀５丁目,2019-12-15,12,４階建て以上共同住宅,駐車（輪）場,10歳未満,小学生,施錠せず
窃盗,自転車盗,三鷹,狐久保交番,132047,東京都,三鷹市,下連雀５丁目,2020-02-08,21,４階建て以上共同住宅,駐車（輪）場,10歳代,小学生,施錠せず
窃盗,自転車盗,三鷹,狐久保交番,132047,東京都,三鷹市,下連雀５丁目,2020-04-01,00,４階建て以上共同住宅,駐車（輪）場,10歳代,大学生,施錠せず
窃盗,自転車盗,三鷹,狐久保交番,132047,東京都,三鷹市,下連雀５丁目,2020-04-17,22,４階建て以上共同住宅,駐車（輪）場,10歳代,高校生,施錠せず
窃盗,自転車盗,三鷹,狐久保交番,132047,東京都,三鷹市,下連雀６丁目,2020-02-03,19,駐車（輪）場,駐車（輪）場,20歳代,その他,施錠せず
窃盗,自転車盗,三鷹,狐久保交番,132047,東京都,三鷹市,下連雀６丁目,2020-04-09,18,４階建て以上共同住宅,駐車（輪）場,10歳代,小学生,施錠せず
窃盗,自転車盗,三鷹,狐久保交番,132047,東京都,三鷹市,下連雀７丁目,2020-02-22,12,その他,駐車（輪）場,10歳代,中学生,施錠せず
窃盗,自転車盗,三鷹,狐久保交番,132047,東京都,三鷹市,下連雀７丁目,2020-05-02,17,その他の住宅（３階建て以下共同住宅等）,駐車（輪）場,20歳代,その他,施錠せず
窃盗,自転車盗,三鷹,狐久保交番,132047,東京都,三鷹市,下連雀７丁目,2020-05-19,15,その他の住宅（３階建て以下共同住宅等）,駐車（輪）場,30歳代,その他,施錠せず
窃盗,自転車盗,三鷹,狐久保交番,132047,東京都,三鷹市,下連雀７丁目,2020-08-27,13,４階建て以上共同住宅,駐車（輪）場,10歳代,高校生,施錠せず
窃盗,自転車盗,三鷹,狐久保交番,132047,東京都,三鷹市,下連雀７丁目,2020-10-31,17,道路上,その他,10歳代,大学生,施錠せず
窃盗,自転車盗,三鷹,狐久保交番,132047,東京都,三鷹市,牟礼４丁目,2020-04-03,06,一戸建住宅,その他,50歳代,その他,施錠せず
窃盗,自転車盗,三鷹,東野交番,132047,東京都,三鷹市,井口１丁目,2019-12-13,23,その他の住宅（３階建て以下共同住宅等）,駐車（輪）場,10歳代,高校生,施錠せず
窃盗,自転車盗,三鷹,東野交番,132047,東京都,三鷹市,井口１丁目,2019-12-19,22,その他の住宅（３階建て以下共同住宅等）,駐車（輪）場,10歳代,大学生,施錠せず
窃盗,自転車盗,三鷹,東野交番,132047,東京都,三鷹市,井口１丁目,2020-01-09,08,４階建て以上共同住宅,その他,40歳代,その他,施錠せず
窃盗,自転車盗,三鷹,東野交番,132047,東京都,三鷹市,井口１丁目,2020-04-10,14,４階建て以上共同住宅,駐車（輪）場,30歳代,その他,施錠せず
窃盗,自転車盗,三鷹,東野交番,132047,東京都,三鷹市,井口１丁目,2020-05-17,16,その他の住宅（３階建て以下共同住宅等）,駐車（輪）場,30歳代,その他,施錠せず
窃盗,自転車盗,三鷹,東野交番,132047,東京都,三鷹市,井口１丁目,2020-10-24,13,その他の住宅（３階建て以下共同住宅等）,駐車（輪）場,20歳代,大学生,施錠せず
窃盗,自転車盗,三鷹,東野交番,132047,東京都,三鷹市,井口２丁目,2019-12-16,18,その他,その他,10歳代,中学生,施錠せず
窃盗,自転車盗,三鷹,東野交番,132047,東京都,三鷹市,井口３丁目,2020-03-14,00,その他の住宅（３階建て以下共同住宅等）,駐車（輪）場,20歳代,大学生,施錠せず
窃盗,自転車盗,三鷹,東野交番,132047,東京都,三鷹市,井口３丁目,2020-03-31,18,４階建て以上共同住宅,駐車（輪）場,20歳代,大学生,施錠せず
窃盗,自転車盗,三鷹,東野交番,132047,東京都,三鷹市,井口３丁目,2020-08-25,06,その他,駐車（輪）場,20歳代,その他,施錠せず
窃盗,自転車盗,三鷹,東野交番,132047,東京都,三鷹市,井口３丁目,2020-11-15,20,その他,駐車（輪）場,20歳代,大学生,施錠せず
窃盗,自転車盗,三鷹,東野交番,132047,東京都,三鷹市,井口３丁目,2020-12-22,20,その他,駐車（輪）場,10歳代,中学生,施錠せず
窃盗,自転車盗,三鷹,東野交番,132047,東京都,三鷹市,井口４丁目,2019-12-19,03,その他,駐車（輪）場,30歳代,その他,施錠せず
窃盗,自転車盗,三鷹,東野交番,132047,東京都,三鷹市,井口４丁目,2020-04-03,20,その他の住宅（３階建て以下共同住宅等）,駐車（輪）場,30歳代,その他,施錠せず
窃盗,自転車盗,三鷹,東野交番,132047,東京都,三鷹市,井口４丁目,2020-08-24,15,その他の住宅（３階建て以下共同住宅等）,その他,40歳代,その他,施錠せず
窃盗,自転車盗,三鷹,東野交番,132047,東京都,三鷹市,井口４丁目,2020-09-29,20,道路上,その他,10歳代,高校生,施錠せず
窃盗,自転車盗,三鷹,東野交番,132047,東京都,三鷹市,井口４丁目,2020-10-31,12,一戸建住宅,駐車（輪）場,50歳代,その他,施錠せず
窃盗,自転車盗,三鷹,東野交番,132047,東京都,三鷹市,井口５丁目,2020-06-11,08,その他の住宅（３階建て以下共同住宅等）,駐車（輪）場,10歳代,その他,施錠せず
窃盗,自転車盗,三鷹,東野交番,132047,東京都,三鷹市,深大寺１丁目,2020-02-29,14,その他の住宅（３階建て以下共同住宅等）,駐車（輪）場,50歳代,その他,施錠せず
窃盗,自転車盗,三鷹,東野交番,132047,東京都,三鷹市,深大寺１丁目,2020-05-17,17,その他の住宅（３階建て以下共同住宅等）,駐車（輪）場,30歳代,その他,施錠せず
窃盗,自転車盗,三鷹,東野交番,132047,東京都,三鷹市,深大寺１丁目,2020-05-24,12,４階建て以上共同住宅,駐車（輪）場,10歳代,小学生,施錠せず
窃盗,自転車盗,三鷹,東野交番,132047,東京都,三鷹市,深大寺１丁目,2020-09-11,00,４階建て以上共同住宅,駐車（輪）場,20歳代,大学生,施錠せず
窃盗,自転車盗,三鷹,東野交番,132047,東京都,三鷹市,深大寺２丁目,2019-12-10,20,４階建て以上共同住宅,駐車（輪）場,10歳代,中学生,施錠せず
窃盗,自転車盗,三鷹,東野交番,132047,東京都,三鷹市,深大寺２丁目,2020-02-24,21,その他の住宅（３階建て以下共同住宅等）,その他,20歳代,その他,施錠せず
窃盗,自転車盗,三鷹,東野交番,132047,東京都,三鷹市,深大寺２丁目,2020-04-02,17,その他の住宅（３階建て以下共同住宅等）,駐車（輪）場,40歳代,その他,施錠せず
窃盗,自転車盗,三鷹,東野交番,132047,東京都,三鷹市,深大寺２丁目,2020-11-15,14,道路上,その他,70歳以上,その他,施錠せず
窃盗,自転車盗,三鷹,東野交番,132047,東京都,三鷹市,深大寺３丁目,2020-01-16,18,４階建て以上共同住宅,駐車（輪）場,20歳代,その他,施錠せず
窃盗,自転車盗,三鷹,東野交番,132047,東京都,三鷹市,深大寺３丁目,2020-02-21,08,その他の住宅（３階建て以下共同住宅等）,駐車（輪）場,10歳代,大学生,施錠せず
窃盗,自転車盗,三鷹,大沢交番,132047,東京都,三鷹市,大沢１丁目,2020-02-26,15,一戸建住宅,駐車（輪）場,10歳代,高校生,施錠せず
窃盗,自転車盗,三鷹,大沢交番,132047,東京都,三鷹市,大沢３丁目,2019-06-16,20,４階建て以上共同住宅,駐車（輪）場,20歳代,大学生,施錠せず
窃盗,自転車盗,三鷹,大沢交番,132047,東京都,三鷹市,大沢３丁目,2019-07-01,12,その他,駐車（輪）場,20歳代,大学生,施錠せず
窃盗,自転車盗,三鷹,大沢交番,132047,東京都,三鷹市,大沢３丁目,2020-09-17,14,その他,駐車（輪）場,10歳代,大学生,施錠せず
窃盗,自転車盗,三鷹,大沢交番,132047,東京都,三鷹市,大沢３丁目,2020-10-13,14,その他,駐車（輪）場,20歳代,大学生,施錠せず
窃盗,自転車盗,三鷹,大沢交番,132047,東京都,三鷹市,深大寺２丁目,2020-04-04,16,道路上,その他,10歳代,中学生,施錠せず
窃盗,自転車盗,三鷹,大沢交番,132047,東京都,三鷹市,深大寺２丁目,2020-04-07,18,一戸建住宅,駐車（輪）場,10歳代,高校生,施錠せず
窃盗,自転車盗,三鷹,大沢交番,132047,東京都,三鷹市,野崎３丁目,2019-12-13,16,その他の住宅（３階建て以下共同住宅等）,駐車（輪）場,20歳代,その他,施錠せず
窃盗,自転車盗,三鷹,大沢交番,132047,東京都,三鷹市,野崎３丁目,2019-12-29,12,その他,駐車（輪）場,50歳代,その他,施錠せず
窃盗,自転車盗,三鷹,大沢交番,132047,東京都,三鷹市,野崎４丁目,2020-04-29,14,一戸建住宅,その他,30歳代,その他,施錠せず
窃盗,自転車盗,三鷹,天文台下駐在所,132047,東京都,三鷹市,大沢２丁目,2020-03-31,09,その他,駐車（輪）場,20歳代,その他,施錠せず
窃盗,自転車盗,三鷹,天文台下駐在所,132047,東京都,三鷹市,大沢５丁目,2020-04-29,18,その他の住宅（３階建て以下共同住宅等）,駐車（輪）場,70歳以上,その他,施錠せず
窃盗,自転車盗,三鷹,天文台下駐在所,132047,東京都,三鷹市,大沢５丁目,2020-06-21,17,４階建て以上共同住宅,駐車（輪）場,20歳代,その他,施錠せず
窃盗,自転車盗,三鷹,野崎交番,132047,東京都,三鷹市,井口２丁目,2019-12-04,17,一戸建住宅,駐車（輪）場,70歳以上,その他,施錠せず
窃盗,自転車盗,三鷹,野崎交番,132047,東京都,三鷹市,井口２丁目,2019-12-15,17,一戸建住宅,駐車（輪）場,10歳代,高校生,施錠せず
窃盗,自転車盗,三鷹,野崎交番,132047,東京都,三鷹市,井口２丁目,2020-02-09,07,一戸建住宅,駐車（輪）場,40歳代,その他,施錠せず
窃盗,自転車盗,三鷹,野崎交番,132047,東京都,三鷹市,井口２丁目,2020-02-28,22,駐車（輪）場,駐車（輪）場,30歳代,その他,施錠せず
窃盗,自転車盗,三鷹,野崎交番,132047,東京都,三鷹市,井口２丁目,2020-04-07,20,その他の住宅（３階建て以下共同住宅等）,駐車（輪）場,20歳代,大学生,施錠せず
窃盗,自転車盗,三鷹,野崎交番,132047,東京都,三鷹市,井口２丁目,2020-10-04,16,一戸建住宅,駐車（輪）場,65-69歳,その他,施錠せず
窃盗,自転車盗,三鷹,野崎交番,132047,東京都,三鷹市,野崎１丁目,2019-12-01,00,その他,駐車（輪）場,40歳代,その他,施錠せず
窃盗,自転車盗,三鷹,野崎交番,132047,東京都,三鷹市,野崎１丁目,2020-05-17,16,一戸建住宅,駐車（輪）場,40歳代,その他,施錠せず
窃盗,自転車盗,三鷹,野崎交番,132047,東京都,三鷹市,野崎１丁目,2020-06-27,11,その他,駐車（輪）場,50歳代,その他,施錠せず
窃盗,自転車盗,三鷹,野崎交番,132047,東京都,三鷹市,野崎１丁目,2020-10-24,21,その他,駐車（輪）場,20歳代,その他,施錠せず
窃盗,自転車盗,三鷹,野崎交番,132047,東京都,三鷹市,野崎２丁目,2019-12-21,17,道路上,その他,20歳代,大学生,施錠せず
窃盗,自転車盗,三鷹,野崎交番,132047,東京都,三鷹市,野崎２丁目,2020-02-16,02,その他の住宅（３階建て以下共同住宅等）,駐車（輪）場,30歳代,その他,施錠せず
窃盗,自転車盗,三鷹,野崎交番,132047,東京都,三鷹市,野崎２丁目,2020-08-26,20,一戸建住宅,その他,50歳代,その他,施錠せず
窃盗,自転車盗,三鷹,新川交番,132047,東京都,三鷹市,北野２丁目,2020-04-07,06,その他の住宅（３階建て以下共同住宅等）,駐車（輪）場,20歳代,大学生,施錠せず
窃盗,自転車盗,三鷹,新川交番,132047,東京都,三鷹市,北野２丁目,2020-06-01,07,４階建て以上共同住宅,駐車（輪）場,30歳代,その他,施錠せず
窃盗,自転車盗,三鷹,新川交番,132047,東京都,三鷹市,新川３丁目,2019-12-27,19,一戸建住宅,駐車（輪）場,40歳代,その他,施錠せず
窃盗,自転車盗,三鷹,新川交番,132047,東京都,三鷹市,新川３丁目,2020-03-14,23,４階建て以上共同住宅,駐車（輪）場,10歳代,その他,施錠せず
窃盗,自転車盗,三鷹,新川交番,132047,東京都,三鷹市,新川３丁目,2020-06-08,21,４階建て以上共同住宅,駐車（輪）場,20歳代,その他,施錠せず
窃盗,自転車盗,三鷹,新川交番,132047,東京都,三鷹市,新川３丁目,2020-09-20,19,４階建て以上共同住宅,駐車（輪）場,10歳代,小学生,施錠せず
窃盗,自転車盗,三鷹,新川交番,132047,東京都,三鷹市,新川６丁目,2019-04-01,00,その他の住宅（３階建て以下共同住宅等）,駐車（輪）場,20歳代,大学生,施錠せず
窃盗,自転車盗,三鷹,新川交番,132047,東京都,三鷹市,新川６丁目,2020-01-19,18,その他,駐車（輪）場,20歳代,大学生,施錠せず
窃盗,自転車盗,三鷹,新川交番,132047,東京都,三鷹市,新川６丁目,2020-04-26,06,一戸建住宅,その他,20歳代,その他,施錠せず
窃盗,自転車盗,三鷹,新川交番,132047,東京都,三鷹市,新川６丁目,2020-08-21,13,その他,駐車（輪）場,20歳代,大学生,施錠せず
窃盗,自転車盗,三鷹,新川交番,132047,東京都,三鷹市,新川６丁目,2020-10-16,07,その他,駐車（輪）場,30歳代,その他,施錠せず
窃盗,自転車盗,三鷹,新川交番,132047,東京都,三鷹市,新川６丁目,2020-10-24,18,その他の住宅（３階建て以下共同住宅等）,駐車（輪）場,30歳代,その他,施錠せず
窃盗,自転車盗,三鷹,新川交番,132047,東京都,三鷹市,新川６丁目,2020-11-08,18,その他の住宅（３階建て以下共同住宅等）,駐車（輪）場,10歳代,中学生,施錠せず
窃盗,自転車盗,三鷹,中仙川交番,132047,東京都,三鷹市,新川２丁目,2020-07-02,07,駐車（輪）場,駐車（輪）場,50歳代,その他,施錠せず
窃盗,自転車盗,三鷹,中仙川交番,132047,東京都,三鷹市,新川４丁目,2020-03-02,00,その他の住宅（３階建て以下共同住宅等）,その他,40歳代,その他,施錠せず
窃盗,自転車盗,三鷹,中仙川交番,132047,東京都,三鷹市,新川５丁目,2020-07-17,10,一戸建住宅,その他,20歳代,大学生,施錠せず
窃盗,自転車盗,三鷹,中仙川交番,132047,東京都,三鷹市,新川５丁目,2020-10-03,15,一戸建住宅,駐車（輪）場,30歳代,その他,施錠せず
窃盗,自転車盗,三鷹,中仙川交番,132047,東京都,三鷹市,中原１丁目,2020-01-11,01,一戸建住宅,駐車（輪）場,20歳代,その他,施錠せず
窃盗,自転車盗,三鷹,牟礼駐在所,132047,東京都,三鷹市,牟礼２丁目,2020-04-02,21,その他,駐車（輪）場,20歳代,その他,施錠せず
窃盗,自転車盗,三鷹,牟礼駐在所,132047,東京都,三鷹市,牟礼２丁目,2020-09-10,22,その他,駐車（輪）場,40歳代,その他,施錠せず
窃盗,自転車盗,三鷹,牟礼駐在所,132047,東京都,三鷹市,牟礼５丁目,2020-01-29,16,その他の住宅（３階建て以下共同住宅等）,駐車（輪）場,20歳代,その他,施錠せず
窃盗,自転車盗,三鷹,牟礼駐在所,132047,東京都,三鷹市,牟礼５丁目,2020-05-10,17,４階建て以上共同住宅,駐車（輪）場,50歳代,その他,施錠せず
窃盗,自転車盗,三鷹,三鷹台交番,132047,東京都,三鷹市,井の頭１丁目,2020-01-10,21,４階建て以上共同住宅,駐車（輪）場,30歳代,その他,施錠せず
窃盗,自転車盗,三鷹,万助橋駐在所,132047,東京都,三鷹市,下連雀１丁目,2020-10-24,01,道路上,その他,70歳以上,その他,施錠せず
窃盗,自転車盗,三鷹,万助橋駐在所,132047,東京都,三鷹市,下連雀２丁目,2019-11-29,15,一戸建住宅,駐車（輪）場,10歳未満,小学生,施錠せず
窃盗,自転車盗,三鷹,万助橋駐在所,132047,東京都,三鷹市,下連雀２丁目,2019-12-30,22,道路上,その他,50歳代,その他,施錠せず
窃盗,自転車盗,三鷹,中原駐在所,132047,東京都,三鷹市,中原２丁目,2020-02-20,16,一戸建住宅,駐車（輪）場,10歳代,中学生,施錠せず
窃盗,自転車盗,三鷹,中原駐在所,132047,東京都,三鷹市,中原３丁目,2020-10-19,05,一戸建住宅,その他,50歳代,その他,施錠せず
窃盗,自転車盗,三鷹,中原駐在所,132047,東京都,三鷹市,中原４丁目,2020-01-15,20,４階建て以上共同住宅,駐車（輪）場,40歳代,その他,施錠せず
窃盗,自転車盗,三鷹,中原駐在所,132047,東京都,三鷹市,中原４丁目,2020-12-16,22,道路上,その他,30歳代,その他,施錠せず
窃盗,自転車盗,三鷹,北野駐在所,132047,東京都,三鷹市,北野１丁目,2020-05-29,20,一戸建住宅,その他,30歳代,その他,施錠せず
窃盗,自転車盗,三鷹,北野駐在所,132047,東京都,三鷹市,北野１丁目,2020-06-28,16,一戸建住宅,その他,70歳以上,その他,施錠せず
窃盗,自転車盗,三鷹,北野駐在所,132047,東京都,三鷹市,北野３丁目,2019-09-15,07,その他の住宅（３階建て以下共同住宅等）,その他,10歳代,高校生,施錠せず
窃盗,自転車盗,三鷹,北野駐在所,132047,東京都,三鷹市,北野３丁目,2020-12-06,22,その他の住宅（３階建て以下共同住宅等）,駐車（輪）場,20歳代,その他,施錠せず
窃盗,自転車盗,三鷹,北野駐在所,132047,東京都,三鷹市,北野４丁目,2020-04-03,14,その他の住宅（３階建て以下共同住宅等）,駐車（輪）場,30歳代,その他,施錠せず
窃盗,自転車盗,三鷹,北野駐在所,132047,東京都,三鷹市,北野４丁目,2020-04-28,15,道路上,その他,10歳代,大学生,施錠せず
窃盗,自転車盗,三鷹,北野駐在所,132047,東京都,三鷹市,北野４丁目,2020-10-09,14,その他の住宅（３階建て以下共同住宅等）,駐車（輪）場,30歳代,その他,施錠せず
窃盗,自転車盗,三鷹,北野駐在所,132047,東京都,三鷹市,北野４丁目,2020-11-10,02,その他の住宅（３階建て以下共同住宅等）,その他,30歳代,その他,施錠せず
窃盗,自転車盗,三鷹,北野駐在所,132047,東京都,三鷹市,北野４丁目,2020-12-08,09,一戸建住宅,駐車（輪）場,50歳代,その他,施錠せず
窃盗,自転車盗,三鷹,北野駐在所,132047,東京都,三鷹市,北野４丁目,2020-12-10,10,その他の住宅（３階建て以下共同住宅等）,駐車（輪）場,40歳代,その他,施錠せず
窃盗,自転車盗,三鷹,井之頭公園駅前交番,132047,東京都,三鷹市,井の頭３丁目,2020-02-19,18,一戸建住宅,駐車（輪）場,40歳代,その他,施錠せず
窃盗,自転車盗,三鷹,井之頭公園駅前交番,132047,東京都,三鷹市,井の頭３丁目,2020-11-12,17,４階建て以上共同住宅,駐車（輪）場,20歳代,その他,施錠せず
窃盗,自転車盗,三鷹,井之頭公園駅前交番,132047,東京都,三鷹市,井の頭４丁目,2020-02-28,10,駐車（輪）場,駐車（輪）場,20歳代,大学生,施錠せず
窃盗,自転車盗,三鷹,井之頭公園駅前交番,132047,東京都,三鷹市,井の頭５丁目,2020-02-29,17,道路上,その他,30歳代,その他,施錠せず
窃盗,自転車盗,三鷹,井之頭公園駅前交番,132047,東京都,三鷹市,牟礼７丁目,2020-11-13,19,その他,その他,20歳代,大学生,施錠せず
窃盗,自転車盗,三鷹,上連雀交番,132047,東京都,三鷹市,上連雀３丁目,2020-03-09,14,駐車（輪）場,駐車（輪）場,30歳代,その他,施錠せず
窃盗,自転車盗,三鷹,上連雀交番,132047,東京都,三鷹市,上連雀３丁目,2020-10-18,13,その他の住宅（３階建て以下共同住宅等）,駐車（輪）場,30歳代,その他,施錠せず
窃盗,自転車盗,三鷹,上連雀交番,132047,東京都,三鷹市,上連雀４丁目,2020-02-12,08,その他,駐車（輪）場,40歳代,その他,施錠せず
窃盗,自転車盗,三鷹,上連雀交番,132047,東京都,三鷹市,上連雀４丁目,2020-03-17,11,その他,駐車（輪）場,65-69歳,その他,施錠せず
窃盗,自転車盗,三鷹,上連雀交番,132047,東京都,三鷹市,上連雀６丁目,2020-07-07,17,駐車（輪）場,駐車（輪）場,40歳代,その他,施錠せず
窃盗,自転車盗,三鷹,上連雀交番,132047,東京都,三鷹市,上連雀６丁目,2020-10-24,18,４階建て以上共同住宅,駐車（輪）場,10歳代,中学生,施錠せず
窃盗,自転車盗,三鷹,上連雀交番,132047,東京都,三鷹市,上連雀７丁目,2020-03-07,13,一戸建住宅,その他,10歳代,高校生,施錠せず
窃盗,自転車盗,三鷹,上連雀交番,132047,東京都,三鷹市,上連雀８丁目,2020-05-28,17,一戸建住宅,駐車（輪）場,40歳代,その他,施錠せず
窃盗,自転車盗,三鷹,上連雀交番,132047,東京都,三鷹市,上連雀９丁目,2020-02-16,17,４階建て以上共同住宅,駐車（輪）場,10歳代,小学生,施錠せず
窃盗,自転車盗,三鷹,上連雀交番,132047,東京都,三鷹市,上連雀９丁目,2020-04-04,19,その他,その他,20歳代,大学生,施錠せず
窃盗,自転車盗,三鷹,上連雀交番,132047,東京都,三鷹市,上連雀９丁目,2020-10-29,23,その他の住宅（３階建て以下共同住宅等）,駐車（輪）場,10歳代,中学生,施錠せず
窃盗,自転車盗,三鷹,上連雀交番,132047,東京都,三鷹市,下連雀４丁目,2019-12-25,16,４階建て以上共同住宅,駐車（輪）場,10歳代,高校生,施錠せず
窃盗,自転車盗,三鷹,上連雀交番,132047,東京都,三鷹市,下連雀４丁目,2020-04-06,08,その他の住宅（３階建て以下共同住宅等）,駐車（輪）場,20歳代,その他,施錠せず
窃盗,自転車盗,調布,下石原交番,132080,東京都,調布市,上石原１丁目,2020-07-24,14,４階建て以上共同住宅,駐車（輪）場,10歳代,中学生,施錠せず
窃盗,自転車盗,調布,下石原交番,132080,東京都,調布市,小島町１丁目,2020-12-06,20,その他,駐車（輪）場,20歳代,大学生,施錠せず
窃盗,自転車盗,調布,下石原交番,132080,東京都,調布市,下石原１丁目,2020-01-28,20,一戸建住宅,駐車（輪）場,10歳代,中学生,施錠せず
窃盗,自転車盗,調布,下石原交番,132080,東京都,調布市,下石原１丁目,2020-03-11,22,その他の住宅（３階建て以下共同住宅等）,その他,20歳代,その他,施錠せず
窃盗,自転車盗,調布,下石原交番,132080,東京都,調布市,下石原１丁目,2020-07-30,12,その他の住宅（３階建て以下共同住宅等）,駐車（輪）場,20歳代,その他,施錠せず
窃盗,自転車盗,調布,下石原交番,132080,東京都,調布市,調布ケ丘１丁目,2020-03-16,09,駐車（輪）場,駐車（輪）場,20歳代,大学生,施錠せず
窃盗,自転車盗,調布,下石原交番,132080,東京都,調布市,調布ケ丘１丁目,2020-04-12,17,その他,駐車（輪）場,60-64歳,その他,施錠せず
窃盗,自転車盗,調布,下石原交番,132080,東京都,調布市,調布ケ丘１丁目,2020-10-31,08,４階建て以上共同住宅,駐車（輪）場,30歳代,その他,施錠せず
窃盗,自転車盗,調布,下石原交番,132080,東京都,調布市,調布ケ丘２丁目,2019-10-18,21,その他の住宅（３階建て以下共同住宅等）,駐車（輪）場,20歳代,その他,施錠せず
窃盗,自転車盗,調布,下石原交番,132080,東京都,調布市,調布ケ丘２丁目,2019-12-12,13,一戸建住宅,駐車（輪）場,10歳代,高校生,施錠せず
窃盗,自転車盗,調布,下石原交番,132080,東京都,調布市,調布ケ丘２丁目,2020-05-04,20,その他の住宅（３階建て以下共同住宅等）,駐車（輪）場,20歳代,その他,施錠せず
窃盗,自転車盗,調布,下石原交番,132080,東京都,調布市,調布ケ丘３丁目,2020-02-12,18,道路上,その他,20歳代,大学生,施錠せず
窃盗,自転車盗,調布,下石原交番,132080,東京都,調布市,調布ケ丘３丁目,2020-02-13,19,一戸建住宅,駐車（輪）場,65-69歳,その他,施錠せず
窃盗,自転車盗,調布,下石原交番,132080,東京都,調布市,富士見町２丁目,2020-07-30,23,その他の住宅（３階建て以下共同住宅等）,駐車（輪）場,10歳代,中学生,施錠せず
窃盗,自転車盗,調布,下石原交番,132080,東京都,調布市,富士見町２丁目,2020-08-30,07,駐車（輪）場,駐車（輪）場,30歳代,その他,施錠せず
窃盗,自転車盗,調布,下石原交番,132080,東京都,調布市,富士見町３丁目,2020-09-24,11,その他の住宅（３階建て以下共同住宅等）,駐車（輪）場,70歳以上,その他,施錠せず
窃盗,自転車盗,調布,下石原交番,132080,東京都,調布市,富士見町３丁目,2020-11-06,18,その他の住宅（３階建て以下共同住宅等）,その他,30歳代,その他,施錠せず
窃盗,自転車盗,調布,布田交番,132080,東京都,調布市,国領町５丁目,2020-05-19,20,一戸建住宅,駐車（輪）場,20歳代,その他,施錠せず
窃盗,自転車盗,調布,布田交番,132080,東京都,調布市,国領町５丁目,2020-10-18,11,道路上,その他,70歳以上,その他,施錠せず
窃盗,自転車盗,調布,布田交番,132080,東京都,調布市,国領町６丁目,2020-08-05,12,一戸建住宅,駐車（輪）場,10歳代,高校生,施錠せず
窃盗,自転車盗,調布,布田交番,132080,東京都,調布市,染地１丁目,2020-06-22,15,一戸建住宅,駐車（輪）場,70歳以上,その他,施錠せず
窃盗,自転車盗,調布,布田交番,132080,東京都,調布市,染地１丁目,2020-08-09,18,一戸建住宅,その他,10歳代,中学生,施錠せず
窃盗,自転車盗,調布,布田交番,132080,東京都,調布市,染地２丁目,2020-02-10,17,駐車（輪）場,駐車（輪）場,10歳代,大学生,施錠せず
窃盗,自転車盗,調布,布田交番,132080,東京都,調布市,染地２丁目,2020-11-16,20,その他の住宅（３階建て以下共同住宅等）,駐車（輪）場,60-64歳,その他,施錠せず
窃盗,自転車盗,調布,布田交番,132080,東京都,調布市,布田２丁目,2020-03-23,23,道路上,その他,40歳代,その他,施錠せず
窃盗,自転車盗,調布,布田交番,132080,東京都,調布市,布田３丁目,2019-08-10,20,駐車（輪）場,駐車（輪）場,20歳代,その他,施錠せず
窃盗,自転車盗,調布,布田交番,132080,東京都,調布市,布田３丁目,2020-05-29,16,駐車（輪）場,駐車（輪）場,30歳代,その他,施錠せず
窃盗,自転車盗,調布,布田交番,132080,東京都,調布市,布田６丁目,2020-08-01,11,一戸建住宅,その他,10歳代,高校生,施錠せず
窃盗,自転車盗,調布,つつじケ丘駅前交番,132080,東京都,調布市,柴崎２丁目,2020-06-25,18,その他の住宅（３階建て以下共同住宅等）,駐車（輪）場,20歳代,大学生,施錠せず
窃盗,自転車盗,調布,つつじケ丘駅前交番,132080,東京都,調布市,柴崎２丁目,2020-09-20,20,その他の住宅（３階建て以下共同住宅等）,駐車（輪）場,40歳代,その他,施錠せず
窃盗,自転車盗,調布,つつじケ丘駅前交番,132080,東京都,調布市,西つつじケ丘１丁目,2020-02-08,17,その他の住宅（３階建て以下共同住宅等）,駐車（輪）場,30歳代,その他,施錠せず
窃盗,自転車盗,調布,つつじケ丘駅前交番,132080,東京都,調布市,西つつじケ丘１丁目,2020-05-01,17,４階建て以上共同住宅,駐車（輪）場,50歳代,その他,施錠せず
窃盗,自転車盗,調布,つつじケ丘駅前交番,132080,東京都,調布市,西つつじケ丘１丁目,2020-05-05,21,その他の住宅（３階建て以下共同住宅等）,駐車（輪）場,20歳代,その他,施錠せず
窃盗,自転車盗,調布,つつじケ丘駅前交番,132080,東京都,調布市,西つつじケ丘２丁目,2020-03-24,21,その他の住宅（３階建て以下共同住宅等）,その他,30歳代,その他,施錠せず
窃盗,自転車盗,調布,つつじケ丘駅前交番,132080,東京都,調布市,西つつじケ丘３丁目,2020-02-08,12,道路上,その他,70歳以上,その他,施錠せず
窃盗,自転車盗,調布,つつじケ丘駅前交番,132080,東京都,調布市,西つつじケ丘３丁目,2020-03-07,10,道路上,その他,50歳代,その他,施錠せず
窃盗,自転車盗,調布,つつじケ丘駅前交番,132080,東京都,調布市,西つつじケ丘３丁目,2020-03-11,13,道路上,その他,40歳代,その他,施錠せず
窃盗,自転車盗,調布,つつじケ丘駅前交番,132080,東京都,調布市,西つつじケ丘３丁目,2020-04-28,16,駐車（輪）場,駐車（輪）場,20歳代,その他,施錠せず
窃盗,自転車盗,調布,つつじケ丘駅前交番,132080,東京都,調布市,西つつじケ丘３丁目,2020-05-03,18,一戸建住宅,その他,50歳代,その他,施錠せず
窃盗,自転車盗,調布,つつじケ丘駅前交番,132080,東京都,調布市,西つつじケ丘３丁目,2020-05-14,14,その他の住宅（３階建て以下共同住宅等）,駐車（輪）場,40歳代,その他,施錠せず
窃盗,自転車盗,調布,つつじケ丘駅前交番,132080,東京都,調布市,西つつじケ丘３丁目,2020-06-30,18,駐車（輪）場,駐車（輪）場,10歳代,中学生,施錠せず
窃盗,自転車盗,調布,つつじケ丘駅前交番,132080,東京都,調布市,西つつじケ丘３丁目,2020-07-23,22,道路上,その他,30歳代,その他,施錠せず
窃盗,自転車盗,調布,つつじケ丘駅前交番,132080,東京都,調布市,西つつじケ丘３丁目,2020-11-02,19,駐車（輪）場,駐車（輪）場,10歳代,小学生,施錠せず
窃盗,自転車盗,調布,つつじケ丘駅前交番,132080,東京都,調布市,西つつじケ丘４丁目,2019-12-03,18,その他,駐車（輪）場,10歳代,大学生,施錠せず
窃盗,自転車盗,調布,つつじケ丘駅前交番,132080,東京都,調布市,西つつじケ丘４丁目,2020-01-05,21,その他の住宅（３階建て以下共同住宅等）,駐車（輪）場,40歳代,その他,施錠せず
窃盗,自転車盗,調布,つつじケ丘駅前交番,132080,東京都,調布市,西つつじケ丘４丁目,2020-02-12,17,４階建て以上共同住宅,駐車（輪）場,30歳代,その他,施錠せず
窃盗,自転車盗,調布,つつじケ丘駅前交番,132080,東京都,調布市,西つつじケ丘４丁目,2020-03-09,18,駐車（輪）場,駐車（輪）場,10歳代,大学生,施錠せず
窃盗,自転車盗,調布,つつじケ丘駅前交番,132080,東京都,調布市,西つつじケ丘４丁目,2020-04-27,00,一戸建住宅,その他,10歳代,大学生,施錠せず
窃盗,自転車盗,調布,つつじケ丘駅前交番,132080,東京都,調布市,西つつじケ丘４丁目,2020-04-30,13,４階建て以上共同住宅,駐車（輪）場,10歳代,高校生,施錠せず
窃盗,自転車盗,調布,つつじケ丘駅前交番,132080,東京都,調布市,西つつじケ丘４丁目,2020-05-04,13,４階建て以上共同住宅,駐車（輪）場,70歳以上,その他,施錠せず
窃盗,自転車盗,調布,つつじケ丘駅前交番,132080,東京都,調布市,西つつじケ丘４丁目,2020-06-16,10,一戸建住宅,駐車（輪）場,40歳代,その他,施錠せず
窃盗,自転車盗,調布,つつじケ丘駅前交番,132080,東京都,調布市,西つつじケ丘４丁目,2020-08-31,20,４階建て以上共同住宅,駐車（輪）場,10歳未満,小学生,施錠せず
窃盗,自転車盗,調布,つつじケ丘駅前交番,132080,東京都,調布市,若葉町２丁目,2020-11-22,14,その他,駐車（輪）場,20歳代,その他,施錠せず
窃盗,自転車盗,調布,仙川交番,132080,東京都,調布市,国領町７丁目,2019-10-10,00,４階建て以上共同住宅,駐車（輪）場,40歳代,その他,施錠せず
窃盗,自転車盗,調布,仙川交番,132080,東京都,調布市,仙川町１丁目,2020-01-19,23,道路上,その他,40歳代,その他,施錠せず
窃盗,自転車盗,調布,仙川交番,132080,東京都,調布市,仙川町１丁目,2020-03-09,07,駐車（輪）場,駐車（輪）場,65-69歳,その他,施錠せず
窃盗,自転車盗,調布,仙川交番,132080,東京都,調布市,仙川町１丁目,2020-04-14,10,駐車（輪）場,駐車（輪）場,20歳代,その他,施錠せず
窃盗,自転車盗,調布,仙川交番,132080,東京都,調布市,仙川町１丁目,2020-04-22,02,道路上,その他,30歳代,その他,施錠せず
窃盗,自転車盗,調布,仙川交番,132080,東京都,調布市,仙川町１丁目,2020-06-11,08,駐車（輪）場,駐車（輪）場,20歳代,その他,施錠せず
窃盗,自転車盗,調布,仙川交番,132080,東京都,調布市,仙川町１丁目,2020-07-03,21,一戸建住宅,その他,10歳代,高校生,施錠せず
窃盗,自転車盗,調布,仙川交番,132080,東京都,調布市,仙川町１丁目,2020-07-18,08,その他の住宅（３階建て以下共同住宅等）,駐車（輪）場,20歳代,その他,施錠せず
窃盗,自転車盗,調布,仙川交番,132080,東京都,調布市,仙川町１丁目,2020-08-25,20,道路上,その他,30歳代,その他,施錠せず
窃盗,自転車盗,調布,仙川交番,132080,東京都,調布市,仙川町１丁目,2020-09-27,05,駐車（輪）場,駐車（輪）場,50歳代,その他,施錠せず
窃盗,自転車盗,調布,仙川交番,132080,東京都,調布市,仙川町１丁目,2020-11-28,20,道路上,その他,20歳代,その他,施錠せず
窃盗,自転車盗,調布,仙川交番,132080,東京都,調布市,仙川町２丁目,2020-04-05,17,その他の住宅（３階建て以下共同住宅等）,その他,60-64歳,その他,施錠せず
窃盗,自転車盗,調布,仙川交番,132080,東京都,調布市,仙川町２丁目,2020-07-26,13,その他の住宅（３階建て以下共同住宅等）,その他,10歳代,大学生,施錠せず
窃盗,自転車盗,調布,仙川交番,132080,東京都,調布市,仙川町２丁目,2020-08-18,00,その他の住宅（３階建て以下共同住宅等）,駐車（輪）場,20歳代,大学生,施錠せず
窃盗,自転車盗,調布,仙川交番,132080,東京都,調布市,仙川町２丁目,2020-08-18,21,その他の住宅（３階建て以下共同住宅等）,駐車（輪）場,20歳代,その他,施錠せず
窃盗,自転車盗,調布,仙川交番,132080,東京都,調布市,仙川町３丁目,2020-01-15,11,その他,駐車（輪）場,30歳代,その他,施錠せず
窃盗,自転車盗,調布,仙川交番,132080,東京都,調布市,仙川町３丁目,2020-05-17,12,駐車（輪）場,駐車（輪）場,40歳代,その他,施錠せず
窃盗,自転車盗,調布,仙川交番,132080,東京都,調布市,調布ケ丘２丁目,2020-05-18,21,道路上,その他,10歳代,高校生,施錠せず
窃盗,自転車盗,調布,仙川交番,132080,東京都,調布市,調布ケ丘２丁目,2020-08-11,15,その他の住宅（３階建て以下共同住宅等）,駐車（輪）場,20歳代,大学生,施錠せず
窃盗,自転車盗,調布,仙川交番,132080,東京都,調布市,緑ケ丘１丁目,2020-08-14,07,一戸建住宅,駐車（輪）場,10歳代,高校生,施錠せず
窃盗,自転車盗,調布,仙川交番,132080,東京都,調布市,緑ケ丘１丁目,2020-08-27,22,一戸建住宅,駐車（輪）場,40歳代,その他,施錠せず
窃盗,自転車盗,調布,仙川交番,132080,東京都,調布市,緑ケ丘２丁目,2020-02-08,18,一戸建住宅,その他,30歳代,その他,施錠せず
窃盗,自転車盗,調布,仙川交番,132080,東京都,調布市,緑ケ丘２丁目,2020-05-03,12,その他の住宅（３階建て以下共同住宅等）,駐車（輪）場,30歳代,その他,施錠せず
窃盗,自転車盗,調布,仙川交番,132080,東京都,調布市,緑ケ丘２丁目,2020-06-12,12,４階建て以上共同住宅,駐車（輪）場,65-69歳,その他,施錠せず
窃盗,自転車盗,調布,仙川交番,132080,東京都,調布市,緑ケ丘２丁目,2020-07-25,17,道路上,その他,50歳代,その他,施錠せず
窃盗,自転車盗,調布,仙川交番,132080,東京都,調布市,緑ケ丘２丁目,2020-10-14,16,一戸建住宅,駐車（輪）場,50歳代,その他,施錠せず
窃盗,自転車盗,調布,仙川交番,132080,東京都,調布市,若葉町１丁目,2019-08-20,05,その他の住宅（３階建て以下共同住宅等）,駐車（輪）場,20歳代,大学生,施錠せず
窃盗,自転車盗,調布,仙川交番,132080,東京都,調布市,若葉町１丁目,2020-04-24,11,その他,駐車（輪）場,30歳代,その他,施錠せず
窃盗,自転車盗,調布,仙川交番,132080,東京都,調布市,若葉町２丁目,2019-12-01,18,駐車（輪）場,駐車（輪）場,30歳代,その他,施錠せず
窃盗,自転車盗,調布,仙川交番,132080,東京都,調布市,若葉町２丁目,2020-03-15,16,一戸建住宅,その他,70歳以上,その他,施錠せず
窃盗,自転車盗,調布,仙川交番,132080,東京都,調布市,若葉町２丁目,2020-06-20,14,その他,駐車（輪）場,10歳代,中学生,施錠せず
窃盗,自転車盗,調布,仙川交番,132080,東京都,調布市,若葉町２丁目,2020-09-06,10,その他,駐車（輪）場,10歳代,大学生,施錠せず
窃盗,自転車盗,調布,仙川交番,132080,東京都,調布市,若葉町２丁目,2020-09-10,00,駐車（輪）場,駐車（輪）場,30歳代,その他,施錠せず
窃盗,自転車盗,調布,仙川交番,132080,東京都,調布市,若葉町２丁目,2020-10-11,20,その他の住宅（３階建て以下共同住宅等）,駐車（輪）場,65-69歳,その他,施錠せず
窃盗,自転車盗,調布,猪方交番,132195,東京都,狛江市,猪方１丁目,2020-10-03,00,その他の住宅（３階建て以下共同住宅等）,駐車（輪）場,20歳代,大学生,施錠せず
窃盗,自転車盗,調布,猪方交番,132195,東京都,狛江市,駒井町１丁目,2019-12-14,23,その他の住宅（３階建て以下共同住宅等）,駐車（輪）場,20歳代,その他,施錠せず
窃盗,自転車盗,調布,猪方交番,132195,東京都,狛江市,駒井町１丁目,2020-01-30,09,一戸建住宅,駐車（輪）場,30歳代,その他,施錠せず
窃盗,自転車盗,調布,猪方交番,132195,東京都,狛江市,駒井町３丁目,2020-09-08,11,その他,駐車（輪）場,70歳以上,その他,施錠せず
窃盗,自転車盗,調布,京王多摩川駅前交番,132080,東京都,調布市,小島町２丁目,2020-03-23,18,道路上,その他,20歳代,大学生,施錠せず
窃盗,自転車盗,調布,京王多摩川駅前交番,132080,東京都,調布市,小島町３丁目,2020-06-12,12,その他の住宅（３階建て以下共同住宅等）,駐車（輪）場,30歳代,その他,施錠せず
窃盗,自転車盗,調布,京王多摩川駅前交番,132080,東京都,調布市,小島町３丁目,2020-08-20,20,４階建て以上共同住宅,駐車（輪）場,30歳代,その他,施錠せず
窃盗,自転車盗,調布,京王多摩川駅前交番,132080,東京都,調布市,多摩川３丁目,2019-12-08,22,その他の住宅（３階建て以下共同住宅等）,駐車（輪）場,20歳代,その他,施錠せず
窃盗,自転車盗,調布,京王多摩川駅前交番,132080,東京都,調布市,多摩川３丁目,2019-12-18,22,道路上,その他,20歳代,大学生,施錠せず
窃盗,自転車盗,調布,京王多摩川駅前交番,132080,東京都,調布市,多摩川５丁目,2020-07-25,17,道路上,その他,30歳代,その他,施錠せず
窃盗,自転車盗,調布,京王多摩川駅前交番,132080,東京都,調布市,多摩川７丁目,2020-02-10,22,駐車（輪）場,駐車（輪）場,10歳代,大学生,施錠せず
窃盗,自転車盗,調布,上石原交番,132080,東京都,調布市,上石原１丁目,2019-12-14,23,その他の住宅（３階建て以下共同住宅等）,駐車（輪）場,10歳代,大学生,施錠せず
窃盗,自転車盗,調布,上石原交番,132080,東京都,調布市,上石原１丁目,2020-03-09,08,その他の住宅（３階建て以下共同住宅等）,駐車（輪）場,40歳代,その他,施錠せず
窃盗,自転車盗,調布,上石原交番,132080,東京都,調布市,小島町１丁目,2020-02-18,20,駐車（輪）場,駐車（輪）場,10歳代,中学生,施錠せず
窃盗,自転車盗,調布,上石原交番,132080,東京都,調布市,富士見町１丁目,2020-01-25,07,駐車（輪）場,駐車（輪）場,10歳代,高校生,施錠せず
窃盗,自転車盗,調布,上石原交番,132080,東京都,調布市,富士見町１丁目,2020-08-16,02,その他の住宅（３階建て以下共同住宅等）,駐車（輪）場,20歳代,その他,施錠せず
窃盗,自転車盗,調布,上石原交番,132080,東京都,調布市,布田４丁目,2019-12-20,20,その他の住宅（３階建て以下共同住宅等）,駐車（輪）場,20歳代,大学生,施錠せず
窃盗,自転車盗,調布,国領交番,132080,東京都,調布市,国領町３丁目,2019-12-07,14,４階建て以上共同住宅,駐車（輪）場,40歳代,その他,施錠せず
窃盗,自転車盗,調布,国領交番,132080,東京都,調布市,国領町１丁目,2020-02-10,19,道路上,その他,70歳以上,その他,施錠せず
窃盗,自転車盗,調布,国領交番,132080,東京都,調布市,国領町１丁目,2020-02-13,09,一戸建住宅,その他,10歳代,高校生,施錠せず
窃盗,自転車盗,調布,国領交番,132080,東京都,調布市,国領町１丁目,2020-04-22,17,その他,駐車（輪）場,60-64歳,その他,施錠せず
窃盗,自転車盗,調布,国領交番,132080,東京都,調布市,国領町１丁目,2020-07-30,09,その他の住宅（３階建て以下共同住宅等）,駐車（輪）場,10歳代,中学生,施錠せず
窃盗,自転車盗,調布,国領交番,132080,東京都,調布市,国領町１丁目,2020-12-10,18,４階建て以上共同住宅,駐車（輪）場,30歳代,その他,施錠せず
窃盗,自転車盗,調布,国領交番,132080,東京都,調布市,国領町１丁目,2020-12-23,18,その他,駐車（輪）場,60-64歳,その他,施錠せず
窃盗,自転車盗,調布,国領交番,132080,東京都,調布市,国領町３丁目,2019-12-21,11,駐車（輪）場,駐車（輪）場,20歳代,大学生,施錠せず
窃盗,自転車盗,調布,国領交番,132080,東京都,調布市,国領町３丁目,2020-07-30,19,４階建て以上共同住宅,駐車（輪）場,10歳代,高校生,施錠せず
窃盗,自転車盗,調布,国領交番,132080,東京都,調布市,国領町３丁目,2020-12-17,18,駐車（輪）場,駐車（輪）場,20歳代,その他,施錠せず
窃盗,自転車盗,調布,国領交番,132080,東京都,調布市,国領町４丁目,2020-01-11,17,その他の住宅（３階建て以下共同住宅等）,駐車（輪）場,10歳代,中学生,施錠せず
窃盗,自転車盗,調布,国領交番,132080,東京都,調布市,国領町４丁目,2020-01-18,18,道路上,その他,30歳代,その他,施錠せず
窃盗,自転車盗,調布,国領交番,132080,東京都,調布市,国領町４丁目,2020-01-24,21,その他の住宅（３階建て以下共同住宅等）,駐車（輪）場,20歳代,その他,施錠せず
窃盗,自転車盗,調布,国領交番,132080,東京都,調布市,国領町４丁目,2020-03-07,13,その他の住宅（３階建て以下共同住宅等）,駐車（輪）場,50歳代,その他,施錠せず
窃盗,自転車盗,調布,国領交番,132080,東京都,調布市,国領町４丁目,2020-04-14,10,４階建て以上共同住宅,駐車（輪）場,20歳代,大学生,施錠せず
窃盗,自転車盗,調布,国領交番,132080,東京都,調布市,国領町５丁目,2020-10-04,00,一戸建住宅,駐車（輪）場,50歳代,その他,施錠せず
窃盗,自転車盗,調布,国領交番,132080,東京都,調布市,国領町８丁目,2020-04-03,15,４階建て以上共同住宅,その他,30歳代,その他,施錠せず
窃盗,自転車盗,調布,国領交番,132080,東京都,調布市,国領町８丁目,2020-08-28,20,その他,駐車（輪）場,20歳代,大学生,施錠せず
窃盗,自転車盗,調布,国領交番,132080,東京都,調布市,仙川町１丁目,2020-04-08,21,道路上,その他,65-69歳,その他,施錠せず
窃盗,自転車盗,調布,国領交番,132080,東京都,調布市,布田３丁目,2020-09-21,18,駐車（輪）場,駐車（輪）場,10歳代,高校生,施錠せず
窃盗,自転車盗,調布,深大寺交番,132080,東京都,調布市,小島町１丁目,2020-10-08,22,駐車（輪）場,駐車（輪）場,60-64歳,その他,施錠せず
窃盗,自転車盗,調布,深大寺交番,132080,東京都,調布市,調布ケ丘３丁目,2020-10-05,15,４階建て以上共同住宅,駐車（輪）場,40歳代,その他,施錠せず
窃盗,自転車盗,調布,深大寺交番,132080,東京都,調布市,富士見町２丁目,2020-06-28,22,その他,駐車（輪）場,40歳代,その他,施錠せず
窃盗,自転車盗,調布,深大寺交番,132080,東京都,調布市,深大寺北町１丁目,2020-10-20,19,その他,駐車（輪）場,40歳代,その他,施錠せず
窃盗,自転車盗,調布,深大寺交番,132080,東京都,調布市,深大寺北町２丁目,2019-12-30,00,その他,駐車（輪）場,40歳代,その他,施錠せず
窃盗,自転車盗,調布,深大寺交番,132080,東京都,調布市,深大寺北町２丁目,2020-07-01,20,駐車（輪）場,駐車（輪）場,10歳代,小学生,施錠せず
窃盗,自転車盗,調布,深大寺交番,132080,東京都,調布市,深大寺北町３丁目,2020-11-05,13,その他の住宅（３階建て以下共同住宅等）,駐車（輪）場,10歳代,高校生,施錠せず
窃盗,自転車盗,調布,深大寺交番,132080,東京都,調布市,深大寺北町４丁目,2020-06-07,09,その他,駐車（輪）場,60-64歳,その他,施錠せず
窃盗,自転車盗,調布,深大寺交番,132080,東京都,調布市,深大寺北町４丁目,2020-09-19,07,その他,駐車（輪）場,50歳代,その他,施錠せず
窃盗,自転車盗,調布,深大寺交番,132080,東京都,調布市,深大寺北町６丁目,2020-10-23,17,その他の住宅（３階建て以下共同住宅等）,駐車（輪）場,10歳代,中学生,施錠せず
窃盗,自転車盗,調布,深大寺交番,132080,東京都,調布市,深大寺東町２丁目,2020-04-06,08,一戸建住宅,その他,30歳代,その他,施錠せず
窃盗,自転車盗,調布,深大寺交番,132080,東京都,調布市,深大寺東町３丁目,2020-04-13,13,一戸建住宅,その他,10歳代,大学生,施錠せず
窃盗,自転車盗,調布,深大寺交番,132080,東京都,調布市,深大寺東町３丁目,2020-08-07,14,一戸建住宅,駐車（輪）場,10歳代,高校生,施錠せず
窃盗,自転車盗,調布,深大寺交番,132080,東京都,調布市,深大寺東町５丁目,2020-04-23,06,一戸建住宅,その他,10歳代,高校生,施錠せず
窃盗,自転車盗,調布,深大寺交番,132080,東京都,調布市,深大寺東町５丁目,2020-10-07,07,その他の住宅（３階建て以下共同住宅等）,駐車（輪）場,30歳代,その他,施錠せず
窃盗,自転車盗,調布,深大寺交番,132080,東京都,調布市,深大寺東町６丁目,2020-01-01,13,駐車（輪）場,駐車（輪）場,40歳代,その他,施錠せず
窃盗,自転車盗,調布,深大寺交番,132080,東京都,調布市,深大寺東町６丁目,2020-09-01,08,道路上,その他,40歳代,その他,施錠せず
窃盗,自転車盗,調布,深大寺交番,132080,東京都,調布市,深大寺東町７丁目,2019-12-21,00,一戸建住宅,駐車（輪）場,10歳代,中学生,施錠せず
窃盗,自転車盗,調布,深大寺交番,132080,東京都,調布市,深大寺東町７丁目,2020-10-29,21,４階建て以上共同住宅,その他,40歳代,その他,施錠せず
窃盗,自転車盗,調布,深大寺交番,132080,東京都,調布市,深大寺東町８丁目,2019-12-21,14,一戸建住宅,駐車（輪）場,40歳代,その他,施錠せず
窃盗,自転車盗,調布,深大寺交番,132080,東京都,調布市,深大寺南町４丁目,2020-09-04,22,その他の住宅（３階建て以下共同住宅等）,駐車（輪）場,10歳代,その他,施錠せず
窃盗,自転車盗,調布,深大寺交番,132080,東京都,調布市,深大寺元町１丁目,2019-12-28,12,道路上,その他,40歳代,その他,施錠せず
窃盗,自転車盗,調布,深大寺交番,132080,東京都,調布市,深大寺元町２丁目,2020-06-18,13,その他の住宅（３階建て以下共同住宅等）,駐車（輪）場,20歳代,その他,施錠せず
窃盗,自転車盗,調布,植物公園前駐在所,132080,東京都,調布市,深大寺北町６丁目,2020-03-10,00,その他,駐車（輪）場,20歳代,その他,施錠せず
窃盗,自転車盗,調布,植物公園前駐在所,132080,東京都,調布市,深大寺北町７丁目,2020-08-23,21,一戸建住宅,駐車（輪）場,20歳代,その他,施錠せず
窃盗,自転車盗,調布,植物公園前駐在所,132080,東京都,調布市,深大寺北町７丁目,2020-08-30,20,一戸建住宅,駐車（輪）場,40歳代,その他,施錠せず
窃盗,自転車盗,調布,菊野台交番,132080,東京都,調布市,菊野台１丁目,2020-03-16,20,その他の住宅（３階建て以下共同住宅等）,駐車（輪）場,20歳代,その他,施錠せず
窃盗,自転車盗,調布,菊野台交番,132080,東京都,調布市,菊野台２丁目,2020-02-20,20,一戸建住宅,その他,40歳代,その他,施錠せず
窃盗,自転車盗,調布,菊野台交番,132080,東京都,調布市,菊野台２丁目,2020-08-11,20,道路上,その他,30歳代,その他,施錠せず
窃盗,自転車盗,調布,菊野台交番,132080,東京都,調布市,菊野台２丁目,2020-12-26,07,駐車（輪）場,駐車（輪）場,40歳代,その他,施錠せず
窃盗,自転車盗,調布,菊野台交番,132080,東京都,調布市,菊野台３丁目,2020-11-13,07,駐車（輪）場,駐車（輪）場,20歳代,その他,施錠せず
窃盗,自転車盗,調布,菊野台交番,132080,東京都,調布市,佐須町１丁目,2020-02-19,20,一戸建住宅,その他,40歳代,その他,施錠せず
窃盗,自転車盗,調布,菊野台交番,132080,東京都,調布市,佐須町２丁目,2020-03-02,22,その他の住宅（３階建て以下共同住宅等）,駐車（輪）場,20歳代,その他,施錠せず
窃盗,自転車盗,調布,菊野台交番,132080,東京都,調布市,佐須町２丁目,2020-03-09,18,一戸建住宅,その他,50歳代,その他,施錠せず
窃盗,自転車盗,調布,菊野台交番,132080,東京都,調布市,佐須町３丁目,2019-12-01,21,その他の住宅（３階建て以下共同住宅等）,駐車（輪）場,40歳代,その他,施錠せず
窃盗,自転車盗,調布,菊野台交番,132080,東京都,調布市,佐須町４丁目,2019-12-02,06,その他,その他,40歳代,その他,施錠せず
窃盗,自転車盗,調布,菊野台交番,132080,東京都,調布市,柴崎１丁目,2020-02-14,02,駐車（輪）場,駐車（輪）場,20歳代,その他,施錠せず
窃盗,自転車盗,調布,菊野台交番,132080,東京都,調布市,柴崎１丁目,2020-07-26,15,その他の住宅（３階建て以下共同住宅等）,駐車（輪）場,50歳代,その他,施錠せず
窃盗,自転車盗,調布,菊野台交番,132080,東京都,調布市,柴崎１丁目,2020-08-24,16,道路上,その他,50歳代,その他,施錠せず
窃盗,自転車盗,調布,菊野台交番,132080,東京都,調布市,柴崎１丁目,2020-12-01,21,４階建て以上共同住宅,駐車（輪）場,20歳代,大学生,施錠せず
窃盗,自転車盗,調布,菊野台交番,132080,東京都,調布市,柴崎２丁目,2020-01-05,10,その他の住宅（３階建て以下共同住宅等）,駐車（輪）場,50歳代,その他,施錠せず
窃盗,自転車盗,調布,菊野台交番,132080,東京都,調布市,西つつじケ丘１丁目,2020-06-09,18,４階建て以上共同住宅,駐車（輪）場,30歳代,その他,施錠せず
窃盗,自転車盗,調布,菊野台交番,132080,東京都,調布市,西つつじケ丘１丁目,2020-11-16,17,一戸建住宅,駐車（輪）場,30歳代,その他,施錠せず
窃盗,自転車盗,調布,菊野台交番,132080,東京都,調布市,深大寺南町３丁目,2020-06-08,20,４階建て以上共同住宅,駐車（輪）場,20歳代,大学生,施錠せず
窃盗,自転車盗,調布,菊野台交番,132080,東京都,調布市,深大寺南町３丁目,2020-06-19,19,４階建て以上共同住宅,駐車（輪）場,10歳代,高校生,施錠せず
窃盗,自転車盗,調布,中和泉交番,132195,東京都,狛江市,中和泉２丁目,2020-09-13,12,その他,駐車（輪）場,50歳代,その他,施錠せず
窃盗,自転車盗,調布,中和泉交番,132195,東京都,狛江市,中和泉２丁目,2020-10-23,06,その他の住宅（３階建て以下共同住宅等）,その他,10歳代,その他,施錠せず
窃盗,自転車盗,調布,中和泉交番,132195,東京都,狛江市,中和泉４丁目,2020-11-01,23,その他の住宅（３階建て以下共同住宅等）,駐車（輪）場,30歳代,その他,施錠せず
窃盗,自転車盗,調布,中和泉交番,132195,東京都,狛江市,中和泉５丁目,2019-12-14,21,４階建て以上共同住宅,駐車（輪）場,10歳代,高校生,施錠せず
窃盗,自転車盗,調布,中和泉交番,132195,東京都,狛江市,中和泉５丁目,2020-01-23,21,その他の住宅（３階建て以下共同住宅等）,駐車（輪）場,10歳代,高校生,施錠せず
窃盗,自転車盗,調布,中和泉交番,132195,東京都,狛江市,中和泉５丁目,2020-02-17,17,４階建て以上共同住宅,駐車（輪）場,10歳代,高校生,施錠せず
窃盗,自転車盗,調布,中和泉交番,132195,東京都,狛江市,中和泉５丁目,2020-07-14,02,道路上,その他,20歳代,大学生,施錠せず
窃盗,自転車盗,調布,中和泉交番,132195,東京都,狛江市,中和泉５丁目,2020-10-21,20,その他の住宅（３階建て以下共同住宅等）,駐車（輪）場,20歳代,その他,施錠せず
窃盗,自転車盗,調布,中和泉交番,132195,東京都,狛江市,中和泉５丁目,2020-12-17,16,４階建て以上共同住宅,駐車（輪）場,10歳代,高校生,施錠せず
窃盗,自転車盗,調布,狛江交番,132195,東京都,狛江市,和泉本町１丁目,2019-12-24,00,その他の住宅（３階建て以下共同住宅等）,駐車（輪）場,70歳以上,その他,施錠せず
窃盗,自転車盗,調布,狛江交番,132195,東京都,狛江市,和泉本町１丁目,2020-07-24,22,一戸建住宅,その他,50歳代,その他,施錠せず
窃盗,自転車盗,調布,狛江交番,132195,東京都,狛江市,和泉本町１丁目,2020-11-21,11,一戸建住宅,その他,50歳代,その他,施錠せず
窃盗,自転車盗,調布,狛江交番,132195,東京都,狛江市,和泉本町１丁目,2020-12-02,22,４階建て以上共同住宅,駐車（輪）場,50歳代,その他,施錠せず
窃盗,自転車盗,調布,狛江交番,132195,東京都,狛江市,和泉本町２丁目,2020-03-19,20,一戸建住宅,その他,10歳代,中学生,施錠せず
窃盗,自転車盗,調布,狛江交番,132195,東京都,狛江市,猪方２丁目,2019-12-10,19,その他の住宅（３階建て以下共同住宅等）,駐車（輪）場,20歳代,その他,施錠せず
窃盗,自転車盗,調布,狛江交番,132195,東京都,狛江市,中和泉１丁目,2020-10-20,12,道路上,その他,10歳代,その他,施錠せず
窃盗,自転車盗,調布,狛江交番,132195,東京都,狛江市,中和泉２丁目,2020-06-01,22,その他の住宅（３階建て以下共同住宅等）,駐車（輪）場,40歳代,その他,施錠せず
窃盗,自転車盗,調布,狛江交番,132195,東京都,狛江市,東和泉１丁目,2019-12-21,21,道路上,その他,10歳代,大学生,施錠せず
窃盗,自転車盗,調布,狛江交番,132195,東京都,狛江市,東和泉１丁目,2019-12-22,11,道路上,その他,20歳代,大学生,施錠せず
窃盗,自転車盗,調布,狛江交番,132195,東京都,狛江市,東和泉１丁目,2020-01-02,05,駐車（輪）場,駐車（輪）場,20歳代,大学生,施錠せず
窃盗,自転車盗,調布,狛江交番,132195,東京都,狛江市,東和泉１丁目,2020-02-27,19,駐車（輪）場,駐車（輪）場,20歳代,その他,施錠せず
窃盗,自転車盗,調布,狛江交番,132195,東京都,狛江市,東和泉１丁目,2020-06-08,13,駐車（輪）場,駐車（輪）場,10歳代,高校生,施錠せず
窃盗,自転車盗,調布,狛江交番,132195,東京都,狛江市,東和泉１丁目,2020-11-11,20,道路上,その他,20歳代,その他,施錠せず
窃盗,自転車盗,調布,狛江交番,132195,東京都,狛江市,東和泉１丁目,2020-12-14,16,その他の住宅（３階建て以下共同住宅等）,駐車（輪）場,20歳代,大学生,施錠せず
窃盗,自転車盗,調布,狛江交番,132195,東京都,狛江市,東和泉２丁目,2020-09-11,12,道路上,その他,70歳以上,その他,施錠せず
窃盗,自転車盗,調布,狛江交番,132195,東京都,狛江市,東野川１丁目,2020-11-15,19,道路上,その他,40歳代,その他,施錠せず
窃盗,自転車盗,調布,狛江交番,132195,東京都,狛江市,元和泉１丁目,2020-05-01,00,道路上,その他,10歳代,その他,施錠せず
窃盗,自転車盗,調布,狛江交番,132195,東京都,狛江市,元和泉１丁目,2020-06-18,07,その他,駐車（輪）場,20歳代,その他,施錠せず
窃盗,自転車盗,調布,狛江交番,132195,東京都,狛江市,元和泉１丁目,2020-07-04,20,その他の住宅（３階建て以下共同住宅等）,駐車（輪）場,20歳代,その他,施錠せず
窃盗,自転車盗,調布,狛江交番,132195,東京都,狛江市,元和泉１丁目,2020-10-24,20,道路上,その他,20歳代,その他,施錠せず
窃盗,自転車盗,調布,和泉多摩川交番,132195,東京都,狛江市,猪方３丁目,2020-02-11,07,一戸建住宅,その他,60-64歳,その他,施錠せず
窃盗,自転車盗,調布,和泉多摩川交番,132195,東京都,狛江市,猪方３丁目,2020-05-30,21,一戸建住宅,その他,65-69歳,その他,施錠せず
窃盗,自転車盗,調布,和泉多摩川交番,132195,東京都,狛江市,東和泉３丁目,2019-12-13,19,その他の住宅（３階建て以下共同住宅等）,駐車（輪）場,20歳代,その他,施錠せず
窃盗,自転車盗,調布,和泉多摩川交番,132195,東京都,狛江市,東和泉３丁目,2020-02-10,20,道路上,その他,30歳代,その他,施錠せず
窃盗,自転車盗,調布,和泉多摩川交番,132195,東京都,狛江市,東和泉３丁目,2020-08-08,07,駐車（輪）場,駐車（輪）場,10歳代,高校生,施錠せず
窃盗,自転車盗,調布,和泉多摩川交番,132195,東京都,狛江市,東和泉４丁目,2020-05-30,21,その他の住宅（３階建て以下共同住宅等）,駐車（輪）場,10歳代,大学生,施錠せず
窃盗,自転車盗,調布,和泉多摩川交番,132195,東京都,狛江市,東和泉４丁目,2020-08-21,09,道路上,その他,10歳代,中学生,施錠せず
窃盗,自転車盗,調布,和泉多摩川交番,132195,東京都,狛江市,東和泉４丁目,2020-12-11,07,駐車（輪）場,駐車（輪）場,10歳代,高校生,施錠せず
窃盗,自転車盗,調布,和泉多摩川交番,132195,東京都,狛江市,元和泉２丁目,2020-06-03,11,一戸建住宅,その他,10歳代,大学生,施錠せず
窃盗,自転車盗,調布,和泉多摩川交番,132195,東京都,狛江市,元和泉３丁目,2020-09-22,18,駐車（輪）場,駐車（輪）場,20歳代,大学生,施錠せず
窃盗,自転車盗,調布,岩戸交番,132195,東京都,狛江市,岩戸北１丁目,2020-11-23,15,その他の住宅（３階建て以下共同住宅等）,駐車（輪）場,10歳代,高校生,施錠せず
窃盗,自転車盗,調布,岩戸交番,132195,東京都,狛江市,岩戸北２丁目,2020-01-16,06,その他の住宅（３階建て以下共同住宅等）,駐車（輪）場,10歳代,小学生,施錠せず
窃盗,自転車盗,調布,岩戸交番,132195,東京都,狛江市,岩戸北２丁目,2020-03-02,08,道路上,その他,50歳代,その他,施錠せず
窃盗,自転車盗,調布,岩戸交番,132195,東京都,狛江市,岩戸北２丁目,2020-04-10,16,４階建て以上共同住宅,その他,30歳代,その他,施錠せず
窃盗,自転車盗,調布,岩戸交番,132195,東京都,狛江市,岩戸北２丁目,2020-05-02,20,その他の住宅（３階建て以下共同住宅等）,駐車（輪）場,20歳代,その他,施錠せず
窃盗,自転車盗,調布,岩戸交番,132195,東京都,狛江市,岩戸北３丁目,2020-01-08,16,その他の住宅（３階建て以下共同住宅等）,駐車（輪）場,10歳代,中学生,施錠せず
窃盗,自転車盗,調布,岩戸交番,132195,東京都,狛江市,岩戸北４丁目,2019-12-05,16,その他の住宅（３階建て以下共同住宅等）,駐車（輪）場,20歳代,その他,施錠せず
窃盗,自転車盗,調布,岩戸交番,132195,東京都,狛江市,岩戸北４丁目,2020-01-05,17,駐車（輪）場,駐車（輪）場,20歳代,その他,施錠せず
窃盗,自転車盗,調布,岩戸交番,132195,東京都,狛江市,岩戸北４丁目,2020-02-15,20,一戸建住宅,その他,40歳代,その他,施錠せず
窃盗,自転車盗,調布,岩戸交番,132195,東京都,狛江市,岩戸北４丁目,2020-04-22,07,その他の住宅（３階建て以下共同住宅等）,駐車（輪）場,20歳代,その他,施錠せず
窃盗,自転車盗,調布,岩戸交番,132195,東京都,狛江市,岩戸南１丁目,2020-06-23,17,駐車（輪）場,駐車（輪）場,40歳代,その他,施錠せず
窃盗,自転車盗,調布,岩戸交番,132195,東京都,狛江市,岩戸南１丁目,2020-10-30,02,その他の住宅（３階建て以下共同住宅等）,駐車（輪）場,40歳代,その他,施錠せず
窃盗,自転車盗,調布,岩戸交番,132195,東京都,狛江市,岩戸南２丁目,2020-11-08,02,その他,駐車（輪）場,10歳代,大学生,施錠せず
窃盗,自転車盗,調布,岩戸交番,132195,東京都,狛江市,岩戸南３丁目,2020-04-11,20,一戸建住宅,その他,70歳以上,その他,施錠せず
窃盗,自転車盗,調布,岩戸交番,132195,東京都,狛江市,岩戸南３丁目,2020-10-19,19,一戸建住宅,その他,40歳代,その他,施錠せず
窃盗,自転車盗,調布,小覚交番,132080,東京都,調布市,入間町１丁目,2019-12-05,16,駐車（輪）場,駐車（輪）場,65-69歳,その他,施錠せず
窃盗,自転車盗,調布,小覚交番,132080,東京都,調布市,入間町１丁目,2020-08-07,17,道路上,その他,10歳代,高校生,施錠せず
窃盗,自転車盗,調布,小覚交番,132195,東京都,狛江市,西野川１丁目,2020-02-08,14,その他の住宅（３階建て以下共同住宅等）,駐車（輪）場,10歳未満,小学生,施錠せず
窃盗,自転車盗,調布,小覚交番,132195,東京都,狛江市,西野川１丁目,2020-02-15,05,その他の住宅（３階建て以下共同住宅等）,その他,70歳以上,その他,施錠せず
窃盗,自転車盗,調布,小覚交番,132195,東京都,狛江市,西野川１丁目,2020-02-21,13,４階建て以上共同住宅,駐車（輪）場,20歳代,その他,施錠せず
窃盗,自転車盗,調布,小覚交番,132195,東京都,狛江市,西野川１丁目,2020-03-04,10,一戸建住宅,その他,20歳代,その他,施錠せず
窃盗,自転車盗,調布,小覚交番,132195,東京都,狛江市,西野川１丁目,2020-03-22,17,その他の住宅（３階建て以下共同住宅等）,駐車（輪）場,70歳以上,その他,施錠せず
窃盗,自転車盗,調布,小覚交番,132195,東京都,狛江市,西野川１丁目,2020-06-02,07,その他,駐車（輪）場,30歳代,その他,施錠せず
窃盗,自転車盗,調布,小覚交番,132195,東京都,狛江市,西野川１丁目,2020-07-23,16,４階建て以上共同住宅,駐車（輪）場,40歳代,その他,施錠せず
窃盗,自転車盗,調布,小覚交番,132195,東京都,狛江市,西野川１丁目,2020-11-05,06,４階建て以上共同住宅,駐車（輪）場,10歳代,中学生,施錠せず
窃盗,自転車盗,調布,小覚交番,132195,東京都,狛江市,西野川１丁目,2020-11-09,19,一戸建住宅,その他,40歳代,その他,施錠せず
窃盗,自転車盗,調布,小覚交番,132195,東京都,狛江市,西野川２丁目,2019-10-01,00,一戸建住宅,その他,60-64歳,その他,施錠せず
窃盗,自転車盗,調布,小覚交番,132195,東京都,狛江市,西野川４丁目,2020-03-16,12,４階建て以上共同住宅,駐車（輪）場,20歳代,大学生,施錠せず
窃盗,自転車盗,調布,小覚交番,132195,東京都,狛江市,東和泉１丁目,2020-12-11,02,その他の住宅（３階建て以下共同住宅等）,駐車（輪）場,70歳以上,その他,施錠せず
窃盗,自転車盗,調布,小覚交番,132195,東京都,狛江市,東野川１丁目,2020-03-06,15,一戸建住宅,その他,10歳代,中学生,施錠せず
窃盗,自転車盗,調布,小覚交番,132195,東京都,狛江市,東野川１丁目,2020-04-21,20,その他の住宅（３階建て以下共同住宅等）,その他,20歳代,その他,施錠せず
窃盗,自転車盗,調布,小覚交番,132195,東京都,狛江市,東野川１丁目,2020-04-23,19,一戸建住宅,その他,50歳代,その他,施錠せず
窃盗,自転車盗,調布,小覚交番,132195,東京都,狛江市,東野川４丁目,2020-06-28,16,その他の住宅（３階建て以下共同住宅等）,駐車（輪）場,30歳代,その他,施錠せず
窃盗,自転車盗,調布,多摩川住宅交番,132080,東京都,調布市,染地３丁目,2020-04-15,18,４階建て以上共同住宅,駐車（輪）場,10歳代,中学生,施錠せず
窃盗,自転車盗,調布,多摩川住宅交番,132080,東京都,調布市,染地３丁目,2020-06-25,18,一戸建住宅,その他,10歳代,中学生,施錠せず
窃盗,自転車盗,調布,多摩川住宅交番,132080,東京都,調布市,染地３丁目,2020-08-22,20,４階建て以上共同住宅,駐車（輪）場,30歳代,その他,施錠せず
窃盗,自転車盗,調布,調布駅前交番,132080,東京都,調布市,布田４丁目,2019-12-13,12,その他の住宅（３階建て以下共同住宅等）,駐車（輪）場,20歳代,大学生,施錠せず
窃盗,自転車盗,調布,調布駅前交番,132080,東京都,調布市,上石原１丁目,2020-02-01,08,その他,駐車（輪）場,20歳代,その他,施錠せず
窃盗,自転車盗,調布,調布駅前交番,132080,東京都,調布市,小島町１丁目,2019-12-26,19,駐車（輪）場,駐車（輪）場,40歳代,その他,施錠せず
窃盗,自転車盗,調布,調布駅前交番,132080,東京都,調布市,小島町１丁目,2019-12-28,11,その他の住宅（３階建て以下共同住宅等）,駐車（輪）場,30歳代,その他,施錠せず
窃盗,自転車盗,調布,調布駅前交番,132080,東京都,調布市,小島町１丁目,2020-09-12,13,その他,駐車（輪）場,20歳代,その他,施錠せず
窃盗,自転車盗,調布,調布駅前交番,132080,東京都,調布市,小島町１丁目,2020-09-19,14,その他,駐車（輪）場,30歳代,その他,施錠せず
窃盗,自転車盗,調布,調布駅前交番,132080,東京都,調布市,小島町１丁目,2020-10-11,12,その他,駐車（輪）場,40歳代,その他,施錠せず
窃盗,自転車盗,調布,調布駅前交番,132080,東京都,調布市,小島町１丁目,2020-10-16,22,その他,駐車（輪）場,20歳代,大学生,施錠せず
窃盗,自転車盗,調布,調布駅前交番,132080,東京都,調布市,小島町１丁目,2020-11-26,18,駐車（輪）場,駐車（輪）場,10歳代,中学生,施錠せず
窃盗,自転車盗,調布,調布駅前交番,132080,東京都,調布市,小島町１丁目,2020-11-28,12,その他,その他,20歳代,大学生,施錠せず
窃盗,自転車盗,調布,調布駅前交番,132080,東京都,調布市,小島町２丁目,2020-01-29,16,その他,駐車（輪）場,10歳代,中学生,施錠せず
窃盗,自転車盗,調布,調布駅前交番,132080,東京都,調布市,小島町２丁目,2020-06-20,21,道路上,その他,20歳代,大学生,施錠せず
窃盗,自転車盗,調布,調布駅前交番,132080,東京都,調布市,小島町２丁目,2020-06-20,21,道路上,その他,20歳代,大学生,施錠せず
窃盗,自転車盗,調布,調布駅前交番,132080,東京都,調布市,小島町２丁目,2020-07-19,00,道路上,その他,20歳代,大学生,施錠せず
窃盗,自転車盗,調布,調布駅前交番,132080,東京都,調布市,小島町２丁目,2020-09-27,21,その他の住宅（３階建て以下共同住宅等）,駐車（輪）場,20歳代,大学生,施錠せず
窃盗,自転車盗,調布,調布駅前交番,132080,東京都,調布市,小島町３丁目,2020-01-17,17,その他の住宅（３階建て以下共同住宅等）,駐車（輪）場,20歳代,その他,施錠せず
窃盗,自転車盗,調布,調布駅前交番,132080,東京都,調布市,下石原２丁目,2020-09-05,06,一戸建住宅,駐車（輪）場,10歳代,中学生,施錠せず
窃盗,自転車盗,調布,調布駅前交番,132080,東京都,調布市,多摩川３丁目,2019-12-27,14,その他の住宅（３階建て以下共同住宅等）,駐車（輪）場,10歳代,小学生,施錠せず
窃盗,自転車盗,調布,調布駅前交番,132080,東京都,調布市,多摩川６丁目,2020-11-25,21,その他の住宅（３階建て以下共同住宅等）,その他,40歳代,その他,施錠せず
窃盗,自転車盗,調布,調布駅前交番,132080,東京都,調布市,調布ケ丘１丁目,2020-11-12,19,その他,駐車（輪）場,50歳代,その他,施錠せず
窃盗,自転車盗,調布,調布駅前交番,132080,東京都,調布市,調布ケ丘３丁目,2019-11-26,22,４階建て以上共同住宅,駐車（輪）場,10歳代,中学生,施錠せず
窃盗,自転車盗,調布,調布駅前交番,132080,東京都,調布市,調布ケ丘３丁目,2020-03-25,18,４階建て以上共同住宅,駐車（輪）場,10歳代,高校生,施錠せず
窃盗,自転車盗,調布,調布駅前交番,132080,東京都,調布市,調布ケ丘３丁目,2020-04-04,10,道路上,その他,30歳代,その他,施錠せず
窃盗,自転車盗,調布,調布駅前交番,132080,東京都,調布市,調布ケ丘３丁目,2020-04-29,16,４階建て以上共同住宅,駐車（輪）場,40歳代,その他,施錠せず
窃盗,自転車盗,調布,調布駅前交番,132080,東京都,調布市,調布ケ丘３丁目,2020-07-07,22,一戸建住宅,その他,30歳代,その他,施錠せず
窃盗,自転車盗,調布,調布駅前交番,132080,東京都,調布市,調布ケ丘３丁目,2020-08-10,21,その他の住宅（３階建て以下共同住宅等）,駐車（輪）場,10歳代,大学生,施錠せず
窃盗,自転車盗,調布,調布駅前交番,132080,東京都,調布市,調布ケ丘３丁目,2020-09-24,10,４階建て以上共同住宅,駐車（輪）場,40歳代,その他,施錠せず
窃盗,自転車盗,調布,調布駅前交番,132080,東京都,調布市,西つつじケ丘１丁目,2020-03-16,16,４階建て以上共同住宅,その他,10歳代,中学生,施錠せず
窃盗,自転車盗,調布,調布駅前交番,132080,東京都,調布市,富士見町１丁目,2020-07-14,18,駐車（輪）場,駐車（輪）場,20歳代,その他,施錠せず
窃盗,自転車盗,調布,調布駅前交番,132080,東京都,調布市,布田１丁目,2019-12-01,22,その他の住宅（３階建て以下共同住宅等）,駐車（輪）場,20歳代,大学生,施錠せず
窃盗,自転車盗,調布,調布駅前交番,132080,東京都,調布市,布田１丁目,2020-01-07,17,その他の住宅（３階建て以下共同住宅等）,駐車（輪）場,10歳代,高校生,施錠せず
窃盗,自転車盗,調布,調布駅前交番,132080,東京都,調布市,布田１丁目,2020-01-08,12,道路上,その他,50歳代,その他,施錠せず
窃盗,自転車盗,調布,調布駅前交番,132080,東京都,調布市,布田１丁目,2020-01-19,01,道路上,その他,30歳代,その他,施錠せず
窃盗,自転車盗,調布,調布駅前交番,132080,東京都,調布市,布田１丁目,2020-01-25,03,その他,駐車（輪）場,10歳代,大学生,施錠せず
窃盗,自転車盗,調布,調布駅前交番,132080,東京都,調布市,布田１丁目,2020-02-10,15,駐車（輪）場,駐車（輪）場,10歳代,その他,施錠せず
窃盗,自転車盗,調布,調布駅前交番,132080,東京都,調布市,布田１丁目,2020-04-08,22,道路上,その他,20歳代,大学生,施錠せず
窃盗,自転車盗,調布,調布駅前交番,132080,東京都,調布市,布田１丁目,2020-05-24,19,道路上,その他,50歳代,その他,施錠せず
窃盗,自転車盗,調布,調布駅前交番,132080,東京都,調布市,布田１丁目,2020-09-26,16,道路上,その他,20歳代,大学生,施錠せず
窃盗,自転車盗,調布,調布駅前交番,132080,東京都,調布市,布田１丁目,2020-11-07,14,その他の住宅（３階建て以下共同住宅等）,駐車（輪）場,10歳代,中学生,施錠せず
窃盗,自転車盗,調布,調布駅前交番,132080,東京都,調布市,布田１丁目,2020-11-13,17,４階建て以上共同住宅,その他,30歳代,その他,施錠せず
窃盗,自転車盗,調布,調布駅前交番,132080,東京都,調布市,布田２丁目,2020-10-30,18,その他の住宅（３階建て以下共同住宅等）,駐車（輪）場,10歳代,その他,施錠せず
窃盗,自転車盗,調布,調布駅前交番,132080,東京都,調布市,布田３丁目,2019-12-06,17,その他の住宅（３階建て以下共同住宅等）,駐車（輪）場,30歳代,その他,施錠せず
窃盗,自転車盗,調布,調布駅前交番,132080,東京都,調布市,布田３丁目,2020-01-10,10,駐車（輪）場,駐車（輪）場,20歳代,大学生,施錠せず
窃盗,自転車盗,調布,調布駅前交番,132080,東京都,調布市,布田３丁目,2020-08-15,12,その他の住宅（３階建て以下共同住宅等）,駐車（輪）場,20歳代,その他,施錠せず
窃盗,自転車盗,調布,調布駅前交番,132080,東京都,調布市,布田３丁目,2020-08-24,10,その他,駐車（輪）場,10歳代,その他,施錠せず
窃盗,自転車盗,調布,調布駅前交番,132080,東京都,調布市,布田４丁目,2019-12-18,23,道路上,その他,10歳代,大学生,施錠せず
窃盗,自転車盗,調布,調布駅前交番,132080,東京都,調布市,布田４丁目,2020-02-20,20,４階建て以上共同住宅,駐車（輪）場,30歳代,その他,施錠せず
窃盗,自転車盗,調布,調布駅前交番,132080,東京都,調布市,布田４丁目,2020-04-29,19,道路上,その他,30歳代,その他,施錠せず
窃盗,自転車盗,調布,調布駅前交番,132080,東京都,調布市,布田４丁目,2020-05-01,17,道路上,その他,30歳代,その他,施錠せず
窃盗,自転車盗,調布,調布駅前交番,132080,東京都,調布市,布田４丁目,2020-06-06,16,４階建て以上共同住宅,駐車（輪）場,10歳代,小学生,施錠せず
窃盗,自転車盗,調布,調布駅前交番,132080,東京都,調布市,布田４丁目,2020-06-15,14,道路上,その他,10歳代,高校生,施錠せず
窃盗,自転車盗,調布,調布駅前交番,132080,東京都,調布市,布田４丁目,2020-07-06,17,その他,駐車（輪）場,10歳代,中学生,施錠せず
窃盗,自転車盗,調布,調布駅前交番,132080,東京都,調布市,布田４丁目,2020-07-10,18,道路上,その他,10歳代,高校生,施錠せず
窃盗,自転車盗,調布,調布駅前交番,132080,東京都,調布市,布田４丁目,2020-07-21,14,その他の住宅（３階建て以下共同住宅等）,駐車（輪）場,20歳代,大学生,施錠せず
窃盗,自転車盗,調布,調布駅前交番,132080,東京都,調布市,布田４丁目,2020-07-21,19,その他,駐車（輪）場,20歳代,その他,施錠せず
窃盗,自転車盗,調布,調布駅前交番,132080,東京都,調布市,布田４丁目,2020-08-08,18,駐車（輪）場,駐車（輪）場,40歳代,その他,施錠せず
窃盗,自転車盗,調布,調布駅前交番,132080,東京都,調布市,布田４丁目,2020-08-22,00,駐車（輪）場,駐車（輪）場,20歳代,その他,施錠せず
窃盗,自転車盗,調布,調布駅前交番,132080,東京都,調布市,布田４丁目,2020-08-22,17,駐車（輪）場,駐車（輪）場,30歳代,その他,施錠せず
窃盗,自転車盗,調布,調布駅前交番,132080,東京都,調布市,布田４丁目,2020-09-04,19,道路上,その他,10歳代,中学生,施錠せず
窃盗,自転車盗,調布,調布駅前交番,132080,東京都,調布市,布田４丁目,2020-09-13,14,駐車（輪）場,駐車（輪）場,20歳代,その他,施錠せず
窃盗,自転車盗,調布,調布駅前交番,132080,東京都,調布市,布田４丁目,2020-09-24,17,道路上,その他,10歳代,高校生,施錠せず
窃盗,自転車盗,調布,調布駅前交番,132080,東京都,調布市,布田４丁目,2020-10-14,17,道路上,その他,20歳代,大学生,施錠せず
窃盗,自転車盗,調布,調布駅前交番,132080,東京都,調布市,布田４丁目,2020-10-31,23,道路上,その他,20歳代,大学生,施錠せず
窃盗,自転車盗,調布,調布駅前交番,132080,東京都,調布市,布田４丁目,2020-11-17,01,その他,駐車（輪）場,20歳代,大学生,施錠せず
窃盗,自転車盗,調布,調布駅前交番,132080,東京都,調布市,布田４丁目,2020-11-24,10,その他,駐車（輪）場,70歳以上,その他,施錠せず
窃盗,自転車盗,調布,飛田給駅前交番,132080,東京都,調布市,西町,2020-08-15,18,その他,駐車（輪）場,10歳代,中学生,施錠せず
窃盗,自転車盗,調布,飛田給駅前交番,132080,東京都,調布市,富士見町４丁目,2020-03-22,19,その他の住宅（３階建て以下共同住宅等）,駐車（輪）場,70歳以上,その他,施錠せず
窃盗,自転車盗,調布,飛田給駅前交番,132080,東京都,調布市,富士見町４丁目,2020-09-01,08,その他,駐車（輪）場,10歳代,中学生,施錠せず
窃盗,自転車盗,調布,飛田給駅前交番,132080,東京都,調布市,若葉町２丁目,2020-10-20,00,その他,駐車（輪）場,20歳代,その他,施錠せず
窃盗,自転車盗,小平,花小金井駅前交番,132110,東京都,小平市,鈴木町１丁目,2019-12-28,07,その他,駐車（輪）場,10歳代,小学生,施錠せず
窃盗,自転車盗,小平,花小金井駅前交番,132110,東京都,小平市,鈴木町１丁目,2020-01-11,21,一戸建住宅,駐車（輪）場,20歳代,その他,施錠せず
窃盗,自転車盗,小平,花小金井駅前交番,132110,東京都,小平市,鈴木町１丁目,2020-01-29,13,一戸建住宅,駐車（輪）場,50歳代,その他,施錠せず
窃盗,自転車盗,小平,花小金井駅前交番,132110,東京都,小平市,鈴木町１丁目,2020-09-08,22,道路上,その他,50歳代,その他,施錠せず
窃盗,自転車盗,小平,花小金井駅前交番,132110,東京都,小平市,鈴木町２丁目,2019-12-31,08,駐車（輪）場,駐車（輪）場,30歳代,その他,施錠せず
窃盗,自転車盗,小平,花小金井駅前交番,132110,東京都,小平市,鈴木町２丁目,2020-01-03,18,駐車（輪）場,駐車（輪）場,10歳代,大学生,施錠せず
窃盗,自転車盗,小平,花小金井駅前交番,132110,東京都,小平市,鈴木町２丁目,2020-01-09,17,駐車（輪）場,駐車（輪）場,20歳代,大学生,施錠せず
窃盗,自転車盗,小平,花小金井駅前交番,132110,東京都,小平市,鈴木町２丁目,2020-01-14,11,一戸建住宅,駐車（輪）場,50歳代,その他,施錠せず
窃盗,自転車盗,小平,花小金井駅前交番,132110,東京都,小平市,鈴木町２丁目,2020-04-04,23,その他の住宅（３階建て以下共同住宅等）,駐車（輪）場,10歳代,その他,施錠せず
窃盗,自転車盗,小平,花小金井駅前交番,132110,東京都,小平市,鈴木町２丁目,2020-06-12,16,その他の住宅（３階建て以下共同住宅等）,駐車（輪）場,10歳代,高校生,施錠せず
窃盗,自転車盗,小平,花小金井駅前交番,132110,東京都,小平市,鈴木町２丁目,2020-12-08,08,駐車（輪）場,駐車（輪）場,20歳代,その他,施錠せず
窃盗,自転車盗,小平,花小金井駅前交番,132110,東京都,小平市,花小金井１丁目,2019-11-05,16,その他,駐車（輪）場,10歳代,小学生,施錠せず
窃盗,自転車盗,小平,花小金井駅前交番,132110,東京都,小平市,花小金井１丁目,2020-01-15,07,駐車（輪）場,駐車（輪）場,40歳代,その他,施錠せず
窃盗,自転車盗,小平,花小金井駅前交番,132110,東京都,小平市,花小金井１丁目,2020-01-21,11,その他,駐車（輪）場,10歳代,大学生,施錠せず
窃盗,自転車盗,小平,花小金井駅前交番,132110,東京都,小平市,花小金井１丁目,2020-04-24,23,その他の住宅（３階建て以下共同住宅等）,駐車（輪）場,20歳代,大学生,施錠せず
窃盗,自転車盗,小平,花小金井駅前交番,132110,東京都,小平市,花小金井１丁目,2020-07-03,01,その他,駐車（輪）場,20歳代,大学生,施錠せず
窃盗,自転車盗,小平,花小金井駅前交番,132110,東京都,小平市,花小金井１丁目,2020-07-06,16,その他,駐車（輪）場,30歳代,その他,施錠せず
窃盗,自転車盗,小平,花小金井駅前交番,132110,東京都,小平市,花小金井１丁目,2020-08-04,19,道路上,その他,20歳代,その他,施錠せず
窃盗,自転車盗,小平,花小金井駅前交番,132110,東京都,小平市,花小金井１丁目,2020-08-07,20,駐車（輪）場,駐車（輪）場,20歳代,その他,施錠せず
窃盗,自転車盗,小平,花小金井駅前交番,132110,東京都,小平市,花小金井１丁目,2020-08-14,06,その他の住宅（３階建て以下共同住宅等）,駐車（輪）場,30歳代,その他,施錠せず
窃盗,自転車盗,小平,花小金井駅前交番,132110,東京都,小平市,花小金井１丁目,2020-08-17,09,道路上,その他,70歳以上,その他,施錠せず
窃盗,自転車盗,小平,花小金井駅前交番,132110,東京都,小平市,花小金井１丁目,2020-11-28,09,駐車（輪）場,駐車（輪）場,20歳代,その他,施錠せず
窃盗,自転車盗,小平,花小金井駅前交番,132110,東京都,小平市,花小金井２丁目,2020-03-04,17,その他の住宅（３階建て以下共同住宅等）,駐車（輪）場,40歳代,その他,施錠せず
窃盗,自転車盗,小平,花小金井駅前交番,132110,東京都,小平市,花小金井２丁目,2020-07-19,18,その他の住宅（３階建て以下共同住宅等）,駐車（輪）場,30歳代,その他,施錠せず
窃盗,自転車盗,小平,花小金井駅前交番,132110,東京都,小平市,花小金井３丁目,2020-08-26,21,一戸建住宅,駐車（輪）場,20歳代,その他,施錠せず
窃盗,自転車盗,小平,花小金井駅前交番,132110,東京都,小平市,花小金井５丁目,2020-02-24,23,その他の住宅（３階建て以下共同住宅等）,駐車（輪）場,40歳代,その他,施錠せず
窃盗,自転車盗,小平,花小金井駅前交番,132110,東京都,小平市,花小金井５丁目,2020-04-17,18,その他の住宅（３階建て以下共同住宅等）,駐車（輪）場,30歳代,その他,施錠せず
窃盗,自転車盗,小平,花小金井駅前交番,132110,東京都,小平市,花小金井６丁目,2020-03-22,15,その他,駐車（輪）場,10歳代,小学生,施錠せず
窃盗,自転車盗,小平,花小金井駅前交番,132110,東京都,小平市,花小金井南町１丁目,2020-03-16,19,その他の住宅（３階建て以下共同住宅等）,駐車（輪）場,10歳代,中学生,施錠せず
窃盗,自転車盗,小平,花小金井駅前交番,132110,東京都,小平市,花小金井南町１丁目,2020-06-13,11,その他,駐車（輪）場,40歳代,その他,施錠せず
窃盗,自転車盗,小平,花小金井駅前交番,132110,東京都,小平市,花小金井南町１丁目,2020-12-08,17,道路上,その他,20歳代,大学生,施錠せず
窃盗,自転車盗,小平,花小金井駅前交番,132110,東京都,小平市,花小金井南町２丁目,2020-05-18,18,一戸建住宅,駐車（輪）場,40歳代,その他,施錠せず
窃盗,自転車盗,小平,花小金井駅前交番,132110,東京都,小平市,花小金井南町３丁目,2020-10-13,17,一戸建住宅,駐車（輪）場,70歳以上,その他,施錠せず
窃盗,自転車盗,小平,花小金井駅前交番,132110,東京都,小平市,美園町３丁目,2020-02-24,07,その他の住宅（３階建て以下共同住宅等）,駐車（輪）場,30歳代,その他,施錠せず
窃盗,自転車盗,小平,花小金井駅前交番,132110,東京都,小平市,回田町,2020-08-27,00,一戸建住宅,駐車（輪）場,10歳代,高校生,施錠せず
窃盗,自転車盗,小平,学園東交番,132110,東京都,小平市,小川東町,2020-09-02,21,その他の住宅（３階建て以下共同住宅等）,駐車（輪）場,30歳代,その他,施錠せず
窃盗,自転車盗,小平,学園東交番,132110,東京都,小平市,学園西町１丁目,2020-10-05,17,４階建て以上共同住宅,駐車（輪）場,10歳代,大学生,施錠せず
窃盗,自転車盗,小平,学園東交番,132110,東京都,小平市,学園東町１丁目,2020-03-11,17,一戸建住宅,駐車（輪）場,10歳代,小学生,施錠せず
窃盗,自転車盗,小平,学園東交番,132110,東京都,小平市,学園東町１丁目,2020-09-16,15,その他の住宅（３階建て以下共同住宅等）,駐車（輪）場,30歳代,その他,施錠せず
窃盗,自転車盗,小平,学園東交番,132110,東京都,小平市,学園東町３丁目,2020-11-29,15,その他の住宅（３階建て以下共同住宅等）,駐車（輪）場,40歳代,その他,施錠せず
窃盗,自転車盗,小平,学園東交番,132110,東京都,小平市,学園東町３丁目,2020-12-27,11,４階建て以上共同住宅,駐車（輪）場,70歳以上,その他,施錠せず
窃盗,自転車盗,小平,学園東交番,132110,東京都,小平市,喜平町１丁目,2020-07-14,20,一戸建住宅,駐車（輪）場,20歳代,大学生,施錠せず
窃盗,自転車盗,小平,学園東交番,132110,東京都,小平市,喜平町３丁目,2020-02-13,11,４階建て以上共同住宅,駐車（輪）場,50歳代,その他,施錠せず
窃盗,自転車盗,小平,学園東交番,132110,東京都,小平市,喜平町３丁目,2020-08-25,20,その他,駐車（輪）場,20歳代,その他,施錠せず
窃盗,自転車盗,小平,学園東交番,132110,東京都,小平市,上水本町６丁目,2020-03-02,20,一戸建住宅,駐車（輪）場,40歳代,その他,施錠せず
窃盗,自転車盗,小平,学園東交番,132110,東京都,小平市,上水本町６丁目,2020-08-08,23,４階建て以上共同住宅,駐車（輪）場,40歳代,その他,施錠せず
窃盗,自転車盗,小平,学園東交番,132110,東京都,小平市,上水南町１丁目,2020-03-06,12,一戸建住宅,駐車（輪）場,40歳代,その他,施錠せず
窃盗,自転車盗,小平,学園東交番,132110,東京都,小平市,上水南町２丁目,2020-06-24,17,その他の住宅（３階建て以下共同住宅等）,駐車（輪）場,60-64歳,その他,施錠せず
窃盗,自転車盗,小平,学園東交番,132110,東京都,小平市,鈴木町１丁目,2019-12-23,20,その他の住宅（３階建て以下共同住宅等）,駐車（輪）場,20歳代,大学生,施錠せず
窃盗,自転車盗,小平,学園東交番,132110,東京都,小平市,鈴木町１丁目,2020-01-20,01,その他,駐車（輪）場,20歳代,大学生,施錠せず
窃盗,自転車盗,小平,学園東交番,132110,東京都,小平市,鈴木町１丁目,2020-05-15,20,その他,駐車（輪）場,20歳代,その他,施錠せず
窃盗,自転車盗,小平,学園東交番,132110,東京都,小平市,鈴木町１丁目,2020-05-29,23,４階建て以上共同住宅,駐車（輪）場,10歳代,大学生,施錠せず
窃盗,自転車盗,小平,学園東交番,132110,東京都,小平市,鈴木町１丁目,2020-06-23,12,その他の住宅（３階建て以下共同住宅等）,駐車（輪）場,10歳代,中学生,施錠せず
窃盗,自転車盗,小平,学園東交番,132110,東京都,小平市,鈴木町１丁目,2020-09-25,17,その他の住宅（３階建て以下共同住宅等）,駐車（輪）場,50歳代,その他,施錠せず
窃盗,自転車盗,小平,学園東交番,132110,東京都,小平市,仲町,2020-12-19,13,一戸建住宅,駐車（輪）場,20歳代,大学生,施錠せず
窃盗,自転車盗,小平,学園東交番,132110,東京都,小平市,美園町１丁目,2020-03-15,21,駐車（輪）場,駐車（輪）場,10歳代,高校生,施錠せず
窃盗,自転車盗,小平,学園東交番,132110,東京都,小平市,回田町,2020-02-29,23,一戸建住宅,駐車（輪）場,50歳代,その他,施錠せず
窃盗,自転車盗,小平,学園東交番,132110,東京都,小平市,回田町,2020-09-15,06,一戸建住宅,駐車（輪）場,20歳代,その他,施錠せず
窃盗,自転車盗,小平,学園東交番,132110,東京都,小平市,回田町,2020-11-18,12,一戸建住宅,駐車（輪）場,30歳代,その他,施錠せず
窃盗,自転車盗,小平,小平駅前交番,132110,東京都,小平市,大沼町１丁目,2019-12-14,02,４階建て以上共同住宅,駐車（輪）場,30歳代,その他,施錠せず
窃盗,自転車盗,小平,小平駅前交番,132110,東京都,小平市,大沼町１丁目,2020-03-18,22,一戸建住宅,駐車（輪）場,10歳代,中学生,施錠せず
窃盗,自転車盗,小平,小平駅前交番,132110,東京都,小平市,大沼町１丁目,2020-07-18,17,その他の住宅（３階建て以下共同住宅等）,駐車（輪）場,40歳代,その他,施錠せず
窃盗,自転車盗,小平,小平駅前交番,132110,東京都,小平市,大沼町２丁目,2020-03-21,17,一戸建住宅,駐車（輪）場,40歳代,その他,施錠せず
窃盗,自転車盗,小平,小平駅前交番,132110,東京都,小平市,大沼町７丁目,2020-12-07,19,４階建て以上共同住宅,駐車（輪）場,50歳代,その他,施錠せず
窃盗,自転車盗,小平,小平駅前交番,132110,東京都,小平市,小川西町４丁目,2020-02-15,19,４階建て以上共同住宅,駐車（輪）場,50歳代,その他,施錠せず
窃盗,自転車盗,小平,小平駅前交番,132110,東京都,小平市,小川西町４丁目,2020-08-08,18,その他の住宅（３階建て以下共同住宅等）,駐車（輪）場,20歳代,その他,施錠せず
窃盗,自転車盗,小平,小平駅前交番,132110,東京都,小平市,小川町１丁目,2020-03-26,18,その他の住宅（３階建て以下共同住宅等）,駐車（輪）場,20歳代,大学生,施錠せず
窃盗,自転車盗,小平,小平駅前交番,132110,東京都,小平市,小川町２丁目,2020-04-04,21,４階建て以上共同住宅,駐車（輪）場,10歳代,高校生,施錠せず
窃盗,自転車盗,小平,小平駅前交番,132110,東京都,小平市,天神町２丁目,2020-05-10,17,その他の住宅（３階建て以下共同住宅等）,駐車（輪）場,20歳代,その他,施錠せず
窃盗,自転車盗,小平,小平駅前交番,132110,東京都,小平市,天神町４丁目,2020-01-29,12,その他の住宅（３階建て以下共同住宅等）,駐車（輪）場,20歳代,その他,施錠せず
窃盗,自転車盗,小平,小平駅前交番,132110,東京都,小平市,天神町４丁目,2020-05-16,00,一戸建住宅,駐車（輪）場,10歳代,小学生,施錠せず
窃盗,自転車盗,小平,小平駅前交番,132110,東京都,小平市,仲町,2020-06-09,22,駐車（輪）場,駐車（輪）場,20歳代,大学生,施錠せず
窃盗,自転車盗,小平,小平駅前交番,132110,東京都,小平市,仲町,2020-08-03,09,その他の住宅（３階建て以下共同住宅等）,駐車（輪）場,10歳代,高校生,施錠せず
窃盗,自転車盗,小平,小平駅前交番,132110,東京都,小平市,美園町１丁目,2020-02-14,20,駐車（輪）場,駐車（輪）場,20歳代,その他,施錠せず
窃盗,自転車盗,小平,小平駅前交番,132110,東京都,小平市,美園町１丁目,2020-03-03,21,駐車（輪）場,駐車（輪）場,10歳代,高校生,施錠せず
窃盗,自転車盗,小平,小平駅前交番,132110,東京都,小平市,美園町１丁目,2020-03-18,18,４階建て以上共同住宅,駐車（輪）場,20歳代,その他,施錠せず
窃盗,自転車盗,小平,小平駅前交番,132110,東京都,小平市,美園町１丁目,2020-03-30,22,駐車（輪）場,駐車（輪）場,50歳代,その他,施錠せず
窃盗,自転車盗,小平,小平駅前交番,132110,東京都,小平市,美園町１丁目,2020-06-29,14,その他,駐車（輪）場,40歳代,その他,施錠せず
窃盗,自転車盗,小平,小平駅前交番,132110,東京都,小平市,美園町１丁目,2020-07-04,21,駐車（輪）場,駐車（輪）場,10歳代,その他,施錠せず
窃盗,自転車盗,小平,小平駅前交番,132110,東京都,小平市,美園町１丁目,2020-07-29,07,駐車（輪）場,駐車（輪）場,20歳代,その他,施錠せず
窃盗,自転車盗,小平,小平駅前交番,132110,東京都,小平市,美園町１丁目,2020-10-27,08,駐車（輪）場,駐車（輪）場,10歳代,高校生,施錠せず
窃盗,自転車盗,小平,小平駅前交番,132110,東京都,小平市,美園町１丁目,2020-12-18,13,駐車（輪）場,駐車（輪）場,20歳代,その他,施錠せず
窃盗,自転車盗,小平,小平駅前交番,132110,東京都,小平市,美園町１丁目,2020-12-18,14,駐車（輪）場,駐車（輪）場,20歳代,その他,施錠せず
窃盗,自転車盗,小平,小平駅前交番,132110,東京都,小平市,美園町２丁目,2020-02-05,07,駐車（輪）場,駐車（輪）場,40歳代,その他,施錠せず
窃盗,自転車盗,小平,小平駅前交番,132110,東京都,小平市,美園町２丁目,2020-02-13,10,駐車（輪）場,駐車（輪）場,10歳代,高校生,施錠せず
窃盗,自転車盗,小平,小平駅前交番,132110,東京都,小平市,美園町２丁目,2020-02-24,18,道路上,その他,40歳代,その他,施錠せず
窃盗,自転車盗,小平,小平駅前交番,132110,東京都,小平市,美園町２丁目,2020-05-08,21,その他の住宅（３階建て以下共同住宅等）,駐車（輪）場,20歳代,その他,施錠せず
窃盗,自転車盗,小平,小平駅前交番,132110,東京都,小平市,美園町２丁目,2020-05-29,08,その他の住宅（３階建て以下共同住宅等）,駐車（輪）場,60-64歳,その他,施錠せず
窃盗,自転車盗,小平,小平駅前交番,132110,東京都,小平市,美園町２丁目,2020-07-18,23,その他の住宅（３階建て以下共同住宅等）,駐車（輪）場,20歳代,その他,施錠せず
窃盗,自転車盗,小平,小平駅前交番,132110,東京都,小平市,美園町２丁目,2020-07-22,05,駐車（輪）場,駐車（輪）場,20歳代,その他,施錠せず
窃盗,自転車盗,小平,小平駅前交番,132110,東京都,小平市,美園町２丁目,2020-09-20,23,駐車（輪）場,駐車（輪）場,20歳代,大学生,施錠せず
窃盗,自転車盗,小平,小平駅前交番,132110,東京都,小平市,美園町３丁目,2019-08-10,20,駐車（輪）場,駐車（輪）場,30歳代,その他,施錠せず
窃盗,自転車盗,小平,小平駅前交番,132110,東京都,小平市,美園町３丁目,2020-01-17,13,駐車（輪）場,駐車（輪）場,30歳代,その他,施錠せず
窃盗,自転車盗,小平,学園西町交番,132110,東京都,小平市,小川東町１丁目,2020-09-03,13,その他,駐車（輪）場,50歳代,その他,施錠せず
窃盗,自転車盗,小平,学園西町交番,132110,東京都,小平市,小川東町１丁目,2020-11-08,11,道路上,その他,65-69歳,その他,施錠せず
窃盗,自転車盗,小平,学園西町交番,132110,東京都,小平市,小川町２丁目,2020-06-27,00,一戸建住宅,駐車（輪）場,20歳代,大学生,施錠せず
窃盗,自転車盗,小平,学園西町交番,132110,東京都,小平市,学園西町１丁目,2020-02-07,15,その他,駐車（輪）場,20歳代,大学生,施錠せず
窃盗,自転車盗,小平,学園西町交番,132110,東京都,小平市,学園西町１丁目,2020-04-07,22,一戸建住宅,駐車（輪）場,10歳代,中学生,施錠せず
窃盗,自転車盗,小平,学園西町交番,132110,東京都,小平市,学園西町２丁目,2019-10-16,10,駐車（輪）場,駐車（輪）場,20歳代,大学生,施錠せず
窃盗,自転車盗,小平,学園西町交番,132110,東京都,小平市,学園西町２丁目,2020-05-27,12,その他の住宅（３階建て以下共同住宅等）,駐車（輪）場,20歳代,大学生,施錠せず
窃盗,自転車盗,小平,学園西町交番,132110,東京都,小平市,学園西町２丁目,2020-10-07,14,その他,駐車（輪）場,65-69歳,その他,施錠せず
窃盗,自転車盗,小平,学園西町交番,132110,東京都,小平市,学園西町２丁目,2020-12-29,00,その他の住宅（３階建て以下共同住宅等）,駐車（輪）場,40歳代,その他,施錠せず
窃盗,自転車盗,小平,学園西町交番,132110,東京都,小平市,学園西町３丁目,2020-11-14,17,その他の住宅（３階建て以下共同住宅等）,駐車（輪）場,20歳代,大学生,施錠せず
窃盗,自転車盗,小平,学園西町交番,132110,東京都,小平市,学園東町１丁目,2020-08-04,21,４階建て以上共同住宅,駐車（輪）場,10歳代,小学生,施錠せず
窃盗,自転車盗,小平,学園西町交番,132110,東京都,小平市,喜平町２丁目,2020-03-19,09,駐車（輪）場,駐車（輪）場,10歳代,高校生,施錠せず
窃盗,自転車盗,小平,学園西町交番,132110,東京都,小平市,上水本町５丁目,2020-09-23,18,その他,駐車（輪）場,30歳代,その他,施錠せず
窃盗,自転車盗,小平,学園西町交番,132110,東京都,小平市,上水南町２丁目,2020-02-20,21,一戸建住宅,駐車（輪）場,70歳以上,その他,施錠せず
窃盗,自転車盗,小平,鷹の台駅前交番,132110,東京都,小平市,小川町１丁目,2019-12-28,14,その他,駐車（輪）場,20歳代,大学生,施錠せず
窃盗,自転車盗,小平,鷹の台駅前交番,132110,東京都,小平市,小川町１丁目,2020-02-04,19,その他の住宅（３階建て以下共同住宅等）,駐車（輪）場,20歳代,大学生,施錠せず
窃盗,自転車盗,小平,鷹の台駅前交番,132110,東京都,小平市,小川町１丁目,2020-04-08,18,その他の住宅（３階建て以下共同住宅等）,駐車（輪）場,10歳未満,小学生,施錠せず
窃盗,自転車盗,小平,鷹の台駅前交番,132110,東京都,小平市,小川町１丁目,2020-11-09,23,その他の住宅（３階建て以下共同住宅等）,駐車（輪）場,20歳代,大学生,施錠せず
窃盗,自転車盗,小平,鷹の台駅前交番,132110,東京都,小平市,小川町２丁目,2020-09-25,17,その他,駐車（輪）場,10歳代,その他,施錠せず
窃盗,自転車盗,小平,鷹の台駅前交番,132110,東京都,小平市,上水新町３丁目,2020-09-12,13,その他の住宅（３階建て以下共同住宅等）,駐車（輪）場,20歳代,大学生,施錠せず
窃盗,自転車盗,小平,鷹の台駅前交番,132110,東京都,小平市,上水本町１丁目,2020-06-17,21,その他の住宅（３階建て以下共同住宅等）,駐車（輪）場,20歳代,大学生,施錠せず
窃盗,自転車盗,小平,鷹の台駅前交番,132110,東京都,小平市,上水本町１丁目,2020-10-01,00,駐車（輪）場,駐車（輪）場,10歳代,高校生,施錠せず
窃盗,自転車盗,小平,鷹の台駅前交番,132110,東京都,小平市,上水本町３丁目,2020-01-15,19,一戸建住宅,駐車（輪）場,20歳代,その他,施錠せず
窃盗,自転車盗,小平,鷹の台駅前交番,132110,東京都,小平市,上水本町６丁目,2020-05-22,18,その他,駐車（輪）場,30歳代,その他,施錠せず
窃盗,自転車盗,小平,鷹の台駅前交番,132110,東京都,小平市,上水南町４丁目,2019-12-29,12,その他,駐車（輪）場,10歳代,中学生,施錠せず
窃盗,自転車盗,小平,鷹の台駅前交番,132110,東京都,小平市,たかの台,2019-12-29,00,その他の住宅（３階建て以下共同住宅等）,駐車（輪）場,70歳以上,その他,施錠せず
窃盗,自転車盗,小平,鷹の台駅前交番,132110,東京都,小平市,たかの台,2020-08-18,07,その他の住宅（３階建て以下共同住宅等）,駐車（輪）場,10歳代,高校生,施錠せず
窃盗,自転車盗,小平,鷹の台駅前交番,132110,東京都,小平市,たかの台,2020-11-13,07,その他の住宅（３階建て以下共同住宅等）,駐車（輪）場,10歳代,高校生,施錠せず
窃盗,自転車盗,小平,鷹の台駅前交番,132110,東京都,小平市,津田町１丁目,2020-01-08,17,駐車（輪）場,駐車（輪）場,10歳代,大学生,施錠せず
窃盗,自転車盗,小平,鷹の台駅前交番,132110,東京都,小平市,津田町１丁目,2020-02-07,06,駐車（輪）場,駐車（輪）場,40歳代,その他,施錠せず
窃盗,自転車盗,小平,鷹の台駅前交番,132110,東京都,小平市,津田町１丁目,2020-11-25,16,駐車（輪）場,駐車（輪）場,10歳代,高校生,施錠せず
窃盗,自転車盗,小平,鷹の台駅前交番,132110,東京都,小平市,津田町２丁目,2020-04-09,16,４階建て以上共同住宅,駐車（輪）場,10歳代,大学生,施錠せず
窃盗,自転車盗,小平,鷹の台駅前交番,132110,東京都,小平市,津田町２丁目,2020-06-21,18,その他の住宅（３階建て以下共同住宅等）,駐車（輪）場,20歳代,大学生,施錠せず
窃盗,自転車盗,小平,鷹の台駅前交番,132110,東京都,小平市,津田町２丁目,2020-08-16,15,一戸建住宅,駐車（輪）場,10歳代,中学生,施錠せず
窃盗,自転車盗,小平,鷹の台駅前交番,132110,東京都,小平市,津田町２丁目,2020-09-15,13,一戸建住宅,駐車（輪）場,50歳代,その他,施錠せず
窃盗,自転車盗,小平,鷹の台駅前交番,132110,東京都,小平市,津田町２丁目,2020-09-23,14,一戸建住宅,駐車（輪）場,70歳以上,その他,施錠せず
窃盗,自転車盗,小平,鷹の台駅前交番,132110,東京都,小平市,津田町３丁目,2020-01-11,01,その他,駐車（輪）場,30歳代,その他,施錠せず
窃盗,自転車盗,小平,鷹の台駅前交番,132110,東京都,小平市,津田町３丁目,2020-02-03,08,一戸建住宅,駐車（輪）場,10歳代,高校生,施錠せず
窃盗,自転車盗,小平,鷹の台駅前交番,132110,東京都,小平市,津田町３丁目,2020-03-06,01,４階建て以上共同住宅,駐車（輪）場,10歳代,高校生,施錠せず
窃盗,自転車盗,小平,鷹の台駅前交番,132110,東京都,小平市,津田町３丁目,2020-08-29,14,４階建て以上共同住宅,駐車（輪）場,10歳代,中学生,施錠せず
窃盗,自転車盗,小平,鷹の台駅前交番,132110,東京都,小平市,津田町３丁目,2020-09-05,17,その他,駐車（輪）場,20歳代,大学生,施錠せず
窃盗,自転車盗,小平,鷹の台駅前交番,132110,東京都,小平市,津田町３丁目,2020-10-01,07,一戸建住宅,駐車（輪）場,10歳代,中学生,施錠せず
窃盗,自転車盗,小平,鷹の台駅前交番,132110,東京都,小平市,花小金井３丁目,2020-01-30,19,道路上,その他,20歳代,大学生,施錠せず
窃盗,自転車盗,小平,小川駅前交番,132110,東京都,小平市,小川西町１丁目,2020-09-16,19,４階建て以上共同住宅,駐車（輪）場,20歳代,その他,施錠せず
窃盗,自転車盗,小平,小川駅前交番,132110,東京都,小平市,小川西町２丁目,2020-08-04,18,４階建て以上共同住宅,駐車（輪）場,10歳代,小学生,施錠せず
窃盗,自転車盗,小平,小川駅前交番,132110,東京都,小平市,小川西町３丁目,2019-12-24,17,その他の住宅（３階建て以下共同住宅等）,駐車（輪）場,20歳代,その他,施錠せず
窃盗,自転車盗,小平,小川駅前交番,132110,東京都,小平市,小川西町３丁目,2020-03-24,20,その他の住宅（３階建て以下共同住宅等）,駐車（輪）場,20歳代,大学生,施錠せず
窃盗,自転車盗,小平,小川駅前交番,132110,東京都,小平市,小川西町４丁目,2020-06-17,21,その他の住宅（３階建て以下共同住宅等）,駐車（輪）場,30歳代,その他,施錠せず
窃盗,自転車盗,小平,小川駅前交番,132110,東京都,小平市,小川西町４丁目,2020-08-03,20,その他の住宅（３階建て以下共同住宅等）,駐車（輪）場,10歳代,高校生,施錠せず
窃盗,自転車盗,小平,小川駅前交番,132110,東京都,小平市,小川西町４丁目,2020-08-08,21,駐車（輪）場,駐車（輪）場,10歳代,その他,施錠せず
窃盗,自転車盗,小平,小川駅前交番,132110,東京都,小平市,小川西町４丁目,2020-08-24,23,道路上,その他,40歳代,その他,施錠せず
窃盗,自転車盗,小平,小川駅前交番,132110,東京都,小平市,小川西町４丁目,2020-09-07,07,一戸建住宅,駐車（輪）場,50歳代,その他,施錠せず
窃盗,自転車盗,小平,小川駅前交番,132110,東京都,小平市,小川西町４丁目,2020-09-14,16,駐車（輪）場,駐車（輪）場,10歳代,高校生,施錠せず
窃盗,自転車盗,小平,小川駅前交番,132110,東京都,小平市,小川西町４丁目,2020-10-20,20,その他,駐車（輪）場,20歳代,その他,施錠せず
窃盗,自転車盗,小平,小川駅前交番,132110,東京都,小平市,小川西町５丁目,2019-12-27,17,４階建て以上共同住宅,駐車（輪）場,10歳代,高校生,施錠せず
窃盗,自転車盗,小平,小川駅前交番,132110,東京都,小平市,小川西町５丁目,2020-08-02,05,一戸建住宅,駐車（輪）場,20歳代,その他,施錠せず
窃盗,自転車盗,小平,小川駅前交番,132110,東京都,小平市,小川西町５丁目,2020-11-23,19,４階建て以上共同住宅,駐車（輪）場,10歳代,高校生,施錠せず
窃盗,自転車盗,小平,小川駅前交番,132110,東京都,小平市,小川西町５丁目,2020-11-28,20,駐車（輪）場,駐車（輪）場,20歳代,その他,施錠せず
窃盗,自転車盗,小平,小川駅前交番,132110,東京都,小平市,小川東町１丁目,2019-12-28,20,その他,駐車（輪）場,40歳代,その他,施錠せず
窃盗,自転車盗,小平,小川駅前交番,132110,東京都,小平市,小川東町１丁目,2020-10-07,03,駐車（輪）場,駐車（輪）場,20歳代,その他,施錠せず
窃盗,自転車盗,小平,小川駅前交番,132110,東京都,小平市,小川東町１丁目,2020-11-28,10,駐車（輪）場,駐車（輪）場,10歳代,中学生,施錠せず
窃盗,自転車盗,小平,小川駅前交番,132110,東京都,小平市,小川東町２丁目,2020-04-09,23,４階建て以上共同住宅,駐車（輪）場,50歳代,その他,施錠せず
窃盗,自転車盗,小平,小川駅前交番,132110,東京都,小平市,小川東町２丁目,2020-07-16,10,駐車（輪）場,駐車（輪）場,65-69歳,その他,施錠せず
窃盗,自転車盗,小平,小川駅前交番,132110,東京都,小平市,小川東町３丁目,2020-11-06,00,その他,駐車（輪）場,40歳代,その他,施錠せず
窃盗,自転車盗,小平,小川駅前交番,132110,東京都,小平市,小川東町５丁目,2020-10-11,11,その他,駐車（輪）場,30歳代,その他,施錠せず
窃盗,自転車盗,小平,小川駅前交番,132110,東京都,小平市,小川東町５丁目,2020-11-04,00,その他の住宅（３階建て以下共同住宅等）,駐車（輪）場,60-64歳,その他,施錠せず
窃盗,自転車盗,小平,小川駅前交番,132110,東京都,小平市,小川町１丁目,2020-03-07,23,駐車（輪）場,駐車（輪）場,20歳代,大学生,施錠せず
窃盗,自転車盗,小平,小川駅前交番,132110,東京都,小平市,小川町１丁目,2020-03-23,21,一戸建住宅,駐車（輪）場,40歳代,その他,施錠せず
窃盗,自転車盗,小平,小川駅前交番,132110,東京都,小平市,小川町１丁目,2020-10-03,23,一戸建住宅,駐車（輪）場,10歳代,高校生,施錠せず
窃盗,自転車盗,小平,小川駅前交番,132110,東京都,小平市,小川町１丁目,2020-10-26,11,その他の住宅（３階建て以下共同住宅等）,駐車（輪）場,40歳代,その他,施錠せず
窃盗,自転車盗,小平,小川駅前交番,132110,東京都,小平市,小川町２丁目,2020-07-05,18,４階建て以上共同住宅,駐車（輪）場,60-64歳,その他,施錠せず
窃盗,自転車盗,小平,小川駅前交番,132110,東京都,小平市,小川町２丁目,2020-07-11,17,駐車（輪）場,駐車（輪）場,20歳代,その他,施錠せず
窃盗,自転車盗,小平,小川駅前交番,132110,東京都,小平市,小川町２丁目,2020-10-21,14,その他,駐車（輪）場,50歳代,その他,施錠せず
窃盗,自転車盗,小平,仲町交番,132110,東京都,小平市,学園東町,2020-10-16,20,４階建て以上共同住宅,駐車（輪）場,10歳代,高校生,施錠せず
窃盗,自転車盗,小平,仲町交番,132110,東京都,小平市,津田町２丁目,2020-11-15,19,一戸建住宅,その他,10歳代,中学生,施錠せず
窃盗,自転車盗,小平,仲町交番,132110,東京都,小平市,仲町,2020-08-30,19,一戸建住宅,駐車（輪）場,10歳代,中学生,施錠せず
窃盗,自転車盗,小平,仲町交番,132110,東京都,小平市,仲町,2020-08-30,19,一戸建住宅,駐車（輪）場,40歳代,その他,施錠せず
窃盗,自転車盗,小平,仲町交番,132110,東京都,小平市,仲町,2020-10-18,18,その他の住宅（３階建て以下共同住宅等）,駐車（輪）場,10歳代,小学生,施錠せず
窃盗,自転車盗,小平,仲町交番,132110,東京都,小平市,回田町,2020-11-29,17,４階建て以上共同住宅,駐車（輪）場,50歳代,その他,施錠せず
窃盗,自転車盗,小平,喜平橋駐在所,132110,東京都,小平市,上水南町２丁目,2020-04-21,18,その他の住宅（３階建て以下共同住宅等）,駐車（輪）場,10歳代,大学生,施錠せず
窃盗,自転車盗,小平,喜平橋駐在所,132110,東京都,小平市,上水南町４丁目,2020-09-06,07,その他,駐車（輪）場,10歳代,中学生,施錠せず
窃盗,自転車盗,小平,喜平橋駐在所,132110,東京都,小平市,回田町,2020-06-21,18,４階建て以上共同住宅,駐車（輪）場,10歳代,中学生,施錠せず
窃盗,自転車盗,小平,大沼町交番,132110,東京都,小平市,大沼町４丁目,2020-08-26,23,道路上,その他,40歳代,その他,施錠せず
窃盗,自転車盗,小平,大沼町交番,132110,東京都,小平市,大沼町７丁目,2020-10-10,15,４階建て以上共同住宅,駐車（輪）場,40歳代,その他,施錠せず
窃盗,自転車盗,小平,大沼町交番,132110,東京都,小平市,花小金井３丁目,2020-03-08,16,その他,駐車（輪）場,20歳代,その他,施錠せず
窃盗,自転車盗,小平,大沼町交番,132110,東京都,小平市,花小金井３丁目,2020-07-20,19,その他,駐車（輪）場,10歳代,その他,施錠せず
窃盗,自転車盗,小平,大沼町交番,132110,東京都,小平市,花小金井４丁目,2019-11-02,13,その他の住宅（３階建て以下共同住宅等）,駐車（輪）場,10歳代,中学生,施錠せず
窃盗,自転車盗,小平,大沼町交番,132110,東京都,小平市,花小金井４丁目,2020-01-28,17,その他,駐車（輪）場,20歳代,その他,施錠せず
窃盗,自転車盗,小平,大沼町交番,132110,東京都,小平市,花小金井５丁目,2020-12-17,10,その他の住宅（３階建て以下共同住宅等）,駐車（輪）場,10歳代,その他,施錠せず
窃盗,自転車盗,小平,上宿交番,132110,東京都,小平市,小川町１丁目,2020-04-20,19,その他の住宅（３階建て以下共同住宅等）,駐車（輪）場,20歳代,大学生,施錠せず
窃盗,自転車盗,小平,上宿交番,132110,東京都,小平市,小川町１丁目,2020-06-20,12,その他の住宅（３階建て以下共同住宅等）,駐車（輪）場,20歳代,大学生,施錠せず
窃盗,自転車盗,小平,上宿交番,132110,東京都,小平市,小川町１丁目,2020-07-09,22,一戸建住宅,駐車（輪）場,40歳代,その他,施錠せず
窃盗,自転車盗,小平,上宿交番,132110,東京都,小平市,小川町１丁目,2020-09-02,05,その他,駐車（輪）場,10歳代,その他,施錠せず
窃盗,自転車盗,小平,上宿交番,132110,東京都,小平市,栄町１丁目,2020-12-01,10,駐車（輪）場,駐車（輪）場,40歳代,その他,施錠せず
窃盗,自転車盗,小平,上宿交番,132110,東京都,小平市,栄町３丁目,2020-02-01,18,一戸建住宅,駐車（輪）場,70歳以上,その他,施錠せず
窃盗,自転車盗,小平,上宿交番,132110,東京都,小平市,上水新町１丁目,2020-04-10,18,その他,駐車（輪）場,40歳代,その他,施錠せず
窃盗,自転車盗,小平,上宿交番,132110,東京都,小平市,上水新町１丁目,2020-11-01,22,その他の住宅（３階建て以下共同住宅等）,駐車（輪）場,20歳代,その他,施錠せず
窃盗,自転車盗,小平,上宿交番,132110,東京都,小平市,中島町,2020-03-07,15,４階建て以上共同住宅,駐車（輪）場,20歳代,その他,施錠せず
